site	rate	t	lnL
1	1.4845744712	0.0057084160	-141.7861394231
2	0.2723227343	0.0057084160	-33.7929715379
3	1.0966816632	0.0057084160	-114.9354789371
4	1.4324045489	0.0057084160	-151.5084462403
5	0.0962581810	0.0057084160	-14.7269616702
6	0.9776127336	0.0057084160	-103.9656007282
7	0.3700493498	0.0057084160	-41.5711020564
8	0.9654280499	0.0057084160	-93.0205163731
9	2.2710341392	0.0057084160	-206.6047641087
10	0.7590767134	0.0057084160	-80.0270729025
11	0.8184733376	0.0057084160	-88.4487816204
12	2.0848822790	0.0057084160	-198.6632439265
13	0.8718474368	0.0057084160	-86.9971295687
14	0.1848296152	0.0057084160	-25.7919010864
15	0.2902799005	0.0057084160	-32.4871489255
16	2.7170485377	0.0057084160	-232.8806076338
17	0.8202028073	0.0057084160	-85.3953559147
18	1.6194871308	0.0057084160	-162.6366791698
19	0.6209896406	0.0057084160	-72.3867026340
20	0.1848583976	0.0057084160	-23.5882686698
21	0.6619329129	0.0057084160	-69.9189045674
22	2.1678295986	0.0057084160	-206.4684487461
23	0.7199894077	0.0057084160	-79.1812376523
24	0.0885933604	0.0057084160	-14.6318810037
25	1.3659333373	0.0057084160	-141.6537155651
26	0.1774481185	0.0057084160	-25.9958671968
27	0.1785618849	0.0057084160	-25.4645126887
28	0.0000000000	0.0057084160	-2.2093074255
29	0.0967411560	0.0057084160	-13.9059083864
30	0.0967411779	0.0057084160	-13.5381989849
31	1.5793810389	0.0057084160	-159.5189807084
32	0.8725619056	0.0057084160	-86.2235384989
33	0.1794978091	0.0057084160	-24.6810528582
34	1.2995570090	0.0057084160	-125.4610599157
35	0.2774323808	0.0057084160	-35.5243519801
36	1.7691723981	0.0057084160	-177.2337853456
37	0.7992146798	0.0057084160	-88.6073814797
38	0.9976503663	0.0057084160	-107.5114433072
39	1.6402298690	0.0057084160	-162.3741142648
40	0.3545875611	0.0057084160	-42.7400004984
41	1.1416609098	0.0057084160	-122.4975582227
42	1.9460236820	0.0057084160	-183.9785311634
43	1.9517968048	0.0057084160	-185.5150354730
44	1.2304799232	0.0057084160	-133.6476876538
45	1.0605617412	0.0057084160	-112.7694006016
46	0.2773189025	0.0057084160	-34.6550383268
47	0.2720891319	0.0057084160	-34.4528204306
48	1.0448118114	0.0057084160	-102.4811918034
49	0.8192395897	0.0057084160	-87.2198944425
50	1.3564067090	0.0057084160	-125.6711518533
51	0.0000000000	0.0057084160	-2.6238168255
52	0.3574345554	0.0057084160	-43.5350775288
53	0.3872143977	0.0057084160	-45.4063734509
54	0.5384570134	0.0057084160	-63.3549974956
55	0.2677482334	0.0057084160	-35.6639414734
56	0.8197041740	0.0057084160	-86.4577316009
57	0.0906497675	0.0057084160	-14.0965774365
58	2.2679308900	0.0057084160	-210.7353298581
59	1.8290923900	0.0057084160	-188.4656201316
60	0.8170624629	0.0057084160	-89.6009416394
61	0.0962581810	0.0057084160	-13.8178269162
62	3.0962709161	0.0057084160	-279.4759983443
63	1.2763634580	0.0057084160	-130.3196522124
64	0.4622546929	0.0057084160	-55.6647587362
65	1.3576306555	0.0057084160	-131.2648013553
66	0.9675817158	0.0057084160	-96.4545142417
67	1.4414109256	0.0057084160	-147.4124564064
68	0.5330565916	0.0057084160	-63.8907213605
69	2.6685947054	0.0057084160	-237.7095325009
70	1.7358605363	0.0057084160	-170.6693560854
71	0.9647165561	0.0057084160	-95.9137550956
72	1.2545968966	0.0057084160	-127.0820677229
73	0.0000000000	0.0057084160	-2.2093074255
74	1.9933525786	0.0057084160	-183.0006694144
75	0.5684014000	0.0057084160	-64.0802132503
76	1.3648489492	0.0057084160	-138.4421851703
77	0.0000000000	0.0057084160	-2.2093074255
78	2.3715664793	0.0057084160	-226.8007287757
79	1.0634729473	0.0057084160	-113.9355313053
80	0.8958011591	0.0057084160	-96.0897302847
81	0.8893806470	0.0057084160	-94.0805740146
82	1.6234515728	0.0057084160	-160.3570375634
83	1.8321700691	0.0057084160	-171.0243311105
84	2.7439658640	0.0057084160	-257.4490287357
85	0.0967352459	0.0057084160	-12.8810555502
86	1.3251532874	0.0057084160	-142.0446229991
87	1.9544048416	0.0057084160	-191.6674509442
88	1.3314471772	0.0057084160	-129.7028681247
89	0.2903201777	0.0057084160	-33.0492994030
90	0.5811413305	0.0057084160	-62.3309431844
91	0.0962705451	0.0057084160	-12.8859304532
92	0.5812666434	0.0057084160	-60.4615668293
93	1.4496994967	0.0057084160	-146.6362959987
94	0.5693959267	0.0057084160	-61.0957626799
95	0.5360880750	0.0057084160	-60.3881521174
96	2.1388445600	0.0057084160	-201.8420203195
97	1.4601212379	0.0057084160	-149.0552048654
98	1.9147332698	0.0057084160	-183.8708735531
99	0.8850165758	0.0057084160	-97.5872604646
100	0.0923899300	0.0057084160	-14.0775071554
101	0.2844259905	0.0057084160	-31.1693780286
102	1.5134133351	0.0057084160	-153.7049632795
103	1.3440932992	0.0057084160	-137.5705958523
104	0.0000000000	0.0057084160	-3.3858482940
105	0.8329890863	0.0057084160	-92.0331863987
106	1.3517794010	0.0057084160	-134.6919958540
107	0.7365242804	0.0057084160	-78.5370614436
108	0.9004964675	0.0057084160	-99.2924372805
109	1.4343658818	0.0057084160	-145.8748208507
110	0.9496048202	0.0057084160	-96.5853360785
111	0.0000000000	0.0057084160	-2.2093074255
112	1.8294717356	0.0057084160	-167.3350041502
113	0.8326718943	0.0057084160	-91.7496730552
114	1.0027814065	0.0057084160	-103.7574289103
115	1.5204507883	0.0057084160	-144.7757503327
116	0.9769819863	0.0057084160	-105.3730989994
117	1.3600473877	0.0057084160	-127.2437369425
118	1.0437308756	0.0057084160	-104.5275291218
119	1.8417836749	0.0057084160	-183.9352233938
120	1.0827479554	0.0057084160	-114.9316848180
121	0.4625921894	0.0057084160	-52.8228896296
122	0.0000000000	0.0057084160	-2.2093074255
123	0.7110446674	0.0057084160	-82.0668111896
124	1.3697093044	0.0057084160	-135.5989946636
