site	rate	t	lnL
1	1.4248986275	0.0658606778	-1090.9328975952
2	1.1652279951	0.0658606778	-935.7799817659
3	1.2883567708	0.0658606778	-1022.2670699129
4	1.1638624371	0.0658606778	-935.3572683995
5	0.0746393935	0.0658606778	-85.1418184947
6	1.5119634459	0.0658606778	-1139.9652844096
7	0.3705324111	0.0658606778	-330.0871247985
8	0.4288955642	0.0658606778	-392.0420217283
9	1.0424986981	0.0658606778	-858.8397530625
10	1.3039787536	0.0658606778	-1008.4707629330
11	1.6013780764	0.0658606778	-1133.6701041346
12	1.4852609937	0.0658606778	-1113.7366704633
13	0.7911993834	0.0658606778	-645.6351856826
14	1.0454035790	0.0658606778	-850.4984865818
15	0.2421231074	0.0658606778	-231.9967835216
16	1.1994951191	0.0658606778	-948.0925334020
17	1.5069819136	0.0658606778	-1117.4437762245
18	1.3331586681	0.0658606778	-1000.8462383664
19	1.5057416341	0.0658606778	-1141.1602266534
20	0.1174030178	0.0658606778	-134.3312861591
21	1.1578038312	0.0658606778	-919.8298749961
22	1.4819169664	0.0658606778	-1077.1393555392
23	0.7519747993	0.0658606778	-621.6790150667
24	0.1091683430	0.0658606778	-130.2104907635
25	1.6563370380	0.0658606778	-1173.6051082513
26	0.1550468507	0.0658606778	-174.6663876840
27	0.4155619382	0.0658606778	-386.0176898361
28	0.0082699745	0.0658606778	-14.0725528149
29	0.5453635489	0.0658606778	-496.8790020984
30	0.6715823138	0.0658606778	-588.2180741084
31	1.3674686617	0.0658606778	-1030.9535628438
32	0.4810143889	0.0658606778	-427.4965532726
33	0.0852566668	0.0658606778	-106.9208253152
34	1.2984219093	0.0658606778	-992.1061658147
35	1.5049865871	0.0658606778	-1087.7759584029
36	1.2823981065	0.0658606778	-935.1520911299
37	0.4595648751	0.0658606778	-430.7687941460
38	1.5484509501	0.0658606778	-1117.3330255293
39	1.5408882564	0.0658606778	-1159.3030697830
40	0.9836065469	0.0658606778	-797.5090344926
41	0.4845247164	0.0658606778	-445.1528100243
42	1.6673369016	0.0658606778	-1218.2925100752
43	1.2293340932	0.0658606778	-951.3023153615
44	1.7271327688	0.0658606778	-1257.3565279995
45	0.6839441075	0.0658606778	-604.2507475045
46	1.2282897484	0.0658606778	-977.0605479945
47	0.2580275856	0.0658606778	-267.1319659454
48	1.3063696445	0.0658606778	-985.3308461579
49	0.6341874887	0.0658606778	-564.2900404611
50	1.0542456069	0.0658606778	-805.9098231242
51	0.0077933718	0.0658606778	-13.9285591653
52	0.2169274492	0.0658606778	-214.0026507207
53	0.5404207435	0.0658606778	-457.2619770666
54	1.1968574462	0.0658606778	-899.7629396066
55	0.4186286225	0.0658606778	-375.9729035784
56	0.5830232367	0.0658606778	-528.7597191728
57	0.8994349238	0.0658606778	-774.4066956708
58	0.8321723343	0.0658606778	-670.7723852174
59	1.3448709653	0.0658606778	-1049.4879511587
60	0.2176486515	0.0658606778	-226.8166899012
61	0.0165453180	0.0658606778	-23.4281544493
62	1.0562668982	0.0658606778	-860.6713628610
63	0.9912961402	0.0658606778	-822.3088192217
64	1.3731007858	0.0658606778	-1056.1518928289
65	1.2908079782	0.0658606778	-963.8284143429
66	0.6944056876	0.0658606778	-603.4597278201
67	1.4270000927	0.0658606778	-1085.8634492583
68	0.3389102617	0.0658606778	-336.7802883099
69	1.6896668820	0.0658606778	-1234.3556318071
70	1.0819179671	0.0658606778	-880.7073406847
71	0.7845018679	0.0658606778	-673.0040549592
72	1.0786744169	0.0658606778	-855.8216166945
73	0.0165427353	0.0658606778	-24.0669388498
74	1.7856363116	0.0658606778	-1308.2504636307
75	0.7434973568	0.0658606778	-612.3873507227
76	1.4980928498	0.0658606778	-1131.4103185323
77	0.0331141313	0.0658606778	-43.9107636000
78	1.3406317481	0.0658606778	-1037.0985734136
79	1.2223090591	0.0658606778	-923.8050370570
80	0.4771617957	0.0658606778	-422.4495374602
81	0.7433234029	0.0658606778	-631.5774597176
82	1.2321619249	0.0658606778	-973.3327129412
83	1.5669441127	0.0658606778	-1170.8786017419
84	1.9043774239	0.0658606778	-1321.8365309494
85	0.8220162946	0.0658606778	-660.4702576232
86	1.5911585201	0.0658606778	-1165.3871496547
87	1.3016450300	0.0658606778	-1027.3675555104
88	0.8166061108	0.0658606778	-701.8335885212
89	0.2254839342	0.0658606778	-217.9746377205
90	1.4763537688	0.0658606778	-1122.6081504412
91	0.0165463380	0.0658606778	-23.1645479379
92	0.5249531065	0.0658606778	-443.9050135525
93	1.2560814620	0.0658606778	-989.8354250643
94	0.9601541451	0.0658606778	-759.7656829645
95	1.4280958602	0.0658606778	-1047.3023812815
96	1.2760558724	0.0658606778	-999.2868774355
97	1.5568206178	0.0658606778	-1162.1650586694
98	1.3218553544	0.0658606778	-1027.5952781233
99	1.5307645878	0.0658606778	-1154.4714679368
100	1.4316615818	0.0658606778	-1079.9715066922
101	1.5986177669	0.0658606778	-1119.2251326009
102	1.3825531710	0.0658606778	-1055.3379815511
103	1.4614984094	0.0658606778	-1095.5655012348
104	1.1489027069	0.0658606778	-886.1924671352
105	0.9531829658	0.0658606778	-790.0143437701
106	1.3078699416	0.0658606778	-992.9093435569
107	0.6213045253	0.0658606778	-557.2164530521
108	1.4368632369	0.0658606778	-1076.2384151685
109	1.2122530346	0.0658606778	-937.7228656164
110	1.2078877757	0.0658606778	-957.5148729630
111	0.0000000000	0.0658606778	-2.2836748031
112	1.3162160247	0.0658606778	-1012.4354408738
113	1.5673543505	0.0658606778	-1179.7724472864
114	1.5318159195	0.0658606778	-1172.0362875083
115	0.8998166327	0.0658606778	-744.5244821697
116	1.4457134986	0.0658606778	-1106.3442424275
117	1.4593226248	0.0658606778	-1085.7202528808
118	0.9686235649	0.0658606778	-756.3877177473
119	1.0348195329	0.0658606778	-844.8814623799
120	1.5454568692	0.0658606778	-1156.5953814974
121	1.2249892200	0.0658606778	-954.1754332729
122	0.0996228822	0.0658606778	-108.1791993825
123	1.4403189219	0.0658606778	-1112.5379081881
124	1.3618297146	0.0658606778	-1052.9244115337
