site	rate	t	lnL
1	1.5937458304	0.0062077840	-170.5923397318
2	0.6674831778	0.0062077840	-76.8644431115
3	1.3038908939	0.0062077840	-147.4646445318
4	1.8432758899	0.0062077840	-190.9267843444
5	0.0000000000	0.0062077840	-2.5148684440
6	1.9694009324	0.0062077840	-204.4724586645
7	0.5263085941	0.0062077840	-60.0997860556
8	1.2431874523	0.0062077840	-137.8078362457
9	1.5762204517	0.0062077840	-171.3369975930
10	1.2535445326	0.0062077840	-137.5384024726
11	0.3321206785	0.0062077840	-41.3537675843
12	0.8578130606	0.0062077840	-95.4779108369
13	2.1066246403	0.0062077840	-211.4779516898
14	0.3348685025	0.0062077840	-44.1046283972
15	1.2909135334	0.0062077840	-134.4378605106
16	1.7333425203	0.0062077840	-182.8552683976
17	1.2028676752	0.0062077840	-124.9007416004
18	0.9720723871	0.0062077840	-113.4832049249
19	1.4600521631	0.0062077840	-154.6553758458
20	0.0000000000	0.0062077840	-2.8460377924
21	0.5139135004	0.0062077840	-60.6247053220
22	2.8634830131	0.0062077840	-279.7693968618
23	0.9104832474	0.0062077840	-104.5643565732
24	0.0000000000	0.0062077840	-3.0299880141
25	0.9576001849	0.0062077840	-103.4704472405
26	1.2034037397	0.0062077840	-126.1864681274
27	0.0000000000	0.0062077840	-2.2933037019
28	0.0000000000	0.0062077840	-2.5148684440
29	0.1736406010	0.0062077840	-25.5833311402
30	0.0000000000	0.0062077840	-3.4204079464
31	1.4013312463	0.0062077840	-152.8109058814
32	0.9463304215	0.0062077840	-97.3823887779
33	0.1639085972	0.0062077840	-24.7385485451
34	0.3349012387	0.0062077840	-44.9412289062
35	0.4976519206	0.0062077840	-63.3588303488
36	2.9411716718	0.0062077840	-293.4394157465
37	0.4144611642	0.0062077840	-53.5957869541
38	1.1275650884	0.0062077840	-123.6161070552
39	1.5821054948	0.0062077840	-158.0931166845
40	1.6552360439	0.0062077840	-175.5170896248
41	2.1494625704	0.0062077840	-223.1618471516
42	1.2365899573	0.0062077840	-135.3945175147
43	0.8109263974	0.0062077840	-97.8781502459
44	1.8077437692	0.0062077840	-185.3094050614
45	1.8398540115	0.0062077840	-187.2753057972
46	0.0836575968	0.0062077840	-14.5821764745
47	0.3336824385	0.0062077840	-43.8396366236
48	0.8575836569	0.0062077840	-97.9565039939
49	1.3228071578	0.0062077840	-145.3369930779
50	1.2314077928	0.0062077840	-128.7183700311
51	0.0000000000	0.0062077840	-2.8460377924
52	0.3508421547	0.0062077840	-42.0707693453
53	0.1736784660	0.0062077840	-23.9940473570
54	0.8225643358	0.0062077840	-96.2001250403
55	0.1751704673	0.0062077840	-24.4357872094
56	0.5999198627	0.0062077840	-70.2929384266
57	0.2503617594	0.0062077840	-35.0902596976
58	0.6486329596	0.0062077840	-79.5191041275
59	3.3590504161	0.0062077840	-311.4835477560
60	0.7822632883	0.0062077840	-84.7424513967
61	0.0000000000	0.0062077840	-2.5148684440
62	1.0759268788	0.0062077840	-122.3350940671
63	2.0602386828	0.0062077840	-207.1522627884
64	0.7447036459	0.0062077840	-86.5820874101
65	2.3972998099	0.0062077840	-247.2953083971
66	0.0806608536	0.0062077840	-15.6143907250
67	1.2325791889	0.0062077840	-136.5759276248
68	0.0836512282	0.0062077840	-14.9594706086
69	1.2525732488	0.0062077840	-136.8932634184
70	1.1450998112	0.0062077840	-129.6950917318
71	1.3054551636	0.0062077840	-142.5774991411
72	1.8220896859	0.0062077840	-192.2055487229
73	0.0857344740	0.0062077840	-13.9462184833
74	0.3348760611	0.0062077840	-44.4150569546
75	1.9820392772	0.0062077840	-205.9409047026
76	1.7503460301	0.0062077840	-185.3843896363
77	0.0000000000	0.0062077840	-2.5148684440
78	1.6317597920	0.0062077840	-177.0211337665
79	0.9574441919	0.0062077840	-100.3596016333
80	0.1753444217	0.0062077840	-24.0894849836
81	0.5213783800	0.0062077840	-60.4504249360
82	1.4102573833	0.0062077840	-153.3270382724
83	1.6686847242	0.0062077840	-165.6768661048
84	0.7416955769	0.0062077840	-89.5748980408
85	0.4104701679	0.0062077840	-53.1541107854
86	0.4038226425	0.0062077840	-52.4481667444
87	0.4974851994	0.0062077840	-62.4517446396
88	0.8300890226	0.0062077840	-94.7262937619
89	0.9673255259	0.0062077840	-99.7781379920
90	1.5774006424	0.0062077840	-167.9830649846
91	0.5206707832	0.0062077840	-62.6214053914
92	0.5216726234	0.0062077840	-59.0562295372
93	1.9315502442	0.0062077840	-199.8372954163
94	0.1736509498	0.0062077840	-24.2477335710
95	1.0883780798	0.0062077840	-117.1793962640
96	1.1324199677	0.0062077840	-121.6949513944
97	1.3190229688	0.0062077840	-142.9955766671
98	1.4886644578	0.0062077840	-160.5831498154
99	1.1599798252	0.0062077840	-127.5995943411
100	1.4144385240	0.0062077840	-151.1205679570
101	0.1736884254	0.0062077840	-23.7612294968
102	1.7481344368	0.0062077840	-185.9054321543
103	1.5511734046	0.0062077840	-165.9658710794
104	0.0831404885	0.0062077840	-14.5451200519
105	0.5805100641	0.0062077840	-71.4944967930
106	1.4954218095	0.0062077840	-157.6641321834
107	0.2568797276	0.0062077840	-33.7272075828
108	1.1420817774	0.0062077840	-119.4397427118
109	2.0258153366	0.0062077840	-195.9402592222
110	1.8969339386	0.0062077840	-197.6069525712
111	0.0000000000	0.0062077840	-2.5148684440
112	1.1416709896	0.0062077840	-118.1924217173
113	1.2219832942	0.0062077840	-136.6249156972
114	1.0765743223	0.0062077840	-124.2539205350
115	0.5807953480	0.0062077840	-70.7346460515
116	1.8330848064	0.0062077840	-193.1869614282
117	1.3409489018	0.0062077840	-141.5399429207
118	0.1663446880	0.0062077840	-24.2595074028
119	1.0644313456	0.0062077840	-121.8331322196
120	1.8161980395	0.0062077840	-195.2739771993
121	1.3188691989	0.0062077840	-144.6651442258
122	0.0857306150	0.0062077840	-14.7065575751
123	1.2387218812	0.0062077840	-136.0296781287
124	1.0736731877	0.0062077840	-120.7283875697
