site	rate	t	lnL
1	4.9731388112	0.4903909295	-3096.1865312413
2	0.7564127676	0.4903909295	-2566.3278307027
3	3.6792998818	0.4903909295	-3180.9330795929
4	4.4341873433	0.4903909295	-3091.8473733167
5	0.1168199987	0.4903909295	-709.8110102196
6	9.5079905552	0.4903909295	-3111.0438483474
7	0.8688888596	0.4903909295	-2449.5027151581
8	0.9805715746	0.4903909295	-2696.9911167705
9	3.4814858790	0.4903909295	-3121.8484054182
10	88.5302395655	0.4903909295	-3020.2863861797
11	0.7865644070	0.4903909295	-2431.3848681243
12	3.3261929222	0.4903909295	-3130.7578565274
13	3.2893826358	0.4903909295	-2948.1615008422
14	0.7305184211	0.4903909295	-2556.6340444080
15	0.7244926046	0.4903909295	-2272.5890740383
16	1.3900546091	0.4903909295	-3159.9345680201
17	4.5130692671	0.4903909295	-2996.1137133567
18	1.1048493392	0.4903909295	-2815.9320020044
19	3.9606295051	0.4903909295	-3067.0518131634
20	0.3054324543	0.4903909295	-1500.7092720634
21	1.1489806483	0.4903909295	-2892.1503786202
22	1.0869956722	0.4903909295	-3020.9519681657
23	2.7259705128	0.4903909295	-2748.8227577912
24	0.2723653917	0.4903909295	-1400.4691013504
25	3.6098991232	0.4903909295	-3104.5522472707
26	0.3520248662	0.4903909295	-1637.6243851358
27	0.7000511732	0.4903909295	-2387.4990666108
28	0.0098862695	0.4903909295	-85.3842098669
29	0.2981165680	0.4903909295	-1429.5796792474
30	1.0029352785	0.4903909295	-2743.0724743996
31	3.5795886945	0.4903909295	-3021.6509082405
32	1.2658808812	0.4903909295	-2793.4691766101
33	0.4847122954	0.4903909295	-2176.4611467943
34	3.1564807591	0.4903909295	-3072.2917328975
35	3.2066638644	0.4903909295	-2871.6518006089
36	4.0258758736	0.4903909295	-3070.0927994452
37	0.9779444305	0.4903909295	-2902.0845334346
38	150.6256162311	0.4903909295	-3131.9787371675
39	6.1633011466	0.4903909295	-3065.1832212613
40	1.1516236698	0.4903909295	-2967.1464325942
41	1.1420331010	0.4903909295	-3073.7748386582
42	7.5633533531	0.4903909295	-3106.6594209823
43	3.5274421452	0.4903909295	-3052.5792682460
44	3.7325947199	0.4903909295	-3158.7077549234
45	1.2129596065	0.4903909295	-2991.5930937918
46	0.4931185712	0.4903909295	-2067.1781732825
47	0.7347504930	0.4903909295	-2611.0491966941
48	2.7683152923	0.4903909295	-3002.8905806532
49	1.0061735653	0.4903909295	-2966.1801978971
50	0.8619877892	0.4903909295	-2719.2120823363
51	0.0129326095	0.4903909295	-113.1604226331
52	0.8771942721	0.4903909295	-2491.9411116242
53	1.0225510525	0.4903909295	-2602.9249783324
54	0.9832862789	0.4903909295	-2850.5377106290
55	0.8307298549	0.4903909295	-2540.1471237220
56	1.2429949991	0.4903909295	-3147.8131371207
57	0.3165412687	0.4903909295	-1665.3854765935
58	1.4123157714	0.4903909295	-2963.2677366067
59	4.9020134054	0.4903909295	-3077.9753630666
60	0.7269269861	0.4903909295	-2384.0959951382
61	0.0750239450	0.4903909295	-490.2445747094
62	4.3145343541	0.4903909295	-3101.0505198731
63	0.5364295210	0.4903909295	-2274.3572628509
64	0.9493242932	0.4903909295	-2842.2289314079
65	3.0800467654	0.4903909295	-3119.1041399721
66	0.5571848844	0.4903909295	-2291.6084694216
67	4.7554636918	0.4903909295	-3187.0713980770
68	0.7925989261	0.4903909295	-2681.9409922696
69	3.5145688800	0.4903909295	-3109.7887993572
70	5.9036183118	0.4903909295	-3045.4586435603
71	3.2193140431	0.4903909295	-2980.5226591004
72	3.3702087088	0.4903909295	-3015.5048735214
73	0.0545347809	0.4903909295	-375.9906189322
74	0.6909966622	0.4903909295	-2517.5169084849
75	3.5207763345	0.4903909295	-2830.4502562199
76	3.0816795606	0.4903909295	-3169.5636776332
77	0.1633820045	0.4903909295	-944.8560792980
78	4.9038741358	0.4903909295	-3133.6620016437
79	4.8938163402	0.4903909295	-3057.3950064791
80	0.7738272841	0.4903909295	-2507.5439952731
81	3.0889253896	0.4903909295	-2928.5124294967
82	4.7804608586	0.4903909295	-3109.1002735771
83	3.9813503100	0.4903909295	-3140.0739180790
84	0.6877995141	0.4903909295	-2657.1477017828
85	0.9141054437	0.4903909295	-2585.6564227670
86	1.1581297519	0.4903909295	-3109.3308368686
87	1.3333550610	0.4903909295	-3083.3768406197
88	0.9529505563	0.4903909295	-2876.1303013298
89	0.5750584143	0.4903909295	-2118.2365391355
90	28.8779016534	0.4903909295	-3068.0851488511
91	0.1286472721	0.4903909295	-774.4014124329
92	1.2856395040	0.4903909295	-2701.9169011035
93	6.9232730854	0.4903909295	-3019.8839108440
94	0.8003408832	0.4903909295	-2442.4438438374
95	0.6879528149	0.4903909295	-2540.4101446191
96	4.7262274010	0.4903909295	-3090.1330500960
97	3.3262103337	0.4903909295	-2994.4699584732
98	1.0333521555	0.4903909295	-2891.7333224269
99	5.2446398853	0.4903909295	-3159.7262952002
100	0.2031381780	0.4903909295	-1106.0650839277
101	0.5390184681	0.4903909295	-1885.3630925924
102	3.7795697755	0.4903909295	-3113.5263629001
103	3.1493224724	0.4903909295	-2869.6131930908
104	0.3187464040	0.4903909295	-1562.4816470579
105	1.1830016521	0.4903909295	-3137.6138061425
106	4.9911810288	0.4903909295	-3021.6054087556
107	0.7352172555	0.4903909295	-2569.9466330444
108	4.1914588978	0.4903909295	-3042.4930651570
109	4.8558142857	0.4903909295	-3097.8638692542
110	1221.5118344254	0.4903909295	-3053.7774016491
111	0.0109881472	0.4903909295	-94.4009052525
112	5.9478078850	0.4903909295	-3087.8962626570
113	3.4948054629	0.4903909295	-3141.3780860082
114	0.7759695819	0.4903909295	-2766.2499987785
115	2.8346535589	0.4903909295	-3099.0165176961
116	4.2879437327	0.4903909295	-3141.5745359224
117	3.4620895451	0.4903909295	-3026.0083730658
118	1.3930675447	0.4903909295	-2980.1944812413
119	2.6333194554	0.4903909295	-3121.4253983204
120	4.1277796533	0.4903909295	-3079.8940284684
121	0.5541372408	0.4903909295	-2220.5009897030
122	0.2784478237	0.4903909295	-1336.0993337097
123	3.3365465463	0.4903909295	-3101.3188296852
124	4.7507881134	0.4903909295	-3097.6224267007
