site	rate	t	lnL
1	2.2578212970	0.3680443547	-2985.2167087914
2	0.6611328834	0.3680443547	-1968.9128615807
3	1.8704101866	0.3680443547	-3004.4739933338
4	1.6800866484	0.3680443547	-2887.2833249271
5	0.1093419012	0.3680443547	-518.2197025216
6	1.7992511140	0.3680443547	-2940.4487455386
7	0.4744034310	0.3680443547	-1533.5361130043
8	0.9855300735	0.3680443547	-2410.0623758788
9	2.1203853582	0.3680443547	-3025.5242989327
10	2.0729727701	0.3680443547	-2934.0263821435
11	0.5970236126	0.3680443547	-1772.7945067723
12	2.3355896984	0.3680443547	-3055.9787352152
13	1.2537253723	0.3680443547	-2659.1894332068
14	0.8539610700	0.3680443547	-2306.7010981524
15	0.5283762703	0.3680443547	-1629.0266204935
16	1.4570594699	0.3680443547	-2931.4957667042
17	1.3801018466	0.3680443547	-2761.2226232146
18	1.1609023293	0.3680443547	-2538.0955129750
19	2.0326775334	0.3680443547	-2968.1955040282
20	0.3321968748	0.3680443547	-1231.5520898390
21	1.0118837455	0.3680443547	-2453.1459916652
22	1.2875803767	0.3680443547	-2803.5897026190
23	0.8948225683	0.3680443547	-2234.9434909037
24	0.1392517567	0.3680443547	-659.1050580492
25	1.4029934265	0.3680443547	-2786.9835147388
26	0.5149157994	0.3680443547	-1662.1681818598
27	0.5802959221	0.3680443547	-1803.0085593529
28	0.0087772966	0.3680443547	-59.9310606387
29	0.1945446959	0.3680443547	-815.0309493533
30	0.8024813976	0.3680443547	-2193.4772052072
31	1.9578409134	0.3680443547	-2934.9295688314
32	0.9741206730	0.3680443547	-2353.8793498003
33	0.2902916157	0.3680443547	-1216.7165850796
34	1.3957580327	0.3680443547	-2798.9202809711
35	1.1316605227	0.3680443547	-2530.7139124072
36	2.1879141052	0.3680443547	-2956.7819819516
37	0.9456500280	0.3680443547	-2437.4322328933
38	2.1739595112	0.3680443547	-3011.5989546482
39	2.1672029006	0.3680443547	-2964.8109664011
40	1.1583040298	0.3680443547	-2648.3224669290
41	1.2753739664	0.3680443547	-2810.9197278813
42	2.3120813048	0.3680443547	-3034.4940758299
43	1.6823778413	0.3680443547	-2885.9674725421
44	2.5062913057	0.3680443547	-3080.8854928369
45	1.2713148968	0.3680443547	-2719.9595237853
46	0.5045092729	0.3680443547	-1675.6916024937
47	0.6774535756	0.3680443547	-2063.4756129066
48	1.2752057299	0.3680443547	-2668.9331297864
49	0.9778196817	0.3680443547	-2536.1398414617
50	0.7658655202	0.3680443547	-2174.2231573561
51	0.0086030887	0.3680443547	-62.9039020366
52	0.5365266763	0.3680443547	-1684.0453999619
53	0.6735861178	0.3680443547	-1899.0241125925
54	0.9990987076	0.3680443547	-2478.0094977648
55	0.6413746733	0.3680443547	-1906.1134416454
56	1.1149331586	0.3680443547	-2705.9650233396
57	0.1531523115	0.3680443547	-741.1065189069
58	1.3491560133	0.3680443547	-2696.1560169604
59	1.9735620140	0.3680443547	-2935.3716490900
60	0.6454192207	0.3680443547	-1903.1035003429
61	0.0727772491	0.3680443547	-368.9195713303
62	2.0949032029	0.3680443547	-2991.4025853557
63	0.7049526721	0.3680443547	-2162.4955814949
64	0.9649672715	0.3680443547	-2447.7302456023
65	1.9857162154	0.3680443547	-3002.6848644391
66	0.3961996532	0.3680443547	-1473.8540626010
67	2.0745724349	0.3680443547	-3080.8977948168
68	0.9184288079	0.3680443547	-2415.4946582448
69	2.2383828916	0.3680443547	-3041.4284070396
70	2.3639028402	0.3680443547	-2956.4086192634
71	1.3968262064	0.3680443547	-2739.9981897832
72	1.6405126489	0.3680443547	-2853.0893764161
73	0.0412700516	0.3680443547	-229.2337054708
74	0.7240373462	0.3680443547	-2115.9983747363
75	1.2905944773	0.3680443547	-2606.8143082722
76	1.7058010682	0.3680443547	-3036.1614054993
77	0.1220848955	0.3680443547	-572.9260597256
78	2.3403908506	0.3680443547	-3037.0210476443
79	2.0874267416	0.3680443547	-2920.7460146546
80	0.7936976749	0.3680443547	-2148.5431440859
81	1.2685972551	0.3680443547	-2610.0097162315
82	2.2320651725	0.3680443547	-3002.5941334167
83	2.6540608500	0.3680443547	-3093.0436313712
84	0.7513876449	0.3680443547	-2259.4296738483
85	0.7381094492	0.3680443547	-2016.9212832051
86	1.2799473999	0.3680443547	-2827.3312121558
87	1.3906000910	0.3680443547	-2782.9594299583
88	0.7550178751	0.3680443547	-2219.1623039942
89	0.4918162921	0.3680443547	-1572.3627179252
90	2.2760585850	0.3680443547	-2954.3056295663
91	0.1200405349	0.3680443547	-555.3256430472
92	0.8682908687	0.3680443547	-2178.2980751438
93	1.6487369980	0.3680443547	-2837.5231696659
94	0.5505385496	0.3680443547	-1694.2430023779
95	0.6353114895	0.3680443547	-1994.0159036430
96	2.0323966560	0.3680443547	-2942.0930902146
97	1.9582341330	0.3680443547	-2884.1713299414
98	1.3279874914	0.3680443547	-2748.0790678323
99	1.9779410168	0.3680443547	-3057.7966623689
100	0.1714316483	0.3680443547	-733.9686894833
101	0.3269987894	0.3680443547	-1147.2828031827
102	2.0891010850	0.3680443547	-2974.7744425305
103	1.2346118695	0.3680443547	-2584.7651687553
104	0.3355810645	0.3680443547	-1276.9122971977
105	1.5910648903	0.3680443547	-3003.1287015306
106	1.9881047572	0.3680443547	-2912.3458987711
107	0.6607682890	0.3680443547	-2021.2266899241
108	2.1737426660	0.3680443547	-2968.4094194513
109	2.2976536902	0.3680443547	-2984.3303163884
110	1.9399639941	0.3680443547	-2910.6299866839
111	0.0029220386	0.3680443547	-24.7123074878
112	2.5856960513	0.3680443547	-3019.7081894743
113	2.1756456654	0.3680443547	-3043.7844965816
114	0.6865238735	0.3680443547	-2168.4498833611
115	1.4104717480	0.3680443547	-2808.4144397604
116	2.4041308241	0.3680443547	-3056.0365610309
117	2.3388920395	0.3680443547	-2947.8618299564
118	1.1732335701	0.3680443547	-2665.9883288056
119	1.2648514054	0.3680443547	-2791.6428667942
120	2.0780247667	0.3680443547	-2959.1868382758
121	0.6077927689	0.3680443547	-1905.6443756579
122	0.2456784079	0.3680443547	-944.2985602333
123	1.6960111868	0.3680443547	-2981.2900500358
124	2.2875908602	0.3680443547	-3009.8161335294
