site	rate	t	lnL
1	2.5122162231	0.3636630418	-3055.1984350724
2	0.7183095896	0.3636630418	-2081.4212548945
3	1.9243265460	0.3636630418	-3010.6124806666
4	1.9211576587	0.3636630418	-2921.9628663813
5	0.1821910473	0.3636630418	-748.8701211594
6	1.8707971813	0.3636630418	-3017.7374111466
7	0.5626800400	0.3636630418	-1685.8776175307
8	1.0362653545	0.3636630418	-2453.4924112409
9	2.1411254941	0.3636630418	-3006.7894310603
10	1.9991326836	0.3636630418	-2920.3242894256
11	0.5052842313	0.3636630418	-1590.6021544255
12	2.3881086610	0.3636630418	-3040.8388622262
13	1.3218137460	0.3636630418	-2648.5128605324
14	0.6682805901	0.3636630418	-1988.1774771431
15	0.5599620481	0.3636630418	-1650.9157594443
16	1.5674469751	0.3636630418	-2967.2304093139
17	1.4609128865	0.3636630418	-2755.8144817070
18	1.2091968303	0.3636630418	-2584.7930315089
19	1.8669128999	0.3636630418	-2945.8389965358
20	0.2584677666	0.3636630418	-1016.8082910744
21	1.0863531480	0.3636630418	-2503.4115010359
22	1.2744528496	0.3636630418	-2794.1777307917
23	0.8402028599	0.3636630418	-2162.1112371473
24	0.2197773092	0.3636630418	-973.2911583324
25	1.5001777203	0.3636630418	-2863.5446373233
26	0.3398645867	0.3636630418	-1258.0313082659
27	0.5536795902	0.3636630418	-1759.0886417527
28	0.0073941010	0.3636630418	-50.7383045618
29	0.2193827045	0.3636630418	-874.6650075136
30	0.7298630547	0.3636630418	-2082.0942919674
31	1.9219043886	0.3636630418	-2863.0356277235
32	1.1037417082	0.3636630418	-2480.2144963681
33	0.2656764085	0.3636630418	-1118.4432101370
34	1.4265529413	0.3636630418	-2839.5524236587
35	1.2071210944	0.3636630418	-2536.7779960841
36	2.1382954035	0.3636630418	-2995.1203147003
37	1.0790267059	0.3636630418	-2587.9245749872
38	2.1381158804	0.3636630418	-2995.0144249015
39	2.0676835103	0.3636630418	-2946.2962324392
40	1.1999076774	0.3636630418	-2679.1734524088
41	1.3925203007	0.3636630418	-2887.6707370776
42	2.2861601096	0.3636630418	-3029.4379865810
43	1.8538804838	0.3636630418	-2942.7690067653
44	2.1364072823	0.3636630418	-3073.0163892425
45	1.4798164602	0.3636630418	-2847.4647576550
46	0.6862287479	0.3636630418	-1989.4788439283
47	0.6208249748	0.3636630418	-1952.9963459696
48	1.4220585308	0.3636630418	-2753.9206250255
49	0.9500947151	0.3636630418	-2469.3038488656
50	0.8030724847	0.3636630418	-2209.6163193735
51	0.0058241522	0.3636630418	-43.3298248302
52	0.5116382208	0.3636630418	-1616.2323865082
53	0.6591998615	0.3636630418	-1876.3139494698
54	0.9154765097	0.3636630418	-2366.7336856139
55	0.5531846370	0.3636630418	-1749.0005435855
56	1.0596208306	0.3636630418	-2652.9530694812
57	0.1447454074	0.3636630418	-688.7222169347
58	1.0708840074	0.3636630418	-2493.7038047932
59	2.0159892339	0.3636630418	-2959.7592371865
60	0.6289570872	0.3636630418	-1859.4518236323
61	0.0704949483	0.3636630418	-356.0377423260
62	1.9873185444	0.3636630418	-2969.9938185871
63	0.5032916813	0.3636630418	-1746.4197689405
64	0.8798292150	0.3636630418	-2316.9235705914
65	1.5927322176	0.3636630418	-2947.3399774868
66	0.6821229932	0.3636630418	-2065.6870918837
67	2.5470295142	0.3636630418	-3091.5158444239
68	0.8570548009	0.3636630418	-2307.2486196823
69	2.1053193262	0.3636630418	-2997.5583914189
70	2.1646729192	0.3636630418	-2958.3198411081
71	1.2941227792	0.3636630418	-2641.2268845371
72	1.6232944826	0.3636630418	-2766.1867710635
73	0.0372085367	0.3636630418	-200.4120519016
74	0.9804155035	0.3636630418	-2443.6183040877
75	1.0887726185	0.3636630418	-2424.5059297588
76	1.5324813651	0.3636630418	-2987.9480940988
77	0.0873048393	0.3636630418	-432.7326913786
78	2.5070893429	0.3636630418	-3028.6961575961
79	2.2020695760	0.3636630418	-2930.1944272614
80	0.7384041118	0.3636630418	-2039.5967866157
81	1.1681341979	0.3636630418	-2545.5159550496
82	2.2086824839	0.3636630418	-2988.7322105687
83	2.5844983787	0.3636630418	-3089.1989532923
84	0.7265257642	0.3636630418	-2182.3368176464
85	0.8538106780	0.3636630418	-2177.6194501747
86	1.2210369976	0.3636630418	-2771.8630314413
87	1.3696541573	0.3636630418	-2781.5624585617
88	0.8367153824	0.3636630418	-2328.4132182992
89	0.3203499252	0.3636630418	-1164.0766456019
90	2.2907679750	0.3636630418	-2977.6715647091
91	0.1763827691	0.3636630418	-756.8300177938
92	0.9978609303	0.3636630418	-2310.8219381133
93	1.9046082585	0.3636630418	-2879.4082885798
94	0.5446170040	0.3636630418	-1664.1315386488
95	0.5134909516	0.3636630418	-1756.7976991395
96	2.2867369474	0.3636630418	-2983.2467625631
97	2.1852825063	0.3636630418	-2924.1973928985
98	1.1317780997	0.3636630418	-2555.6679054400
99	1.9552122590	0.3636630418	-3073.7801186392
100	0.2160383867	0.3636630418	-880.8396204405
101	0.2993241448	0.3636630418	-1065.0433265986
102	2.3967636902	0.3636630418	-3027.6996150138
103	1.3706699650	0.3636630418	-2652.8045179549
104	0.2728497392	0.3636630418	-1088.3333766788
105	1.2573651300	0.3636630418	-2831.5098848113
106	1.9392911548	0.3636630418	-2875.7546850109
107	0.6184762348	0.3636630418	-1931.9956837868
108	2.0023596579	0.3636630418	-2946.7764274034
109	2.3151741055	0.3636630418	-2982.5561525668
110	2.0937375823	0.3636630418	-2943.0115792079
111	0.0148077243	0.3636630418	-92.4435308062
112	2.0765022168	0.3636630418	-2949.0289624819
113	1.9616083922	0.3636630418	-3048.6981952566
114	0.8232015053	0.3636630418	-2343.0622339110
115	1.3134468018	0.3636630418	-2793.7822502869
116	2.2911485982	0.3636630418	-3041.3570544813
117	2.1571033116	0.3636630418	-2918.1703874926
118	1.2779405988	0.3636630418	-2676.5018545508
119	1.2518951713	0.3636630418	-2746.2920179906
120	2.0115453727	0.3636630418	-2941.7616695085
121	0.5019679509	0.3636630418	-1651.3964790455
122	0.1952097351	0.3636630418	-798.2180291552
123	2.2114116755	0.3636630418	-3000.9176670643
124	2.6862371744	0.3636630418	-3068.6212108642
