site	rate	t	lnL
1	2.4324189263	0.3692606271	-3048.0954308019
2	0.7133682278	0.3692606271	-2063.2376684750
3	1.6925843145	0.3692606271	-3007.2203694090
4	1.8160982133	0.3692606271	-2944.8819392134
5	0.0709594896	0.3692606271	-365.4657032864
6	1.9556671378	0.3692606271	-2959.7207576478
7	0.5035642558	0.3692606271	-1601.4835062221
8	0.9274460221	0.3692606271	-2329.3933559822
9	1.8163503093	0.3692606271	-2993.5409947502
10	1.9326721212	0.3692606271	-2867.4056565505
11	0.5049223301	0.3692606271	-1605.1461417614
12	2.5596459348	0.3692606271	-3057.8749112848
13	1.2857421351	0.3692606271	-2640.8852387288
14	0.9373237704	0.3692606271	-2385.7092494338
15	0.5363407367	0.3692606271	-1643.6431127550
16	1.4224905553	0.3692606271	-2914.5648383133
17	1.3227848908	0.3692606271	-2718.4299857979
18	1.0771860225	0.3692606271	-2479.6973299753
19	2.2194268731	0.3692606271	-2986.4649236079
20	0.5497964972	0.3692606271	-1751.6265796916
21	1.0055329002	0.3692606271	-2455.7673961177
22	1.3147087177	0.3692606271	-2815.6475632221
23	0.9137920838	0.3692606271	-2261.5016261199
24	0.1389072804	0.3692606271	-662.3622144524
25	1.5204274286	0.3692606271	-2839.9728958135
26	0.3046209966	0.3692606271	-1162.5599669821
27	0.5061104712	0.3692606271	-1668.4667685046
28	0.0058270942	0.3692606271	-42.4499416583
29	0.3523858787	0.3692606271	-1256.9898020076
30	0.7397975951	0.3692606271	-2117.8243173840
31	1.8379618547	0.3692606271	-2887.0422494799
32	0.8500208669	0.3692606271	-2206.6662741416
33	0.2520717624	0.3692606271	-1083.1028866886
34	1.4252994636	0.3692606271	-2816.1972437640
35	1.1996804245	0.3692606271	-2540.7595533958
36	1.9466565101	0.3692606271	-2962.1031334141
37	1.0908815651	0.3692606271	-2622.2849045263
38	2.1859899957	0.3692606271	-3008.7943835890
39	2.2019073387	0.3692606271	-2977.3060843438
40	1.1377342626	0.3692606271	-2645.8610923929
41	1.3502434994	0.3692606271	-2860.3263657843
42	2.4043973093	0.3692606271	-3031.1563713899
43	1.6948360288	0.3692606271	-2917.0378848918
44	2.0554470688	0.3692606271	-3067.0773526444
45	1.2747120182	0.3692606271	-2717.0067168965
46	0.6303499620	0.3692606271	-1936.0362544666
47	0.6264992741	0.3692606271	-1956.2463147206
48	1.4006449320	0.3692606271	-2797.3473223513
49	0.9578542734	0.3692606271	-2512.4446893603
50	0.7812297394	0.3692606271	-2207.9046884571
51	0.1063177454	0.3692606271	-520.9965576329
52	0.5805599267	0.3692606271	-1755.0850844774
53	0.7350619865	0.3692606271	-2015.8214035897
54	0.9226572505	0.3692606271	-2390.6451073742
55	0.6173155954	0.3692606271	-1866.0224665323
56	1.1151472123	0.3692606271	-2713.9985139897
57	0.2231356673	0.3692606271	-975.9464396315
58	1.2726590352	0.3692606271	-2664.6657940083
59	1.9774054638	0.3692606271	-2934.1474917109
60	0.4973550763	0.3692606271	-1633.8388170097
61	0.1212041535	0.3692606271	-559.6565938549
62	2.0487951796	0.3692606271	-2978.2032923028
63	0.6002644535	0.3692606271	-1969.4957280705
64	0.9772131695	0.3692606271	-2475.5783617507
65	1.5789590715	0.3692606271	-2937.9141331974
66	0.5188986515	0.3692606271	-1752.7954912903
67	2.6039318056	0.3692606271	-3106.1634743802
68	0.8558926365	0.3692606271	-2333.3592210608
69	1.9554390109	0.3692606271	-3009.8746075001
70	2.2999500017	0.3692606271	-2960.9030081405
71	1.3428383846	0.3692606271	-2714.4516964694
72	1.8080934266	0.3692606271	-2877.0673525476
73	0.0844247058	0.3692606271	-409.3238135805
74	0.7578359799	0.3692606271	-2188.3262916519
75	1.1722829422	0.3692606271	-2533.4867191756
76	1.6422745315	0.3692606271	-3022.5177258592
77	0.1162651941	0.3692606271	-552.6505231465
78	2.0736773835	0.3692606271	-3011.2116792219
79	2.4501878582	0.3692606271	-2962.5417674797
80	0.8079391205	0.3692606271	-2129.9746978232
81	1.4005241304	0.3692606271	-2705.4931990372
82	2.1794171471	0.3692606271	-2998.9238054957
83	2.5510735920	0.3692606271	-3075.5914211898
84	0.5492890497	0.3692606271	-1881.9361883785
85	0.7077970419	0.3692606271	-1992.4367308522
86	1.3448880528	0.3692606271	-2867.1899384980
87	1.3805639459	0.3692606271	-2810.1959243708
88	0.7677826190	0.3692606271	-2236.1114583086
89	0.4951323251	0.3692606271	-1573.9865843532
90	2.1479656239	0.3692606271	-2965.8687733547
91	0.1337089444	0.3692606271	-606.1626444745
92	0.9116368868	0.3692606271	-2235.2570306611
93	1.8381507859	0.3692606271	-2891.0666648225
94	0.5584110942	0.3692606271	-1713.3472021442
95	0.4813644956	0.3692606271	-1675.8523329299
96	2.2771794674	0.3692606271	-2965.2844866699
97	2.0508254724	0.3692606271	-2888.3819784102
98	1.1422128332	0.3692606271	-2611.0665871294
99	2.1345478254	0.3692606271	-3053.7787027481
100	0.2465205492	0.3692606271	-983.4692120758
101	0.3372760560	0.3692606271	-1179.6124163978
102	2.1151607342	0.3692606271	-3028.8721700393
103	1.5606282300	0.3692606271	-2747.8257630418
104	0.2328296681	0.3692606271	-972.7713551006
105	1.3156713581	0.3692606271	-2879.8612418143
106	1.9983592522	0.3692606271	-2896.8923516040
107	0.6661674918	0.3692606271	-2022.8840149016
108	1.8719160190	0.3692606271	-2933.0285507400
109	2.2994945047	0.3692606271	-2968.1450828729
110	2.1182663936	0.3692606271	-2951.9571183112
111	0.0058273851	0.3692606271	-41.4753095909
112	2.3782207793	0.3692606271	-3010.3400407739
113	2.2992055082	0.3692606271	-3074.9049988974
114	0.8802654922	0.3692606271	-2440.2982636444
115	1.4099366580	0.3692606271	-2849.1770825402
116	2.3975044147	0.3692606271	-3043.6613582923
117	2.2760357780	0.3692606271	-2940.3973899880
118	1.1982785799	0.3692606271	-2648.0821405091
119	1.3315551059	0.3692606271	-2819.6892462942
120	2.0668538456	0.3692606271	-2940.9969781448
121	0.5492552477	0.3692606271	-1773.9228185112
122	0.1874498596	0.3692606271	-780.1691103295
123	1.9917076240	0.3692606271	-3018.2979567840
124	2.3884614201	0.3692606271	-3026.7902306012
