site	rate	t	lnL
1	2.4705286948	0.3715321837	-3044.2118135889
2	0.7878572780	0.3715321837	-2184.9257819579
3	1.7842926605	0.3715321837	-3028.3203146263
4	2.0850676255	0.3715321837	-2967.6284608661
5	0.1174331514	0.3715321837	-545.5360663500
6	1.8704245280	0.3715321837	-2969.6593549442
7	0.5314522688	0.3715321837	-1651.0519919878
8	0.8205528413	0.3715321837	-2182.6804779884
9	2.4340213490	0.3715321837	-3033.2882322005
10	2.1506630168	0.3715321837	-2935.8352031907
11	0.5637618851	0.3715321837	-1709.1428289539
12	2.4390826645	0.3715321837	-3066.0019829211
13	1.3036980685	0.3715321837	-2716.7197385999
14	0.7729106014	0.3715321837	-2174.3210305739
15	0.5575609104	0.3715321837	-1672.3027502678
16	1.4749532901	0.3715321837	-2900.1505230164
17	1.5113993706	0.3715321837	-2805.9158249569
18	1.2826014726	0.3715321837	-2653.6137582572
19	1.9209819386	0.3715321837	-2940.8095905627
20	0.2757725712	0.3715321837	-1102.1938982908
21	1.1051677571	0.3715321837	-2548.8846526899
22	1.3441134324	0.3715321837	-2878.0665996013
23	0.8931903470	0.3715321837	-2230.5810967874
24	0.1033433705	0.3715321837	-523.0979024001
25	1.4988495019	0.3715321837	-2894.7611243195
26	0.3398679061	0.3715321837	-1269.7793872877
27	0.4884003677	0.3715321837	-1638.0308888257
28	0.0043387269	0.3715321837	-32.9242699967
29	0.4131446435	0.3715321837	-1429.8397053135
30	0.6911272709	0.3715321837	-1999.6434129647
31	2.3752727093	0.3715321837	-2974.3572336434
32	1.0769882302	0.3715321837	-2464.7983981557
33	0.2665742175	0.3715321837	-1135.8902506676
34	1.4959625064	0.3715321837	-2867.7942564222
35	1.2149362166	0.3715321837	-2560.5708991844
36	1.8977500824	0.3715321837	-2923.1768122369
37	1.0469364489	0.3715321837	-2568.4376004344
38	2.1932668486	0.3715321837	-3027.5970213429
39	1.9940440617	0.3715321837	-2956.0252567360
40	1.3030874263	0.3715321837	-2732.5386981322
41	1.4343005087	0.3715321837	-2921.8050199482
42	2.6204946456	0.3715321837	-3058.6877496954
43	1.6443277107	0.3715321837	-2893.3537582753
44	2.1928576405	0.3715321837	-3078.0305818161
45	1.4091536729	0.3715321837	-2814.2380644960
46	0.5383364181	0.3715321837	-1744.9128857198
47	0.6333144602	0.3715321837	-2001.7225977127
48	1.4201515765	0.3715321837	-2785.4535422020
49	0.9290153140	0.3715321837	-2466.8913100444
50	0.7711177513	0.3715321837	-2209.4313527098
51	0.0070963193	0.3715321837	-52.1134067814
52	0.5601323628	0.3715321837	-1723.7548509657
53	0.7303071299	0.3715321837	-2011.8123411052
54	0.8547086681	0.3715321837	-2307.2500187730
55	0.5588490133	0.3715321837	-1783.9456286038
56	1.1579607756	0.3715321837	-2733.7755125007
57	0.1506188847	0.3715321837	-728.0011739703
58	1.2366858978	0.3715321837	-2624.0971261191
59	1.8476267943	0.3715321837	-2972.1786679332
60	0.6136940206	0.3715321837	-1852.5456537513
61	0.0853504591	0.3715321837	-424.2698151451
62	2.1405274283	0.3715321837	-2968.7281222678
63	0.5020979581	0.3715321837	-1751.6143432360
64	0.9459396875	0.3715321837	-2442.5581148755
65	1.8960968374	0.3715321837	-3002.8091942684
66	0.5779156628	0.3715321837	-1881.8631276480
67	2.4137961095	0.3715321837	-3082.6530491347
68	0.7791776673	0.3715321837	-2233.9945315973
69	2.2691439469	0.3715321837	-3026.2624782388
70	2.2071935867	0.3715321837	-2941.0930833122
71	1.3788954829	0.3715321837	-2693.4460171590
72	1.6575912411	0.3715321837	-2833.8501476047
73	0.0734048125	0.3715321837	-372.2003475303
74	0.8898969682	0.3715321837	-2359.8575153415
75	1.2316933426	0.3715321837	-2551.5005305094
76	1.5859789256	0.3715321837	-3022.3533604771
77	0.1171083752	0.3715321837	-564.1294754205
78	2.3684023711	0.3715321837	-3052.1535583502
79	2.2497991770	0.3715321837	-2944.7424842476
80	0.6615724007	0.3715321837	-1932.2593669930
81	1.2992871860	0.3715321837	-2640.4802851718
82	2.3313830555	0.3715321837	-2977.7625677505
83	2.6769069553	0.3715321837	-3092.6213709717
84	0.5858738560	0.3715321837	-1957.9836714697
85	0.7155837481	0.3715321837	-2023.5422141866
86	1.2743804207	0.3715321837	-2826.4981425024
87	1.4850469706	0.3715321837	-2878.4385156568
88	0.8213702876	0.3715321837	-2315.1775616653
89	0.2896929331	0.3715321837	-1098.8285358519
90	2.5641498107	0.3715321837	-3029.6263819422
91	0.2190289370	0.3715321837	-917.3626248173
92	0.8821437880	0.3715321837	-2193.2067907092
93	1.9339724734	0.3715321837	-2881.2234668525
94	0.5128488668	0.3715321837	-1642.7169873117
95	0.5822443597	0.3715321837	-1901.2900540007
96	1.9902464200	0.3715321837	-2933.2439866310
97	2.1484984422	0.3715321837	-2923.2739913071
98	1.2256398321	0.3715321837	-2675.3564682130
99	1.7100440402	0.3715321837	-3009.2779137186
100	0.2212770808	0.3715321837	-911.6074071642
101	0.3155843814	0.3715321837	-1109.7115892891
102	2.2373700135	0.3715321837	-3007.6283882222
103	1.3738401120	0.3715321837	-2696.7974100509
104	0.3520186986	0.3715321837	-1324.2180249128
105	1.3585207422	0.3715321837	-2901.9677116387
106	2.0365315779	0.3715321837	-2912.7822374452
107	0.6551919883	0.3715321837	-2007.6897541183
108	2.0615075921	0.3715321837	-2969.5797213964
109	2.2696518774	0.3715321837	-3003.4203807450
110	1.8550773930	0.3715321837	-2899.5670708770
111	0.0014452796	0.3715321837	-14.2836574403
112	2.2679454611	0.3715321837	-2977.9135670611
113	2.0260253631	0.3715321837	-3025.4470505240
114	0.7543749212	0.3715321837	-2255.4588073494
115	1.3709637472	0.3715321837	-2826.3506905030
116	2.3015361532	0.3715321837	-3054.1341725244
117	2.2007807157	0.3715321837	-2937.6378418779
118	1.2178243126	0.3715321837	-2648.9167285047
119	1.2550462373	0.3715321837	-2778.3482970772
120	2.3252333282	0.3715321837	-2981.5228656110
121	0.6968134269	0.3715321837	-2062.8441312418
122	0.3258937390	0.3715321837	-1183.8344345285
123	2.1833318564	0.3715321837	-3037.1981733266
124	2.2378862806	0.3715321837	-3007.0770624076
