site	rate	t	lnL
1	2.2101937147	0.3710133480	-3007.5944430418
2	0.5544672012	0.3710133480	-1802.1814960476
3	1.8628004169	0.3710133480	-3043.9915277150
4	1.9593828408	0.3710133480	-2968.0328818053
5	0.1546313608	0.3710133480	-690.1670263233
6	1.8317496144	0.3710133480	-2986.1427328880
7	0.6229823394	0.3710133480	-1803.2715587128
8	1.0191375615	0.3710133480	-2422.6697134007
9	1.8999290538	0.3710133480	-2997.5099491251
10	2.1483040259	0.3710133480	-2925.9194855746
11	0.5239967405	0.3710133480	-1632.3856027373
12	2.4980442055	0.3710133480	-3071.2758587428
13	1.2122512734	0.3710133480	-2600.5311043182
14	0.8317223893	0.3710133480	-2275.7434703763
15	0.5804180190	0.3710133480	-1717.1743641110
16	1.4701183204	0.3710133480	-2945.7413746891
17	1.4732835266	0.3710133480	-2795.2795938728
18	1.1395508650	0.3710133480	-2537.4121919376
19	1.8561673636	0.3710133480	-2942.4198430699
20	0.3841121780	0.3710133480	-1386.3820959799
21	1.0297180438	0.3710133480	-2487.1999810847
22	1.3340503913	0.3710133480	-2820.4608140567
23	0.7808832490	0.3710133480	-2091.8158986996
24	0.1317893541	0.3710133480	-653.5581090616
25	1.5936299705	0.3710133480	-2915.3877319582
26	0.5312375857	0.3710133480	-1692.7645543656
27	0.5128013125	0.3710133480	-1671.5026173138
28	0.0291028167	0.3710133480	-165.8491458568
29	0.2327575664	0.3710133480	-935.2446980829
30	0.7315559346	0.3710133480	-2095.7952096449
31	1.9434104723	0.3710133480	-2906.4950564038
32	0.9506819300	0.3710133480	-2343.0353324028
33	0.2551202561	0.3710133480	-1109.9842725034
34	1.4860650886	0.3710133480	-2883.7566965157
35	1.0839313725	0.3710133480	-2488.9045787595
36	2.0251208270	0.3710133480	-2938.8910199922
37	1.1253529178	0.3710133480	-2654.0417847801
38	2.2838564411	0.3710133480	-3011.7555210397
39	2.2760012153	0.3710133480	-2992.2784819430
40	1.2461668770	0.3710133480	-2736.3175257137
41	1.4066952549	0.3710133480	-2887.8667774523
42	2.6381184484	0.3710133480	-3029.7672424446
43	1.6424489499	0.3710133480	-2894.7658656586
44	1.8650317227	0.3710133480	-3038.8773884874
45	1.3188155624	0.3710133480	-2752.1114258075
46	0.6316745226	0.3710133480	-1924.7073192593
47	0.6211413602	0.3710133480	-1957.8357546309
48	1.3694692285	0.3710133480	-2752.6456703937
49	0.9605621431	0.3710133480	-2498.2414531614
50	0.7250592977	0.3710133480	-2102.5592963820
51	0.0056743788	0.3710133480	-44.7073710713
52	0.6324887866	0.3710133480	-1863.1813764305
53	0.7828211129	0.3710133480	-2074.4285953421
54	1.0047486022	0.3710133480	-2492.9320687146
55	0.5441376709	0.3710133480	-1757.0906032012
56	1.2300720074	0.3710133480	-2811.0313150042
57	0.1787594645	0.3710133480	-832.1976787888
58	1.1370303600	0.3710133480	-2550.9506545534
59	1.7371500390	0.3710133480	-2906.8867216789
60	0.5852249989	0.3710133480	-1780.4431375250
61	0.0869514613	0.3710133480	-430.2276890481
62	1.7887865253	0.3710133480	-2943.8616229667
63	0.5590622857	0.3710133480	-1881.4920983675
64	0.9445417226	0.3710133480	-2449.5718908242
65	1.7369341163	0.3710133480	-2972.9656521649
66	0.5070612251	0.3710133480	-1756.1317737360
67	2.3033646782	0.3710133480	-3104.3703319646
68	0.8358136350	0.3710133480	-2312.1551318329
69	1.9600797899	0.3710133480	-2971.3653964256
70	2.4364489577	0.3710133480	-2975.3836927189
71	1.3456269126	0.3710133480	-2724.7904506608
72	1.5957920984	0.3710133480	-2830.4060437189
73	0.0585438948	0.3710133480	-308.2005139659
74	0.7621111710	0.3710133480	-2196.8440503960
75	1.1876488449	0.3710133480	-2524.9532535312
76	1.6202649993	0.3710133480	-3013.5133547737
77	0.1446942104	0.3710133480	-660.1142595201
78	2.1584087685	0.3710133480	-3012.8065954048
79	2.3661434072	0.3710133480	-2948.4753917385
80	0.8397051339	0.3710133480	-2198.5537465828
81	1.2204230203	0.3710133480	-2595.1046143107
82	2.1764342579	0.3710133480	-3005.0396237485
83	2.7273663420	0.3710133480	-3087.7713632874
84	0.6695303789	0.3710133480	-2131.5059531161
85	0.7262058896	0.3710133480	-2032.4636491071
86	1.1717593235	0.3710133480	-2743.5764257263
87	1.2685671311	0.3710133480	-2770.7582537073
88	0.7775140393	0.3710133480	-2245.1528516613
89	0.3616828404	0.3710133480	-1292.8765925584
90	2.4493387910	0.3710133480	-2983.1744854183
91	0.1465545333	0.3710133480	-666.4138433546
92	0.8754811114	0.3710133480	-2210.4023511759
93	1.6545582456	0.3710133480	-2849.5882294865
94	0.4679258538	0.3710133480	-1541.1067895943
95	0.6792189622	0.3710133480	-2083.7503306284
96	2.1245903325	0.3710133480	-2962.9177316609
97	2.0616668722	0.3710133480	-2885.3074818668
98	1.2943425581	0.3710133480	-2740.0480272386
99	1.6801880352	0.3710133480	-3004.2446102422
100	0.2124428854	0.3710133480	-886.1692192739
101	0.3104501018	0.3710133480	-1109.4919164978
102	2.5000276691	0.3710133480	-3037.6983805189
103	1.5865932174	0.3710133480	-2766.7657642647
104	0.4196014797	0.3710133480	-1490.5019189577
105	1.3659364881	0.3710133480	-2902.4375852738
106	1.7575392023	0.3710133480	-2843.0516085292
107	0.5477889989	0.3710133480	-1791.5218731444
108	1.9164723001	0.3710133480	-2904.4153560717
109	2.3617547373	0.3710133480	-2999.1208849204
110	2.1211224268	0.3710133480	-2936.8127617793
111	0.0028940872	0.3710133480	-24.1060028760
112	2.3700939849	0.3710133480	-3030.0798109043
113	2.0055449516	0.3710133480	-3043.3990353376
114	0.7726233276	0.3710133480	-2301.8685551435
115	1.4879757268	0.3710133480	-2884.3583426834
116	2.1891986994	0.3710133480	-3029.5124976773
117	2.2514076445	0.3710133480	-2906.3719216959
118	1.3013638751	0.3710133480	-2714.9135029269
119	1.1956559928	0.3710133480	-2707.2451234229
120	1.9720689224	0.3710133480	-2946.3663235932
121	0.7459216558	0.3710133480	-2151.2791231062
122	0.2567891747	0.3710133480	-985.1347335080
123	1.7619518840	0.3710133480	-2989.0745930042
124	2.6655203875	0.3710133480	-3063.9673964811
