site	rate	t	lnL
1	2.3183542725	0.3681944566	-3018.5685695023
2	0.6581232686	0.3681944566	-1974.6379425573
3	1.7705647456	0.3681944566	-3029.2208521839
4	1.8357152919	0.3681944566	-2948.4422673551
5	0.2560506426	0.3681944566	-1012.1419815118
6	2.0097950634	0.3681944566	-2974.9728657684
7	0.5634230987	0.3681944566	-1709.9002908493
8	0.8827530942	0.3681944566	-2293.2707262300
9	1.8217371532	0.3681944566	-2999.3794098050
10	2.1097991930	0.3681944566	-2936.8552201991
11	0.5799944560	0.3681944566	-1735.6665685178
12	2.2369971696	0.3681944566	-3033.9515431659
13	1.3023884016	0.3681944566	-2685.2803056071
14	0.9155270049	0.3681944566	-2385.2857003539
15	0.4995557356	0.3681944566	-1572.7520522802
16	1.3582059794	0.3681944566	-2853.5718159123
17	1.3413938614	0.3681944566	-2729.0854177238
18	1.1641882649	0.3681944566	-2560.5988417225
19	2.0184554968	0.3681944566	-2957.1293991982
20	0.2277696488	0.3681944566	-943.1299208845
21	1.0632326065	0.3681944566	-2489.5838823728
22	1.3673555048	0.3681944566	-2875.3912789005
23	0.8785933375	0.3681944566	-2213.6737783251
24	0.1443431779	0.3681944566	-689.3907219510
25	1.4964644303	0.3681944566	-2859.1062272704
26	0.3169561045	0.3681944566	-1206.1522961673
27	0.5321864951	0.3681944566	-1714.3783645275
28	0.0073021464	0.3681944566	-53.1448292416
29	0.2183844344	0.3681944566	-879.0905968850
30	0.7051468439	0.3681944566	-2047.9437761060
31	1.8710130834	0.3681944566	-2876.0010471718
32	1.0185001153	0.3681944566	-2393.5593058517
33	0.3210362676	0.3681944566	-1295.0532415168
34	1.5900843896	0.3681944566	-2900.4252790548
35	1.2588754184	0.3681944566	-2589.9338815570
36	2.2067291589	0.3681944566	-2983.2765248484
37	1.1184461586	0.3681944566	-2657.4657810272
38	2.2167021647	0.3681944566	-2994.0598896201
39	2.1803615127	0.3681944566	-2961.8137938306
40	1.2659334373	0.3681944566	-2757.4858337730
41	1.2821240797	0.3681944566	-2797.6660461706
42	2.5730095736	0.3681944566	-3012.3593536424
43	1.5100490961	0.3681944566	-2862.4306614940
44	1.9526054292	0.3681944566	-3067.7280034453
45	1.3798439943	0.3681944566	-2790.1995979631
46	0.5710168843	0.3681944566	-1803.2833618086
47	0.5849115472	0.3681944566	-1890.3638616603
48	1.3220208642	0.3681944566	-2725.2744531612
49	1.0993069767	0.3681944566	-2628.9823047644
50	0.8084445186	0.3681944566	-2236.6396503914
51	0.0028589527	0.3681944566	-24.1717704468
52	0.5433978684	0.3681944566	-1686.5251823224
53	0.7370219020	0.3681944566	-2013.7554176194
54	0.9358360738	0.3681944566	-2408.8983093733
55	0.5877852847	0.3681944566	-1791.9061993653
56	1.1637251403	0.3681944566	-2719.5107208250
57	0.1638010382	0.3681944566	-780.6265487524
58	1.1666336163	0.3681944566	-2565.2571488300
59	2.1496725502	0.3681944566	-2977.1618409683
60	0.6852547251	0.3681944566	-1968.3506042229
61	0.0680583619	0.3681944566	-351.6739386566
62	1.9113940847	0.3681944566	-2929.1352733256
63	0.5560285488	0.3681944566	-1869.4413509679
64	0.9148747542	0.3681944566	-2410.4390615867
65	1.8267903852	0.3681944566	-2967.5427476146
66	0.5240238699	0.3681944566	-1737.7466340023
67	2.4001950420	0.3681944566	-3114.3293695905
68	1.0872380363	0.3681944566	-2601.6279865502
69	2.1763193008	0.3681944566	-3051.7009815000
70	2.2579019695	0.3681944566	-2931.2731535112
71	1.3152425808	0.3681944566	-2690.7154048422
72	1.7503768368	0.3681944566	-2846.5300996428
73	0.0278729083	0.3681944566	-164.8109875573
74	0.8635970235	0.3681944566	-2323.7500207616
75	1.1623334123	0.3681944566	-2469.9551188541
76	1.6776604292	0.3681944566	-3026.2939844604
77	0.0665742068	0.3681944566	-349.9100288430
78	2.2113801116	0.3681944566	-3019.3269695061
79	2.1979250582	0.3681944566	-2925.4608739027
80	0.7313547991	0.3681944566	-2055.4306340436
81	1.3213142343	0.3681944566	-2646.2970832213
82	2.0976782421	0.3681944566	-2952.5162036201
83	2.2807906800	0.3681944566	-3047.5941472378
84	0.7046692495	0.3681944566	-2184.0049952365
85	0.8062771511	0.3681944566	-2130.2161679106
86	1.3607734034	0.3681944566	-2882.3878171521
87	1.3573586241	0.3681944566	-2792.4188756517
88	0.8302061336	0.3681944566	-2336.5681560595
89	0.3931435572	0.3681944566	-1344.8749478804
90	2.2486501015	0.3681944566	-2949.8642527162
91	0.1136539102	0.3681944566	-541.8899909550
92	0.7261434566	0.3681944566	-1989.3720969573
93	1.7643802884	0.3681944566	-2877.0032507743
94	0.5847419022	0.3681944566	-1766.9159221481
95	0.5360868713	0.3681944566	-1787.4164708337
96	2.4495933446	0.3681944566	-2974.2990828798
97	2.1392184522	0.3681944566	-2892.4124649640
98	1.0675106300	0.3681944566	-2552.9459300971
99	1.6342725292	0.3681944566	-2992.9217165911
100	0.2918201316	0.3681944566	-1120.6911426657
101	0.3106523002	0.3681944566	-1109.7602459160
102	2.5035108318	0.3681944566	-3029.3473725779
103	1.4712916235	0.3681944566	-2699.0406539749
104	0.3076902843	0.3681944566	-1196.9543595891
105	1.3120338621	0.3681944566	-2862.5641902634
106	1.9348874152	0.3681944566	-2889.8819002760
107	0.6367555113	0.3681944566	-1960.6625589076
108	1.9801262494	0.3681944566	-2928.1150030021
109	2.1885146629	0.3681944566	-2969.1671495405
110	2.0124527563	0.3681944566	-2918.6198013988
111	0.0029183178	0.3681944566	-24.1602865400
112	2.4078602045	0.3681944566	-2995.4456511677
113	1.6630497897	0.3681944566	-2995.2389594035
114	0.9170920087	0.3681944566	-2504.9056200131
115	1.4428967877	0.3681944566	-2866.7711357829
116	2.3686590909	0.3681944566	-3050.4680974355
117	2.1943750531	0.3681944566	-2939.5088455464
118	1.1248846968	0.3681944566	-2582.6963639629
119	1.2705286786	0.3681944566	-2796.4392709012
120	1.8815156932	0.3681944566	-2919.2397915539
121	0.6823928184	0.3681944566	-2028.6453531147
122	0.1652190527	0.3681944566	-706.4481821648
123	1.8345420687	0.3681944566	-3001.9366700367
124	2.5218651328	0.3681944566	-3041.3556872050
