site	rate	t	lnL
1	0.6954356785	0.0007516291	-13.3531273853
2	0.0000000000	0.0007516291	-3.0257589902
3	2.6907499198	0.0007516291	-45.9647957844
4	1.3563512842	0.0007516291	-25.7408868441
5	2.2434216900	0.0007516291	-33.8818265436
6	1.4035588518	0.0007516291	-25.4900047326
7	0.0000000000	0.0007516291	-2.0472046813
8	0.0000000000	0.0007516291	-2.0472046813
9	1.4163494075	0.0007516291	-24.6700562435
10	0.6723686841	0.0007516291	-14.9019729890
11	0.0000000000	0.0007516291	-2.0472046813
12	0.0000000000	0.0007516291	-3.0257589902
13	0.0000000000	0.0007516291	-2.5159402033
14	0.6780933671	0.0007516291	-14.5473014017
15	0.0000000000	0.0007516291	-2.0472046813
16	0.7079802719	0.0007516291	-14.4924694942
17	1.3926158947	0.0007516291	-23.4892188747
18	0.6961069118	0.0007516291	-13.8052616867
19	0.7472846207	0.0007516291	-13.0477581770
20	5.4365967698	0.0007516291	-79.3288078196
21	0.6839106332	0.0007516291	-15.3144704131
22	1.3926396646	0.0007516291	-23.2479865434
23	0.0000000000	0.0007516291	-2.0472046813
24	0.0000000000	0.0007516291	-2.6256645517
25	2.1254841258	0.0007516291	-32.7392299200
26	0.0000000000	0.0007516291	-2.7337848919
27	0.0000000000	0.0007516291	-2.8740924376
28	0.0000000000	0.0007516291	-2.5152580418
29	0.0000000000	0.0007516291	-2.0472046813
30	0.0000000000	0.0007516291	-2.0472046813
31	1.4949216939	0.0007516291	-23.0197698166
32	0.6668238825	0.0007516291	-14.9497499950
33	0.0000000000	0.0007516291	-3.0322726104
34	1.3682411790	0.0007516291	-26.0973925265
35	0.7079464585	0.0007516291	-13.9287084213
36	2.2431465449	0.0007516291	-35.5837497877
37	0.0000000000	0.0007516291	-3.7180949433
38	4.2145780469	0.0007516291	-64.1700247306
39	0.0000000000	0.0007516291	-4.7904573253
40	1.4163297988	0.0007516291	-24.8567832207
41	0.0000000000	0.0007516291	-2.8740924376
42	0.0000000000	0.0007516291	-3.7180949433
43	1.3683767201	0.0007516291	-24.2848505416
44	1.3130582145	0.0007516291	-26.6960183367
45	0.0000000000	0.0007516291	-2.7427950588
46	0.0000000000	0.0007516291	-2.6256645517
47	0.0000000000	0.0007516291	-2.7494216630
48	2.7611804843	0.0007516291	-44.3018733840
49	0.6897177909	0.0007516291	-14.4711199595
50	0.0000000000	0.0007516291	-2.8740924376
51	0.0000000000	0.0007516291	-2.6256645517
52	0.7472843580	0.0007516291	-13.0477581770
53	1.3798336700	0.0007516291	-23.8800956839
54	2.7834308086	0.0007516291	-44.1398436012
55	0.0000000000	0.0007516291	-3.2133859446
56	0.6669481940	0.0007516291	-15.1905039280
57	0.0000000000	0.0007516291	-2.7494216630
58	3.4227242815	0.0007516291	-51.9250768290
59	0.7079797706	0.0007516291	-13.7973634491
60	0.0000000000	0.0007516291	-3.2161310443
61	0.0000000000	0.0007516291	-2.5152580418
62	1.4163989968	0.0007516291	-23.8142040977
63	0.0000000000	0.0007516291	-2.7427950588
64	0.6897183468	0.0007516291	-14.4646058895
65	1.3682341656	0.0007516291	-24.0571783375
66	0.0000000000	0.0007516291	-3.2133859446
67	2.0174680577	0.0007516291	-36.9389238848
68	2.0178427009	0.0007516291	-38.2320930764
69	2.7612636876	0.0007516291	-43.8018247924
70	0.6896074630	0.0007516291	-14.8769084313
71	1.3450987971	0.0007516291	-24.7310458856
72	0.6897291409	0.0007516291	-14.4711035190
73	0.0000000000	0.0007516291	-2.5152580418
74	1.3680708397	0.0007516291	-25.1267083878
75	4.1089897599	0.0007516291	-63.2900348541
76	2.8100823296	0.0007516291	-42.7796745409
77	0.7079459875	0.0007516291	-14.2673204757
78	1.3678761664	0.0007516291	-26.6085554053
79	1.3915369406	0.0007516291	-28.0494949180
80	0.0000000000	0.0007516291	-2.5159402033
81	1.4162030916	0.0007516291	-24.3936810603
82	1.4164837753	0.0007516291	-24.6704496201
83	2.0021963451	0.0007516291	-36.2424705196
84	0.6952801397	0.0007516291	-16.0956804940
85	0.0000000000	0.0007516291	-2.8740924376
86	0.6952466452	0.0007516291	-14.7438505361
87	1.3909032627	0.0007516291	-24.7075603400
88	2.1250247282	0.0007516291	-35.7229717644
89	0.0000000000	0.0007516291	-2.0472046813
90	2.6703159055	0.0007516291	-45.2720993315
91	0.0000000000	0.0007516291	-2.5152580418
92	0.6837779910	0.0007516291	-14.1209326533
93	0.6959968937	0.0007516291	-14.5028655781
94	0.0000000000	0.0007516291	-2.8740924376
95	0.6784828765	0.0007516291	-14.3098179595
96	0.0000000000	0.0007516291	-3.7155034291
97	0.0000000000	0.0007516291	-2.5159402033
98	4.7562001379	0.0007516291	-70.7344349942
99	0.6955628358	0.0007516291	-14.5152442605
100	0.7015675581	0.0007516291	-13.9161842866
101	0.0000000000	0.0007516291	-2.0472046813
102	0.6955042610	0.0007516291	-14.7370987164
103	0.0000000000	0.0007516291	-2.0472046813
104	0.0000000000	0.0007516291	-2.7337848919
105	0.6723627658	0.0007516291	-14.5440739638
106	0.7472841270	0.0007516291	-14.2473214029
107	0.0000000000	0.0007516291	-2.7337848919
108	0.0000000000	0.0007516291	-2.7337848919
109	2.0017697983	0.0007516291	-35.4205459086
110	0.6725792875	0.0007516291	-14.6534767438
111	0.0000000000	0.0007516291	-2.5152580418
112	1.3915369281	0.0007516291	-23.2652066116
113	4.1779701565	0.0007516291	-61.5253905288
114	1.3919135695	0.0007516291	-22.5624481236
115	0.6669994710	0.0007516291	-16.0318381952
116	0.6897177909	0.0007516291	-14.8765033849
117	0.0000000000	0.0007516291	-3.2133859446
118	2.0704820838	0.0007516291	-34.6582556319
119	2.0867976888	0.0007516291	-34.3331723059
120	0.6779553645	0.0007516291	-14.6721750343
121	0.0000000000	0.0007516291	-2.6256645517
122	4.7165453105	0.0007516291	-70.3106680082
123	0.7079801851	0.0007516291	-15.8507291532
124	2.1056331646	0.0007516291	-33.7327078055
