site	rate	t	lnL
1	1.1304131566	0.0064105360	-128.8448780357
2	3.1902140529	0.0064105360	-321.4591588944
3	0.8557238879	0.0064105360	-108.5512083063
4	0.8791798409	0.0064105360	-93.1918865742
5	0.0000000000	0.0064105360	-2.7236545592
6	1.6888358194	0.0064105360	-175.7851666145
7	0.1643123350	0.0064105360	-23.2978589122
8	0.2630531464	0.0064105360	-31.9182748640
9	1.5103941239	0.0064105360	-163.5830812486
10	1.1783107783	0.0064105360	-130.0594609919
11	0.4156206572	0.0064105360	-51.6955875894
12	1.8985194407	0.0064105360	-202.3879680504
13	0.3991405733	0.0064105360	-51.6764081995
14	1.3970131495	0.0064105360	-147.2958498215
15	0.1753669080	0.0064105360	-23.4236552947
16	1.5879558905	0.0064105360	-182.9451093986
17	1.3733550854	0.0064105360	-151.1835978596
18	0.6579018760	0.0064105360	-79.0590106436
19	1.3543211658	0.0064105360	-154.3883101791
20	0.0000000000	0.0064105360	-3.0249477628
21	0.3137719259	0.0064105360	-43.2861426844
22	1.8980782997	0.0064105360	-213.2356072966
23	0.2492377062	0.0064105360	-31.8900703304
24	0.0801990144	0.0064105360	-15.7198548688
25	0.6136915465	0.0064105360	-70.7232280015
26	0.0000000000	0.0064105360	-2.3917007260
27	0.3323758653	0.0064105360	-46.8647829352
28	0.0000000000	0.0064105360	-2.7236545592
29	0.0876649193	0.0064105360	-14.5067598024
30	0.1753613260	0.0064105360	-24.6291488528
31	0.8644779655	0.0064105360	-107.7096259946
32	0.7128736758	0.0064105360	-88.4179436076
33	0.4025974807	0.0064105360	-55.7549344742
34	1.3487819586	0.0064105360	-143.4371821471
35	1.4150021461	0.0064105360	-154.6733171460
36	1.7242805114	0.0064105360	-189.5734520101
37	1.3171675485	0.0064105360	-138.3735360359
38	1.8587763112	0.0064105360	-193.2270390555
39	2.3786169014	0.0064105360	-247.3732199793
40	0.3319338977	0.0064105360	-41.4105476984
41	0.5815240414	0.0064105360	-69.3622176139
42	1.0901369440	0.0064105360	-134.1722785448
43	0.9992919211	0.0064105360	-111.7855222235
44	2.0283128346	0.0064105360	-207.9025109531
45	0.4642760719	0.0064105360	-62.5203119266
46	0.3211623823	0.0064105360	-43.4252043028
47	0.2413858464	0.0064105360	-35.6523044030
48	0.3288185252	0.0064105360	-43.5961911587
49	2.8614225721	0.0064105360	-301.6496890848
50	0.2465427415	0.0064105360	-35.0354260645
51	0.0000000000	0.0064105360	-3.0249477628
52	0.4992872465	0.0064105360	-59.1478113553
53	1.3797556351	0.0064105360	-150.1660123531
54	0.4149043309	0.0064105360	-53.0581454613
55	0.5821893868	0.0064105360	-72.1236602500
56	1.4130438934	0.0064105360	-158.0139077493
57	0.0804227581	0.0064105360	-15.5196757106
58	0.4983461882	0.0064105360	-60.0087997760
59	1.1602040286	0.0064105360	-129.3074990132
60	0.4388744139	0.0064105360	-50.0789183969
61	0.0000000000	0.0064105360	-2.7236545592
62	1.2360748762	0.0064105360	-136.8156059463
63	1.0545551554	0.0064105360	-118.7983035713
64	0.3228775201	0.0064105360	-42.9647925536
65	0.8796565727	0.0064105360	-104.5842199787
66	0.0786628771	0.0064105360	-16.5252491683
67	1.9847978668	0.0064105360	-210.2445569546
68	0.8418837059	0.0064105360	-93.3159775574
69	2.0249696335	0.0064105360	-211.0028137345
70	0.9619745759	0.0064105360	-103.0620502647
71	1.6678562200	0.0064105360	-183.8129042028
72	0.7489985213	0.0064105360	-88.0858264272
73	0.0000000000	0.0064105360	-2.7236545592
74	2.7814322064	0.0064105360	-284.5716133625
75	0.7875805093	0.0064105360	-84.8200031664
76	1.3432457926	0.0064105360	-156.5373614804
77	0.0816677045	0.0064105360	-14.3035889330
78	1.4564106949	0.0064105360	-162.0378576443
79	1.5431205974	0.0064105360	-165.1310657614
80	0.6197148739	0.0064105360	-79.2273704827
81	0.9149293490	0.0064105360	-104.3437328716
82	1.4854385947	0.0064105360	-157.3865901375
83	1.7039333404	0.0064105360	-185.9033883249
84	2.1186222969	0.0064105360	-241.1294639847
85	0.3506887168	0.0064105360	-46.6450272692
86	1.9188005881	0.0064105360	-197.0793776193
87	0.9668355711	0.0064105360	-106.0052793038
88	1.2668345777	0.0064105360	-151.5812550577
89	0.0876649194	0.0064105360	-14.0670938982
90	1.2813056122	0.0064105360	-148.0668447271
91	1.0934656814	0.0064105360	-128.3907941588
92	0.2630780277	0.0064105360	-33.2229496633
93	1.4861372186	0.0064105360	-159.8517948340
94	0.6301024998	0.0064105360	-74.2971768508
95	1.2685701069	0.0064105360	-149.8780563258
96	0.9977686552	0.0064105360	-112.9065486228
97	0.9667309404	0.0064105360	-102.5192621432
98	1.7361438706	0.0064105360	-185.6805991829
99	1.5771328716	0.0064105360	-180.6220475025
100	0.0000000000	0.0064105360	-3.0249477628
101	0.1666615144	0.0064105360	-23.5254303210
102	1.5469005377	0.0064105360	-166.6295246220
103	1.1354777890	0.0064105360	-128.2959652984
104	1.1942948114	0.0064105360	-135.9449566956
105	1.7560695141	0.0064105360	-194.0746702223
106	2.1678194576	0.0064105360	-215.1128000249
107	0.2521224943	0.0064105360	-32.3896410056
108	1.2361734870	0.0064105360	-137.3755897012
109	2.1178607924	0.0064105360	-209.5256982342
110	0.8230633893	0.0064105360	-94.6179153036
111	0.0000000000	0.0064105360	-2.7236545592
112	1.7346779216	0.0064105360	-182.3473188820
113	1.3197462875	0.0064105360	-145.0340741112
114	1.4588562761	0.0064105360	-165.4554460629
115	1.5812294377	0.0064105360	-169.4849217916
116	1.0829702767	0.0064105360	-120.8110189868
117	2.2531143298	0.0064105360	-231.9128901346
118	1.0717309595	0.0064105360	-116.7327580155
119	1.6446473923	0.0064105360	-180.1288095105
120	1.5227612258	0.0064105360	-168.4107103386
121	1.2992023657	0.0064105360	-145.5210999394
122	0.0816676974	0.0064105360	-14.6642568250
123	0.8424584749	0.0064105360	-91.6575950304
124	0.8229361279	0.0064105360	-96.1190051791
