site	rate	t	lnL
1	2.4135475633	0.3708016550	-3031.7769485324
2	0.6501906879	0.3708016550	-1975.8585763324
3	1.9098959506	0.3708016550	-3055.9262144329
4	2.1357639657	0.3708016550	-2971.1565360712
5	0.1454058274	0.3708016550	-659.1961417188
6	1.7754956417	0.3708016550	-2986.8340072125
7	0.5873244464	0.3708016550	-1779.7808679674
8	0.9372716844	0.3708016550	-2326.7026739001
9	1.7214364646	0.3708016550	-2965.8583208287
10	2.1282082675	0.3708016550	-2931.0960361786
11	0.6274264887	0.3708016550	-1835.6563367560
12	2.3226366423	0.3708016550	-3048.3413128176
13	1.2390305085	0.3708016550	-2656.0164380659
14	0.7886206814	0.3708016550	-2204.7940328846
15	0.5307936492	0.3708016550	-1646.8171178696
16	1.4901056223	0.3708016550	-2926.7822126495
17	1.3707534612	0.3708016550	-2739.0880822461
18	1.2331556968	0.3708016550	-2601.1297510770
19	2.0637387749	0.3708016550	-2930.5789582108
20	0.3742061852	0.3708016550	-1359.7697132496
21	1.1237276586	0.3708016550	-2576.9135179503
22	1.2896359661	0.3708016550	-2807.5631263080
23	0.8359703863	0.3708016550	-2168.3873481170
24	0.2359763851	0.3708016550	-1049.6229844538
25	1.4014183818	0.3708016550	-2831.2351425200
26	0.3759349813	0.3708016550	-1357.2633745554
27	0.5564668843	0.3708016550	-1776.2152324769
28	0.0014480759	0.3708016550	-14.2630293301
29	0.3727240278	0.3708016550	-1318.2422410960
30	0.6860631557	0.3708016550	-2035.5825930894
31	2.1359479145	0.3708016550	-2931.2717462557
32	1.0895807115	0.3708016550	-2471.9587446050
33	0.2384559149	0.3708016550	-1040.4906498295
34	1.3579715538	0.3708016550	-2805.5412296569
35	1.0759436545	0.3708016550	-2452.7674084297
36	1.8943720263	0.3708016550	-2920.8079511484
37	1.0632394771	0.3708016550	-2593.6703290219
38	2.0828765916	0.3708016550	-3010.1249130435
39	2.1975641639	0.3708016550	-2949.3271197739
40	1.0031852413	0.3708016550	-2497.2729494587
41	1.1824532776	0.3708016550	-2751.3774373395
42	2.6676218366	0.3708016550	-3053.9938866645
43	1.7517041061	0.3708016550	-2941.7516167969
44	1.9444697932	0.3708016550	-3067.1438946044
45	1.3644677784	0.3708016550	-2775.9251569845
46	0.6966483464	0.3708016550	-2046.5171905549
47	0.6090471412	0.3708016550	-1939.3550273490
48	1.3545175381	0.3708016550	-2715.6086186663
49	1.1806545996	0.3708016550	-2696.8402200783
50	0.7903659026	0.3708016550	-2202.0873869722
51	0.0042785568	0.3708016550	-33.9836527156
52	0.5759700646	0.3708016550	-1778.9534315303
53	0.8201992671	0.3708016550	-2139.0745741554
54	0.8485662776	0.3708016550	-2288.2577765293
55	0.5420177265	0.3708016550	-1735.0760493200
56	1.0316308215	0.3708016550	-2638.8739311109
57	0.2129126185	0.3708016550	-949.8281348869
58	1.2033240800	0.3708016550	-2586.2354993940
59	2.3835205445	0.3708016550	-3027.2670225805
60	0.4115080398	0.3708016550	-1442.3767785082
61	0.0646091457	0.3708016550	-329.8891667980
62	2.0310572487	0.3708016550	-2999.3202838554
63	0.5405290897	0.3708016550	-1835.5775021272
64	0.9318498488	0.3708016550	-2401.3625209870
65	1.7678980398	0.3708016550	-2972.8576127732
66	0.4647002336	0.3708016550	-1642.9003663599
67	2.4401532028	0.3708016550	-3089.8577204345
68	0.7600365805	0.3708016550	-2176.3863796644
69	1.8682015789	0.3708016550	-2960.5005857479
70	2.3149341746	0.3708016550	-2959.6459398280
71	1.3706360950	0.3708016550	-2746.2457084286
72	1.6976410522	0.3708016550	-2873.6692174380
73	0.0824569181	0.3708016550	-405.4627702860
74	0.6589987141	0.3708016550	-2021.4238420164
75	1.1736302437	0.3708016550	-2517.4503105931
76	1.6085007441	0.3708016550	-3006.6330691457
77	0.2216385427	0.3708016550	-919.6071140248
78	2.2575898550	0.3708016550	-3067.5037843393
79	2.4150657022	0.3708016550	-2958.3475082023
80	0.7428535003	0.3708016550	-2093.4736159995
81	1.3386968107	0.3708016550	-2666.7307907290
82	2.3598019739	0.3708016550	-3024.7986307890
83	2.5480865965	0.3708016550	-3096.3611917252
84	0.6051838404	0.3708016550	-1992.1615462793
85	0.9026528421	0.3708016550	-2285.9311308923
86	1.1467420192	0.3708016550	-2730.4262945742
87	1.3991679981	0.3708016550	-2857.0659979629
88	0.7581090107	0.3708016550	-2209.7717122492
89	0.3711174885	0.3708016550	-1329.3103614835
90	2.3739710454	0.3708016550	-2993.3650842284
91	0.2040267982	0.3708016550	-858.5821534170
92	0.8546791129	0.3708016550	-2170.4202381631
93	1.7631591010	0.3708016550	-2862.6647473759
94	0.5049028546	0.3708016550	-1613.0928853872
95	0.6123383682	0.3708016550	-1937.3462887573
96	2.0220552593	0.3708016550	-2957.1243145674
97	2.3508833454	0.3708016550	-2922.0098279528
98	1.3126750803	0.3708016550	-2738.1663487344
99	2.0154425421	0.3708016550	-3064.8356030735
100	0.2037064258	0.3708016550	-850.2581724506
101	0.3627319305	0.3708016550	-1224.9338190187
102	2.2248650614	0.3708016550	-3012.7486741975
103	1.2932122298	0.3708016550	-2659.4280772446
104	0.3237303929	0.3708016550	-1236.1993422279
105	1.3981835004	0.3708016550	-2939.5488596850
106	1.8700055057	0.3708016550	-2921.3539333031
107	0.6055771504	0.3708016550	-1916.1893850283
108	2.0435702323	0.3708016550	-2918.5274607076
109	2.2832461025	0.3708016550	-2985.0622064539
110	2.1789670081	0.3708016550	-2928.0152317223
111	0.0159774211	0.3708016550	-98.7292404959
112	2.5224793479	0.3708016550	-3017.0647565041
113	2.3846103456	0.3708016550	-3065.5761220131
114	0.7692887430	0.3708016550	-2290.5182953655
115	1.4530956644	0.3708016550	-2855.6297477355
116	2.1000672269	0.3708016550	-3043.4111636254
117	2.2329275865	0.3708016550	-2925.7223158125
118	1.2351179994	0.3708016550	-2646.4188951250
119	1.2803468520	0.3708016550	-2786.1027625689
120	2.3417080428	0.3708016550	-2982.6885285949
121	0.6447045026	0.3708016550	-1966.0726402901
122	0.2693839245	0.3708016550	-1018.1593740457
123	2.0628944952	0.3708016550	-2998.9690313354
124	2.6147682050	0.3708016550	-3077.4060742236
