site	rate	t	lnL
1	1.6204007723	0.0059817167	-164.5166653793
2	0.8082284995	0.0059817167	-88.0216916844
3	1.6273447170	0.0059817167	-169.9968709559
4	1.0830197445	0.0059817167	-113.9365722918
5	0.0000000000	0.0059817167	-2.2892544828
6	1.2746859868	0.0059817167	-139.3055443066
7	0.4567635094	0.0059817167	-53.6414077813
8	0.2740099431	0.0059817167	-33.4532570614
9	0.8478151336	0.0059817167	-100.2377713388
10	1.7023865155	0.0059817167	-167.5436597598
11	2.0837345929	0.0059817167	-196.8700309155
12	1.2629073016	0.0059817167	-127.7964207317
13	0.8497831166	0.0059817167	-95.7849123458
14	1.8425132058	0.0059817167	-180.0731438642
15	0.6283310447	0.0059817167	-69.1271281399
16	1.6360793092	0.0059817167	-172.6098664618
17	1.0321995620	0.0059817167	-112.1137131513
18	1.0524012748	0.0059817167	-112.0070328000
19	0.7782748407	0.0059817167	-88.0000489837
20	1.9691652738	0.0059817167	-187.2801627331
21	0.4227094013	0.0059817167	-53.9527692232
22	3.2076400272	0.0059817167	-291.5446722043
23	0.3652954104	0.0059817167	-42.9982242983
24	0.0000000000	0.0059817167	-3.4484962504
25	1.3800987230	0.0059817167	-150.6197625270
26	0.0873093188	0.0059817167	-13.5813761501
27	0.2576075664	0.0059817167	-35.3752406933
28	0.0000000000	0.0059817167	-2.2892544828
29	0.1825994450	0.0059817167	-24.4667984344
30	0.1825845390	0.0059817167	-24.3894568914
31	0.7163240268	0.0059817167	-78.1884510926
32	0.7733831967	0.0059817167	-88.4755085568
33	0.1705165298	0.0059817167	-26.7646960876
34	1.6275517892	0.0059817167	-158.1702457292
35	0.6281382775	0.0059817167	-69.4303512749
36	1.2066895348	0.0059817167	-127.0550133961
37	2.4406326570	0.0059817167	-231.7077524797
38	1.5532374678	0.0059817167	-163.8691227931
39	1.7581839654	0.0059817167	-178.2855437162
40	1.0828527139	0.0059817167	-111.1607464093
41	0.4317968918	0.0059817167	-53.6200762748
42	1.7300462428	0.0059817167	-170.8994613311
43	0.9626516121	0.0059817167	-102.5953693654
44	1.5605008459	0.0059817167	-163.2083646669
45	0.7319065086	0.0059817167	-80.9325078843
46	1.7131006765	0.0059817167	-176.1835294501
47	0.4252255988	0.0059817167	-55.3999792848
48	1.0404147336	0.0059817167	-113.3850267230
49	0.9023620187	0.0059817167	-96.7972019300
50	0.0844210497	0.0059817167	-16.1311580040
51	0.0861281335	0.0059817167	-14.7605996599
52	0.2738904667	0.0059817167	-34.2570205575
53	0.4569627107	0.0059817167	-51.4034362521
54	1.6400274691	0.0059817167	-170.4777465687
55	0.9154558163	0.0059817167	-97.0584574310
56	0.7569502873	0.0059817167	-89.5631444961
57	0.1704969554	0.0059817167	-25.5468093801
58	0.9929090951	0.0059817167	-102.2963228689
59	1.2098389361	0.0059817167	-132.1343668666
60	0.2689132742	0.0059817167	-34.5032705836
61	0.0910028455	0.0059817167	-14.1541044169
62	1.3623597612	0.0059817167	-145.9495989411
63	0.2578943492	0.0059817167	-34.0963065614
64	0.2585809795	0.0059817167	-33.4017843759
65	0.8118173441	0.0059817167	-84.8827919258
66	0.3412318510	0.0059817167	-43.0099323013
67	1.1036704412	0.0059817167	-121.8240483336
68	0.7506192331	0.0059817167	-88.7489748403
69	1.9069334424	0.0059817167	-192.4530929042
70	1.5844343233	0.0059817167	-161.1678890846
71	1.2762871207	0.0059817167	-134.1670995870
72	2.5108743162	0.0059817167	-247.3089162427
73	0.0908035171	0.0059817167	-14.0900870561
74	2.0398539661	0.0059817167	-203.9809469418
75	1.8291294137	0.0059817167	-176.8613059851
76	2.2558495130	0.0059817167	-219.9494337578
77	0.0909604513	0.0059817167	-14.0884215094
78	0.7620244886	0.0059817167	-86.1889665358
79	2.4226024864	0.0059817167	-233.6310250838
80	1.2921345747	0.0059817167	-142.4737571694
81	1.0454963473	0.0059817167	-113.9914794369
82	1.0062107012	0.0059817167	-105.8983440876
83	1.0322236277	0.0059817167	-111.7184805130
84	0.4299445620	0.0059817167	-52.5810207166
85	0.5945605601	0.0059817167	-68.8232552306
86	1.1122476517	0.0059817167	-128.1908395284
87	1.4653289792	0.0059817167	-149.2491816934
88	0.6777617930	0.0059817167	-82.2443747981
89	0.6017563365	0.0059817167	-68.7500709656
90	1.5175630159	0.0059817167	-164.0419242331
91	0.0000000000	0.0059817167	-2.2892544828
92	0.2733707827	0.0059817167	-33.3537392441
93	1.6432870406	0.0059817167	-158.0916632958
94	0.4296700214	0.0059817167	-51.0088423267
95	1.3753339009	0.0059817167	-146.0699532495
96	2.3458070729	0.0059817167	-231.7624780895
97	1.4667810561	0.0059817167	-150.3126796546
98	1.0935275317	0.0059817167	-109.2849785386
99	1.8444978450	0.0059817167	-193.0400980284
100	0.0000000000	0.0059817167	-2.9844242234
101	0.1826147197	0.0059817167	-24.6325084598
102	1.5598914314	0.0059817167	-158.2150489045
103	2.2113759098	0.0059817167	-220.2978120947
104	0.0000000000	0.0059817167	-2.7616856755
105	0.7620195802	0.0059817167	-87.9684076310
106	1.0230056201	0.0059817167	-112.8623538833
107	2.1389705934	0.0059817167	-211.9280304318
108	1.2646319808	0.0059817167	-126.0624878637
109	1.8024006000	0.0059817167	-185.9839060575
110	1.2646305692	0.0059817167	-128.5159476833
111	0.0000000000	0.0059817167	-2.2892544828
112	0.6285970896	0.0059817167	-69.6563168728
113	2.1807661163	0.0059817167	-206.2240878177
114	1.5584486541	0.0059817167	-162.5969747920
115	0.8980339207	0.0059817167	-98.6891701283
116	1.0507975311	0.0059817167	-111.8285666482
117	1.5357201883	0.0059817167	-160.7067048446
118	0.3585928505	0.0059817167	-42.7154504824
119	0.4302257036	0.0059817167	-55.0946339897
120	0.6917870392	0.0059817167	-79.9413374506
121	0.4310257509	0.0059817167	-52.6796014815
122	0.0000000000	0.0059817167	-2.2892544828
123	0.6123666307	0.0059817167	-69.9760640675
124	0.8752379884	0.0059817167	-93.8709511993
