site	rate	t	lnL
1	1.6479997968	0.0065437917	-178.1856758099
2	0.2377861729	0.0065437917	-33.7612896280
3	1.6087907634	0.0065437917	-180.3800828203
4	1.0350423691	0.0065437917	-119.6013103885
5	0.1694999679	0.0065437917	-24.8835123670
6	1.2228343743	0.0065437917	-136.3913279342
7	2.2569786351	0.0065437917	-231.3105364179
8	0.6529894060	0.0065437917	-79.6084042199
9	1.0805722237	0.0065437917	-131.8259949916
10	1.0939525025	0.0065437917	-127.9476039678
11	0.5554178990	0.0065437917	-70.0612670424
12	2.7305808477	0.0065437917	-283.9807263838
13	0.9559145350	0.0065437917	-113.0472687674
14	0.3976250959	0.0065437917	-55.6995603670
15	0.1583662544	0.0065437917	-24.3873298580
16	1.8786705702	0.0065437917	-209.0132829195
17	0.6277049222	0.0065437917	-79.3264688608
18	1.3634946408	0.0065437917	-153.8348481079
19	1.3231903747	0.0065437917	-150.3546893917
20	0.0000000000	0.0065437917	-2.8305628150
21	0.5554625998	0.0065437917	-68.4211912525
22	1.9111320168	0.0065437917	-207.4218866746
23	0.8000447770	0.0065437917	-99.3197159235
24	0.2383923500	0.0065437917	-35.6163818755
25	0.7705305052	0.0065437917	-97.3290386332
26	0.0780116392	0.0065437917	-14.6475051625
27	0.6522189189	0.0065437917	-79.5863919221
28	0.0000000000	0.0065437917	-2.1372153607
29	0.5626013243	0.0065437917	-66.8780825723
30	0.4242901154	0.0065437917	-51.0876863087
31	1.9913782856	0.0065437917	-212.9221447690
32	1.7754670880	0.0065437917	-193.1454764934
33	0.3958416341	0.0065437917	-52.7946585501
34	1.1914292776	0.0065437917	-127.6388164623
35	0.3255239439	0.0065437917	-44.4380395393
36	2.1218087471	0.0065437917	-224.7898862485
37	0.3089221086	0.0065437917	-43.6765021263
38	1.0457761533	0.0065437917	-118.6539279511
39	2.1170810473	0.0065437917	-226.4175430544
40	1.9901475356	0.0065437917	-217.4202416119
41	1.2760149018	0.0065437917	-134.3113694111
42	1.2516166664	0.0065437917	-146.1706947899
43	1.1222279166	0.0065437917	-126.7743037631
44	2.0959148514	0.0065437917	-231.3909199297
45	2.1178235821	0.0065437917	-233.1454845692
46	1.0201984697	0.0065437917	-109.9656906004
47	0.8039018131	0.0065437917	-97.5203454689
48	1.4443724078	0.0065437917	-150.0162919691
49	0.7157835712	0.0065437917	-86.2105259419
50	0.3170370334	0.0065437917	-43.8035083628
51	0.0000000000	0.0065437917	-2.8305628150
52	0.3170962749	0.0065437917	-42.0433120672
53	0.1628057524	0.0065437917	-23.9153556640
54	2.0764073459	0.0065437917	-218.4977082615
55	0.3965461590	0.0065437917	-52.7044338665
56	0.5415246156	0.0065437917	-71.8570856097
57	0.0000000000	0.0065437917	-3.3821325443
58	0.7928651650	0.0065437917	-96.4067797322
59	2.5613240542	0.0065437917	-250.2622438028
60	0.0000000000	0.0065437917	-3.1795039740
61	0.0000000000	0.0065437917	-2.1372153607
62	1.3342551662	0.0065437917	-153.3804063226
63	0.4686612455	0.0065437917	-63.4709308993
64	0.1589185156	0.0065437917	-25.1291670769
65	0.6278676084	0.0065437917	-79.8811962167
66	0.8976556001	0.0065437917	-100.7557472727
67	1.0320352661	0.0065437917	-122.0389905267
68	1.6363544060	0.0065437917	-177.9938452703
69	1.3526399462	0.0065437917	-151.6919580701
70	0.8752543282	0.0065437917	-104.3852925143
71	0.5468570736	0.0065437917	-70.4249106130
72	0.7037098504	0.0065437917	-88.3568154197
73	0.0000000000	0.0065437917	-2.1372153607
74	0.2384446612	0.0065437917	-35.7392872547
75	0.3171146384	0.0065437917	-43.0552223429
76	2.0278776133	0.0065437917	-223.5675944460
77	0.0000000000	0.0065437917	-2.1372153607
78	2.0005858821	0.0065437917	-209.4024225209
79	1.0637335316	0.0065437917	-128.4114264379
80	0.0000000000	0.0065437917	-2.8775852808
81	1.2830021091	0.0065437917	-141.4423093479
82	1.7145513527	0.0065437917	-194.6469251297
83	1.5879498999	0.0065437917	-178.4376230910
84	0.1523625280	0.0065437917	-25.8752603767
85	0.7979816457	0.0065437917	-96.6636355427
86	0.7209686324	0.0065437917	-88.7255074038
87	1.9904212906	0.0065437917	-213.8338154601
88	1.2467431798	0.0065437917	-145.8554554242
89	0.0000000000	0.0065437917	-2.5079782231
90	0.7303073852	0.0065437917	-84.7528835449
91	0.0000000000	0.0065437917	-2.1372153607
92	0.2543485674	0.0065437917	-33.3739267718
93	0.7963184158	0.0065437917	-95.2065466267
94	0.3196043243	0.0065437917	-43.6803418131
95	0.5533121815	0.0065437917	-69.8833506996
96	0.8721450616	0.0065437917	-106.8920175727
97	1.2641482961	0.0065437917	-145.7624237109
98	1.6574223969	0.0065437917	-184.4610940979
99	0.5454828424	0.0065437917	-72.1712084961
100	2.2421275442	0.0065437917	-228.6442969963
101	0.1628111717	0.0065437917	-23.9521218669
102	2.0427104499	0.0065437917	-222.9454399158
103	2.1381280063	0.0065437917	-228.1344317135
104	0.0000000000	0.0065437917	-3.1795039740
105	2.4102123056	0.0065437917	-251.3679165719
106	1.1949859419	0.0065437917	-136.1070975480
107	0.1584602205	0.0065437917	-24.9793524427
108	2.0753978978	0.0065437917	-217.8317779942
109	1.0151880910	0.0065437917	-120.7307569800
110	0.8642542236	0.0065437917	-103.4836019016
111	0.0000000000	0.0065437917	-2.1372153607
112	1.3779499640	0.0065437917	-161.1078500670
113	1.1122708963	0.0065437917	-128.8430258445
114	1.8749101392	0.0065437917	-210.7344005350
115	0.6235701382	0.0065437917	-79.9138056231
116	1.5251142984	0.0065437917	-166.2864968961
117	1.1141255807	0.0065437917	-128.4086563436
118	1.7224127785	0.0065437917	-192.5484144810
119	0.3171065038	0.0065437917	-43.9521867812
120	1.7750582331	0.0065437917	-189.2604846650
121	2.0047088045	0.0065437917	-214.1535904088
122	1.1161377557	0.0065437917	-125.3384290314
123	1.7565425593	0.0065437917	-191.3175502438
124	2.0556428833	0.0065437917	-223.5365853547
