site	rate	t	lnL
1	1.6503048302	0.0062597561	-175.1038852645
2	0.9759593886	0.0062597561	-102.3188898768
3	1.9022877453	0.0062597561	-203.6623278016
4	1.6467017365	0.0062597561	-174.7435033190
5	0.0916800472	0.0062597561	-13.0945760894
6	1.8989611090	0.0062597561	-197.5924224091
7	0.3546344302	0.0062597561	-43.3438554040
8	0.9763245244	0.0062597561	-99.9431736094
9	1.2185416386	0.0062597561	-136.8789635274
10	0.9811346564	0.0062597561	-114.3300040196
11	2.5375027243	0.0062597561	-257.7338673305
12	1.2970864546	0.0062597561	-145.5326505376
13	2.2474484034	0.0062597561	-226.2928347077
14	1.2159859961	0.0062597561	-139.1245079510
15	0.2509266446	0.0062597561	-34.9437941307
16	0.8100214300	0.0062597561	-97.9808037089
17	1.3106487200	0.0062597561	-149.8961099998
18	0.5019793299	0.0062597561	-63.0121922336
19	1.4266605403	0.0062597561	-155.3354249893
20	0.0000000000	0.0062597561	-2.8618937834
21	0.6688501189	0.0062597561	-80.4750395511
22	1.0900512666	0.0062597561	-120.2926596479
23	0.5322940547	0.0062597561	-60.1915936933
24	0.0000000000	0.0062597561	-4.0406521194
25	1.4659280424	0.0062597561	-164.7450219736
26	1.5056470601	0.0062597561	-157.9436468696
27	0.7537529439	0.0062597561	-85.6640491163
28	0.0000000000	0.0062597561	-1.9054712924
29	0.0000000000	0.0062597561	-2.1397551295
30	1.3225558089	0.0062597561	-142.1247655806
31	1.6884677435	0.0062597561	-188.2543943060
32	0.6209604676	0.0062597561	-70.3849638775
33	0.3316770654	0.0062597561	-45.7987927451
34	0.9222841664	0.0062597561	-105.4937056043
35	0.4187750359	0.0062597561	-51.9779973829
36	1.6586039816	0.0062597561	-160.4557111766
37	1.3987634510	0.0062597561	-158.9955943026
38	1.4744810538	0.0062597561	-162.0382915992
39	2.0022915250	0.0062597561	-207.2864953587
40	0.3250886855	0.0062597561	-44.1460173971
41	1.8707535047	0.0062597561	-183.5194731051
42	2.3103221905	0.0062597561	-217.2606233642
43	0.8396078290	0.0062597561	-91.4650196280
44	1.1887486886	0.0062597561	-115.4748596116
45	1.8141531505	0.0062597561	-194.6112746108
46	1.3994307689	0.0062597561	-153.4746359303
47	0.7975714109	0.0062597561	-87.2900129559
48	1.0456682040	0.0062597561	-123.5855932511
49	2.2541572188	0.0062597561	-225.6391774834
50	0.8387036507	0.0062597561	-96.2899898352
51	0.0000000000	0.0062597561	-2.8618937834
52	0.3347542093	0.0062597561	-43.6752165980
53	0.2658421838	0.0062597561	-33.8279762884
54	0.3263862680	0.0062597561	-43.0550394529
55	0.3284842351	0.0062597561	-41.9559693370
56	0.9771446589	0.0062597561	-116.7099514084
57	0.0000000000	0.0062597561	-4.0433427039
58	0.7354451155	0.0062597561	-88.1879319631
59	1.3186937986	0.0062597561	-146.5248328763
60	0.1672989693	0.0062597561	-23.6344379604
61	0.0000000000	0.0062597561	-1.9054712924
62	1.3742355032	0.0062597561	-136.7502999232
63	0.1615694866	0.0062597561	-23.2691893799
64	1.3165937926	0.0062597561	-145.1270756133
65	1.1165339159	0.0062597561	-126.5236398237
66	0.2422217368	0.0062597561	-35.9170085531
67	1.1978953281	0.0062597561	-139.3448376183
68	2.2311948978	0.0062597561	-231.4497384174
69	2.0186274969	0.0062597561	-217.3058069803
70	2.1221438617	0.0062597561	-194.7070592564
71	0.7361129767	0.0062597561	-78.8820890954
72	1.7873439691	0.0062597561	-192.2315252844
73	0.0000000000	0.0062597561	-1.9054712924
74	0.4979928714	0.0062597561	-60.9714441398
75	1.8187387896	0.0062597561	-171.8197685793
76	1.3435557111	0.0062597561	-146.6407203376
77	0.1836139526	0.0062597561	-23.5838550364
78	1.3994528435	0.0062597561	-158.4590662461
79	1.3936953583	0.0062597561	-153.8580392548
80	1.4818423217	0.0062597561	-159.3829181344
81	0.7640299288	0.0062597561	-85.5383082695
82	2.1199980810	0.0062597561	-200.3007966993
83	1.7267467504	0.0062597561	-169.1816032555
84	1.2069223383	0.0062597561	-138.4815365006
85	0.2658640608	0.0062597561	-33.2181392483
86	0.5658344894	0.0062597561	-71.8490127875
87	1.9509556845	0.0062597561	-208.8669820117
88	1.0701584180	0.0062597561	-121.6488559019
89	0.1771955215	0.0062597561	-23.8771686451
90	1.0066036549	0.0062597561	-113.0603778730
91	0.0000000000	0.0062597561	-1.9054712924
92	0.3545135457	0.0062597561	-42.5183982435
93	1.2337069122	0.0062597561	-137.0450196868
94	0.1771954634	0.0062597561	-23.8417935568
95	0.6702308499	0.0062597561	-80.0375710153
96	1.3985661830	0.0062597561	-154.8128932383
97	0.5865435912	0.0062597561	-68.9310617182
98	0.0828861062	0.0062597561	-14.1520484514
99	1.0726632219	0.0062597561	-120.1900001487
100	0.1658031038	0.0062597561	-25.8280211948
101	0.3542077326	0.0062597561	-43.2855915195
102	0.9813827412	0.0062597561	-115.8153821764
103	1.3798865742	0.0062597561	-133.4628265781
104	0.0835960701	0.0062597561	-14.9861915732
105	1.4002729517	0.0062597561	-157.1145333351
106	0.5857372888	0.0062597561	-72.5974356317
107	0.3346514083	0.0062597561	-44.8171262971
108	0.5715314851	0.0062597561	-70.5895592829
109	1.4827283729	0.0062597561	-158.3876329723
110	1.0605519648	0.0062597561	-121.0906273355
111	0.0000000000	0.0062597561	-1.9054712924
112	1.1729638841	0.0062597561	-128.8883119093
113	1.0907036220	0.0062597561	-121.2090168364
114	1.5098019638	0.0062597561	-163.3873605456
115	0.6534639312	0.0062597561	-78.5632200858
116	1.3615124394	0.0062597561	-153.8558315573
117	1.8915556236	0.0062597561	-197.5007295574
118	2.4029746951	0.0062597561	-213.0240397456
119	0.4100640213	0.0062597561	-51.6452283842
120	0.8960834558	0.0062597561	-106.2200049806
121	0.9225169180	0.0062597561	-104.4816122377
122	0.0918082242	0.0062597561	-12.5069970336
123	2.1998586968	0.0062597561	-230.4966299397
124	1.4013558301	0.0062597561	-152.5984186810
