site	rate	t	lnL
1	2.2004651703	0.3671318320	-3037.7935916194
2	0.7787593990	0.3671318320	-2165.5628020083
3	1.8069452082	0.3671318320	-3029.1782092753
4	1.8933949269	0.3671318320	-2911.6964371315
5	0.1485980579	0.3671318320	-659.0442906604
6	1.8388956985	0.3671318320	-2985.5871199446
7	0.5170531445	0.3671318320	-1632.0516102210
8	1.0673648834	0.3671318320	-2472.3831657526
9	1.7692104330	0.3671318320	-2970.6778056389
10	2.0893971657	0.3671318320	-2896.8512436272
11	0.5581056240	0.3671318320	-1699.2067283156
12	2.3123474360	0.3671318320	-3037.4454646100
13	1.2319279715	0.3671318320	-2613.3178457367
14	0.8441836485	0.3671318320	-2258.6620868004
15	0.5058440942	0.3671318320	-1581.5563644535
16	1.3187091071	0.3671318320	-2834.9043144239
17	1.3372898287	0.3671318320	-2703.6889801789
18	1.2143733809	0.3671318320	-2571.3811517182
19	2.0361825159	0.3671318320	-2938.7057761261
20	0.2715801691	0.3671318320	-1075.7382693239
21	1.0888162930	0.3671318320	-2531.2348814896
22	1.3399628815	0.3671318320	-2831.5882509271
23	0.9390828371	0.3671318320	-2287.6692412053
24	0.2588061197	0.3671318320	-1130.7518009121
25	1.6159898454	0.3671318320	-2883.7785686304
26	0.2968650497	0.3671318320	-1156.4133102853
27	0.5975593421	0.3671318320	-1836.9547353706
28	0.0014640292	0.3671318320	-14.2939435263
29	0.2002292132	0.3671318320	-825.9650580554
30	0.7922602484	0.3671318320	-2201.9507264712
31	1.8985473004	0.3671318320	-2929.2390638642
32	0.9450527127	0.3671318320	-2334.3856079067
33	0.2064403535	0.3671318320	-937.3690390852
34	1.6469771341	0.3671318320	-2908.7968200544
35	1.0877329563	0.3671318320	-2464.8457250826
36	2.1131984041	0.3671318320	-2967.9896514629
37	1.0690716124	0.3671318320	-2624.7959778838
38	2.3614925891	0.3671318320	-3018.4514790564
39	2.2003882353	0.3671318320	-2973.4026275306
40	1.1107483571	0.3671318320	-2601.7067219241
41	1.3681319605	0.3671318320	-2845.1598093774
42	2.6827169016	0.3671318320	-3032.6756377457
43	1.6759322584	0.3671318320	-2883.0908488425
44	2.4219286077	0.3671318320	-3062.6218275029
45	1.2941723357	0.3671318320	-2776.2269957769
46	0.6568180327	0.3671318320	-1955.3447175962
47	0.7408888197	0.3671318320	-2124.7467144767
48	1.4439478452	0.3671318320	-2785.6835949006
49	0.9456268821	0.3671318320	-2461.8852848017
50	0.7500449409	0.3671318320	-2137.7993401182
51	0.0043128521	0.3671318320	-33.9398783583
52	0.5882692874	0.3671318320	-1788.5800289433
53	0.6941363426	0.3671318320	-1946.4497552180
54	0.7935286559	0.3671318320	-2190.7145085748
55	0.6122426889	0.3671318320	-1864.6835327682
56	1.1880221115	0.3671318320	-2766.5561329969
57	0.1507709461	0.3671318320	-725.8001074234
58	1.2536437704	0.3671318320	-2646.6397202901
59	1.7635679474	0.3671318320	-2940.2045031853
60	0.4705640894	0.3671318320	-1556.5417327779
61	0.1140480865	0.3671318320	-540.5978961022
62	2.1845851686	0.3671318320	-3012.4052028242
63	0.5760258469	0.3671318320	-1934.9749225818
64	0.9100036435	0.3671318320	-2362.6088801140
65	1.6645156928	0.3671318320	-2973.1812009639
66	0.5224041605	0.3671318320	-1752.9789962688
67	1.9211856248	0.3671318320	-3064.4085229177
68	1.0909575828	0.3671318320	-2596.0679880169
69	2.3084730708	0.3671318320	-3017.9417142570
70	2.2972280885	0.3671318320	-2971.7211259571
71	1.4360190338	0.3671318320	-2723.1798353514
72	1.6448642428	0.3671318320	-2839.1894683106
73	0.0368816758	0.3671318320	-203.4457898487
74	0.8775012657	0.3671318320	-2334.6300321875
75	1.1498252943	0.3671318320	-2489.5799265679
76	1.4160672865	0.3671318320	-2907.8302555700
77	0.0835543106	0.3671318320	-423.0413757876
78	2.3978375724	0.3671318320	-3053.7040553410
79	2.3939628178	0.3671318320	-2992.7045150099
80	0.6332237019	0.3671318320	-1901.6374816799
81	1.3243196150	0.3671318320	-2630.5954854382
82	2.2862017659	0.3671318320	-2989.3927692775
83	2.2257752722	0.3671318320	-3066.1141486871
84	0.6886861612	0.3671318320	-2175.0322752004
85	0.7191168726	0.3671318320	-2012.4320942237
86	1.2936538577	0.3671318320	-2860.5124455758
87	1.4181247698	0.3671318320	-2819.9943104825
88	0.8122661734	0.3671318320	-2291.0293558523
89	0.4681825572	0.3671318320	-1539.3273872572
90	2.3358672577	0.3671318320	-2960.1819200005
91	0.0743920042	0.3671318320	-383.9818840550
92	0.8252719100	0.3671318320	-2148.7492193260
93	1.7191965959	0.3671318320	-2819.5841597773
94	0.5269955799	0.3671318320	-1672.8100159348
95	0.6273813752	0.3671318320	-2001.4230664040
96	1.9378708673	0.3671318320	-2962.2225073037
97	2.1926011755	0.3671318320	-2882.1138093258
98	1.1875256551	0.3671318320	-2636.8852474390
99	2.0755484507	0.3671318320	-3049.8578154636
100	0.1844831041	0.3671318320	-780.6125038585
101	0.3720930825	0.3671318320	-1255.5781524646
102	1.9893530950	0.3671318320	-3030.9485956040
103	1.5001688733	0.3671318320	-2748.9042315773
104	0.3078739500	0.3671318320	-1193.8485417707
105	1.4591975040	0.3671318320	-2969.6633386117
106	1.9305726717	0.3671318320	-2883.3683840447
107	0.5939789903	0.3671318320	-1897.3686402998
108	2.0972536751	0.3671318320	-2911.6968046011
109	2.5291692672	0.3671318320	-3038.6117480645
110	2.2106525450	0.3671318320	-2958.7830040377
111	0.0073341240	0.3671318320	-50.4768221757
112	2.2965119306	0.3671318320	-2979.7901799862
113	2.1088454652	0.3671318320	-3035.8790959565
114	0.8850068614	0.3671318320	-2449.6941881767
115	1.4471301526	0.3671318320	-2841.1617426037
116	2.3307614976	0.3671318320	-3049.6764047068
117	2.0794970126	0.3671318320	-2915.4662967526
118	1.2858854872	0.3671318320	-2669.2496432661
119	1.1863834631	0.3671318320	-2695.9656513958
120	2.3771399479	0.3671318320	-2963.1114876618
121	0.4819613350	0.3671318320	-1624.1179167695
122	0.2866447177	0.3671318320	-1057.6368933248
123	1.9731455470	0.3671318320	-2982.7705632538
124	2.3822587336	0.3671318320	-3010.5917728806
