site	rate	t	lnL
1	1.1618274084	0.0065593556	-137.0635096187
2	1.9436704788	0.0065593556	-209.6552447357
3	0.9918598414	0.0065593556	-121.0198803437
4	1.0567741417	0.0065593556	-119.3326454028
5	1.5076857666	0.0065593556	-165.7760040849
6	2.0182608346	0.0065593556	-213.2215670801
7	0.1666480719	0.0065593556	-23.7641633126
8	1.2420507226	0.0065593556	-143.8931452748
9	1.7933054799	0.0065593556	-194.7300918643
10	1.4080211805	0.0065593556	-155.2381134508
11	0.3243905708	0.0065593556	-42.5114925994
12	1.4716997036	0.0065593556	-169.9391895718
13	1.2426482443	0.0065593556	-144.6582072692
14	0.8563116917	0.0065593556	-104.6312961819
15	1.0107688400	0.0065593556	-115.5061494571
16	0.7738418904	0.0065593556	-97.8760248929
17	2.1192921162	0.0065593556	-227.4419050286
18	0.4026296223	0.0065593556	-50.9141493231
19	1.2577413068	0.0065593556	-137.6829653334
20	1.0074375063	0.0065593556	-117.7127666845
21	0.6636766342	0.0065593556	-78.8438677242
22	1.7182351108	0.0065593556	-190.9584956091
23	0.2484755022	0.0065593556	-33.2777118897
24	0.0790004628	0.0065593556	-14.4940417087
25	1.1696042833	0.0065593556	-127.9823692363
26	0.2412226345	0.0065593556	-35.3172175356
27	0.1665975862	0.0065593556	-25.4146185416
28	0.0000000000	0.0065593556	-2.2293066429
29	0.2483734855	0.0065593556	-33.1044453466
30	1.1685552923	0.0065593556	-128.0861258575
31	1.0488795061	0.0065593556	-120.9545460815
32	1.5105256827	0.0065593556	-168.9397444549
33	0.0000000000	0.0065593556	-2.8711678481
34	1.3735477572	0.0065593556	-150.1054254416
35	1.0090613230	0.0065593556	-120.1650771983
36	1.4884644151	0.0065593556	-171.6189467195
37	0.5836208013	0.0065593556	-69.7691438181
38	1.8449504228	0.0065593556	-188.8921092791
39	1.6294098663	0.0065593556	-173.7103575612
40	1.3225620650	0.0065593556	-152.2846429490
41	1.9074839789	0.0065593556	-207.9439387307
42	1.2451426209	0.0065593556	-145.0998832546
43	1.1624936520	0.0065593556	-132.3955369758
44	1.2399914480	0.0065593556	-146.5934039254
45	1.9914112641	0.0065593556	-215.1855992481
46	0.3134873797	0.0065593556	-45.0508042426
47	0.2373680900	0.0065593556	-33.7818676071
48	1.3158109378	0.0065593556	-151.0451851424
49	1.6792649181	0.0065593556	-173.5725975435
50	0.3243214645	0.0065593556	-43.2338154324
51	0.0000000000	0.0065593556	-3.0465879515
52	0.4558478099	0.0065593556	-60.6880140032
53	0.3333375450	0.0065593556	-43.9035400221
54	1.5466748608	0.0065593556	-166.8189278143
55	0.1544403383	0.0065593556	-25.6208041062
56	0.8532280344	0.0065593556	-109.3605694270
57	0.1542831920	0.0065593556	-24.9676048624
58	2.0745723361	0.0065593556	-216.1807880288
59	2.0223582897	0.0065593556	-222.5428662112
60	0.5680837749	0.0065593556	-67.8281035644
61	0.0000000000	0.0065593556	-2.2293066429
62	1.7067467161	0.0065593556	-190.2308253958
63	0.6958673777	0.0065593556	-90.9479643356
64	1.3495234525	0.0065593556	-153.5087029098
65	1.5789425384	0.0065593556	-167.7197502103
66	0.0764146299	0.0065593556	-15.7589004133
67	1.2457128166	0.0065593556	-146.7760851382
68	1.6406838884	0.0065593556	-187.5214553543
69	0.7128559557	0.0065593556	-89.8172672654
70	1.6456292491	0.0065593556	-181.4238291572
71	1.1742242027	0.0065593556	-128.5950047308
72	0.9128667421	0.0065593556	-107.2008263702
73	0.0000000000	0.0065593556	-2.2293066429
74	1.7100266629	0.0065593556	-183.0584933745
75	0.1665219513	0.0065593556	-26.1450231283
76	0.4745891469	0.0065593556	-63.4776578857
77	0.0000000000	0.0065593556	-2.2293066429
78	1.3260822035	0.0065593556	-158.2113371842
79	1.2475645007	0.0065593556	-135.1368585439
80	0.3335037896	0.0065593556	-43.1104795483
81	0.5834230503	0.0065593556	-71.6499710120
82	1.3986526255	0.0065593556	-157.5613566607
83	1.5891786772	0.0065593556	-175.2300333498
84	0.0000000000	0.0065593556	-3.9503620509
85	1.2687219406	0.0065593556	-144.0604683418
86	1.0910924461	0.0065593556	-128.7367158762
87	2.8023242069	0.0065593556	-294.9145344244
88	0.8717159808	0.0065593556	-107.8591390518
89	0.2484201960	0.0065593556	-36.9439952837
90	1.7868196056	0.0065593556	-191.0093040358
91	0.0835715021	0.0065593556	-14.4652031827
92	0.5006078947	0.0065593556	-59.9954221214
93	0.5002994975	0.0065593556	-61.6407151138
94	0.0826751518	0.0065593556	-14.9556569308
95	0.2316001121	0.0065593556	-35.6022596200
96	0.7031059861	0.0065593556	-88.1355180164
97	1.5098976122	0.0065593556	-162.4163644702
98	0.8542851874	0.0065593556	-105.6205345365
99	1.1100340916	0.0065593556	-132.2761278435
100	0.0000000000	0.0065593556	-3.0465879515
101	0.0827914327	0.0065593556	-13.0860905908
102	1.2515955029	0.0065593556	-138.1016565653
103	0.5804309447	0.0065593556	-71.5841534198
104	0.3209971947	0.0065593556	-43.5999765278
105	1.0120611961	0.0065593556	-123.7477946154
106	1.8443625770	0.0065593556	-189.1040895302
107	0.8295778141	0.0065593556	-95.7074352257
108	2.3687966432	0.0065593556	-248.7033633972
109	1.6957204373	0.0065593556	-186.0467634066
110	0.9668755860	0.0065593556	-117.6057607459
111	0.0000000000	0.0065593556	-2.2293066429
112	1.9982440265	0.0065593556	-224.4730123187
113	1.6300316872	0.0065593556	-181.9245439910
114	0.4674188104	0.0065593556	-62.0042978070
115	1.6285299317	0.0065593556	-188.4861482525
116	1.0738923511	0.0065593556	-130.2041336605
117	2.0392006977	0.0065593556	-222.6068465387
118	0.5637444090	0.0065593556	-69.1685154253
119	0.9269782799	0.0065593556	-110.9584661018
120	1.0028860145	0.0065593556	-113.4246941569
121	2.2854922401	0.0065593556	-234.4923772107
122	0.0000000000	0.0065593556	-2.2293066429
123	1.2572204782	0.0065593556	-145.2390528696
124	1.6245787207	0.0065593556	-180.5968436428
