site	rate	t	lnL
1	2.5153850310	0.3732118517	-3049.9034908374
2	0.7185165014	0.3732118517	-2114.3508904694
3	1.7709961232	0.3732118517	-3009.5367227506
4	1.7772274835	0.3732118517	-2930.8859798369
5	0.1078663640	0.3732118517	-508.7799977009
6	1.8911334449	0.3732118517	-2995.1100379574
7	0.4776930490	0.3732118517	-1538.8402341804
8	0.9508539426	0.3732118517	-2406.9613756713
9	1.7905939770	0.3732118517	-2977.6624467112
10	1.9811674867	0.3732118517	-2904.7408260710
11	0.6387272420	0.3732118517	-1878.8665623875
12	2.2611801165	0.3732118517	-3035.0705485407
13	1.2146299899	0.3732118517	-2613.8841331716
14	0.9426996210	0.3732118517	-2440.1765053862
15	0.5035760305	0.3732118517	-1592.3054898786
16	1.4405327744	0.3732118517	-2915.6401650008
17	1.3567594683	0.3732118517	-2708.6194132567
18	1.0960889565	0.3732118517	-2517.5522654707
19	2.0023834364	0.3732118517	-2988.6288909149
20	0.3604675570	0.3732118517	-1327.2219639249
21	1.0379632423	0.3732118517	-2498.0485410047
22	1.1915868473	0.3732118517	-2717.9324938700
23	0.8137312648	0.3732118517	-2136.3211676070
24	0.1790002967	0.3732118517	-844.0370829264
25	1.5286038829	0.3732118517	-2906.2244075208
26	0.3060114944	0.3732118517	-1194.7013331896
27	0.5092285723	0.3732118517	-1664.1085490903
28	0.0043223896	0.3732118517	-33.4751145759
29	0.2716063111	0.3732118517	-1050.2494706800
30	0.7293914557	0.3732118517	-2101.7057514955
31	2.1166794140	0.3732118517	-2949.0923743172
32	1.0081696855	0.3732118517	-2385.4507527579
33	0.2748478217	0.3732118517	-1175.2899832342
34	1.3391059770	0.3732118517	-2787.0021726631
35	1.2881582627	0.3732118517	-2601.0502169605
36	2.0752842626	0.3732118517	-2969.5071647029
37	1.0125678531	0.3732118517	-2565.4220818754
38	2.1589622398	0.3732118517	-3014.7496697234
39	2.3489499686	0.3732118517	-3002.8421167020
40	1.1318077461	0.3732118517	-2634.9333769076
41	1.1927792577	0.3732118517	-2745.5820757104
42	2.1680661917	0.3732118517	-3005.6249678816
43	1.9981395628	0.3732118517	-2957.3697861915
44	2.0235739665	0.3732118517	-3092.5578866642
45	1.2870326442	0.3732118517	-2764.9758605133
46	0.6932108460	0.3732118517	-2043.7394846759
47	0.6369239528	0.3732118517	-2014.6959778942
48	1.4394892014	0.3732118517	-2771.4501478980
49	0.9233602110	0.3732118517	-2432.1410151047
50	0.8735276516	0.3732118517	-2313.5646860374
51	0.0084948783	0.3732118517	-61.9308722667
52	0.5955976663	0.3732118517	-1802.5835107156
53	0.7742817559	0.3732118517	-2076.0333754586
54	0.9713776901	0.3732118517	-2444.5140190004
55	0.6688270162	0.3732118517	-1966.3128589908
56	1.1668323083	0.3732118517	-2789.5249256374
57	0.2715560957	0.3732118517	-1171.4250480271
58	1.2605360697	0.3732118517	-2646.3160499112
59	1.8201738428	0.3732118517	-2973.6760939129
60	0.5917723565	0.3732118517	-1812.6516441599
61	0.0657263118	0.3732118517	-347.2307762779
62	2.0873282653	0.3732118517	-2963.0518089224
63	0.6687503241	0.3732118517	-2131.6547569603
64	1.0577036315	0.3732118517	-2584.2293734690
65	2.0730729847	0.3732118517	-2991.7023775768
66	0.5675125655	0.3732118517	-1887.7241066953
67	2.2112919970	0.3732118517	-3097.8343236844
68	0.7549311501	0.3732118517	-2194.4732652776
69	1.8390017695	0.3732118517	-2998.3651515228
70	2.3634347615	0.3732118517	-2989.4639796314
71	1.4702228923	0.3732118517	-2767.6422684288
72	1.5391171626	0.3732118517	-2795.0480189557
73	0.0348288157	0.3732118517	-199.9555520044
74	0.7989283726	0.3732118517	-2259.4869388651
75	1.1487138484	0.3732118517	-2488.7455557062
76	1.6328909195	0.3732118517	-3017.4281254171
77	0.0984951681	0.3732118517	-491.3434948885
78	1.8724305496	0.3732118517	-3010.5428840498
79	2.3850378807	0.3732118517	-2982.5544882283
80	0.7219317133	0.3732118517	-2051.9640762521
81	1.2475319944	0.3732118517	-2598.4031546558
82	2.2490092547	0.3732118517	-2980.3355537939
83	2.6064955212	0.3732118517	-3091.0936019178
84	0.6429769941	0.3732118517	-2102.8908422458
85	0.7148529855	0.3732118517	-2010.3417857659
86	1.2924548041	0.3732118517	-2868.4920233517
87	1.4393343059	0.3732118517	-2847.8290297453
88	0.8312406702	0.3732118517	-2323.1688782797
89	0.5166427695	0.3732118517	-1625.4929259461
90	2.6426708061	0.3732118517	-3014.4605503361
91	0.3305391054	0.3732118517	-1242.2886896556
92	0.8841753946	0.3732118517	-2228.9298422819
93	1.6542904653	0.3732118517	-2812.9449021815
94	0.5836273552	0.3732118517	-1794.9390436877
95	0.7245958435	0.3732118517	-2159.4605305437
96	2.3344858174	0.3732118517	-2993.5085465394
97	2.0278970978	0.3732118517	-2880.7619488534
98	1.1407710518	0.3732118517	-2608.6830829628
99	1.7929008662	0.3732118517	-3033.9777373414
100	0.1833043714	0.3732118517	-792.4606929915
101	0.3039443752	0.3732118517	-1094.8858028828
102	2.1651416752	0.3732118517	-3008.8326345068
103	1.4697148114	0.3732118517	-2712.3388670025
104	0.3119444268	0.3732118517	-1224.5017868421
105	1.4262787820	0.3732118517	-2950.0731728628
106	1.9647657548	0.3732118517	-2941.1377542929
107	0.5306626851	0.3732118517	-1786.6953743794
108	1.9436249379	0.3732118517	-2947.9285480109
109	2.5274711096	0.3732118517	-3029.0078737203
110	2.0812554850	0.3732118517	-2944.2644140110
111	0.0028807390	0.3732118517	-23.9785689970
112	2.2845295087	0.3732118517	-3013.3009994435
113	2.2791108103	0.3732118517	-3083.6261684165
114	0.7379783564	0.3732118517	-2207.6133059797
115	1.2278223691	0.3732118517	-2771.6745422784
116	2.2501372254	0.3732118517	-3052.3873604333
117	2.2550031212	0.3732118517	-2961.2247578596
118	1.1845884851	0.3732118517	-2639.7709599414
119	1.2357224874	0.3732118517	-2758.7073189437
120	2.2599377132	0.3732118517	-2978.5038387544
121	0.6476434063	0.3732118517	-1977.8921850674
122	0.2082616078	0.3732118517	-846.2111461029
123	1.8512171680	0.3732118517	-2987.4926233224
124	2.2422403511	0.3732118517	-3002.2369856492
