site	rate	t	lnL
1	1.7253268412	0.0641606072	-1229.6231270705
2	0.8447681411	0.0641606072	-680.1180642986
3	1.5107285770	0.0641606072	-1131.5121845725
4	1.0443307948	0.0641606072	-834.2168539154
5	0.0752078155	0.0641606072	-86.0449614167
6	1.3817284842	0.0641606072	-1043.6195162605
7	0.6815145341	0.0641606072	-568.2829540314
8	0.8677856112	0.0641606072	-714.4457782372
9	1.6333185680	0.0641606072	-1197.4068748481
10	1.9406658623	0.0641606072	-1327.0902840621
11	0.5199822041	0.0641606072	-445.6013723708
12	1.3004526658	0.0641606072	-998.2170726164
13	1.4226739474	0.0641606072	-1032.5885271711
14	0.3449910834	0.0641606072	-317.8727908477
15	0.1901731497	0.0641606072	-182.7024891513
16	1.7410316571	0.0641606072	-1243.5397132543
17	1.4565006190	0.0641606072	-1096.8305281205
18	0.9101061794	0.0641606072	-705.7085755183
19	1.0737696559	0.0641606072	-855.8177880504
20	0.1422361907	0.0641606072	-147.5093024562
21	1.0034907998	0.0641606072	-795.1411429730
22	1.3093175933	0.0641606072	-989.1159079608
23	0.9291396632	0.0641606072	-752.3887241117
24	0.0159152284	0.0641606072	-23.8960690557
25	1.2166742641	0.0641606072	-947.0225299501
26	0.3834225950	0.0641606072	-350.4090900825
27	0.3257973115	0.0641606072	-306.5132840829
28	0.0000000000	0.0641606072	-2.4590959567
29	0.2327561854	0.0641606072	-226.5785636765
30	1.0538042026	0.0641606072	-809.1057430738
31	1.0192319506	0.0641606072	-793.6269044512
32	0.3832020696	0.0641606072	-352.3825302208
33	0.1528104138	0.0641606072	-169.6856075419
34	0.7892013181	0.0641606072	-641.8847435380
35	1.2237966046	0.0641606072	-923.8395623021
36	1.3857818062	0.0641606072	-1044.9927274760
37	1.1664828631	0.0641606072	-910.7485397706
38	1.6113664826	0.0641606072	-1159.8635300936
39	1.5453948142	0.0641606072	-1128.6945570501
40	1.5948682189	0.0641606072	-1170.1989623899
41	1.5314769905	0.0641606072	-1128.2877387777
42	1.5093291253	0.0641606072	-1083.8740079268
43	1.7390921813	0.0641606072	-1201.5615948622
44	1.7056863944	0.0641606072	-1227.9363053746
45	1.9861024837	0.0641606072	-1338.8436861353
46	0.9797468491	0.0641606072	-776.1416857243
47	0.2095853858	0.0641606072	-223.5959326283
48	1.0651658253	0.0641606072	-833.1465915003
49	0.9658275847	0.0641606072	-772.5737676840
50	0.9641323313	0.0641606072	-766.3641700873
51	0.0083269839	0.0641606072	-13.4654390887
52	0.3525666392	0.0641606072	-315.7872050185
53	0.8165109198	0.0641606072	-652.4503462422
54	0.6955286718	0.0641606072	-605.5099356246
55	0.2736925124	0.0641606072	-266.1332665125
56	1.3909870288	0.0641606072	-1015.8626514677
57	0.1043119608	0.0641606072	-123.6461939907
58	1.3417983775	0.0641606072	-984.6730635136
59	1.0915533766	0.0641606072	-878.0935853705
60	0.3984209117	0.0641606072	-350.2298923328
61	0.0166787125	0.0641606072	-23.2512139308
62	1.4483442796	0.0641606072	-1070.2278348337
63	0.3283737473	0.0641606072	-319.8293054911
64	0.8071440014	0.0641606072	-660.7432904477
65	1.5589341435	0.0641606072	-1139.1574215866
66	0.6683381228	0.0641606072	-579.5540377667
67	1.7124874950	0.0641606072	-1214.0147770634
68	0.9277671690	0.0641606072	-763.3551087491
69	1.6466088831	0.0641606072	-1136.6124725723
70	1.2817732853	0.0641606072	-934.2729424381
71	0.8806032717	0.0641606072	-678.5285067237
72	1.0282402079	0.0641606072	-777.6289070412
73	0.0500850527	0.0641606072	-61.9470081140
74	0.7994582206	0.0641606072	-650.9422647931
75	1.9020063632	0.0641606072	-1309.9522816621
76	0.6793547821	0.0641606072	-593.3304823170
77	0.0250162536	0.0641606072	-34.1347561984
78	1.3871432022	0.0641606072	-1038.4299617044
79	1.7180912414	0.0641606072	-1226.9126525916
80	0.9514349642	0.0641606072	-763.9654188197
81	0.5669946961	0.0641606072	-482.7214451396
82	1.5940010671	0.0641606072	-1176.5124699851
83	1.7844744927	0.0641606072	-1227.7972291884
84	0.9083719020	0.0641606072	-757.5229550124
85	0.4781322818	0.0641606072	-406.3623144034
86	1.1825617491	0.0641606072	-942.3435920150
87	1.2875587550	0.0641606072	-984.4762589450
88	0.6954018150	0.0641606072	-603.1628070246
89	0.3092353313	0.0641606072	-290.8946986496
90	1.2435471487	0.0641606072	-953.6938269578
91	0.5490134491	0.0641606072	-470.4665230703
92	0.7928783747	0.0641606072	-648.4865549229
93	1.8393873615	0.0641606072	-1299.2779394720
94	0.3106447616	0.0641606072	-299.8088637822
95	0.2655819060	0.0641606072	-267.2096201992
96	1.5507606412	0.0641606072	-1139.2576897294
97	1.2083971198	0.0641606072	-911.7759356690
98	1.3535543405	0.0641606072	-1026.2664366616
99	1.6341570157	0.0641606072	-1185.5529110758
100	0.0751120362	0.0641606072	-85.9315311408
101	0.1570177100	0.0641606072	-156.3125439149
102	1.5823204181	0.0641606072	-1152.6262727475
103	1.9260357831	0.0641606072	-1308.5902962218
104	0.6118193396	0.0641606072	-523.8625678363
105	1.8034014243	0.0641606072	-1267.9671132611
106	0.9596991843	0.0641606072	-745.4540061707
107	0.4763116591	0.0641606072	-421.1679370893
108	1.5584562323	0.0641606072	-1140.8946085625
109	1.5627211677	0.0641606072	-1125.6202855697
110	1.2267748883	0.0641606072	-948.8850429717
111	0.0000000000	0.0641606072	-2.4590959567
112	1.6723407163	0.0641606072	-1178.2518182164
113	1.6091897888	0.0641606072	-1185.9404520864
114	0.3767023731	0.0641606072	-369.8164352196
115	1.6095020027	0.0641606072	-1117.9456187841
116	1.9130538491	0.0641606072	-1345.0306503149
117	1.4312304570	0.0641606072	-1069.2146804764
118	1.1826099104	0.0641606072	-910.9794304271
119	1.5039485036	0.0641606072	-1073.6766709721
120	1.3807870701	0.0641606072	-1030.6703323996
121	1.1792089011	0.0641606072	-870.6434475064
122	0.0584532606	0.0641606072	-69.8609676407
123	1.5223943935	0.0641606072	-1119.8914070622
124	1.1109776755	0.0641606072	-856.9235916225
