site	rate	t	lnL
1	1.5595316441	0.0627016127	-1107.8624103783
2	0.3486446280	0.0627016127	-330.1176455699
3	1.1949942791	0.0627016127	-926.2479608572
4	1.8870843727	0.0627016127	-1273.4959569429
5	1.5100369385	0.0627016127	-1055.9209642910
6	1.1616482882	0.0627016127	-899.3842998636
7	0.3246798378	0.0627016127	-294.6649767097
8	0.2981398305	0.0627016127	-276.2706728744
9	1.3038092001	0.0627016127	-991.6701249680
10	1.4273935232	0.0627016127	-1039.1167254033
11	0.5449488231	0.0627016127	-474.7073609202
12	1.4910490398	0.0627016127	-1076.5317884063
13	0.8322951573	0.0627016127	-692.0950155023
14	0.3356921322	0.0627016127	-310.4855523043
15	0.3429411254	0.0627016127	-307.3113469708
16	1.1697108568	0.0627016127	-906.8615667060
17	1.2422677234	0.0627016127	-930.7944074883
18	0.9823170884	0.0627016127	-748.1849382415
19	1.1049680343	0.0627016127	-851.5387341340
20	0.1025495038	0.0627016127	-109.2154763495
21	0.9061265799	0.0627016127	-717.8216833977
22	1.4220360973	0.0627016127	-1044.3639694505
23	0.4656272233	0.0627016127	-401.5495088402
24	0.0408999454	0.0627016127	-50.9358072451
25	1.6865622207	0.0627016127	-1185.3888757170
26	0.1401622539	0.0627016127	-148.6915401583
27	0.5369621684	0.0627016127	-454.7491993948
28	0.0085547680	0.0627016127	-14.2233045632
29	0.1483272598	0.0627016127	-148.6255567544
30	0.5678467476	0.0627016127	-491.4185962064
31	1.4392501491	0.0627016127	-1054.1909254229
32	0.9859304601	0.0627016127	-756.5993692670
33	0.2630521108	0.0627016127	-261.5360019866
34	1.1671097248	0.0627016127	-893.7822688026
35	1.0898976568	0.0627016127	-823.1822023337
36	1.4772249285	0.0627016127	-1062.9369659918
37	0.9891117079	0.0627016127	-753.0092006901
38	1.7882907428	0.0627016127	-1237.8029461361
39	1.6869448393	0.0627016127	-1199.5113279546
40	1.2925017309	0.0627016127	-963.1130770523
41	1.2733875972	0.0627016127	-973.0520927014
42	1.6177896135	0.0627016127	-1168.2542945681
43	1.3967243304	0.0627016127	-1020.8842668761
44	1.7638551545	0.0627016127	-1203.5192924224
45	1.0603104318	0.0627016127	-793.8793193312
46	0.4417446920	0.0627016127	-387.0900376027
47	0.5001569113	0.0627016127	-441.0693638223
48	0.9764696305	0.0627016127	-744.9976661704
49	2.1678102235	0.0627016127	-1390.7764473768
50	1.0070743923	0.0627016127	-797.9412610773
51	0.0085186216	0.0627016127	-14.1163380764
52	0.9306198493	0.0627016127	-727.6507646802
53	0.2976789205	0.0627016127	-280.8689092535
54	1.4604130937	0.0627016127	-1044.0790011588
55	0.3428079324	0.0627016127	-317.7430609764
56	0.8362724659	0.0627016127	-683.8477332944
57	0.1890685090	0.0627016127	-193.2787873652
58	1.5889620019	0.0627016127	-1123.5815164404
59	1.2460134835	0.0627016127	-919.6009788105
60	0.5159776601	0.0627016127	-454.1172262899
61	0.0514468489	0.0627016127	-59.2594773709
62	1.3271040018	0.0627016127	-958.1053993350
63	1.6623527990	0.0627016127	-1150.2931098903
64	0.8925436545	0.0627016127	-710.4649479040
65	1.5981073867	0.0627016127	-1113.1817790187
66	0.6934513395	0.0627016127	-595.7768132837
67	1.6483440530	0.0627016127	-1132.6482504418
68	0.3534192403	0.0627016127	-322.4704210214
69	1.5401055806	0.0627016127	-1109.7990024564
70	1.3780203785	0.0627016127	-1020.6696638304
71	1.1792184927	0.0627016127	-888.3759984590
72	1.2677419839	0.0627016127	-918.3802668867
73	0.0257061118	0.0627016127	-32.8722861554
74	0.3793217422	0.0627016127	-345.4983258438
75	1.8428892722	0.0627016127	-1232.1617128824
76	1.4292477946	0.0627016127	-1013.6468134440
77	0.0171147356	0.0627016127	-23.7885066696
78	1.6424054941	0.0627016127	-1158.7184455512
79	1.5830058177	0.0627016127	-1132.6699338723
80	1.2312523900	0.0627016127	-915.7259680177
81	1.2489767898	0.0627016127	-905.9489940839
82	1.5475731686	0.0627016127	-1117.5335829088
83	1.5557902790	0.0627016127	-1123.6005126840
84	0.1718920460	0.0627016127	-181.3950962802
85	1.4510870236	0.0627016127	-1047.1953130708
86	1.8447018223	0.0627016127	-1294.1617160447
87	0.6532117037	0.0627016127	-564.6387373962
88	0.8673470808	0.0627016127	-702.6095298909
89	0.2858039163	0.0627016127	-267.3112371775
90	1.5622091873	0.0627016127	-1109.2511355049
91	0.1029505723	0.0627016127	-112.2391335802
92	0.6751683932	0.0627016127	-566.0118117521
93	1.7056532047	0.0627016127	-1161.3278391063
94	0.7119060422	0.0627016127	-589.4833033227
95	0.3104026426	0.0627016127	-302.1415542957
96	1.1706002695	0.0627016127	-893.4862905337
97	1.3649886036	0.0627016127	-1020.6264666695
98	1.5438114691	0.0627016127	-1101.2764868154
99	1.3416628338	0.0627016127	-999.4131538892
100	0.1972257875	0.0627016127	-192.4565842025
101	0.1459990134	0.0627016127	-140.0549825474
102	1.2733137125	0.0627016127	-938.2996300486
103	0.4936229104	0.0627016127	-414.0594206158
104	0.1317987592	0.0627016127	-145.2280143462
105	1.6674451432	0.0627016127	-1186.8139669661
106	1.6767972954	0.0627016127	-1165.1603799422
107	1.3769341251	0.0627016127	-1025.3856861930
108	1.5491113382	0.0627016127	-1122.7799685811
109	1.6743233003	0.0627016127	-1171.5578616450
110	1.4488737771	0.0627016127	-1053.9845807089
111	0.0000000000	0.0627016127	-2.4214102068
112	1.3273633168	0.0627016127	-977.8263994138
113	1.6903558910	0.0627016127	-1202.5963168996
114	0.2959162846	0.0627016127	-288.2238715709
115	1.6589717915	0.0627016127	-1169.3597901943
116	1.3769635885	0.0627016127	-1035.8165417191
117	1.3167115984	0.0627016127	-983.4244401806
118	0.8427541459	0.0627016127	-695.9238775757
119	1.1104811895	0.0627016127	-873.7061581034
120	1.3282785334	0.0627016127	-978.9191826267
121	0.2576084597	0.0627016127	-245.9278710176
122	0.1031173058	0.0627016127	-105.5311517732
123	1.8816119327	0.0627016127	-1292.7449852996
124	1.5012058022	0.0627016127	-1096.2256105431
