site	rate	t	lnL
1	301.4422095128	0.4884653375	-3113.6643944378
2	0.7804966682	0.4884653375	-2596.5305483987
3	4.9033038219	0.4884653375	-3174.6636647887
4	5.9924619568	0.4884653375	-3078.2393573716
5	0.1327088208	0.4884653375	-780.2990407822
6	4.0119129541	0.4884653375	-3126.6117871117
7	0.8830714252	0.4884653375	-2457.8681274376
8	1.0787361452	0.4884653375	-2803.0568623851
9	4.7251584505	0.4884653375	-3102.7411770978
10	3.9560895658	0.4884653375	-3041.7910391969
11	0.7727356183	0.4884653375	-2381.9104811633
12	42.3032417267	0.4884653375	-3121.2946006769
13	2.7574841748	0.4884653375	-2957.1883685937
14	0.6931341164	0.4884653375	-2523.3294858191
15	0.7867116136	0.4884653375	-2332.7447166322
16	1.3146235865	0.4884653375	-3149.9312178485
17	2.7395741291	0.4884653375	-2988.8692785179
18	1.2393221121	0.4884653375	-2881.6333257256
19	3.9324249677	0.4884653375	-3087.3432756581
20	0.2937365347	0.4884653375	-1445.9888299629
21	1.3777220881	0.4884653375	-2952.0602969173
22	1.1623053292	0.4884653375	-3044.1957771821
23	1.0740335185	0.4884653375	-2647.9777026767
24	0.2669993480	0.4884653375	-1363.4774822725
25	3.3467129254	0.4884653375	-3078.0519697279
26	0.3883343689	0.4884653375	-1743.4809942606
27	0.7343824592	0.4884653375	-2425.6119503955
28	0.0077133003	0.4884653375	-69.6163130753
29	0.2704871651	0.4884653375	-1304.5413542274
30	0.9706722948	0.4884653375	-2736.7299982315
31	3.9752030389	0.4884653375	-3041.5808501302
32	1.1456610158	0.4884653375	-2785.0674586568
33	0.4861715750	0.4884653375	-2164.4585223241
34	3.2394867954	0.4884653375	-3050.7520390806
35	1.2450186408	0.4884653375	-2848.9501110652
36	4.5799914055	0.4884653375	-3076.2811679787
37	0.9209894212	0.4884653375	-2854.0636835977
38	4.9668103851	0.4884653375	-3094.5487541097
39	3.6586051933	0.4884653375	-3079.3969482722
40	1.0580833119	0.4884653375	-2904.7029979321
41	1.1752906871	0.4884653375	-3084.9050211579
42	4.3007435392	0.4884653375	-3109.6823374893
43	3.0598962776	0.4884653375	-3069.5911586685
44	4.4738614274	0.4884653375	-3177.6153629880
45	1.4312308591	0.4884653375	-3031.6308913498
46	0.5166831692	0.4884653375	-2123.5167332319
47	0.7663595877	0.4884653375	-2662.5724797245
48	2.6836730177	0.4884653375	-2999.2439774051
49	0.9715792269	0.4884653375	-2913.8194112939
50	0.8810609180	0.4884653375	-2745.7607914731
51	0.0054014480	0.4884653375	-51.0594669622
52	0.8634430471	0.4884653375	-2477.6640471493
53	1.0984498301	0.4884653375	-2635.6008130861
54	0.9258431886	0.4884653375	-2789.4790458654
55	0.8190342528	0.4884653375	-2561.7195704034
