site	rate	t	lnL
1	1.6637666706	0.0061598696	-181.0905554743
2	0.6597239500	0.0061598696	-77.1037896901
3	0.4097884765	0.0061598696	-54.1358386191
4	1.1770964246	0.0061598696	-121.4145228466
5	0.0872357900	0.0061598696	-14.4449826563
6	1.8139666247	0.0061598696	-176.5036397986
7	0.4130534788	0.0061598696	-52.2196949463
8	0.8280556266	0.0061598696	-94.6036856740
9	1.3608017242	0.0061598696	-136.7249151839
10	1.8425453363	0.0061598696	-189.5936690880
11	0.7065622930	0.0061598696	-76.3290073191
12	1.9460448959	0.0061598696	-191.8442977848
13	3.0753266889	0.0061598696	-296.7709406922
14	0.3542574009	0.0061598696	-44.0422125458
15	0.0881543983	0.0061598696	-12.9247687629
16	1.5907473935	0.0061598696	-174.1758557603
17	1.3392819979	0.0061598696	-148.4078895003
18	0.6281914522	0.0061598696	-69.6306532730
19	1.3810463929	0.0061598696	-152.7269364849
20	0.0884951567	0.0061598696	-14.4412579071
21	2.9361305277	0.0061598696	-275.7236125764
22	1.6085640658	0.0061598696	-161.5696671205
23	0.2718504313	0.0061598696	-31.8699770755
24	0.0884959333	0.0061598696	-13.8395544936
25	0.8166861130	0.0061598696	-97.5233241544
26	0.0828101696	0.0061598696	-13.8690705643
27	1.9186717660	0.0061598696	-201.1001679299
28	0.0000000000	0.0061598696	-2.4112623148
29	0.0000000000	0.0061598696	-2.0950618986
30	0.5718786442	0.0061598696	-70.0923515875
31	1.0613139031	0.0061598696	-111.4571668911
32	0.4414020905	0.0061598696	-51.5091980718
33	0.3264658564	0.0061598696	-43.4671266598
34	2.0989616188	0.0061598696	-212.6816372669
35	0.6169939481	0.0061598696	-67.8534748264
36	1.1330936792	0.0061598696	-121.1182597280
37	0.4174125098	0.0061598696	-51.9194003106
38	2.1276395847	0.0061598696	-206.4352616987
39	1.4221660323	0.0061598696	-153.9245525376
40	0.5861307005	0.0061598696	-67.5241723552
41	0.5018431538	0.0061598696	-62.2396161201
42	1.3278110396	0.0061598696	-144.5543109653
43	0.8376568920	0.0061598696	-95.4943417251
44	1.0028389704	0.0061598696	-116.8458777965
45	1.3381530914	0.0061598696	-141.0291838110
46	1.2203867381	0.0061598696	-132.6880211196
47	0.7326519740	0.0061598696	-85.6247366861
48	1.5828293828	0.0061598696	-169.7823191834
49	0.3346053186	0.0061598696	-42.3585084441
50	0.6592856987	0.0061598696	-77.9311990718
51	0.0000000000	0.0061598696	-2.2762833312
52	0.1762712784	0.0061598696	-24.7306654130
53	0.1811751009	0.0061598696	-22.4136973459
54	1.3363621013	0.0061598696	-144.8840262962
55	0.9116363467	0.0061598696	-102.6292775375
56	0.3336777058	0.0061598696	-45.5716359282
57	0.0000000000	0.0061598696	-3.2137776406
58	0.3527260994	0.0061598696	-44.2668101957
59	0.9988639201	0.0061598696	-115.8423620964
60	0.7426515678	0.0061598696	-87.4843489129
61	0.0000000000	0.0061598696	-2.4112623148
62	0.5741144956	0.0061598696	-72.6962243609
63	1.5011370961	0.0061598696	-162.7706430304
64	0.7390073436	0.0061598696	-86.4030979066
65	1.5974041104	0.0061598696	-163.5095801753
66	0.9901777220	0.0061598696	-114.7118784510
67	1.8967605146	0.0061598696	-198.9642282401
68	0.2654926532	0.0061598696	-34.6061903570
69	2.0851131176	0.0061598696	-211.8363348856
70	2.2235129166	0.0061598696	-213.9079805423
71	0.8215861221	0.0061598696	-94.6446545253
72	0.6535359855	0.0061598696	-79.8144634241
73	0.0000000000	0.0061598696	-2.4112623148
74	0.3543113470	0.0061598696	-43.7006270128
75	2.9322430264	0.0061598696	-270.1353116121
76	1.0685684700	0.0061598696	-122.2226714332
77	0.0000000000	0.0061598696	-2.4112623148
78	0.6682550314	0.0061598696	-80.5042451992
79	0.9067137267	0.0061598696	-95.5431393192
80	0.1763555344	0.0061598696	-24.3870593534
81	1.1738266489	0.0061598696	-128.6167027748
82	1.0817873082	0.0061598696	-122.8955275371
83	2.5841823536	0.0061598696	-262.0154956354
84	2.5157591899	0.0061598696	-252.6815111580
85	0.4940001455	0.0061598696	-60.7295242705
86	2.9458606771	0.0061598696	-285.5334058254
87	0.7516132055	0.0061598696	-90.0303522028
88	0.7452551588	0.0061598696	-90.1446314925
89	0.5399007825	0.0061598696	-61.7498481562
90	1.4986877866	0.0061598696	-151.6476551524
91	0.0000000000	0.0061598696	-2.4112623148
92	0.4365763112	0.0061598696	-54.4967367868
93	2.1547442843	0.0061598696	-219.2246353454
94	0.0000000000	0.0061598696	-2.0950618986
95	0.3525142626	0.0061598696	-44.5598054223
96	1.2341996137	0.0061598696	-136.3973213811
97	1.4546205353	0.0061598696	-142.7535289704
98	0.4423471903	0.0061598696	-51.4918743899
99	2.1166399154	0.0061598696	-206.7659691358
100	1.2470075380	0.0061598696	-136.5045597767
101	0.0904522635	0.0061598696	-13.5982460675
102	1.5925653949	0.0061598696	-169.4543726627
103	0.5435167772	0.0061598696	-61.5585207422
104	0.0828076557	0.0061598696	-14.8344176227
105	0.8357098931	0.0061598696	-100.0063439105
106	1.4433287540	0.0061598696	-142.6942621839
107	0.3316095057	0.0061598696	-45.4820267548
108	2.8202879996	0.0061598696	-258.7995563999
109	0.8140277559	0.0061598696	-86.5840020713
110	1.2275038418	0.0061598696	-135.5154937626
111	0.0000000000	0.0061598696	-2.4112623148
112	1.9183146281	0.0061598696	-194.1938284722
113	2.0113142269	0.0061598696	-207.5522133736
114	0.4125371443	0.0061598696	-54.5656481815
115	1.1739196726	0.0061598696	-128.7116298197
116	1.2467215312	0.0061598696	-136.6688786815
117	0.9902628744	0.0061598696	-115.5632056488
118	0.6634586950	0.0061598696	-82.4871036895
119	1.0605422003	0.0061598696	-113.9786031900
120	1.9215417281	0.0061598696	-201.4675415703
121	1.2431843244	0.0061598696	-136.3411018717
122	0.0000000000	0.0061598696	-2.4112623148
123	1.5751227299	0.0061598696	-170.0220383496
124	1.7596831503	0.0061598696	-186.8924730231
