site	rate	t	lnL
1	0.5117442667	0.0058201015	-11.1399895879
2	2.1036823372	0.0058201015	-36.7622183456
3	1.9357438122	0.0058201015	-33.6121925092
4	0.0000000000	0.0058201015	-2.4696506330
5	0.0000000000	0.0058201015	-2.6032884029
6	1.4709751209	0.0058201015	-20.4791707451
7	0.6843131149	0.0058201015	-12.1004186762
8	0.0000000000	0.0058201015	-2.8688065719
9	0.6137989456	0.0058201015	-10.8672936853
10	2.7098211353	0.0058201015	-39.8815989115
11	0.0000000000	0.0058201015	-2.8555759489
12	0.6188209648	0.0058201015	-14.3252706558
13	2.5380583291	0.0058201015	-39.1362847648
14	2.2332143179	0.0058201015	-25.4782668246
15	0.0000000000	0.0058201015	-4.0925820035
16	1.9288706033	0.0058201015	-29.3514221725
17	1.6158773472	0.0058201015	-13.0994978188
18	1.3922429634	0.0058201015	-23.1136018652
19	0.4731274121	0.0058201015	-13.7367513432
20	0.7984110908	0.0058201015	-12.3794197553
21	0.6863158531	0.0058201015	-13.6452286792
22	1.3658680702	0.0058201015	-13.0158578621
23	1.0574702854	0.0058201015	-24.5384191929
24	0.0000000000	0.0058201015	-2.5310667072
25	0.6332349190	0.0058201015	-13.8198737376
26	0.0000000000	0.0058201015	-3.1590817186
27	0.0000000000	0.0058201015	-2.6195907803
28	0.0000000000	0.0058201015	-2.6032884029
29	0.0000000000	0.0058201015	-2.4345336376
30	0.0000000000	0.0058201015	-2.9072728527
31	1.4503034707	0.0058201015	-11.7643171719
32	0.6837373391	0.0058201015	-11.7822446774
33	0.0000000000	0.0058201015	-2.8688065719
34	1.3689969052	0.0058201015	-19.8205554782
35	0.0000000000	0.0058201015	-2.5310667072
36	5.7196278664	0.0058201015	-56.9928517633
37	3.0592472293	0.0058201015	-28.1083070951
38	0.6839051011	0.0058201015	-12.7676513273
39	0.6094162229	0.0058201015	-13.9071502006
40	0.0000000000	0.0058201015	-4.5248173527
41	0.6861141703	0.0058201015	-12.7201846552
42	0.0000000000	0.0058201015	-2.4345336376
43	1.3655186597	0.0058201015	-21.7261647216
44	4.1243211656	0.0058201015	-33.2133117874
45	1.2891916699	0.0058201015	-21.3996719073
46	1.1802891438	0.0058201015	-24.9486770208
47	0.6309118151	0.0058201015	-13.3180328604
48	1.1429044907	0.0058201015	-24.5694262495
49	1.0428997907	0.0058201015	-23.6358351889
50	0.6054786918	0.0058201015	-14.2710802249
51	0.0000000000	0.0058201015	-2.5310667072
52	1.0209507764	0.0058201015	-14.2304806105
53	1.4396423554	0.0058201015	-11.6863403467
54	0.0000000000	0.0058201015	-3.2218414074
55	1.0189669941	0.0058201015	-14.3805840025
56	0.4708295396	0.0058201015	-11.2230163136
57	0.0000000000	0.0058201015	-2.9072728527
58	1.0760670435	0.0058201015	-21.9152906998
59	3.1895162171	0.0058201015	-20.4294974662
60	1.2662951796	0.0058201015	-14.0763504510
61	0.0000000000	0.0058201015	-2.6032884029
62	0.0000000000	0.0058201015	-3.1590817186
63	0.0000000000	0.0058201015	-3.0509061778
64	0.0000000000	0.0058201015	-2.5310667072
65	1.0423905032	0.0058201015	-22.7503571428
66	0.0000000000	0.0058201015	-3.2787210756
67	2.2067175542	0.0058201015	-26.9351828455
68	0.7998219509	0.0058201015	-14.3694823821
69	0.7522528950	0.0058201015	-12.5600302145
70	2.4292397178	0.0058201015	-44.8123054491
71	0.7909042035	0.0058201015	-12.3888778575
72	1.6890295468	0.0058201015	-15.4571425785
73	0.0000000000	0.0058201015	-2.6032884029
74	0.0000000000	0.0058201015	-2.5310667072
75	0.6837373501	0.0058201015	-11.7822446774
76	0.0000000000	0.0058201015	-3.2787210756
77	0.6403245623	0.0058201015	-14.1862051489
78	3.2057870130	0.0058201015	-42.4064960666
79	4.3250436333	0.0058201015	-27.8848196390
80	0.0000000000	0.0058201015	-2.4696506330
81	0.9476895055	0.0058201015	-23.5451954729
82	0.6172390117	0.0058201015	-15.5961430950
83	3.1360301290	0.0058201015	-42.8331398706
84	0.0000000000	0.0058201015	-2.6195907803
85	2.0422022042	0.0058201015	-31.5830915176
86	0.6190249898	0.0058201015	-15.5592869615
87	2.3050953781	0.0058201015	-37.0896164095
88	0.5684904629	0.0058201015	-13.4220034659
89	0.0000000000	0.0058201015	-2.6195907803
90	4.8398378582	0.0058201015	-28.4187554077
91	0.0000000000	0.0058201015	-2.6032884029
92	1.2472795244	0.0058201015	-17.9327834550
93	1.4390613056	0.0058201015	-10.7845356961
94	0.0000000000	0.0058201015	-2.6195907803
95	0.5704925218	0.0058201015	-15.1683459494
96	3.3144186865	0.0058201015	-24.3053997746
97	0.6316519658	0.0058201015	-13.9327438570
98	5.2009906141	0.0058201015	-36.1643815654
99	1.3267586657	0.0058201015	-13.4749722110
100	0.0000000000	0.0058201015	-2.5310667072
101	0.0000000000	0.0058201015	-2.4696506330
102	0.0000000000	0.0058201015	-2.5294844284
103	1.5769009184	0.0058201015	-24.0142605684
104	0.0000000000	0.0058201015	-3.1590817186
105	3.5752227912	0.0058201015	-46.4153380513
106	1.2133011321	0.0058201015	-25.7730894803
107	0.6255411888	0.0058201015	-13.2071404623
108	2.0094208319	0.0058201015	-32.2830111734
109	1.4148793641	0.0058201015	-13.7686251228
110	0.0000000000	0.0058201015	-3.0656616433
111	0.0000000000	0.0058201015	-2.6032884029
112	1.9481697061	0.0058201015	-31.2281713949
113	3.6602348338	0.0058201015	-50.1877170893
114	0.0000000000	0.0058201015	-3.0509061778
115	0.0000000000	0.0058201015	-2.6195907803
116	0.0000000000	0.0058201015	-2.5294844284
117	1.0310880496	0.0058201015	-20.5611746195
118	4.0173253950	0.0058201015	-40.4302103190
119	0.5702572346	0.0058201015	-12.4132994371
120	1.9333376632	0.0058201015	-38.4627936328
121	1.6610246538	0.0058201015	-21.2335549812
122	0.0000000000	0.0058201015	-2.4345336376
123	0.5230166757	0.0058201015	-13.9761928497
124	3.4792407410	0.0058201015	-34.5181725706
