site	rate	t	lnL
1	74.0021061271	0.5058084101	-394.9753683772
2	0.7962567546	0.5058084101	-324.9829698948
3	103.5312660568	0.5058084101	-396.1696290494
4	3.2463385914	0.5058084101	-380.9164111056
5	0.0703745394	0.5058084101	-60.6960378458
6	349.8119236478	0.5058084101	-382.9972525309
7	0.7451403694	0.5058084101	-291.9719124261
8	4.8725477108	0.5058084101	-358.8786397495
9	43.6391777872	0.5058084101	-392.4143534155
10	3.7815983913	0.5058084101	-382.6786220196
11	0.7989034650	0.5058084101	-301.6253574358
12	653.2130339650	0.5058084101	-388.4114052322
13	2.5221486545	0.5058084101	-376.7300165757
14	0.6785842803	0.5058084101	-313.8180129198
15	0.7273915545	0.5058084101	-289.0477531575
16	1.4403542197	0.5058084101	-389.2225606235
17	2.8166531191	0.5058084101	-369.0126154941
18	1.2192306100	0.5058084101	-364.8611586428
19	4.3857016386	0.5058084101	-384.6347154833
20	0.2769727549	0.5058084101	-178.3265583021
21	1.1192900662	0.5058084101	-362.0244973734
22	129.2111131787	0.5058084101	-390.9415683826
23	1.4111872822	0.5058084101	-344.3869407584
24	0.2328167656	0.5058084101	-160.9548610644
25	81.0287299491	0.5058084101	-386.6018964958
26	0.3817926249	0.5058084101	-218.1210558452
27	0.8701720451	0.5058084101	-323.7131249768
28	0.0086338370	0.5058084101	-11.0471990310
29	0.2159703496	0.5058084101	-147.6423066793
30	1.1072996719	0.5058084101	-356.5199312771
31	4.2516977480	0.5058084101	-381.5856530358
32	1.3106232936	0.5058084101	-344.3771079323
33	0.5190952385	0.5058084101	-283.6291799173
34	1.8660302892	0.5058084101	-369.1857746559
35	3.5551749602	0.5058084101	-363.8705908701
36	3.8965324875	0.5058084101	-385.8372218934
37	0.7629645039	0.5058084101	-346.6711437838
38	5.0922540551	0.5058084101	-395.0697749432
39	50.2160891446	0.5058084101	-388.2034822232
40	4.8341532376	0.5058084101	-385.1778482625
41	1.1418627418	0.5058084101	-388.0621050918
42	2.6668310997	0.5058084101	-385.2508212406
43	2.8700735782	0.5058084101	-385.4890905415
44	3.2048808269	0.5058084101	-392.6921012022
45	2.3608945755	0.5058084101	-375.9920433076
46	0.5514129393	0.5058084101	-279.6286070663
47	0.8238901742	0.5058084101	-346.0450913604
48	2.0470411570	0.5058084101	-372.8105144113
49	1.0338443456	0.5058084101	-377.3802114705
50	0.8822596018	0.5058084101	-350.3215994130
51	0.0000000000	0.5058084101	-2.6032884029
52	0.8274152595	0.5058084101	-308.9484092078
53	0.8497008667	0.5058084101	-305.8148086060
54	0.8538847823	0.5058084101	-335.6356883615
55	1.0839988568	0.5058084101	-346.3489699348
56	1.3697991036	0.5058084101	-389.2891369671
57	0.3020317949	0.5058084101	-204.6132263639
58	3.2026312925	0.5058084101	-371.3292158190
59	78.5273032712	0.5058084101	-386.4519627661
60	0.6050031833	0.5058084101	-286.2783353082
61	0.0436274011	0.5058084101	-42.3210964664
62	2.4590695906	0.5058084101	-385.3203091057
63	0.4360779522	0.5058084101	-254.7240532249
64	0.8729533724	0.5058084101	-349.1410025070
65	4.5595767211	0.5058084101	-387.4068487807
66	0.5784945616	0.5058084101	-296.1146629859
67	3.5987192705	0.5058084101	-397.1863574335
68	0.8986089568	0.5058084101	-351.6958566541
69	4.0854604021	0.5058084101	-385.6060103883
70	3.3129147189	0.5058084101	-376.6690007910
71	2.1469649312	0.5058084101	-366.7632468464
72	107.7881103121	0.5058084101	-376.4938534778
73	0.0260372468	0.5058084101	-28.0435109626
74	0.5604574873	0.5058084101	-286.0239003236
75	1.8823326527	0.5058084101	-356.7184857976
76	123.8044918424	0.5058084101	-392.0742276324
77	0.1728611991	0.5058084101	-128.9004938925
78	39.3291253004	0.5058084101	-388.3659382154
79	129.6498724535	0.5058084101	-377.3549146735
80	0.7253174754	0.5058084101	-305.2085293356
81	2.7148350594	0.5058084101	-363.3191679225
82	3479.5407655939	0.5058084101	-382.8321951605
83	3.7179032674	0.5058084101	-388.7353703696
84	0.7578816819	0.5058084101	-347.6047363294
85	1.1113352227	0.5058084101	-340.9905174649
86	1.0973963588	0.5058084101	-393.0298528856
87	3.7506210648	0.5058084101	-388.7278590322
88	0.9251760769	0.5058084101	-368.5146099674
89	0.7052412053	0.5058084101	-287.2536678481
90	6.4139668219	0.5058084101	-378.3891180960
91	0.1348105041	0.5058084101	-100.9888176580
92	1.6315305016	0.5058084101	-334.7506500770
93	3.3528219163	0.5058084101	-374.0766857061
94	0.7856311950	0.5058084101	-301.7414401461
95	0.6703169208	0.5058084101	-309.6940701603
96	147.1790275130	0.5058084101	-379.4386180519
97	4.8243377431	0.5058084101	-378.1540496568
98	1.0135651942	0.5058084101	-361.4364855446
99	2.3557506764	0.5058084101	-394.0643387671
100	0.1873771795	0.5058084101	-135.0323568323
101	0.4558460566	0.5058084101	-217.6490559584
102	3.3551055130	0.5058084101	-384.8113259553
103	2.7944527971	0.5058084101	-357.7357779741
104	0.4223866522	0.5058084101	-243.8757561480
105	3.4443026970	0.5058084101	-395.1767508301
106	34.7256754192	0.5058084101	-381.2053817488
107	0.7037299254	0.5058084101	-316.3435706345
108	50.2419672972	0.5058084101	-373.3017600126
109	4.2636928626	0.5058084101	-391.8651980926
110	3.8938421471	0.5058084101	-381.4863162248
111	0.0000000000	0.5058084101	-2.3799746534
112	4740.8001333105	0.5058084101	-386.9753327628
113	3.4365689677	0.5058084101	-399.2067048111
114	0.6408386202	0.5058084101	-324.2394454484
115	3.3756944168	0.5058084101	-387.8627127295
116	5.0063683972	0.5058084101	-386.4768570443
117	124.1375501326	0.5058084101	-387.6130185503
118	1.1370880486	0.5058084101	-374.4909121468
119	2.0295752193	0.5058084101	-383.0423575326
120	3.6448142155	0.5058084101	-383.8250763198
121	0.5254301911	0.5058084101	-266.6616003461
122	0.2733936381	0.5058084101	-165.9903157283
123	208.4771520486	0.5058084101	-393.1460127665
124	3.6209926321	0.5058084101	-388.1011218762
