site	rate	t	lnL
1	157.9622095059	0.5039403154	-387.8237138838
2	0.6837463404	0.5039403154	-309.5102097165
3	2.5093004760	0.5039403154	-391.7715781355
4	2.2039112434	0.5039403154	-382.5529664990
5	0.0974206793	0.5039403154	-77.8653960946
6	2.4076198029	0.5039403154	-386.9260680012
7	0.7930451872	0.5039403154	-293.3248432016
8	1.0754903311	0.5039403154	-347.5549986679
9	4.2378905118	0.5039403154	-385.9452017801
10	2.2787824626	0.5039403154	-380.7606873995
11	0.9543251741	0.5039403154	-326.7902891356
12	733.3075830153	0.5039403154	-397.5163275342
13	1.8914069214	0.5039403154	-365.0831048715
14	0.7989207505	0.5039403154	-332.8695572705
15	0.8330896088	0.5039403154	-304.7063168217
16	1.9456841832	0.5039403154	-384.8650871029
17	2.7095433915	0.5039403154	-375.1779432783
18	818.0920624330	0.5039403154	-362.1846402713
19	62.0300443310	0.5039403154	-385.1555257717
20	0.3572458104	0.5039403154	-214.2420918973
21	1.1671690654	0.5039403154	-363.4513017684
22	3.0970957854	0.5039403154	-389.5116549314
23	2.9720353463	0.5039403154	-350.6735549069
24	0.2992217481	0.5039403154	-195.6588654304
25	4.0681254200	0.5039403154	-380.1531339144
26	0.4243224201	0.5039403154	-238.4878992605
27	0.8572437706	0.5039403154	-330.5373932429
28	0.0260029832	0.5039403154	-26.5817700966
29	0.3011102551	0.5039403154	-183.1415910119
30	0.9161621535	0.5039403154	-343.6682423028
31	2.7143711587	0.5039403154	-379.1209354246
32	1.1834494719	0.5039403154	-356.6731583091
33	0.4929971319	0.5039403154	-281.0520135003
34	3.2645644698	0.5039403154	-384.5895213732
35	2.3897320713	0.5039403154	-357.4273656689
36	7.7227625796	0.5039403154	-382.1356876218
37	0.9290859352	0.5039403154	-354.5653394450
38	3.1673561827	0.5039403154	-389.4120320960
39	74.4195442722	0.5039403154	-381.8465351165
40	1.0789952429	0.5039403154	-373.9279344778
41	2.5312691755	0.5039403154	-394.3858308075
42	56.2139281744	0.5039403154	-394.5827717111
43	6748.3421012148	0.5039403154	-377.5960652343
44	172.1010924129	0.5039403154	-399.7129731253
45	0.9787776329	0.5039403154	-357.9605473485
46	0.5585038910	0.5039403154	-283.0664649343
47	0.5914914873	0.5039403154	-302.3301472276
48	2.9944131182	0.5039403154	-376.2494016215
49	0.9187407006	0.5039403154	-356.4069110207
50	0.8960767507	0.5039403154	-353.6788320293
51	0.0000000000	0.5039403154	-2.7034614512
52	0.8609691153	0.5039403154	-308.3188921146
53	2.8284514464	0.5039403154	-334.9954835314
54	0.8222821740	0.5039403154	-335.9397058383
55	0.7886377949	0.5039403154	-319.8036695673
56	1.1831600999	0.5039403154	-396.4054170723
57	0.3338136677	0.5039403154	-214.8828253534
58	2.7062057116	0.5039403154	-364.6536297354
59	43.0917268343	0.5039403154	-391.0316074211
60	0.6450782058	0.5039403154	-290.0601991218
61	0.1065846302	0.5039403154	-86.1954123643
62	3.7257057300	0.5039403154	-390.1144988038
63	0.4175255900	0.5039403154	-245.1596828116
64	1.0452848294	0.5039403154	-374.1693886139
65	3.7861773898	0.5039403154	-391.9887039900
66	0.5939460117	0.5039403154	-312.1741995054
67	4.4693682597	0.5039403154	-400.6692335749
68	0.8905846151	0.5039403154	-357.4356415798
69	7190.9448528769	0.5039403154	-387.4446660822
70	2.7187216219	0.5039403154	-379.8400572986
71	1176.3839483462	0.5039403154	-376.3434726171
72	148.9940782181	0.5039403154	-373.2967870273
73	0.0702691638	0.5039403154	-61.7603257973
74	0.7498579717	0.5039403154	-322.0065349587
75	1.2624734445	0.5039403154	-352.5560558760
76	2.9419861023	0.5039403154	-407.4594471508
77	0.1344020101	0.5039403154	-104.0730741261
78	4.5422806158	0.5039403154	-388.3388655281
79	2354.4732133032	0.5039403154	-380.9101383123
80	0.6627550749	0.5039403154	-290.6119153719
81	39.3081613667	0.5039403154	-363.6533148895
82	2.9832205300	0.5039403154	-381.0525137833
83	3.2318416890	0.5039403154	-394.3310043187
84	0.6321727337	0.5039403154	-319.7722194183
85	0.9499920461	0.5039403154	-327.2087478057
86	1.3919954864	0.5039403154	-391.7023393010
87	1.9529978407	0.5039403154	-381.1187335997
88	0.9178358678	0.5039403154	-356.1594837610
89	0.4586600157	0.5039403154	-236.2893401463
90	3.3402756989	0.5039403154	-378.1244253156
91	0.1918957782	0.5039403154	-137.3663016119
92	1.3958442907	0.5039403154	-341.2323287587
93	97.9951327061	0.5039403154	-376.6629164405
94	0.7423801716	0.5039403154	-295.2236927021
95	0.6425313383	0.5039403154	-311.3084657234
96	2361.8642426036	0.5039403154	-376.1840427660
97	102.7428463504	0.5039403154	-373.0012746239
98	1.2598742682	0.5039403154	-370.7100729403
99	3.5108125484	0.5039403154	-392.0651207987
100	0.1310713925	0.5039403154	-101.3992672153
101	0.5966343364	0.5039403154	-253.1832874982
102	2.9319975038	0.5039403154	-393.0622191463
103	3.6411438965	0.5039403154	-372.0223093759
104	0.3165010689	0.5039403154	-198.9008483702
105	2.4411230190	0.5039403154	-395.1378216049
106	3.5776347266	0.5039403154	-383.0960834067
107	0.8617843680	0.5039403154	-343.8531772654
108	3.8912371777	0.5039403154	-376.0916103647
109	3.5330639558	0.5039403154	-385.2873497527
110	3.7052953191	0.5039403154	-372.8177640856
111	0.0000000000	0.5039403154	-2.4295139067
112	2.8166478271	0.5039403154	-377.3304922168
113	5.8291482972	0.5039403154	-389.8537914600
114	0.7607743611	0.5039403154	-342.1038025553
115	2.2969360595	0.5039403154	-383.3891437566
116	42.9432850658	0.5039403154	-398.8683619152
117	1312.1644423892	0.5039403154	-376.1730815262
118	2.5589779269	0.5039403154	-374.5752585000
119	1.5510375514	0.5039403154	-392.6710210655
120	1171.2115921834	0.5039403154	-385.6043328837
121	0.5865128012	0.5039403154	-286.6909025602
122	0.2826968559	0.5039403154	-169.9855392291
123	2.7069825386	0.5039403154	-389.5328367818
124	5.6042696612	0.5039403154	-388.9651523623
