site	rate	t	lnL
1	2.5064460187	0.3550605112	-372.3326961954
2	0.6836642724	0.3550605112	-259.8580725068
3	1.7221538648	0.3550605112	-354.9874981936
4	2.2769642702	0.3550605112	-370.9769313716
5	0.0593283581	0.3550605112	-41.1793585542
6	2.2280768536	0.3550605112	-370.2342273606
7	0.7657590245	0.3550605112	-274.3103215121
8	1.0318046074	0.3550605112	-311.1371921933
9	1.7774801379	0.3550605112	-354.7894537662
10	1.7495983453	0.3550605112	-363.5282220532
11	0.5200076423	0.3550605112	-217.5084291970
12	2.4756563061	0.3550605112	-373.4717137165
13	1.2191453771	0.3550605112	-334.8153257662
14	0.7647879704	0.3550605112	-265.1930356742
15	0.2479218768	0.3550605112	-124.1405363945
16	1.3891961294	0.3550605112	-350.0968520722
17	2.0933048202	0.3550605112	-369.8278771403
18	1.2482135626	0.3550605112	-344.7270909878
19	2.1123649908	0.3550605112	-369.9792926711
20	0.1961695653	0.3550605112	-106.3007601578
21	1.4246419898	0.3550605112	-351.4810307123
22	1.0125815875	0.3550605112	-311.8891210988
23	0.7029544418	0.3550605112	-257.4955902489
24	0.1325213549	0.3550605112	-80.5873962840
25	2.0285390895	0.3550605112	-368.0722905630
26	0.1078733927	0.3550605112	-67.2300865174
27	0.5340662474	0.3550605112	-220.3379291861
28	0.0000000000	0.3550605112	-2.9957322736
29	0.1955906968	0.3550605112	-108.5453287941
30	0.6950777978	0.3550605112	-258.6033813746
31	1.6109710791	0.3550605112	-352.3044764117
32	1.2649662060	0.3550605112	-337.7104576074
33	0.5589098746	0.3550605112	-230.0957115301
34	1.5515446599	0.3550605112	-357.8514261428
35	1.3707146230	0.3550605112	-338.5410229037
36	2.1299646608	0.3550605112	-367.7674325388
37	1.3323275638	0.3550605112	-348.7196842906
38	4.2111852254	0.3550605112	-382.3409365779
39	2.0381972640	0.3550605112	-366.1416226420
40	1.1880628167	0.3550605112	-324.3369841696
41	1.4895088980	0.3550605112	-354.3256660399
42	3.3188915733	0.3550605112	-379.5646302768
43	1.4474939362	0.3550605112	-350.1632959242
44	2.1925669412	0.3550605112	-365.3554920487
45	1.5434854005	0.3550605112	-358.9536664286
46	1.0716337053	0.3550605112	-315.9390349622
47	0.8403428252	0.3550605112	-290.0157315073
48	1.3256945795	0.3550605112	-341.8055625639
49	0.8638469689	0.3550605112	-286.1448252636
50	0.8531504117	0.3550605112	-289.7189723765
51	0.0000000000	0.3550605112	-2.9957322736
52	0.5804689509	0.3550605112	-233.3121713735
53	0.6842406725	0.3550605112	-260.5150990702
54	0.8844757989	0.3550605112	-293.5691550747
55	0.5600363167	0.3550605112	-228.2986464282
56	1.3217650271	0.3550605112	-341.8897649618
57	0.2340823338	0.3550605112	-126.2413777133
58	0.8836931693	0.3550605112	-295.3595830632
59	1.9058991978	0.3550605112	-359.1216121292
60	0.6335759631	0.3550605112	-240.4698270980
61	0.0594034538	0.3550605112	-40.1927548931
62	2.7027699559	0.3550605112	-373.7141846776
63	0.3980095205	0.3550605112	-178.9172178572
64	1.0531981263	0.3550605112	-311.7171417786
65	2.0974985144	0.3550605112	-369.5357098057
66	0.4867314724	0.3550605112	-207.9046700388
67	4.3561793741	0.3550605112	-382.4290112710
68	0.7589263775	0.3550605112	-266.6770192560
69	1.6110371505	0.3550605112	-358.8230226699
70	3.1298738140	0.3550605112	-378.3142161587
71	1.2910670742	0.3550605112	-336.3117982261
72	1.3094784622	0.3550605112	-343.7429220866
73	0.0117519399	0.3550605112	-12.4711625306
74	0.6875522025	0.3550605112	-258.1073608211
75	0.8732439599	0.3550605112	-291.6027214507
76	2.5426943770	0.3550605112	-375.7341661464
77	0.1079321094	0.3550605112	-66.9378917776
78	2.1983831487	0.3550605112	-368.1633330609
79	1.7792203911	0.3550605112	-353.8567507351
80	0.7272999102	0.3550605112	-259.5826469901
81	0.9529607487	0.3550605112	-307.2258683225
82	2.1867145580	0.3550605112	-369.9939309322
83	3.0387991166	0.3550605112	-379.1020409158
84	0.5630353965	0.3550605112	-226.7896151480
85	0.7322283444	0.3550605112	-264.8129912209
86	1.5778520423	0.3550605112	-353.8502721741
87	1.5581561283	0.3550605112	-360.5960779872
88	0.8288705819	0.3550605112	-283.7074098107
89	0.3548742491	0.3550605112	-166.6921018504
90	2.1039264733	0.3550605112	-366.9807222968
91	0.1454068750	0.3550605112	-82.2531205611
92	0.7290467788	0.3550605112	-260.4102476175
93	1.4215479357	0.3550605112	-353.1707849080
94	0.6448865578	0.3550605112	-245.4500380326
95	0.8117258013	0.3550605112	-279.1817657104
96	1.2895471370	0.3550605112	-343.1529637586
97	2.8572403615	0.3550605112	-379.0449197220
98	1.5173051823	0.3550605112	-353.1592089580
99	2.2173727511	0.3550605112	-371.0584065150
100	0.1575061183	0.3550605112	-90.2556820133
101	0.2214442934	0.3550605112	-116.7587243011
102	2.7371228262	0.3550605112	-376.7808062395
103	1.4448866613	0.3550605112	-342.8319602714
104	0.2748879903	0.3550605112	-139.3012846283
105	1.6910652462	0.3550605112	-361.3382625907
106	1.6959733570	0.3550605112	-364.8049511701
107	0.6828978466	0.3550605112	-255.8310527680
108	1.8122027638	0.3550605112	-366.1621573392
109	2.5218126089	0.3550605112	-372.6704263934
110	1.9060051238	0.3550605112	-362.1858579925
111	0.0000000000	0.3550605112	-2.9957322736
112	1.6757088526	0.3550605112	-356.3656798867
113	2.6744264589	0.3550605112	-375.1380883018
114	0.6126176056	0.3550605112	-234.7929706744
115	1.5072465289	0.3550605112	-351.8842028644
116	2.3511587048	0.3550605112	-368.3870186344
117	2.8434503922	0.3550605112	-375.9138333139
118	1.2142265518	0.3550605112	-330.1767679424
119	1.1694113103	0.3550605112	-329.5556600079
120	1.9033568733	0.3550605112	-363.6281994959
121	0.3563170454	0.3550605112	-160.9511690594
122	0.2604637366	0.3550605112	-131.0420025063
123	1.9068310919	0.3550605112	-366.4487848767
124	3.5574204472	0.3550605112	-380.6847710180
