site	rate	t	lnL
1	0.0000000000	0.0006041677	-2.9957322736
2	0.0000000000	0.0006041677	-2.9957322736
3	0.0000000000	0.0006041677	-2.9957322736
4	0.0000000000	0.0006041677	-2.9957322736
5	0.0000000000	0.0006041677	-2.9957322736
6	6.9037753155	0.0006041677	-12.4711624560
7	0.0000000000	0.0006041677	-2.9957322736
8	0.0000000000	0.0006041677	-2.9957322736
9	0.0000000000	0.0006041677	-2.9957322736
10	6.9023194520	0.0006041677	-12.4713721414
11	0.0000000000	0.0006041677	-2.9957322736
12	6.9023194999	0.0006041677	-12.4713721414
13	0.0000000000	0.0006041677	-2.9957322736
14	6.9023195403	0.0006041677	-12.4713721414
15	0.0000000000	0.0006041677	-2.9957322736
16	0.0000000000	0.0006041677	-2.9957322736
17	0.0000000000	0.0006041677	-2.9957322736
18	0.0000000000	0.0006041677	-2.9957322736
19	0.0000000000	0.0006041677	-2.9957322736
20	0.0000000000	0.0006041677	-2.9957322736
21	6.9037761853	0.0006041677	-12.4711623680
22	0.0000000000	0.0006041677	-2.9957322736
23	0.0000000000	0.0006041677	-2.9957322736
24	0.0000000000	0.0006041677	-2.9957322736
25	0.0000000000	0.0006041677	-2.9957322736
26	0.0000000000	0.0006041677	-2.9957322736
27	0.0000000000	0.0006041677	-2.9957322736
28	0.0000000000	0.0006041677	-2.9957322736
29	0.0000000000	0.0006041677	-2.9957322736
30	0.0000000000	0.0006041677	-2.9957322736
31	0.0000000000	0.0006041677	-2.9957322736
32	0.0000000000	0.0006041677	-2.9957322736
33	0.0000000000	0.0006041677	-2.9957322736
34	6.9023207338	0.0006041677	-12.4713721414
35	0.0000000000	0.0006041677	-2.9957322736
36	0.0000000000	0.0006041677	-2.9957322736
37	0.0000000000	0.0006041677	-2.9957322736
38	0.0000000000	0.0006041677	-2.9957322736
39	0.0000000000	0.0006041677	-2.9957322736
40	0.0000000000	0.0006041677	-2.9957322736
41	6.9037766673	0.0006041677	-12.4711623680
42	0.0000000000	0.0006041677	-2.9957322736
43	6.9023195179	0.0006041677	-12.4713721414
44	0.0000000000	0.0006041677	-2.9957322736
45	0.0000000000	0.0006041677	-2.9957322736
46	0.0000000000	0.0006041677	-2.9957322736
47	6.9023195152	0.0006041677	-12.4713721414
48	0.0000000000	0.0006041677	-2.9957322736
49	0.0000000000	0.0006041677	-2.9957322736
50	0.0000000000	0.0006041677	-2.9957322736
51	0.0000000000	0.0006041677	-2.9957322736
52	0.0000000000	0.0006041677	-2.9957322736
53	0.0000000000	0.0006041677	-2.9957322736
54	0.0000000000	0.0006041677	-2.9957322736
55	0.0000000000	0.0006041677	-2.9957322736
56	0.0000000000	0.0006041677	-2.9957322736
57	0.0000000000	0.0006041677	-2.9957322736
58	0.0000000000	0.0006041677	-2.9957322736
59	0.0000000000	0.0006041677	-2.9957322736
60	0.0000000000	0.0006041677	-2.9957322736
61	0.0000000000	0.0006041677	-2.9957322736
62	6.9037748969	0.0006041677	-12.4711624560
63	0.0000000000	0.0006041677	-2.9957322736
64	0.0000000000	0.0006041677	-2.9957322736
65	0.0000000000	0.0006041677	-2.9957322736
66	0.0000000000	0.0006041677	-2.9957322736
67	0.0000000000	0.0006041677	-2.9957322736
68	0.0000000000	0.0006041677	-2.9957322736
69	0.0000000000	0.0006041677	-2.9957322736
70	0.0000000000	0.0006041677	-2.9957322736
71	0.0000000000	0.0006041677	-2.9957322736
72	0.0000000000	0.0006041677	-2.9957322736
73	0.0000000000	0.0006041677	-2.9957322736
74	0.0000000000	0.0006041677	-2.9957322736
75	0.0000000000	0.0006041677	-2.9957322736
76	0.0000000000	0.0006041677	-2.9957322736
77	0.0000000000	0.0006041677	-2.9957322736
78	0.0000000000	0.0006041677	-2.9957322736
79	0.0000000000	0.0006041677	-2.9957322736
80	0.0000000000	0.0006041677	-2.9957322736
81	0.0000000000	0.0006041677	-2.9957322736
82	0.0000000000	0.0006041677	-2.9957322736
83	0.0000000000	0.0006041677	-2.9957322736
84	0.0000000000	0.0006041677	-2.9957322736
85	0.0000000000	0.0006041677	-2.9957322736
86	0.0000000000	0.0006041677	-2.9957322736
87	0.0000000000	0.0006041677	-2.9957322736
88	0.0000000000	0.0006041677	-2.9957322736
89	0.0000000000	0.0006041677	-2.9957322736
90	0.0000000000	0.0006041677	-2.9957322736
91	0.0000000000	0.0006041677	-2.9957322736
92	0.0000000000	0.0006041677	-2.9957322736
93	6.9023195421	0.0006041677	-12.4713721414
94	0.0000000000	0.0006041677	-2.9957322736
95	0.0000000000	0.0006041677	-2.9957322736
96	0.0000000000	0.0006041677	-2.9957322736
97	6.9037753246	0.0006041677	-12.4711623680
98	0.0000000000	0.0006041677	-2.9957322736
99	13.8395038433	0.0006041677	-20.5559001417
100	0.0000000000	0.0006041677	-2.9957322736
101	0.0000000000	0.0006041677	-2.9957322736
102	0.0000000000	0.0006041677	-2.9957322736
103	0.0000000000	0.0006041677	-2.9957322736
104	0.0000000000	0.0006041677	-2.9957322736
105	0.0000000000	0.0006041677	-2.9957322736
106	0.0000000000	0.0006041677	-2.9957322736
107	0.0000000000	0.0006041677	-2.9957322736
108	0.0000000000	0.0006041677	-2.9957322736
109	0.0000000000	0.0006041677	-2.9957322736
110	6.9023196092	0.0006041677	-12.4713721414
111	0.0000000000	0.0006041677	-2.9957322736
112	0.0000000000	0.0006041677	-2.9957322736
113	0.0000000000	0.0006041677	-2.9957322736
114	6.9037753979	0.0006041677	-12.4711624560
115	0.0000000000	0.0006041677	-2.9957322736
116	6.9037747294	0.0006041677	-12.4711624560
117	0.0000000000	0.0006041677	-2.9957322736
118	0.0000000000	0.0006041677	-2.9957322736
119	0.0000000000	0.0006041677	-2.9957322736
120	0.0000000000	0.0006041677	-2.9957322736
121	0.0000000000	0.0006041677	-2.9957322736
122	0.0000000000	0.0006041677	-2.9957322736
123	0.0000000000	0.0006041677	-2.9957322736
124	6.9037753672	0.0006041677	-12.4711624560
