site	rate	t	lnL
1	0.6713910989	0.0063240795	-13.8908353837
2	0.6996302200	0.0063240795	-12.1313196932
3	0.0000000000	0.0063240795	-2.4763746030
4	1.3428134791	0.0063240795	-20.4064148298
5	0.0000000000	0.0063240795	-2.4748764754
6	0.6484348605	0.0063240795	-13.4338182579
7	0.7187145893	0.0063240795	-10.9268724064
8	0.6713911117	0.0063240795	-11.2238042021
9	0.7096707397	0.0063240795	-11.8531759904
10	1.9394825305	0.0063240795	-29.9124465360
11	0.7185794429	0.0063240795	-11.0912574431
12	0.6996303879	0.0063240795	-11.5751110636
13	0.6976818199	0.0063240795	-11.5778946129
14	2.6742262849	0.0063240795	-34.6004897469
15	1.4419696782	0.0063240795	-18.1896255576
16	1.4409950835	0.0063240795	-19.7374112389
17	0.6603086232	0.0063240795	-13.5008104942
18	1.3496879045	0.0063240795	-19.3872810978
19	1.3678224561	0.0063240795	-19.4225155432
20	0.0000000000	0.0063240795	-2.9703514635
21	0.6988929401	0.0063240795	-11.5761641679
22	0.0000000000	0.0063240795	-2.4763746030
23	0.7187146129	0.0063240795	-10.9268724064
24	0.0000000000	0.0063240795	-4.7235519391
25	0.0000000000	0.0063240795	-3.4497355615
26	1.3689252181	0.0063240795	-19.2729654478
27	0.0000000000	0.0063240795	-2.4763746030
28	0.0000000000	0.0063240795	-2.4748764754
29	0.0000000000	0.0063240795	-2.0565207575
30	0.6484348626	0.0063240795	-12.3522750293
31	1.3460417763	0.0063240795	-19.3312654358
32	1.3731450994	0.0063240795	-19.7131163118
33	0.6603085021	0.0063240795	-13.2268085257
34	2.7186477162	0.0063240795	-34.8782982437
35	0.0000000000	0.0063240795	-2.8935269318
36	0.6996301902	0.0063240795	-11.1579587348
37	1.9978266900	0.0063240795	-28.1605087114
38	1.4415819410	0.0063240795	-20.6978191835
39	1.4323685202	0.0063240795	-19.4985911521
40	0.6484308167	0.0063240795	-12.7899981052
41	0.6630132798	0.0063240795	-12.8143246690
42	2.1671240293	0.0063240795	-26.7776859368
43	0.6840812404	0.0063240795	-11.8899803845
44	1.3191036279	0.0063240795	-22.1412547552
45	0.6633229838	0.0063240795	-12.7541677695
46	1.3522183840	0.0063240795	-21.2336084525
47	0.6409890710	0.0063240795	-15.0096422266
48	4.7538562427	0.0063240795	-53.4674917433
49	1.2987231190	0.0063240795	-19.5404525786
50	0.6996302200	0.0063240795	-11.6519355952
51	0.6722254598	0.0063240795	-11.9059279804
52	0.0000000000	0.0063240795	-2.4763746030
53	0.0000000000	0.0063240795	-2.0565207575
54	2.7107482389	0.0063240795	-35.2506175672
55	0.0000000000	0.0063240795	-2.4763746030
56	0.6482950831	0.0063240795	-13.2901320677
57	0.0000000000	0.0063240795	-4.1508509117
58	1.9555337143	0.0063240795	-26.3757490229
59	0.6862949573	0.0063240795	-10.9729276545
60	1.4030424431	0.0063240795	-19.9185787163
61	0.0000000000	0.0063240795	-2.4748764754
62	1.3663775053	0.0063240795	-20.5048358800
63	0.0000000000	0.0063240795	-4.0519109638
64	1.9995655848	0.0063240795	-29.0975959590
65	2.5970719005	0.0063240795	-36.9500256768
66	0.6486993620	0.0063240795	-12.7671121052
67	1.3297618786	0.0063240795	-20.1230826376
68	0.6746459899	0.0063240795	-12.5474190536
69	1.3293793989	0.0063240795	-21.0441571127
70	3.6290488138	0.0063240795	-41.9975968712
71	0.0000000000	0.0063240795	-3.6883755488
72	1.9535178476	0.0063240795	-27.9252609667
73	0.0000000000	0.0063240795	-2.4748764754
74	2.5959075818	0.0063240795	-37.1396236845
75	1.9966999286	0.0063240795	-29.0182751097
76	1.9500884896	0.0063240795	-30.9423821571
77	0.0000000000	0.0063240795	-2.4748764754
78	1.3729550566	0.0063240795	-20.7500664729
79	0.6633229465	0.0063240795	-12.2576496188
80	0.0000000000	0.0063240795	-2.4763746030
81	0.7182087398	0.0063240795	-11.8412460853
82	1.2976641037	0.0063240795	-20.9205901667
83	0.6746459007	0.0063240795	-11.1542042496
84	0.0000000000	0.0063240795	-4.0519109638
85	1.9316390052	0.0063240795	-31.6634540986
86	0.0000000000	0.0063240795	-2.2607555417
87	2.6701989598	0.0063240795	-35.1204044880
88	1.3187201331	0.0063240795	-22.5591884343
89	1.3312075176	0.0063240795	-18.9781236367
90	2.6078059952	0.0063240795	-35.9055265738
91	0.0000000000	0.0063240795	-2.4748764754
92	0.6723239317	0.0063240795	-11.6422738850
93	0.0000000000	0.0063240795	-3.6883755488
94	1.4412237533	0.0063240795	-19.5396113529
95	0.6714867702	0.0063240795	-12.0572618858
96	1.9827164691	0.0063240795	-29.7757371268
97	1.3000926674	0.0063240795	-19.6893451049
98	2.5783234358	0.0063240795	-34.1156666291
99	2.6553235738	0.0063240795	-35.7114757097
100	0.0000000000	0.0063240795	-2.9703514635
101	0.0000000000	0.0063240795	-2.0565207575
102	1.3002991059	0.0063240795	-21.2462219109
103	0.6746459143	0.0063240795	-11.5740580952
104	0.0000000000	0.0063240795	-3.0363652738
105	1.3504375505	0.0063240795	-21.9074021081
106	0.6746459346	0.0063240795	-11.3584390338
107	0.0000000000	0.0063240795	-2.2607555417
108	0.6450425709	0.0063240795	-12.9518377498
109	0.0000000000	0.0063240795	-2.6405705708
110	0.0000000000	0.0063240795	-2.0565207575
111	0.0000000000	0.0063240795	-2.4748764754
112	2.0011934065	0.0063240795	-26.9927349229
113	1.2997280215	0.0063240795	-21.9299713986
114	0.6996302200	0.0063240795	-11.1579587348
115	0.6996303888	0.0063240795	-13.4051360709
116	1.3178162994	0.0063240795	-22.7383714783
117	0.6996302200	0.0063240795	-11.5751110636
118	1.3190119662	0.0063240795	-21.0563386356
119	0.6625767774	0.0063240795	-12.7459890015
120	0.0000000000	0.0063240795	-3.4032155458
121	1.3526101684	0.0063240795	-19.7768522560
122	1.9364524856	0.0063240795	-27.7397661007
123	0.6596454450	0.0063240795	-11.9922916346
124	2.1066215212	0.0063240795	-28.1346581434
