site	rate	t	lnL
1	0.0000000000	0.0008392420	-2.9957322736
2	0.0000000000	0.0008392420	-2.9957322736
3	0.0000000000	0.0008392420	-2.9957322736
4	0.0000000000	0.0008392420	-2.9957322736
5	0.0000000000	0.0008392420	-2.9957322736
6	9.9651421121	0.0008392420	-20.5554777277
7	4.9700062014	0.0008392420	-12.4711624560
8	0.0000000000	0.0008392420	-2.9957322736
9	0.0000000000	0.0008392420	-2.9957322736
10	0.0000000000	0.0008392420	-2.9957322736
11	0.0000000000	0.0008392420	-2.9957322736
12	0.0000000000	0.0008392420	-2.9957322736
13	0.0000000000	0.0008392420	-2.9957322736
14	0.0000000000	0.0008392420	-2.9957322736
15	0.0000000000	0.0008392420	-2.9957322736
16	0.0000000000	0.0008392420	-2.9957322736
17	0.0000000000	0.0008392420	-2.9957322736
18	0.0000000000	0.0008392420	-2.9957322736
19	4.9700070648	0.0008392420	-12.4711623680
20	0.0000000000	0.0008392420	-2.9957322736
21	4.9700070493	0.0008392420	-12.4711623680
22	0.0000000000	0.0008392420	-2.9957322736
23	0.0000000000	0.0008392420	-2.9957322736
24	0.0000000000	0.0008392420	-2.9957322736
25	0.0000000000	0.0008392420	-2.9957322736
26	0.0000000000	0.0008392420	-2.9957322736
27	4.9689581433	0.0008392420	-12.4713721414
28	0.0000000000	0.0008392420	-2.9957322736
29	0.0000000000	0.0008392420	-2.9957322736
30	0.0000000000	0.0008392420	-2.9957322736
31	0.0000000000	0.0008392420	-2.9957322736
32	0.0000000000	0.0008392420	-2.9957322736
33	0.0000000000	0.0008392420	-2.9957322736
34	0.0000000000	0.0008392420	-2.9957322736
35	0.0000000000	0.0008392420	-2.9957322736
36	0.0000000000	0.0008392420	-2.9957322736
37	0.0000000000	0.0008392420	-2.9957322736
38	4.9689581031	0.0008392420	-12.4713721414
39	4.9689581320	0.0008392420	-12.4713721414
40	0.0000000000	0.0008392420	-2.9957322736
41	0.0000000000	0.0008392420	-2.9957322736
42	0.0000000000	0.0008392420	-2.9957322736
43	0.0000000000	0.0008392420	-2.9957322736
44	0.0000000000	0.0008392420	-2.9957322736
45	0.0000000000	0.0008392420	-2.9957322736
46	0.0000000000	0.0008392420	-2.9957322736
47	4.9700062493	0.0008392420	-12.4711624560
48	4.9689581873	0.0008392420	-12.4713721414
49	0.0000000000	0.0008392420	-2.9957322736
50	4.9700071344	0.0008392420	-12.4711623680
51	0.0000000000	0.0008392420	-2.9957322736
52	0.0000000000	0.0008392420	-2.9957322736
53	0.0000000000	0.0008392420	-2.9957322736
54	0.0000000000	0.0008392420	-2.9957322736
55	0.0000000000	0.0008392420	-2.9957322736
56	0.0000000000	0.0008392420	-2.9957322736
57	0.0000000000	0.0008392420	-2.9957322736
58	0.0000000000	0.0008392420	-2.9957322736
59	0.0000000000	0.0008392420	-2.9957322736
60	0.0000000000	0.0008392420	-2.9957322736
61	0.0000000000	0.0008392420	-2.9957322736
62	0.0000000000	0.0008392420	-2.9957322736
63	0.0000000000	0.0008392420	-2.9957322736
64	0.0000000000	0.0008392420	-2.9957322736
65	4.9689580876	0.0008392420	-12.4713721414
66	0.0000000000	0.0008392420	-2.9957322736
67	0.0000000000	0.0008392420	-2.9957322736
68	0.0000000000	0.0008392420	-2.9957322736
69	0.0000000000	0.0008392420	-2.9957322736
70	4.9689579895	0.0008392420	-12.4713721414
71	0.0000000000	0.0008392420	-2.9957322736
72	0.0000000000	0.0008392420	-2.9957322736
73	0.0000000000	0.0008392420	-2.9957322736
74	0.0000000000	0.0008392420	-2.9957322736
75	0.0000000000	0.0008392420	-2.9957322736
76	0.0000000000	0.0008392420	-2.9957322736
77	0.0000000000	0.0008392420	-2.9957322736
78	0.0000000000	0.0008392420	-2.9957322736
79	0.0000000000	0.0008392420	-2.9957322736
80	0.0000000000	0.0008392420	-2.9957322736
81	0.0000000000	0.0008392420	-2.9957322736
82	4.9689579764	0.0008392420	-12.4713721414
83	4.9689584714	0.0008392420	-12.4713721414
84	0.0000000000	0.0008392420	-2.9957322736
85	0.0000000000	0.0008392420	-2.9957322736
86	4.9689581529	0.0008392420	-12.4713721414
87	4.9689581534	0.0008392420	-12.4713721414
88	0.0000000000	0.0008392420	-2.9957322736
89	0.0000000000	0.0008392420	-2.9957322736
90	4.9689581422	0.0008392420	-12.4713721414
91	0.0000000000	0.0008392420	-2.9957322736
92	0.0000000000	0.0008392420	-2.9957322736
93	0.0000000000	0.0008392420	-2.9957322736
94	0.0000000000	0.0008392420	-2.9957322736
95	4.9689581407	0.0008392420	-12.4713721414
96	0.0000000000	0.0008392420	-2.9957322736
97	0.0000000000	0.0008392420	-2.9957322736
98	4.9700062561	0.0008392420	-12.4711624560
99	0.0000000000	0.0008392420	-2.9957322736
100	0.0000000000	0.0008392420	-2.9957322736
101	0.0000000000	0.0008392420	-2.9957322736
102	4.9700070735	0.0008392420	-12.4711623680
103	0.0000000000	0.0008392420	-2.9957322736
104	0.0000000000	0.0008392420	-2.9957322736
105	0.0000000000	0.0008392420	-2.9957322736
106	0.0000000000	0.0008392420	-2.9957322736
107	0.0000000000	0.0008392420	-2.9957322736
108	4.9689575274	0.0008392420	-12.4713721414
109	0.0000000000	0.0008392420	-2.9957322736
110	0.0000000000	0.0008392420	-2.9957322736
111	0.0000000000	0.0008392420	-2.9957322736
112	0.0000000000	0.0008392420	-2.9957322736
113	0.0000000000	0.0008392420	-2.9957322736
114	0.0000000000	0.0008392420	-2.9957322736
115	0.0000000000	0.0008392420	-2.9957322736
116	4.9689581804	0.0008392420	-12.4713721414
117	0.0000000000	0.0008392420	-2.9957322736
118	0.0000000000	0.0008392420	-2.9957322736
119	0.0000000000	0.0008392420	-2.9957322736
120	0.0000000000	0.0008392420	-2.9957322736
121	0.0000000000	0.0008392420	-2.9957322736
122	0.0000000000	0.0008392420	-2.9957322736
123	4.9691064975	0.0008392420	-12.4713721418
124	4.9700072335	0.0008392420	-12.4711623680
