site	rate	t	lnL
1	1.8494234339	0.3755628324	-356.2662803579
2	0.9448052439	0.3755628324	-306.0045909986
3	1.8373230526	0.3755628324	-382.9546157304
4	1.6179905451	0.3755628324	-356.4492323822
5	0.1561370879	0.3755628324	-89.8546742786
6	2.1154345284	0.3755628324	-374.2304766736
7	0.5013881774	0.3755628324	-195.7238283942
8	0.8342294671	0.3755628324	-276.0756274837
9	1.7807068114	0.3755628324	-364.2479508105
10	1.3002448338	0.3755628324	-343.6574337815
11	0.5131783593	0.3755628324	-205.4365904882
12	3.8473680656	0.3755628324	-383.5681030618
13	1.3411288198	0.3755628324	-330.7930644484
14	1.0479990946	0.3755628324	-313.9468345411
15	0.6176616515	0.3755628324	-228.4442357850
16	1.5670438429	0.3755628324	-378.7506186945
17	1.1070728638	0.3755628324	-329.3150836541
18	1.2568975898	0.3755628324	-322.2919594628
19	1.6101391925	0.3755628324	-355.9348680469
20	0.6318312708	0.3755628324	-241.2389480111
21	0.9578801143	0.3755628324	-303.9223199834
22	1.1332240448	0.3755628324	-334.7839297553
23	1.0043939199	0.3755628324	-298.3104306313
24	0.1236864745	0.3755628324	-77.9822050386
25	1.3879621101	0.3755628324	-359.8573677416
26	0.2012997429	0.3755628324	-111.7341253644
27	0.4104939464	0.3755628324	-184.3887453747
28	0.0116137900	0.3755628324	-10.9810179065
29	0.1232212458	0.3755628324	-73.4818624788
30	1.0493994881	0.3755628324	-311.5377669544
31	2.0083557943	0.3755628324	-358.8870275686
32	0.7001728249	0.3755628324	-253.9663727859
33	0.2441572908	0.3755628324	-137.3139926620
34	1.7693377628	0.3755628324	-369.8479364148
35	1.0322117756	0.3755628324	-308.4729700046
36	2.4539492910	0.3755628324	-373.4079076069
37	1.4239815965	0.3755628324	-360.1156779390
38	2.1462067238	0.3755628324	-379.2270641096
39	2.2484165326	0.3755628324	-372.6529862686
40	1.1515504499	0.3755628324	-346.6692271829
41	1.4573805872	0.3755628324	-365.2647361458
42	2.3869155444	0.3755628324	-384.0204340426
43	1.7570005029	0.3755628324	-351.6738105884
44	1.9207712354	0.3755628324	-382.2364509584
45	1.4546284809	0.3755628324	-349.0989287806
46	0.6292329177	0.3755628324	-246.2201600443
47	0.7557743369	0.3755628324	-264.9143276445
48	1.4313354702	0.3755628324	-347.2818174567
49	0.8924403731	0.3755628324	-297.6665012987
50	0.7760067365	0.3755628324	-280.0149309439
51	0.0000000000	0.3755628324	-2.6370432302
52	0.5011653729	0.3755628324	-197.1129684703
53	0.7994433099	0.3755628324	-263.5663009022
54	0.9635653985	0.3755628324	-302.0489556091
55	0.6570792607	0.3755628324	-249.4835925677
56	1.1850910981	0.3755628324	-345.2850937573
57	0.1472891432	0.3755628324	-93.0538609888
58	1.1439572574	0.3755628324	-323.2497239618
59	1.9272765435	0.3755628324	-369.4319069757
60	0.5973121306	0.3755628324	-232.9830896622
61	0.0831952523	0.3755628324	-53.4518476009
62	1.8790200188	0.3755628324	-371.9086083461
63	0.5637047685	0.3755628324	-242.6693946152
64	0.8464705816	0.3755628324	-290.5029384440
65	2.0880143211	0.3755628324	-384.4839685359
66	0.5538925672	0.3755628324	-228.7479014297
67	1.8751735119	0.3755628324	-381.0343212039
68	0.5031501218	0.3755628324	-215.6430167811
69	1.4837168303	0.3755628324	-356.8957138606
70	2.0514808473	0.3755628324	-366.4051218481
71	1.2865496331	0.3755628324	-339.7812437889
72	1.8097080350	0.3755628324	-361.9681428947
73	0.0349682219	0.3755628324	-27.8024244410
74	1.4122247699	0.3755628324	-357.5392730400
75	1.1996938544	0.3755628324	-313.9259878057
76	1.7918128955	0.3755628324	-383.1580955365
77	0.1802824675	0.3755628324	-96.0646913843
78	2.5975443871	0.3755628324	-391.6836347066
79	2.2148147818	0.3755628324	-365.3154438947
80	0.6506653131	0.3755628324	-239.6723063722
81	1.4938871455	0.3755628324	-347.9737680140
82	1.8600600879	0.3755628324	-376.0091998149
83	2.4305785240	0.3755628324	-391.4847347870
84	0.7376031980	0.3755628324	-283.4150716610
85	0.9543695637	0.3755628324	-291.5870553921
86	1.1983397536	0.3755628324	-343.4230242606
87	1.2943244502	0.3755628324	-341.1826315084
88	0.8578397746	0.3755628324	-295.0765608751
89	0.1879565248	0.3755628324	-97.3795557623
90	6.1092407231	0.3755628324	-379.7937703125
91	0.2186970413	0.3755628324	-115.6350861959
92	0.8288458760	0.3755628324	-266.0058072113
93	1.8327449826	0.3755628324	-359.7569680866
94	0.4871741107	0.3755628324	-197.5067671092
95	0.4997678985	0.3755628324	-222.0005189452
96	2.0567401805	0.3755628324	-370.3019327565
97	2.5439767772	0.3755628324	-373.6148758853
98	0.9501685228	0.3755628324	-309.0602384805
99	2.3452005600	0.3755628324	-378.0692701142
100	0.0807961278	0.3755628324	-54.8588442349
101	0.3075918323	0.3755628324	-139.8291031867
102	2.0558782407	0.3755628324	-370.3922000936
103	2.0805194977	0.3755628324	-354.3024693198
104	0.4848006205	0.3755628324	-208.2880630282
105	1.3712826107	0.3755628324	-358.8068201829
106	1.7534006021	0.3755628324	-345.0099386113
107	0.5552917739	0.3755628324	-228.4193953912
108	1.6960881319	0.3755628324	-356.3813311616
109	2.7504648888	0.3755628324	-386.0174226207
110	2.1270426935	0.3755628324	-362.6787471835
111	0.0232592895	0.3755628324	-20.5535255557
112	4.0828772300	0.3755628324	-386.1574229520
113	2.3542646291	0.3755628324	-375.2331307217
114	1.2093748658	0.3755628324	-344.9302248799
115	1.3835096318	0.3755628324	-357.1635486497
116	2.3562846733	0.3755628324	-378.5109705654
117	2.0742550587	0.3755628324	-360.1185983822
118	1.0520237219	0.3755628324	-318.6143796973
119	1.3039526677	0.3755628324	-349.1686643292
120	2.3155485839	0.3755628324	-373.7891487602
121	0.7044676282	0.3755628324	-264.1981309647
122	0.1563692026	0.3755628324	-92.0992744057
123	1.3447745179	0.3755628324	-353.5959270631
124	1.9434540787	0.3755628324	-380.0484364113
