site	rate	t	lnL
1	4.7593503169	0.0008304875	-10.8540084761
2	4.3156880180	0.0008304875	-11.8666095529
3	12.8126491581	0.0008304875	-25.0890896664
4	0.0000000000	0.0008304875	-3.1968791128
5	0.0000000000	0.0008304875	-2.1132735741
6	0.0000000000	0.0008304875	-3.0272208600
7	0.0000000000	0.0008304875	-2.8822145940
8	0.0000000000	0.0008304875	-2.1132735741
9	5.0497658154	0.0008304875	-15.2722171491
10	0.0000000000	0.0008304875	-2.3671236141
11	0.0000000000	0.0008304875	-3.4281449289
12	0.0000000000	0.0008304875	-3.2234224354
13	0.0000000000	0.0008304875	-2.8788456969
14	0.0000000000	0.0008304875	-2.8743714165
15	0.0000000000	0.0008304875	-2.3419066177
16	0.0000000000	0.0008304875	-3.0285220964
17	0.0000000000	0.0008304875	-2.8743714165
18	0.0000000000	0.0008304875	-2.3419066177
19	0.0000000000	0.0008304875	-2.8788456969
20	0.0000000000	0.0008304875	-2.8743714165
21	0.0000000000	0.0008304875	-2.8822145940
22	0.0000000000	0.0008304875	-3.0285220964
23	0.0000000000	0.0008304875	-2.8788456969
24	0.0000000000	0.0008304875	-3.2108436532
25	0.0000000000	0.0008304875	-2.8822145940
26	0.0000000000	0.0008304875	-2.7291894067
27	0.0000000000	0.0008304875	-2.3419066177
28	0.0000000000	0.0008304875	-2.1132735741
29	0.0000000000	0.0008304875	-2.3671236141
30	0.0000000000	0.0008304875	-2.1132735741
31	0.0000000000	0.0008304875	-2.3671236141
32	0.0000000000	0.0008304875	-3.0272208600
33	0.0000000000	0.0008304875	-3.4339872045
34	0.0000000000	0.0008304875	-3.2171132662
35	0.0000000000	0.0008304875	-3.4281449289
36	0.0000000000	0.0008304875	-4.0963627264
37	0.0000000000	0.0008304875	-3.0285220964
38	3.4164012546	0.0008304875	-14.0392989094
39	0.0000000000	0.0008304875	-3.2108436532
40	0.0000000000	0.0008304875	-3.2108436532
41	0.0000000000	0.0008304875	-2.1132735741
42	5.6728604644	0.0008304875	-14.2048558340
43	0.0000000000	0.0008304875	-3.2108436532
44	5.4278825396	0.0008304875	-12.1147944243
45	0.0000000000	0.0008304875	-2.3671236141
46	0.0000000000	0.0008304875	-4.0963627264
47	0.0000000000	0.0008304875	-3.2108436532
48	0.0000000000	0.0008304875	-3.4281449289
49	6.2020234247	0.0008304875	-14.0333952465
50	0.0000000000	0.0008304875	-3.2108436532
51	0.0000000000	0.0008304875	-2.8743714165
52	0.0000000000	0.0008304875	-2.3671236141
53	0.0000000000	0.0008304875	-2.3671236141
54	0.0000000000	0.0008304875	-3.2234224354
55	0.0000000000	0.0008304875	-3.2234224354
56	0.0000000000	0.0008304875	-2.8788456969
57	0.0000000000	0.0008304875	-3.4339872045
58	0.0000000000	0.0008304875	-2.7291894067
59	0.0000000000	0.0008304875	-2.3419066177
60	0.0000000000	0.0008304875	-2.8822145940
61	0.0000000000	0.0008304875	-2.1132735741
62	0.0000000000	0.0008304875	-2.3419066177
63	0.0000000000	0.0008304875	-3.1968791128
64	0.0000000000	0.0008304875	-2.8743714165
65	0.0000000000	0.0008304875	-2.3419066177
66	0.0000000000	0.0008304875	-3.4089135669
67	5.2170705982	0.0008304875	-15.0600397754
68	0.0000000000	0.0008304875	-2.8743714165
69	0.0000000000	0.0008304875	-2.1132735741
70	5.1922048695	0.0008304875	-13.5785480854
71	0.0000000000	0.0008304875	-2.1132735741
72	0.0000000000	0.0008304875	-3.2108436532
73	0.0000000000	0.0008304875	-2.1132735741
74	5.2285316297	0.0008304875	-20.7604027407
75	0.0000000000	0.0008304875	-2.3671236141
76	0.0000000000	0.0008304875	-3.0272208600
77	0.0000000000	0.0008304875	-2.1132735741
78	0.0000000000	0.0008304875	-3.1968791128
79	0.0000000000	0.0008304875	-2.3419066177
80	0.0000000000	0.0008304875	-3.0285220964
81	0.0000000000	0.0008304875	-2.3419066177
82	0.0000000000	0.0008304875	-3.0272208600
83	0.0000000000	0.0008304875	-2.7291894067
84	5.3251120297	0.0008304875	-15.0018238703
85	3.8428418071	0.0008304875	-12.0482168053
86	5.6597359876	0.0008304875	-11.6046977741
87	0.0000000000	0.0008304875	-3.0285220964
88	0.0000000000	0.0008304875	-3.1561187535
89	0.0000000000	0.0008304875	-2.3671236141
90	0.0000000000	0.0008304875	-2.1132735741
91	0.0000000000	0.0008304875	-2.1132735741
92	0.0000000000	0.0008304875	-3.4089135669
93	0.0000000000	0.0008304875	-3.1561187535
94	0.0000000000	0.0008304875	-2.3671236141
95	0.0000000000	0.0008304875	-3.2108436532
96	0.0000000000	0.0008304875	-3.1968791128
97	0.0000000000	0.0008304875	-2.7291894067
98	8.0667061618	0.0008304875	-22.8306318509
99	0.0000000000	0.0008304875	-2.7291894067
100	0.0000000000	0.0008304875	-2.8743714165
101	0.0000000000	0.0008304875	-2.3671236141
102	5.1355437883	0.0008304875	-14.2669986557
103	5.3017244887	0.0008304875	-14.0235508001
104	0.0000000000	0.0008304875	-2.7291894067
105	3.1100316673	0.0008304875	-15.6501604479
106	0.0000000000	0.0008304875	-3.0272208600
107	0.0000000000	0.0008304875	-2.8822145940
108	0.0000000000	0.0008304875	-3.4339872045
109	0.0000000000	0.0008304875	-2.1132735741
110	0.0000000000	0.0008304875	-3.0272208600
111	0.0000000000	0.0008304875	-2.1132735741
112	4.2680812265	0.0008304875	-13.9115320520
113	0.0000000000	0.0008304875	-2.3419066177
114	0.0000000000	0.0008304875	-3.1968791128
115	0.0000000000	0.0008304875	-3.0285220964
116	0.0000000000	0.0008304875	-3.2108436532
117	0.0000000000	0.0008304875	-3.4089135669
118	0.0000000000	0.0008304875	-3.4281449289
119	0.0000000000	0.0008304875	-2.8788456969
120	0.0000000000	0.0008304875	-3.2171132662
121	0.0000000000	0.0008304875	-3.2108436532
122	3.4347062724	0.0008304875	-14.0339560306
123	12.4910886065	0.0008304875	-22.0641830740
124	0.0000000000	0.0008304875	-2.7291894067
