site	rate	t	lnL
1	1.1939780200	0.0069922067	-20.4164323074
2	0.6197901067	0.0069922067	-12.5894363504
3	1.7940573581	0.0069922067	-28.2105578047
4	0.5951854085	0.0069922067	-12.0039220382
5	0.0000000000	0.0069922067	-2.4869248139
6	1.8080657138	0.0069922067	-28.2140339826
7	0.6159007448	0.0069922067	-12.4167496113
8	0.0000000000	0.0069922067	-2.2263103312
9	1.7879953363	0.0069922067	-28.7628763095
10	1.2047647130	0.0069922067	-20.5423271448
11	0.0000000000	0.0069922067	-2.4417486761
12	1.7474091837	0.0069922067	-29.9285511340
13	0.6000209292	0.0069922067	-11.5880340173
14	1.7994267330	0.0069922067	-28.3004991241
15	0.5809953466	0.0069922067	-13.1690371154
16	0.0000000000	0.0069922067	-3.0455940803
17	1.2392624776	0.0069922067	-20.0546659986
18	0.0000000000	0.0069922067	-2.6344058661
19	0.5865450894	0.0069922067	-13.4893395256
20	1.2388525006	0.0069922067	-20.8059677994
21	1.2035213656	0.0069922067	-19.4578053484
22	0.5908356796	0.0069922067	-12.3407833609
23	0.0000000000	0.0069922067	-2.2263103312
24	0.0000000000	0.0069922067	-2.8822145940
25	1.1915669453	0.0069922067	-20.6858767673
26	0.0000000000	0.0069922067	-2.6344058661
27	0.0000000000	0.0069922067	-2.5271156945
28	0.0000000000	0.0069922067	-2.4869248139
29	0.0000000000	0.0069922067	-2.2263103312
30	0.0000000000	0.0069922067	-3.7061650904
31	2.9949229910	0.0069922067	-42.3987368621
32	0.5871584978	0.0069922067	-12.3904730024
33	0.0000000000	0.0069922067	-3.6883755488
34	1.7561122319	0.0069922067	-28.7356894290
35	0.6353877799	0.0069922067	-11.5308874924
36	2.4509370337	0.0069922067	-36.7904241145
37	0.0000000000	0.0069922067	-3.2171132662
38	0.5855390151	0.0069922067	-13.0457200693
39	0.5931311916	0.0069922067	-12.1181486260
40	1.1778609138	0.0069922067	-20.0145148477
41	1.2347743714	0.0069922067	-19.3639234179
42	1.1762130822	0.0069922067	-21.2879167856
43	1.1634043528	0.0069922067	-22.1763606499
44	1.2036749689	0.0069922067	-19.8415877106
45	2.4971686631	0.0069922067	-35.2213889214
46	0.0000000000	0.0069922067	-2.8822145940
47	0.5810220689	0.0069922067	-12.6812780140
48	0.5820059804	0.0069922067	-12.6563445764
49	0.0000000000	0.0069922067	-3.1056393997
50	1.8507550578	0.0069922067	-28.8244389486
51	0.0000000000	0.0069922067	-2.8822145940
52	0.6158563148	0.0069922067	-12.0205861324
53	0.5951854105	0.0069922067	-11.9587459004
54	1.7809266626	0.0069922067	-27.4902916854
55	3.0307565750	0.0069922067	-42.6415908867
56	0.5802299081	0.0069922067	-12.6918106592
57	0.5816241625	0.0069922067	-13.6234087396
58	1.2017902144	0.0069922067	-20.4156673485
59	2.3909617353	0.0069922067	-35.6285616013
60	0.0000000000	0.0069922067	-2.6344058661
61	0.0000000000	0.0069922067	-2.4869248139
62	0.0000000000	0.0069922067	-2.2263103312
63	1.7683032242	0.0069922067	-27.8373796772
64	2.3970682452	0.0069922067	-36.0505095304
65	1.2357955470	0.0069922067	-18.8910458746
66	0.6301901723	0.0069922067	-11.7568679070
67	0.0000000000	0.0069922067	-3.2171132662
68	0.6334802224	0.0069922067	-11.5338885568
69	2.9310460741	0.0069922067	-43.6399587360
70	1.2444522800	0.0069922067	-20.6616400667
71	1.2039514930	0.0069922067	-20.2943037032
72	0.6209140597	0.0069922067	-11.4085797071
73	1.1735199334	0.0069922067	-20.0101190004
74	0.6004240550	0.0069922067	-11.9842105990
75	0.0000000000	0.0069922067	-2.2263103312
76	0.5901933514	0.0069922067	-12.3418679064
77	0.0000000000	0.0069922067	-2.4869248139
78	1.7812509956	0.0069922067	-28.9285813808
79	1.2359519176	0.0069922067	-19.6011017441
80	1.1792082358	0.0069922067	-19.6947011233
81	1.8094307018	0.0069922067	-29.5095657543
82	3.0440704138	0.0069922067	-43.5020612037
83	1.7931327441	0.0069922067	-27.3434079679
84	0.5867931577	0.0069922067	-13.2940665244
85	1.9102653593	0.0069922067	-26.7322908910
86	1.1730557562	0.0069922067	-21.7793779245
87	1.2442418792	0.0069922067	-20.5903405156
88	0.0000000000	0.0069922067	-3.6249396505
89	0.6181159773	0.0069922067	-11.1574561794
90	1.1645709122	0.0069922067	-20.7425655857
91	0.0000000000	0.0069922067	-2.4869248139
92	0.0000000000	0.0069922067	-2.2263103312
93	3.0055411183	0.0069922067	-43.3126607149
94	2.4793981016	0.0069922067	-32.6101345394
95	0.0000000000	0.0069922067	-3.6249396505
96	1.8127282825	0.0069922067	-26.3441032335
97	1.8389709116	0.0069922067	-28.5529311204
98	0.0000000000	0.0069922067	-2.8822145940
99	1.1678043993	0.0069922067	-22.0216424034
100	0.0000000000	0.0069922067	-2.8822145940
101	0.0000000000	0.0069922067	-2.5271156945
102	1.1931060351	0.0069922067	-21.2712818183
103	1.2257969172	0.0069922067	-20.6114880960
104	0.6353878920	0.0069922067	-12.0731212896
105	1.7640940616	0.0069922067	-28.7383341010
106	0.6207350433	0.0069922067	-11.7696055043
107	1.2437315737	0.0069922067	-20.9989858975
108	2.4601255331	0.0069922067	-35.8889252104
109	3.0004354255	0.0069922067	-42.7177844065
110	0.6104732163	0.0069922067	-12.8337644236
111	0.0000000000	0.0069922067	-2.4869248139
112	0.6207350433	0.0069922067	-11.9873901371
113	0.0000000000	0.0069922067	-2.5271156945
114	0.5948091321	0.0069922067	-13.2708916378
115	1.2073552879	0.0069922067	-20.0300019504
116	2.5023017605	0.0069922067	-34.3657501428
117	2.4840831441	0.0069922067	-35.1668895744
118	0.0000000000	0.0069922067	-2.6344058661
119	3.0281338507	0.0069922067	-42.2728662015
120	0.6104732070	0.0069922067	-11.3173520687
121	0.6352564179	0.0069922067	-11.5198463020
122	0.6181159913	0.0069922067	-12.0367852479
123	1.2727485784	0.0069922067	-18.6447099994
124	2.4203869957	0.0069922067	-35.4524207674
