site	rate	t	lnL
1	1.1075974951	0.0075491109	-20.5559004992
2	0.0000000000	0.0075491109	-2.9957322736
3	0.5524038958	0.0075491109	-12.4713721414
4	0.0000000000	0.0075491109	-2.9957322736
5	0.0000000000	0.0075491109	-2.9957322736
6	1.1075978925	0.0075491109	-20.5559001414
7	0.5525204091	0.0075491109	-12.4711624560
8	0.0000000000	0.0075491109	-2.9957322736
9	2.7903583581	0.0075491109	-42.2781986707
10	2.7903584855	0.0075491109	-42.2781986039
11	0.0000000000	0.0075491109	-2.9957322736
12	0.5525204093	0.0075491109	-12.4711624560
13	1.6656241177	0.0075491109	-28.1123271755
14	0.5524038959	0.0075491109	-12.4713721414
15	0.5524039431	0.0075491109	-12.4713721414
16	1.1075980382	0.0075491109	-20.5559001414
17	0.0000000000	0.0075491109	-2.9957322736
18	1.1078344730	0.0075491109	-20.5554777277
19	0.0000000000	0.0075491109	-2.9957322736
20	0.0000000000	0.0075491109	-2.9957322736
21	1.1083061622	0.0075491109	-20.5546340229
22	0.5525205019	0.0075491109	-12.4711623680
23	0.0000000000	0.0075491109	-2.9957322736
24	0.5525205018	0.0075491109	-12.4711623680
25	2.2260381415	0.0075491109	-35.3249244240
26	1.1075980717	0.0075491109	-20.5559001413
27	0.5525204041	0.0075491109	-12.4711624560
28	0.0000000000	0.0075491109	-2.9957322736
29	0.5525204041	0.0075491109	-12.4711624560
30	1.1075978875	0.0075491109	-20.5559001414
31	0.5525204221	0.0075491109	-12.4711624560
32	1.1075980295	0.0075491109	-20.5559001417
33	0.0000000000	0.0075491109	-2.9957322736
34	0.5524038897	0.0075491109	-12.4713721414
35	0.0000000000	0.0075491109	-2.9957322736
36	2.7897364811	0.0075491109	-42.2792815849
37	2.7884883358	0.0075491109	-42.2814513019
38	1.1075976334	0.0075491109	-20.5559004992
39	1.1075975996	0.0075491109	-20.5559004992
40	0.5525205019	0.0075491109	-12.4711623680
41	0.5524039310	0.0075491109	-12.4713721414
42	3.9269476359	0.0075491109	-55.6013931053
43	2.7891122880	0.0075491109	-42.2803665357
44	2.2255507753	0.0075491109	-35.3257819959
45	2.7891150119	0.0075491109	-42.2803641731
46	0.0000000000	0.0075491109	-2.9957322736
47	0.0000000000	0.0075491109	-2.9957322736
48	1.6649021982	0.0075491109	-28.1136054127
49	4.5119906124	0.0075491109	-62.0073835831
50	0.0000000000	0.0075491109	-2.9957322736
51	0.0000000000	0.0075491109	-2.9957322736
52	0.0000000000	0.0075491109	-2.9957322736
53	1.1075978920	0.0075491109	-20.5559001417
54	1.1073608805	0.0075491109	-20.5563231793
55	3.3563665876	0.0075491109	-49.0273493989
56	0.0000000000	0.0075491109	-2.9957322736
57	0.0000000000	0.0075491109	-2.9957322736
58	1.1073608791	0.0075491109	-20.5563231793
59	0.0000000000	0.0075491109	-2.9957322736
60	0.0000000000	0.0075491109	-2.9957322736
61	0.0000000000	0.0075491109	-2.9957322736
62	0.5524038958	0.0075491109	-12.4713721414
63	0.0000000000	0.0075491109	-2.9957322736
64	0.5525204041	0.0075491109	-12.4711624560
65	1.1075977190	0.0075491109	-20.5559004992
66	1.1075978920	0.0075491109	-20.5559001417
67	3.3548802535	0.0075491109	-49.0299425542
68	0.5524038844	0.0075491109	-12.4713721414
69	1.1078348759	0.0075491109	-20.5554773697
70	1.1073608783	0.0075491109	-20.5563231793
71	1.6670647849	0.0075491109	-28.1097733906
72	1.1078343456	0.0075491109	-20.5554777277
73	0.0000000000	0.0075491109	-2.9957322736
74	0.0000000000	0.0075491109	-2.9957322736
75	1.1073607653	0.0075491109	-20.5563231793
76	1.6670648140	0.0075491109	-28.1097733906
77	0.0000000000	0.0075491109	-2.9957322736
78	1.1073608787	0.0075491109	-20.5563231793
79	0.0000000000	0.0075491109	-2.9957322736
80	2.7910404484	0.0075491109	-41.1782730156
81	1.6652640335	0.0075491109	-28.1129655473
82	1.1073608886	0.0075491109	-20.5563231793
83	2.2255508187	0.0075491109	-35.3257819934
84	0.5524038185	0.0075491109	-12.4713721414
85	0.5525204114	0.0075491109	-12.4711623680
86	0.5525204041	0.0075491109	-12.4711624560
87	2.2265308642	0.0075491109	-35.3240622253
88	1.6652631091	0.0075491109	-28.1129663645
89	1.6652640562	0.0075491109	-28.1129655473
90	0.5525204088	0.0075491109	-12.4711624560
91	0.0000000000	0.0075491109	-2.9957322736
92	1.6659863520	0.0075491109	-28.1116870267
93	2.2260448746	0.0075491109	-35.3249185394
94	0.5525204041	0.0075491109	-12.4711624560
95	0.0000000000	0.0075491109	-2.9957322736
96	5.0722512875	0.0075491109	-68.3309456008
97	1.1073617026	0.0075491109	-20.5563224682
98	2.7897391936	0.0075491109	-42.2792792337
99	0.0000000000	0.0075491109	-2.9957322736
100	0.0000000000	0.0075491109	-2.9957322736
101	1.1075976130	0.0075491109	-20.5559004992
102	1.6652659019	0.0075491109	-28.1129639248
103	1.6659871331	0.0075491109	-28.1116862087
104	0.0000000000	0.0075491109	-2.9957322736
105	0.5524038386	0.0075491109	-12.4713721414
106	1.6652639945	0.0075491109	-28.1129655473
107	1.1078348740	0.0075491109	-20.5554773697
108	0.0000000000	0.0075491109	-2.9957322736
109	0.5524038958	0.0075491109	-12.4713721414
110	0.5525204041	0.0075491109	-12.4711624560
111	0.0000000000	0.0075491109	-2.9957322736
112	0.5525204160	0.0075491109	-12.4711624560
113	0.5525204274	0.0075491109	-12.4711623680
114	0.5524039070	0.0075491109	-12.4713721414
115	1.1078347226	0.0075491109	-20.5554773700
116	0.5524039008	0.0075491109	-12.4713721414
117	1.1075980304	0.0075491109	-20.5559001414
118	0.5525204041	0.0075491109	-12.4711624560
119	2.2260398637	0.0075491109	-35.3249229415
120	1.6659898803	0.0075491109	-28.1116837677
121	1.1075977128	0.0075491109	-20.5559004988
122	0.0000000000	0.0075491109	-2.9957322736
123	2.2255489864	0.0075491109	-35.3257834721
124	0.5525205019	0.0075491109	-12.4711623680
