site	rate	t	lnL
1	1.5343122483	0.0064952125	-20.3024887102
2	1.0451082315	0.0064952125	-19.5658683282
3	0.9627905941	0.0064952125	-20.1547227841
4	0.5517517561	0.0064952125	-14.2872414112
5	1.0455805189	0.0064952125	-21.6792575673
6	1.1078324184	0.0064952125	-19.1466313324
7	0.5242070550	0.0064952125	-13.7775494286
8	1.1034590829	0.0064952125	-23.5158001468
9	4.0275210803	0.0064952125	-57.8441789638
10	0.5727117812	0.0064952125	-13.9673936272
11	0.0000000000	0.0064952125	-2.7526279797
12	1.6814931315	0.0064952125	-28.2817376061
13	3.3984498532	0.0064952125	-30.3279071553
14	0.6966112963	0.0064952125	-11.8577219155
15	0.6251450983	0.0064952125	-13.3041887286
16	0.0000000000	0.0064952125	-3.0683680049
17	0.0000000000	0.0064952125	-2.7526279797
18	1.5282972854	0.0064952125	-28.6137167645
19	0.4767720049	0.0064952125	-14.2652845361
20	0.0000000000	0.0064952125	-2.6178621714
21	0.5731556856	0.0064952125	-14.1464761106
22	0.0000000000	0.0064952125	-3.0683680049
23	1.5475753653	0.0064952125	-24.4667093752
24	0.0000000000	0.0064952125	-3.0683680049
25	0.5208620898	0.0064952125	-12.7449785560
26	1.1104325207	0.0064952125	-22.2769953390
27	0.0000000000	0.0064952125	-2.7388888038
28	0.0000000000	0.0064952125	-2.2686415395
29	0.0000000000	0.0064952125	-2.2469539425
30	0.5654328302	0.0064952125	-13.8589634590
31	0.0000000000	0.0064952125	-2.6300256576
32	1.9323829460	0.0064952125	-32.1543239588
33	1.4058915748	0.0064952125	-21.4876590191
34	9.1204720885	0.0064952125	-63.6973258503
35	0.0000000000	0.0064952125	-2.6300256576
36	1.1317931813	0.0064952125	-21.0973659222
37	1.2481724889	0.0064952125	-12.6755868350
38	1.8877633825	0.0064952125	-39.2689572411
39	1.2136920283	0.0064952125	-13.0723863746
40	1.4797934841	0.0064952125	-28.5822755478
41	0.9614579698	0.0064952125	-22.1541634257
42	0.6344190835	0.0064952125	-14.8564495944
43	1.8716189401	0.0064952125	-24.6883127642
44	1.8962007032	0.0064952125	-26.9824603128
45	0.7752665533	0.0064952125	-14.1972263878
46	0.0000000000	0.0064952125	-2.6178621714
47	0.0000000000	0.0064952125	-3.6985022177
48	1.5738295463	0.0064952125	-26.5503683626
49	1.1362800735	0.0064952125	-21.5086750731
50	0.0000000000	0.0064952125	-2.7388888038
51	0.0000000000	0.0064952125	-2.6178621714
52	0.6262359029	0.0064952125	-13.5997549413
53	0.5193231522	0.0064952125	-12.1880868689
54	0.5042658890	0.0064952125	-13.1756273550
55	0.0000000000	0.0064952125	-2.7388888038
56	0.5560476677	0.0064952125	-14.4358881156
57	0.5804580671	0.0064952125	-16.6371319604
58	0.9988968527	0.0064952125	-22.5162471044
59	0.5031953729	0.0064952125	-10.2534461510
60	1.1057509578	0.0064952125	-13.0835579398
61	0.0000000000	0.0064952125	-2.2686415395
62	4.8116973369	0.0064952125	-38.7982572299
63	0.0000000000	0.0064952125	-3.4089135669
64	1.6854664980	0.0064952125	-27.7651707463
65	1.0424252066	0.0064952125	-20.0989407702
66	0.0000000000	0.0064952125	-3.4281449289
67	2.8946942708	0.0064952125	-31.5269857728
68	0.5749627070	0.0064952125	-12.7397347210
69	0.5735591116	0.0064952125	-13.5957101658
70	2.2658929017	0.0064952125	-29.8246262040
71	0.0000000000	0.0064952125	-2.9666727347
72	1.5490328666	0.0064952125	-33.4491201148
73	0.0000000000	0.0064952125	-2.2686415395
74	0.0000000000	0.0064952125	-2.6178621714
75	0.6307506644	0.0064952125	-10.7080429254
76	2.2935818482	0.0064952125	-21.2508857350
77	0.0000000000	0.0064952125	-2.2686415395
78	2.2901796703	0.0064952125	-39.7383818207
79	1.5169681125	0.0064952125	-28.8648043341
80	2.1826394177	0.0064952125	-24.3994494973
81	1.1380153587	0.0064952125	-22.1970371385
82	0.9556429312	0.0064952125	-22.8109506013
83	1.5165424711	0.0064952125	-29.4459825812
84	2.1274340921	0.0064952125	-33.7474023902
85	0.5205566654	0.0064952125	-13.2056136406
86	2.5106040595	0.0064952125	-35.9890117931
87	1.2690566365	0.0064952125	-20.4353614760
88	0.4904438533	0.0064952125	-13.5463248532
89	0.5494460507	0.0064952125	-15.2381643321
90	2.5565649472	0.0064952125	-47.3382766801
91	0.0000000000	0.0064952125	-2.2686415395
92	0.4615428067	0.0064952125	-16.0528601327
93	0.9417208234	0.0064952125	-27.3336779803
94	0.5489842834	0.0064952125	-10.5600561746
95	0.0000000000	0.0064952125	-2.6300256576
96	2.1159447949	0.0064952125	-30.3742908544
97	0.5212881750	0.0064952125	-12.7441651530
98	0.5617110985	0.0064952125	-13.8974157177
99	1.2419771265	0.0064952125	-21.9439156475
100	0.0000000000	0.0064952125	-2.6178621714
101	0.5228213654	0.0064952125	-13.7801953941
102	0.5052545170	0.0064952125	-12.2378421605
103	3.0589504952	0.0064952125	-47.6219665150
104	3.0624552107	0.0064952125	-29.7456679946
105	3.4645440054	0.0064952125	-29.3232472271
106	0.0000000000	0.0064952125	-3.6416265693
107	1.1229254135	0.0064952125	-11.5345671389
108	0.5122326779	0.0064952125	-14.3387970089
109	0.5764847290	0.0064952125	-15.2626060031
110	1.0088430427	0.0064952125	-20.6687970308
111	0.0000000000	0.0064952125	-2.2686415395
112	1.1331777189	0.0064952125	-13.0590543038
113	7.8339690181	0.0064952125	-50.7894307723
114	1.6652903704	0.0064952125	-29.1575993520
115	1.2011037246	0.0064952125	-13.1396739235
116	0.0000000000	0.0064952125	-3.6985022177
117	1.2645170886	0.0064952125	-23.1013010967
118	1.0474796629	0.0064952125	-21.1053882284
119	0.5486274403	0.0064952125	-13.1528221622
120	0.0000000000	0.0064952125	-3.8030149164
121	0.0000000000	0.0064952125	-2.6178621714
122	1.1352346477	0.0064952125	-21.2995811352
123	2.0012466139	0.0064952125	-32.7530729660
124	2.3185716799	0.0064952125	-28.0813540670
