site	rate	t	lnL
1	0.7243971103	0.0057567287	-12.4713721414
2	2.1837498909	0.0057567287	-28.1129663645
3	3.6599714071	0.0057567287	-42.2771108004
4	0.0000000000	0.0057567287	-2.9957322736
5	0.0000000000	0.0057567287	-2.9957322736
6	2.1842243554	0.0057567287	-28.1123263580
7	0.0000000000	0.0057567287	-2.9957322736
8	0.7245500022	0.0057567287	-12.4711623680
9	2.1846981396	0.0057567287	-28.1116870277
10	0.7243972220	0.0057567287	-12.4713721414
11	0.0000000000	0.0057567287	-2.9957322736
12	2.9184832513	0.0057567287	-35.3257834721
13	0.0000000000	0.0057567287	-2.9957322736
14	2.1832767369	0.0057567287	-28.1136054127
15	0.7243972314	0.0057567287	-12.4713721414
16	1.4521424308	0.0057567287	-20.5563231793
17	0.7243971931	0.0057567287	-12.4713721414
18	0.0000000000	0.0057567287	-2.9957322736
19	2.1846969043	0.0057567287	-28.1116878456
20	0.0000000000	0.0057567287	-2.9957322736
21	0.7243970707	0.0057567287	-12.4713721414
22	2.1837511217	0.0057567287	-28.1129655463
23	0.0000000000	0.0057567287	-2.9957322736
24	0.0000000000	0.0057567287	-2.9957322736
25	1.4524534505	0.0057567287	-20.5559001414
26	2.9197685355	0.0057567287	-35.3240637054
27	0.0000000000	0.0057567287	-2.9957322736
28	0.0000000000	0.0057567287	-2.9957322736
29	0.0000000000	0.0057567287	-2.9957322736
30	0.7245500252	0.0057567287	-12.4711624560
31	0.7245501050	0.0057567287	-12.4711623680
32	2.1842245262	0.0057567287	-28.1123263580
33	0.0000000000	0.0057567287	-2.9957322736
34	1.4527636562	0.0057567287	-20.5554777277
35	2.9184832569	0.0057567287	-35.3257834721
36	0.7243971931	0.0057567287	-12.4713721414
37	0.0000000000	0.0057567287	-2.9957322736
38	2.9184855145	0.0057567287	-35.3257819933
39	0.0000000000	0.0057567287	-2.9957322736
40	0.7245500121	0.0057567287	-12.4711624560
41	0.0000000000	0.0057567287	-2.9957322736
42	1.4521424253	0.0057567287	-20.5563231793
43	0.0000000000	0.0057567287	-2.9957322736
44	0.7245500009	0.0057567287	-12.4711624560
45	2.1842269603	0.0057567287	-28.1123247334
46	0.0000000000	0.0057567287	-2.9957322736
47	0.0000000000	0.0057567287	-2.9957322736
48	2.1837511180	0.0057567287	-28.1129655463
49	0.0000000000	0.0057567287	-2.9957322736
50	2.1837511307	0.0057567287	-28.1129655463
51	0.0000000000	0.0057567287	-2.9957322736
52	0.7245501733	0.0057567287	-12.4711623680
53	0.0000000000	0.0057567287	-2.9957322736
54	0.7245499767	0.0057567287	-12.4711624560
55	0.0000000000	0.0057567287	-2.9957322736
56	0.7245501034	0.0057567287	-12.4711623680
57	0.0000000000	0.0057567287	-2.9957322736
58	0.7245499767	0.0057567287	-12.4711624560
59	1.4524534609	0.0057567287	-20.5559001417
60	0.0000000000	0.0057567287	-2.9957322736
61	0.0000000000	0.0057567287	-2.9957322736
62	2.1837511292	0.0057567287	-28.1129655473
63	0.7245500797	0.0057567287	-12.4711623680
64	0.0000000000	0.0057567287	-2.9957322736
65	0.7243972257	0.0057567287	-12.4713721414
66	2.9220083041	0.0057567287	-34.2223777562
67	2.9191566501	0.0057567287	-34.6317555853
68	0.7245500134	0.0057567287	-12.4711624560
69	0.7243972089	0.0057567287	-12.4713721414
70	2.1832767269	0.0057567287	-28.1136054127
71	0.0000000000	0.0057567287	-2.9957322736
72	1.4524528252	0.0057567287	-20.5559004992
73	0.0000000000	0.0057567287	-2.9957322736
74	2.1837511348	0.0057567287	-28.1129655473
75	2.1842245269	0.0057567287	-28.1123263580
76	0.7243973559	0.0057567287	-12.4713721414
77	0.0000000000	0.0057567287	-2.9957322736
78	1.4524527582	0.0057567287	-20.5559004992
79	2.9184854841	0.0057567287	-35.3257819959
80	1.4524534215	0.0057567287	-20.5559001414
81	2.1847011295	0.0057567287	-28.1116849867
82	2.9191291062	0.0057567287	-35.3249214677
83	1.4527645516	0.0057567287	-20.5554770124
84	1.4524528206	0.0057567287	-20.5559004992
85	0.7243972416	0.0057567287	-12.4713721414
86	0.7243972311	0.0057567287	-12.4713721414
87	2.1842256942	0.0057567287	-28.1123255394
88	0.0000000000	0.0057567287	-2.9957322736
89	0.0000000000	0.0057567287	-2.9957322736
90	1.4527640597	0.0057567287	-20.5554773700
91	0.0000000000	0.0057567287	-2.9957322736
92	0.0000000000	0.0057567287	-2.9957322736
93	0.7243972594	0.0057567287	-12.4713721414
94	0.7245500616	0.0057567287	-12.4711624560
95	0.0000000000	0.0057567287	-2.9957322736
96	0.7245500009	0.0057567287	-12.4711624560
97	0.7245500108	0.0057567287	-12.4711624560
98	0.7245501050	0.0057567287	-12.4711623680
99	2.1837499033	0.0057567287	-28.1129663645
100	0.0000000000	0.0057567287	-2.9957322736
101	0.0000000000	0.0057567287	-2.9957322736
102	1.4524525806	0.0057567287	-20.5559004992
103	2.9191566114	0.0057567287	-34.6317555925
104	0.0000000000	0.0057567287	-2.9957322736
105	0.7243972277	0.0057567287	-12.4713721414
106	0.7245501049	0.0057567287	-12.4711623680
107	0.7243971931	0.0057567287	-12.4713721414
108	0.0000000000	0.0057567287	-2.9957322736
109	2.9191291062	0.0057567287	-35.3249214677
110	2.9184832624	0.0057567287	-35.3257834721
111	0.0000000000	0.0057567287	-2.9957322736
112	1.4521424331	0.0057567287	-20.5563231793
113	1.4527646797	0.0057567287	-20.5554770117
114	0.0000000000	0.0057567287	-2.9957322736
115	0.0000000000	0.0057567287	-2.9957322736
116	2.9178421257	0.0057567287	-35.3266423273
117	1.4527633312	0.0057567287	-20.5554777277
118	1.4524534315	0.0057567287	-20.5559001417
119	0.7243972473	0.0057567287	-12.4713721414
120	1.4527640337	0.0057567287	-20.5554773697
121	0.0000000000	0.0057567287	-2.9957322736
122	0.0000000000	0.0057567287	-2.9957322736
123	0.0000000000	0.0057567287	-2.9957322736
124	1.4527644895	0.0057567287	-20.5554770121
