site	rate	t	lnL
1	0.6623867486	0.0564757362	-67.7711682076
2	0.7004619756	0.0564757362	-65.5240194186
3	0.9542788753	0.0564757362	-86.2220214623
4	1.8032189925	0.0564757362	-145.3413460594
5	0.0760542313	0.0564757362	-12.1995724348
6	1.3723309821	0.0564757362	-120.5994668180
7	0.5511702720	0.0564757362	-54.9039006343
8	0.8776805375	0.0564757362	-76.7905973229
9	1.9747199646	0.0564757362	-150.6886735501
10	1.1411714668	0.0564757362	-105.1928213679
11	0.3116085873	0.0564757362	-32.8068638681
12	1.9860270976	0.0564757362	-155.5547527766
13	0.5434400795	0.0564757362	-56.3697968363
14	0.4607395497	0.0564757362	-45.3932256081
15	0.3931691123	0.0564757362	-38.7048667097
16	0.5975724935	0.0564757362	-60.2880066038
17	0.4579413363	0.0564757362	-49.9203773320
18	0.5497005099	0.0564757362	-54.1523925792
19	1.4660677842	0.0564757362	-129.2702642272
20	1.3562522366	0.0564757362	-114.4649298434
21	0.7802349979	0.0564757362	-77.8881087977
22	0.3736579251	0.0564757362	-42.8937604544
23	0.5518859073	0.0564757362	-54.8276157059
24	0.0741521781	0.0564757362	-12.0370496228
25	2.2140880589	0.0564757362	-174.6770249096
26	0.3091609638	0.0564757362	-34.4691397491
27	0.4603776613	0.0564757362	-48.6464790503
28	0.0000000000	0.0564757362	-2.5583557200
29	0.0000000000	0.0564757362	-2.3185894991
30	0.3931851107	0.0564757362	-43.5369489595
31	0.9433480716	0.0564757362	-83.6072770929
32	1.0650778148	0.0564757362	-96.1911913152
33	0.1454153243	0.0564757362	-21.7688697724
34	1.8872206697	0.0564757362	-144.0495950109
35	0.3891908650	0.0564757362	-40.0931760941
36	1.5217268116	0.0564757362	-124.6490046580
37	0.6220057630	0.0564757362	-58.3274202150
38	3.1673649185	0.0564757362	-220.9051069743
39	2.1384405667	0.0564757362	-165.1339923817
40	1.5383916736	0.0564757362	-128.7803936990
41	0.8448028423	0.0564757362	-82.3562375762
42	1.2212920557	0.0564757362	-112.3223969104
43	0.9838746368	0.0564757362	-96.0277040392
44	1.6185000906	0.0564757362	-136.8133489902
45	0.7524838441	0.0564757362	-75.0463551194
46	0.2272126166	0.0564757362	-27.8714360345
47	0.6782619887	0.0564757362	-69.8281771792
48	1.3423837468	0.0564757362	-113.0972756795
49	0.4452285584	0.0564757362	-47.3470749694
50	1.0536086893	0.0564757362	-95.3859596057
51	0.0000000000	0.0564757362	-2.6152748478
52	0.0778482055	0.0564757362	-11.3041654137
53	1.3708190133	0.0564757362	-118.1498028212
54	0.2207800234	0.0564757362	-27.6944136089
55	0.7756485672	0.0564757362	-72.7769621510
56	2.9639786695	0.0564757362	-198.5337046110
57	0.3665599461	0.0564757362	-43.3264212701
58	1.8287726495	0.0564757362	-139.6662661641
59	1.9351689202	0.0564757362	-149.4199967500
60	0.6239808991	0.0564757362	-58.1626739328
61	0.0000000000	0.0564757362	-2.5583557200
62	1.7746755906	0.0564757362	-138.5442388265
63	0.2211523186	0.0564757362	-28.0706765517
64	0.3052550415	0.0564757362	-36.5824309161
65	1.2128559708	0.0564757362	-110.1948241375
66	0.4412185027	0.0564757362	-48.2988363135
67	1.7744473238	0.0564757362	-149.7725699548
68	0.9334758746	0.0564757362	-87.3256123748
69	1.9234224563	0.0564757362	-156.4389159131
70	2.3574194436	0.0564757362	-186.0135342772
71	1.3075005897	0.0564757362	-114.8039371678
72	1.7079332938	0.0564757362	-141.6347012531
73	1.2202619204	0.0564757362	-107.4603361120
74	1.4601619238	0.0564757362	-119.8707073541
75	1.0422103966	0.0564757362	-91.0254135843
76	1.8966613598	0.0564757362	-151.7345405361
77	0.0000000000	0.0564757362	-2.5583557200
78	1.7116224260	0.0564757362	-143.1941481613
79	1.9036116217	0.0564757362	-149.0206795260
80	0.6149543965	0.0564757362	-58.9604038175
81	1.5060616842	0.0564757362	-126.3457405207
82	1.3948588237	0.0564757362	-116.8599741074
83	2.2389716965	0.0564757362	-168.0359918496
84	0.2209392052	0.0564757362	-28.0537063519
85	0.5408364164	0.0564757362	-54.6822736600
86	0.5890904247	0.0564757362	-62.9459147428
87	1.3637333818	0.0564757362	-111.9873620952
88	1.2627789314	0.0564757362	-109.8759971921
89	0.2347235211	0.0564757362	-27.1259222034
90	1.9243594232	0.0564757362	-149.6565966222
91	0.0000000000	0.0564757362	-2.5583557200
92	0.5247489481	0.0564757362	-56.4846351196
93	1.0949032101	0.0564757362	-98.2342485740
94	0.3059521409	0.0564757362	-33.3457432965
95	0.4602978532	0.0564757362	-48.4955237707
96	1.9922913800	0.0564757362	-156.0777804142
97	0.9832281880	0.0564757362	-92.6717855717
98	1.3478778253	0.0564757362	-111.5166779182
99	1.8825882527	0.0564757362	-144.8881077288
100	0.0757004001	0.0564757362	-11.3889994371
101	0.1531312676	0.0564757362	-18.6548550222
102	1.1386789585	0.0564757362	-104.8107600097
103	1.8924526729	0.0564757362	-151.8426135831
104	0.0000000000	0.0564757362	-3.1212314945
105	0.6031312280	0.0564757362	-60.1410813187
106	1.5622087633	0.0564757362	-127.6624927064
107	0.7090691329	0.0564757362	-69.6159980177
108	2.4421088707	0.0564757362	-182.3542895010
109	1.0594755068	0.0564757362	-102.1663978383
110	1.3990969530	0.0564757362	-120.7495230549
111	0.0000000000	0.0564757362	-2.5583557200
112	1.5946676793	0.0564757362	-130.5921593074
113	1.4557292739	0.0564757362	-126.2943291993
114	0.4385314268	0.0564757362	-48.9857356996
115	0.6717609301	0.0564757362	-67.6101239794
116	1.7211048695	0.0564757362	-140.1846769183
117	0.9196094898	0.0564757362	-88.4570312161
118	1.1869007831	0.0564757362	-103.4013911479
119	0.6999134387	0.0564757362	-70.8981515557
120	1.2001610987	0.0564757362	-102.7080211405
121	1.1337652365	0.0564757362	-100.8889216795
122	0.3850308952	0.0564757362	-38.2979672301
123	1.8003823637	0.0564757362	-142.7729462187
124	1.6274047320	0.0564757362	-138.5546354808
