site	rate	t	lnL
1	9.2140843471	0.0004758680	-11.3880788169
2	0.0000000000	0.0004758680	-4.1271343850
3	0.0000000000	0.0004758680	-2.1784379427
4	0.0000000000	0.0004758680	-2.8743714165
5	0.0000000000	0.0004758680	-2.6195907803
6	0.0000000000	0.0004758680	-3.2077235258
7	0.0000000000	0.0004758680	-2.5176964726
8	0.0000000000	0.0004758680	-3.4281449289
9	0.0000000000	0.0004758680	-2.8743714165
10	0.0000000000	0.0004758680	-2.1784379427
11	0.0000000000	0.0004758680	-2.5176964726
12	0.0000000000	0.0004758680	-3.2077235258
13	8.6033026019	0.0004758680	-12.6663006943
14	0.0000000000	0.0004758680	-3.0259213147
15	0.0000000000	0.0004758680	-2.5176964726
16	0.0000000000	0.0004758680	-3.2108436532
17	0.0000000000	0.0004758680	-3.2077235258
18	8.6754918829	0.0004758680	-12.0363122168
19	0.0000000000	0.0004758680	-2.8743714165
20	0.0000000000	0.0004758680	-2.7398639380
21	0.0000000000	0.0004758680	-2.1784379427
22	0.0000000000	0.0004758680	-2.3386354339
23	0.0000000000	0.0004758680	-2.1784379427
24	0.0000000000	0.0004758680	-2.7398639380
25	0.0000000000	0.0004758680	-3.2077235258
26	0.0000000000	0.0004758680	-3.4457751602
27	0.0000000000	0.0004758680	-2.1784379427
28	0.0000000000	0.0004758680	-2.6195907803
29	0.0000000000	0.0004758680	-4.1271343850
30	0.0000000000	0.0004758680	-3.7321405768
31	0.0000000000	0.0004758680	-3.4497355615
32	0.0000000000	0.0004758680	-3.2077235258
33	0.0000000000	0.0004758680	-2.7398639380
34	0.0000000000	0.0004758680	-2.7398639380
35	0.0000000000	0.0004758680	-2.5176964726
36	8.6011335948	0.0004758680	-12.9702405973
37	0.0000000000	0.0004758680	-3.4457751602
38	8.5307821338	0.0004758680	-13.6670255795
39	0.0000000000	0.0004758680	-3.2077235258
40	0.0000000000	0.0004758680	-2.8743714165
41	0.0000000000	0.0004758680	-2.8743714165
42	0.0000000000	0.0004758680	-2.8743714165
43	0.0000000000	0.0004758680	-2.1784379427
44	8.6047501411	0.0004758680	-13.1359366129
45	0.0000000000	0.0004758680	-2.3386354339
46	0.0000000000	0.0004758680	-2.8743714165
47	8.5987714593	0.0004758680	-13.3670366871
48	0.0000000000	0.0004758680	-2.8743714165
49	0.0000000000	0.0004758680	-3.0259213147
50	0.0000000000	0.0004758680	-2.5176964726
51	0.0000000000	0.0004758680	-2.7398639380
52	0.0000000000	0.0004758680	-2.3386354339
53	0.0000000000	0.0004758680	-2.3386354339
54	0.0000000000	0.0004758680	-2.3386354339
55	0.0000000000	0.0004758680	-2.1784379427
56	0.0000000000	0.0004758680	-2.8743714165
57	0.0000000000	0.0004758680	-3.4497355615
58	0.0000000000	0.0004758680	-3.2108436532
59	0.0000000000	0.0004758680	-3.4497355615
60	0.0000000000	0.0004758680	-2.5176964726
61	0.0000000000	0.0004758680	-2.1784379427
62	0.0000000000	0.0004758680	-2.1784379427
63	0.0000000000	0.0004758680	-3.0259213147
64	0.0000000000	0.0004758680	-3.4281449289
65	0.0000000000	0.0004758680	-3.4300885641
66	0.0000000000	0.0004758680	-3.4281449289
67	0.0000000000	0.0004758680	-3.2077235258
68	0.0000000000	0.0004758680	-3.4184830179
69	8.6195436124	0.0004758680	-12.1206241005
70	0.0000000000	0.0004758680	-2.8743714165
71	0.0000000000	0.0004758680	-3.2077235258
72	9.3878094640	0.0004758680	-11.7973764593
73	0.0000000000	0.0004758680	-2.6195907803
74	0.0000000000	0.0004758680	-3.0259213147
75	0.0000000000	0.0004758680	-2.8743714165
76	0.0000000000	0.0004758680	-2.1784379427
77	0.0000000000	0.0004758680	-2.6195907803
78	0.0000000000	0.0004758680	-2.8743714165
79	8.6062264899	0.0004758680	-12.2823643508
80	0.0000000000	0.0004758680	-2.8743714165
81	0.0000000000	0.0004758680	-2.6195907803
82	0.0000000000	0.0004758680	-2.8743714165
83	9.2228426651	0.0004758680	-10.9459781477
84	0.0000000000	0.0004758680	-3.4184830179
85	0.0000000000	0.0004758680	-2.8743714165
86	0.0000000000	0.0004758680	-3.2108436532
87	9.2168550514	0.0004758680	-10.9466245779
88	0.0000000000	0.0004758680	-2.8743714165
89	0.0000000000	0.0004758680	-2.3386354339
90	0.0000000000	0.0004758680	-3.0259213147
91	0.0000000000	0.0004758680	-2.6195907803
92	0.0000000000	0.0004758680	-2.6195907803
93	0.0000000000	0.0004758680	-2.5176964726
94	0.0000000000	0.0004758680	-2.3386354339
95	0.0000000000	0.0004758680	-2.8743714165
96	0.0000000000	0.0004758680	-2.8743714165
97	0.0000000000	0.0004758680	-2.1784379427
98	0.0000000000	0.0004758680	-2.7398639380
99	0.0000000000	0.0004758680	-2.1784379427
100	0.0000000000	0.0004758680	-2.7398639380
101	0.0000000000	0.0004758680	-2.3386354339
102	0.0000000000	0.0004758680	-3.0259213147
103	0.0000000000	0.0004758680	-2.8743714165
104	0.0000000000	0.0004758680	-2.5176964726
105	0.0000000000	0.0004758680	-2.1784379427
106	0.0000000000	0.0004758680	-2.5176964726
107	0.0000000000	0.0004758680	-3.2077235258
108	0.0000000000	0.0004758680	-3.4300885641
109	0.0000000000	0.0004758680	-3.4184830179
110	9.2168540853	0.0004758680	-11.9759101610
111	0.0000000000	0.0004758680	-2.6195907803
112	0.0000000000	0.0004758680	-3.7321405768
113	0.0000000000	0.0004758680	-2.5176964726
114	0.0000000000	0.0004758680	-3.4184830179
115	0.0000000000	0.0004758680	-3.4457751602
116	0.0000000000	0.0004758680	-3.4300885641
117	0.0000000000	0.0004758680	-3.2108436532
118	0.0000000000	0.0004758680	-3.4457751602
119	0.0000000000	0.0004758680	-2.8743714165
120	0.0000000000	0.0004758680	-3.2108436532
121	0.0000000000	0.0004758680	-2.7398639380
122	0.0000000000	0.0004758680	-2.6195907803
123	8.5994929748	0.0004758680	-13.3745981432
124	0.0000000000	0.0004758680	-2.8743714165
