site	rate	t	lnL
1	2.5760389131	0.0633904856	-138.2420025290
2	0.5048101921	0.0633904856	-37.0493044627
3	1.9087874583	0.0633904856	-137.9160772471
4	2.5639020189	0.0633904856	-165.2271985790
5	0.0548383863	0.0633904856	-12.5668621435
6	1.6344508727	0.0633904856	-171.2629529378
7	1.4536917947	0.0633904856	-137.3742475054
8	0.6118671717	0.0633904856	-82.2738149003
9	0.7779713043	0.0633904856	-125.2916475989
10	0.8912583516	0.0633904856	-117.3243894606
11	0.3406854749	0.0633904856	-49.4746710445
12	1.5242953895	0.0633904856	-157.7796980443
13	0.3961874870	0.0633904856	-50.6057569955
14	0.3913256408	0.0633904856	-47.1869283570
15	2.0102071074	0.0633904856	-199.9667534243
16	1.1989798557	0.0633904856	-128.1928168730
17	1.0350273840	0.0633904856	-125.5821102339
18	0.8791103229	0.0633904856	-93.9067873118
19	1.9077002883	0.0633904856	-203.2815082351
20	0.0000000000	0.0633904856	-2.9496820347
21	0.5896107181	0.0633904856	-82.7421226517
22	1.7312729638	0.0633904856	-153.8455967890
23	0.6253217354	0.0633904856	-86.7664314757
24	0.1419799300	0.0633904856	-14.5273312241
25	0.8630528903	0.0633904856	-89.7946614258
26	0.0000000000	0.0633904856	-2.8179573273
27	0.5036055704	0.0633904856	-74.0064696612
28	0.0000000000	0.0633904856	-2.4410248252
29	0.0000000000	0.0633904856	-2.1488305170
30	0.2146737819	0.0633904856	-36.0271674360
31	0.9481498910	0.0633904856	-129.4761465805
32	0.9789533071	0.0633904856	-137.2142239461
33	0.0568329919	0.0633904856	-12.6744343176
34	0.9187328603	0.0633904856	-114.0110346501
35	0.7010463064	0.0633904856	-74.7910630573
36	1.2981555533	0.0633904856	-130.9297744273
37	1.3076968921	0.0633904856	-157.9236043492
38	2.0271607192	0.0633904856	-174.9748428593
39	1.5230022675	0.0633904856	-140.6037694254
40	2.2685593651	0.0633904856	-182.4291387590
41	2.2523311422	0.0633904856	-176.3230558456
42	1.9590481572	0.0633904856	-169.8302955679
43	0.9490598083	0.0633904856	-122.7073584565
44	1.2525789085	0.0633904856	-146.3013624217
45	3.8885519423	0.0633904856	-197.3038716152
46	0.2693040907	0.0633904856	-36.5132094681
47	1.2941498494	0.0633904856	-82.2160120781
48	1.2995321084	0.0633904856	-123.5897767481
49	0.3679827822	0.0633904856	-50.6748912971
50	0.0557284833	0.0633904856	-14.0929086203
51	0.0000000000	0.0633904856	-2.9496820347
52	0.2221290694	0.0633904856	-30.6076450510
53	0.2168547326	0.0633904856	-37.5760920679
54	0.6722087959	0.0633904856	-91.9872519668
55	1.3058077334	0.0633904856	-119.4159625684
56	1.4956970599	0.0633904856	-188.8851090347
57	0.6054059767	0.0633904856	-37.2610167107
58	0.2472329074	0.0633904856	-34.4063508828
59	1.7532881236	0.0633904856	-155.5896389181
60	0.8393519594	0.0633904856	-99.0186479626
61	0.0551551230	0.0633904856	-13.2744654878
62	2.1302269408	0.0633904856	-185.2340126861
63	0.2536334870	0.0633904856	-33.4167906734
64	1.3769827875	0.0633904856	-160.2207150729
65	1.2330942003	0.0633904856	-139.1410538613
66	0.0858135050	0.0633904856	-20.5349215552
67	1.4206300059	0.0633904856	-148.0165969519
68	1.3253673691	0.0633904856	-161.0895837483
69	0.9195711992	0.0633904856	-101.4262461256
70	1.3402767041	0.0633904856	-128.2082244537
71	1.5295599929	0.0633904856	-129.6347684894
72	2.7212934856	0.0633904856	-216.6000366478
73	0.0000000000	0.0633904856	-2.4410248252
74	1.6966975339	0.0633904856	-170.5968364513
75	0.5950743338	0.0633904856	-65.3187156418
76	3.3974124542	0.0633904856	-163.8451835035
77	0.1112045845	0.0633904856	-22.8860240381
78	1.5337586988	0.0633904856	-167.2033276832
79	1.0903914242	0.0633904856	-131.1450835179
80	0.1499854815	0.0633904856	-24.5624537550
81	1.0223458088	0.0633904856	-136.4330589961
82	1.7811964257	0.0633904856	-182.3844301421
83	1.5168888027	0.0633904856	-158.7867278822
84	0.2590936363	0.0633904856	-38.9444590874
85	0.4421024704	0.0633904856	-62.0481475462
86	1.5201186989	0.0633904856	-105.0691560839
87	1.2985774285	0.0633904856	-145.2904464236
88	0.6206636345	0.0633904856	-69.5862858424
89	0.0532835984	0.0633904856	-11.9043250019
90	1.0951981068	0.0633904856	-121.9440572433
91	0.0000000000	0.0633904856	-2.4410248252
92	1.1779986633	0.0633904856	-100.5257901712
93	1.9023175950	0.0633904856	-127.2260239197
94	0.2758231703	0.0633904856	-32.4764938776
95	0.2569996892	0.0633904856	-45.2935548575
96	1.8992002165	0.0633904856	-176.3552951401
97	1.2135830919	0.0633904856	-132.9762566220
98	0.4289418594	0.0633904856	-52.4002313697
99	2.0689420529	0.0633904856	-110.8890708184
100	1.4620122057	0.0633904856	-127.8935570253
101	0.3647864332	0.0633904856	-48.6981781269
102	1.0556766032	0.0633904856	-143.9033531535
103	2.2299089492	0.0633904856	-172.6989755673
104	0.0000000000	0.0633904856	-2.8179573273
105	2.4081662579	0.0633904856	-213.1800577957
106	2.1945918239	0.0633904856	-200.3041113662
107	0.3208100531	0.0633904856	-40.8244712001
108	1.7561884704	0.0633904856	-164.0122516594
109	1.5607141919	0.0633904856	-165.9309774848
110	0.8973101249	0.0633904856	-98.9476007817
111	0.0000000000	0.0633904856	-2.4410248252
112	2.4844653552	0.0633904856	-149.5812112229
113	1.2944509557	0.0633904856	-159.9325998644
114	1.3591104205	0.0633904856	-157.0778927578
115	1.2137502287	0.0633904856	-157.6551640159
116	1.5871323734	0.0633904856	-175.0085562088
117	1.8841735969	0.0633904856	-159.2462330948
118	1.0939159349	0.0633904856	-120.2551156625
119	1.4882505719	0.0633904856	-157.7315663988
120	1.3141222667	0.0633904856	-129.4738105437
121	1.4381532045	0.0633904856	-159.4821792635
122	0.4443987490	0.0633904856	-62.7749879398
123	1.4520080801	0.0633904856	-163.9217212842
124	1.3895097469	0.0633904856	-153.8810230616
