site	rate	t	lnL
1	2.4551149750	0.3634784481	-372.4461162523
2	0.7203743009	0.3634784481	-264.9435623859
3	2.1550883219	0.3634784481	-370.1040164789
4	1.4882936804	0.3634784481	-360.3936211343
5	0.1055250502	0.3634784481	-65.1377893031
6	2.6811384434	0.3634784481	-378.4915819479
7	0.5678289723	0.3634784481	-229.7868388631
8	0.8061698724	0.3634784481	-285.0564690643
9	1.7446032721	0.3634784481	-359.3035678838
10	1.8057346382	0.3634784481	-357.7524295336
11	0.4368661304	0.3634784481	-196.2484791964
12	2.6314768669	0.3634784481	-374.4900374622
13	1.1722511318	0.3634784481	-328.3142014717
14	0.4475185501	0.3634784481	-201.3522659954
15	0.6111608175	0.3634784481	-241.4651154750
16	1.1310249174	0.3634784481	-327.4564213010
17	1.1607342296	0.3634784481	-334.0616325187
18	1.4342611599	0.3634784481	-349.5826430694
19	2.4809288353	0.3634784481	-374.2659619273
20	0.4450101754	0.3634784481	-193.4114589659
21	1.2137924518	0.3634784481	-334.3969334605
22	1.4428071231	0.3634784481	-354.0432535013
23	0.7110365977	0.3634784481	-266.0811065791
24	0.1172229045	0.3634784481	-73.1376739166
25	1.4014741715	0.3634784481	-347.8109837018
26	0.3609830284	0.3634784481	-169.2818675810
27	0.4736416235	0.3634784481	-211.2322615957
28	0.0000000000	0.3634784481	-2.9957322736
29	0.1416935258	0.3634784481	-84.3607598096
30	0.8588362260	0.3634784481	-289.8606206090
31	2.4871356386	0.3634784481	-372.9696151647
32	0.9943479809	0.3634784481	-315.4453839472
33	0.3632492756	0.3634784481	-173.7775893261
34	1.4036327265	0.3634784481	-347.9791893564
35	0.9502043190	0.3634784481	-307.6105814636
36	1.7919766366	0.3634784481	-365.0280734292
37	1.0841890345	0.3634784481	-325.1498907965
38	2.0706900744	0.3634784481	-370.5199589590
39	1.8763855334	0.3634784481	-366.9153620801
40	1.3231084516	0.3634784481	-343.7573897728
41	1.4378572269	0.3634784481	-351.0937643405
42	3.2026241770	0.3634784481	-379.4663255532
43	1.2714672591	0.3634784481	-340.2583558495
44	2.3828180104	0.3634784481	-372.2143012959
45	1.5890030534	0.3634784481	-356.9951417535
46	0.5716888698	0.3634784481	-227.8458914550
47	0.6872385224	0.3634784481	-264.2846315051
48	1.6127487698	0.3634784481	-357.4358153971
49	1.0802087588	0.3634784481	-320.7113640451
50	0.7162241120	0.3634784481	-266.1155810486
51	0.0345859750	0.3634784481	-28.1129663645
52	0.5787903787	0.3634784481	-234.4147888269
53	0.9039263587	0.3634784481	-300.5412067048
54	0.9940627595	0.3634784481	-309.7584009728
55	0.4465287512	0.3634784481	-202.9630511324
56	1.3481534389	0.3634784481	-342.5686478287
57	0.2167684060	0.3634784481	-117.8252500978
58	1.0234392600	0.3634784481	-321.0057691845
59	1.7408050281	0.3634784481	-355.0327327034
60	0.4159955668	0.3634784481	-191.6908345399
61	0.0229988603	0.3634784481	-20.5563231793
62	2.2389986592	0.3634784481	-370.8003029103
63	0.8960197253	0.3634784481	-296.5659660405
64	1.1331923968	0.3634784481	-331.7432545088
65	1.5093188467	0.3634784481	-349.1774562912
66	0.4177393812	0.3634784481	-188.1743322307
67	2.4958355271	0.3634784481	-374.6730872461
68	0.9111901233	0.3634784481	-296.2100829183
69	2.1651034566	0.3634784481	-368.1342366059
70	2.7842378681	0.3634784481	-378.3758848702
71	1.2575767028	0.3634784481	-341.0348379827
72	1.1149078938	0.3634784481	-323.8784829086
73	0.0579772059	0.3634784481	-41.1779101026
74	1.4575188920	0.3634784481	-352.3668121425
75	1.4788056019	0.3634784481	-355.6787134662
76	1.5089813838	0.3634784481	-358.9047762446
77	0.1546542059	0.3634784481	-91.2900816882
78	2.7145850109	0.3634784481	-375.6856370185
79	2.3534015506	0.3634784481	-373.9708476129
80	0.7253139689	0.3634784481	-264.4313417202
81	1.7084637476	0.3634784481	-359.0787863376
82	2.2413481831	0.3634784481	-369.8807112497
83	2.3810916339	0.3634784481	-371.8683668985
84	0.8176037652	0.3634784481	-279.1872191019
85	0.7142587482	0.3634784481	-260.6783212113
86	1.5924988269	0.3634784481	-361.7664471730
87	1.3479151873	0.3634784481	-346.0840132305
88	0.6788259247	0.3634784481	-254.3542602027
89	0.4020226766	0.3634784481	-187.9800925564
90	2.8041911242	0.3634784481	-376.8639618074
91	0.0934841178	0.3634784481	-59.9461726250
92	0.7670327541	0.3634784481	-279.8758693756
93	2.0762704932	0.3634784481	-367.2251962340
94	0.4818720666	0.3634784481	-205.9277593631
95	0.4614959469	0.3634784481	-200.1940251207
96	2.3432463145	0.3634784481	-373.6943648040
97	1.5968214470	0.3634784481	-355.7976846198
98	1.0161401279	0.3634784481	-315.2049375890
99	1.9995180159	0.3634784481	-364.2844667472
100	0.2551445480	0.3634784481	-128.6325058115
101	0.2550035637	0.3634784481	-135.8396712173
102	2.3658567655	0.3634784481	-373.4582005923
103	1.6262995113	0.3634784481	-358.1827505784
104	0.2165381633	0.3634784481	-118.5328009647
105	1.6310622182	0.3634784481	-367.0795221659
106	2.2600616957	0.3634784481	-369.5075064127
107	0.5199889628	0.3634784481	-219.0807815928
108	2.8831869296	0.3634784481	-377.4722759488
109	2.3334696382	0.3634784481	-373.9058688776
110	2.2399661048	0.3634784481	-368.2319458302
111	0.0000000000	0.3634784481	-2.9957322736
112	1.9545407772	0.3634784481	-364.9928464033
113	1.9402844169	0.3634784481	-364.4485564006
114	1.0935590942	0.3634784481	-327.9954346304
115	1.7979811932	0.3634784481	-368.7402895641
116	2.8678175312	0.3634784481	-375.5350491365
117	2.0265293671	0.3634784481	-369.8709425423
118	1.5468128075	0.3634784481	-359.4228393419
119	1.3953986370	0.3634784481	-352.0561602348
120	2.3927528209	0.3634784481	-372.4351123286
121	0.4734671862	0.3634784481	-200.8158455719
122	0.2052391644	0.3634784481	-114.0010984154
123	2.2591279935	0.3634784481	-370.7918254191
124	3.2109441417	0.3634784481	-380.3242768649
