site	rate	t	lnL
1	3.5421538182	0.5053540498	-387.6506398079
2	0.7333064228	0.5053540498	-313.3222189514
3	3.3820274915	0.5053540498	-402.6042681057
4	52.6964861892	0.5053540498	-376.7690452775
5	0.1527047093	0.5053540498	-115.3472820424
6	70.7745067768	0.5053540498	-388.9013340276
7	0.8359524123	0.5053540498	-304.5061049370
8	0.8930023213	0.5053540498	-331.7355713437
9	118.8899862243	0.5053540498	-392.4168177995
10	5.0061860522	0.5053540498	-373.8654831285
11	0.8103141690	0.5053540498	-310.2061767242
12	185.8485488406	0.5053540498	-388.8278814172
13	2.3917687686	0.5053540498	-366.8896251911
14	0.7686343364	0.5053540498	-327.4167772355
15	0.9130694324	0.5053540498	-310.0902107150
16	1.3527401073	0.5053540498	-377.5467025044
17	1.9150011126	0.5053540498	-372.5684829092
18	2.4249180116	0.5053540498	-360.2782866922
19	3.7057228272	0.5053540498	-388.4658385974
20	0.3163802147	0.5053540498	-193.1914186200
21	2.0047925115	0.5053540498	-362.3873289587
22	1.1957465314	0.5053540498	-386.1056861916
23	1.5158935366	0.5053540498	-336.2058174463
24	0.2727944857	0.5053540498	-181.5136703877
25	2.3985809199	0.5053540498	-386.3890231925
26	0.3692506917	0.5053540498	-212.0547509349
27	0.8730848474	0.5053540498	-329.9126023230
28	0.0085929725	0.5053540498	-11.9099535053
29	0.2490593091	0.5053540498	-161.6741102131
30	0.8467324160	0.5053540498	-331.7908777816
31	2.5601638124	0.5053540498	-373.2341659612
32	2.5263593756	0.5053540498	-357.5176811241
33	0.5046979305	0.5053540498	-285.6333899650
34	2.8804525142	0.5053540498	-375.4572320347
35	0.9655927312	0.5053540498	-345.3965608367
36	3.1894905204	0.5053540498	-382.8929988848
37	0.7313883697	0.5053540498	-331.4886711297
38	5.7414509407	0.5053540498	-387.9349932428
39	2.9500431549	0.5053540498	-386.4811734042
40	1.1074022071	0.5053540498	-369.7926163028
41	1.0005999462	0.5053540498	-381.2726685071
42	96.2907733714	0.5053540498	-386.3912241196
43	2.3905655928	0.5053540498	-382.2317097073
44	3.1449348417	0.5053540498	-390.3663835206
45	1.3054192747	0.5053540498	-383.9637136548
46	0.5454620208	0.5053540498	-281.4496125156
47	0.7912995961	0.5053540498	-339.1446164493
48	992.4635795893	0.5053540498	-369.1830717736
49	1.0049427891	0.5053540498	-374.7095912681
50	0.8766135370	0.5053540498	-341.2927919924
51	0.0254231301	0.5053540498	-28.5096636772
52	1.1547425677	0.5053540498	-335.5270194546
53	0.9797736495	0.5053540498	-325.0460037853
54	0.9719451275	0.5053540498	-357.9811459058
55	0.9339982917	0.5053540498	-333.1517297408
56	1.1276819084	0.5053540498	-382.7723373176
57	0.2076179807	0.5053540498	-155.7621720598
58	7.9930427239	0.5053540498	-368.7806446067
59	6.5237847463	0.5053540498	-395.1668070729
60	0.7855952800	0.5053540498	-319.0243953362
61	0.1063012485	0.5053540498	-86.5602319728
62	2.1449474563	0.5053540498	-385.1496344230
63	0.5501070150	0.5053540498	-293.3654448279
64	0.9707590705	0.5053540498	-356.9011047167
65	3.2533839618	0.5053540498	-391.2719911249
66	0.6513737852	0.5053540498	-315.3236633387
67	3.5496322298	0.5053540498	-398.1524800046
68	0.6874583641	0.5053540498	-313.1708472209
69	38.3424630846	0.5053540498	-394.6399635637
70	2.9997099825	0.5053540498	-381.1476423154
71	4.2688002397	0.5053540498	-363.5332150457
72	3.2985159619	0.5053540498	-375.4313327972
73	0.0611206798	0.5053540498	-56.4244920453
74	0.7690011235	0.5053540498	-332.3820303084
75	3.8360054975	0.5053540498	-350.8140703711
76	2.3896718340	0.5053540498	-397.5596159174
77	0.1720877514	0.5053540498	-127.9466414524
78	3.9006527004	0.5053540498	-383.8375716409
79	311.5756308322	0.5053540498	-377.8709278025
80	0.6031825301	0.5053540498	-282.2654070078
81	3.1929637971	0.5053540498	-369.0929867254
82	4.4430556841	0.5053540498	-392.7975556903
83	361.1491568449	0.5053540498	-390.7668641940
84	0.7489762530	0.5053540498	-337.5263165465
85	0.9430046493	0.5053540498	-329.2087353453
86	1.0964373178	0.5053540498	-383.9126910689
87	1.3126872998	0.5053540498	-388.5278570374
88	0.9018520994	0.5053540498	-359.4635345734
89	0.5870212203	0.5053540498	-266.5508622592
90	3.2881205225	0.5053540498	-385.1024609521
91	0.1154830046	0.5053540498	-90.5896430427
92	1.6820366125	0.5053540498	-346.5952670336
93	2058.4722220110	0.5053540498	-372.5996506713
94	0.9333182349	0.5053540498	-321.3884366186
95	0.5995855590	0.5053540498	-313.6249197694
96	296.1646695990	0.5053540498	-383.0583668639
97	95.8246355490	0.5053540498	-378.2300484525
98	0.9968382348	0.5053540498	-366.2244791726
99	78.2030784053	0.5053540498	-396.9071132455
100	0.2859264074	0.5053540498	-182.5864142946
101	0.5256713911	0.5053540498	-236.8496029521
102	110.9745268263	0.5053540498	-392.8214950037
103	3.4620187408	0.5053540498	-362.7228169757
104	0.3165939235	0.5053540498	-202.2004478017
105	1.2679876867	0.5053540498	-399.1592144642
106	4.4870753875	0.5053540498	-382.5690774957
107	0.7936101411	0.5053540498	-332.8094912924
108	4.3584832948	0.5053540498	-385.4510609492
109	37.0204727573	0.5053540498	-386.6927814101
110	2.5413072313	0.5053540498	-380.5721411415
111	0.0085929701	0.5053540498	-12.2152416663
112	4.3267602303	0.5053540498	-386.8647600422
113	4.2175123102	0.5053540498	-396.7158272735
114	0.7975566219	0.5053540498	-356.1199142433
115	3.2815954408	0.5053540498	-387.0354397298
116	53.5811728475	0.5053540498	-390.6772585037
117	4.0292587967	0.5053540498	-374.4806139327
118	1.3529847919	0.5053540498	-365.4418536220
119	1.1644270681	0.5053540498	-382.5741220418
120	36.7328611367	0.5053540498	-383.3564389364
121	0.6132588108	0.5053540498	-301.7099395030
122	0.2816303373	0.5053540498	-174.3339973187
123	312.2129034275	0.5053540498	-386.6014552036
124	2.9272276593	0.5053540498	-386.2906134422
