site	rate	t	lnL
1	1.4525502832	0.0604732319	-129.1427552702
2	0.6340217508	0.0604732319	-66.9332506989
3	2.4346487636	0.0604732319	-185.8521034414
4	1.4517411220	0.0604732319	-127.0691555451
5	0.0689653847	0.0604732319	-12.4713721460
6	1.3041303713	0.0604732319	-115.6083790953
7	0.2778859271	0.0604732319	-35.3249185451
8	0.4196504010	0.0604732319	-49.0181855254
9	1.0733587680	0.0604732319	-102.8898981052
10	2.0216828119	0.0604732319	-161.3185836175
11	0.6331944693	0.0604732319	-67.6377604426
12	1.8418688829	0.0604732319	-154.5851268696
13	0.7054207428	0.0604732319	-74.5118257938
14	0.2079264030	0.0604732319	-28.1123271755
15	2.2612144116	0.0604732319	-177.0047806205
16	2.0078488934	0.0604732319	-162.1892814173
17	1.3779514940	0.0604732319	-122.6096094511
18	0.5621146927	0.0604732319	-60.9241900686
19	1.4534459507	0.0604732319	-129.4180721507
20	0.0000000000	0.0604732319	-2.9957322736
21	0.4902149263	0.0604732319	-55.6014024902
22	0.5614673558	0.0604732319	-60.9330324629
23	0.5633988822	0.0604732319	-58.8267434269
24	0.1382657608	0.0604732319	-20.5559004992
25	0.7784500982	0.0604732319	-80.5822388819
26	0.0000000000	0.0604732319	-2.9957322736
27	0.0689733039	0.0604732319	-12.4711623680
28	0.0000000000	0.0604732319	-2.9957322736
29	0.0000000000	0.0604732319	-2.9957322736
30	0.9266169468	0.0604732319	-92.4303029534
31	0.9990176650	0.0604732319	-97.1589076857
32	1.6044210267	0.0604732319	-140.1127742738
33	0.1382711800	0.0604732319	-20.5559005007
34	2.0048755147	0.0604732319	-168.0182742704
35	0.9255007800	0.0604732319	-91.3460099796
36	1.6111800327	0.0604732319	-139.7416908098
37	0.9279706648	0.0604732319	-88.0151365543
38	1.3776973946	0.0604732319	-124.0014402893
39	1.2994041324	0.0604732319	-118.5611560986
40	0.8513012205	0.0604732319	-86.5639490372
41	1.1489015052	0.0604732319	-106.5912523206
42	1.3820813931	0.0604732319	-126.1451243603
43	0.5610808014	0.0604732319	-62.0372244961
44	1.4516872450	0.0604732319	-129.4395054697
45	0.7773291200	0.0604732319	-80.5971838144
46	0.4896597767	0.0604732319	-55.6090627271
47	0.7790139155	0.0604732319	-80.5747481811
48	2.1739334184	0.0604732319	-174.6200594284
49	1.1476250720	0.0604732319	-107.4554045104
50	0.2078814463	0.0604732319	-28.1129655463
51	0.0000000000	0.0604732319	-2.9957322736
52	0.7057496921	0.0604732319	-73.4083967804
53	0.2778240216	0.0604732319	-35.3257834721
54	1.3035080791	0.0604732319	-119.6115621989
55	1.3762617455	0.0604732319	-124.0180484754
56	1.2239679837	0.0604732319	-111.9320471593
57	0.0000000000	0.0604732319	-2.9957322736
58	0.8510744537	0.0604732319	-85.4677706546
59	1.0768129891	0.0604732319	-101.7445194467
60	0.7080280309	0.0604732319	-71.2975755229
61	0.0689799550	0.0604732319	-12.4711623727
62	1.0777004884	0.0604732319	-101.8524527773
63	1.4556032941	0.0604732319	-126.3263551143
64	1.4564004844	0.0604732319	-130.4796269254
65	1.4509886731	0.0604732319	-131.6489100291
66	1.3759938757	0.0604732319	-126.2220885562
67	1.6097347490	0.0604732319	-140.0469136346
68	0.4191786493	0.0604732319	-49.0247233458
69	1.7707236640	0.0604732319	-149.7458599084
70	1.8484697424	0.0604732319	-156.7067020140
71	1.1486577416	0.0604732319	-108.2552334632
72	0.9244546809	0.0604732319	-91.7655400262
73	0.1382711809	0.0604732319	-20.5559005007
74	2.3490417594	0.0604732319	-180.1226656113
75	0.2778852743	0.0604732319	-35.3249229471
76	1.4678736360	0.0604732319	-127.1460177291
77	0.0689732917	0.0604732319	-12.4711624560
78	1.0746793422	0.0604732319	-101.8912317097
79	1.0734075584	0.0604732319	-101.7892773306
80	1.5363225492	0.0604732319	-136.9036584625
81	0.8525609209	0.0604732319	-84.3488579396
82	1.3794098109	0.0604732319	-123.9792837213
83	1.5319143752	0.0604732319	-131.5709000849
84	1.8431044816	0.0604732319	-153.4677837311
85	0.5619070586	0.0604732319	-60.9270810899
86	2.1881827349	0.0604732319	-176.6550055847
87	1.4493545847	0.0604732319	-130.5686667649
88	0.2778850867	0.0604732319	-35.3249244240
89	0.4907085251	0.0604732319	-53.3969510767
90	1.7674283964	0.0604732319	-152.6841412213
91	0.0000000000	0.0604732319	-2.9957322736
92	0.5619609262	0.0604732319	-60.2332700758
93	1.2258677147	0.0604732319	-114.1076460947
94	0.5614742217	0.0604732319	-62.0318849366
95	0.5612134494	0.0604732319	-62.0354341391
96	1.7760413951	0.0604732319	-149.2731162214
97	1.0003574893	0.0604732319	-97.1415406882
98	1.3825454156	0.0604732319	-125.0392446688
99	1.3775904370	0.0604732319	-121.9188436357
100	0.0000000000	0.0604732319	-2.9957322736
101	0.2778240214	0.0604732319	-35.3257834690
102	1.0734032232	0.0604732319	-101.5023267759
103	0.7813036408	0.0604732319	-78.3457022529
104	0.2078362862	0.0604732319	-28.1136054127
105	2.1690395586	0.0604732319	-174.6758917421
106	1.4558982146	0.0604732319	-129.7936045133
107	0.7080317972	0.0604732319	-73.3773439324
108	1.4563638956	0.0604732319	-129.3805500690
109	1.2262319219	0.0604732319	-114.1033113214
110	0.9982234031	0.0604732319	-98.2686009407
111	0.0000000000	0.0604732319	-2.9957322736
112	2.6180798722	0.0604732319	-191.2388930279
113	1.2226715318	0.0604732319	-113.4559573658
114	0.4901063756	0.0604732319	-54.5040544190
115	1.6901354760	0.0604732319	-144.1679044424
116	1.0728267319	0.0604732319	-102.8968352999
117	1.4526987280	0.0604732319	-131.6285693661
118	1.2258266420	0.0604732319	-112.0267320626
119	1.2253667125	0.0604732319	-111.9144199778
120	2.1233729750	0.0604732319	-167.2160461726
121	0.4899917269	0.0604732319	-55.6044749596
122	0.8521452425	0.0604732319	-86.5528867319
123	1.9242255436	0.0604732319	-160.7615854568
124	0.9239093743	0.0604732319	-92.4659965727
