site	rate	t	lnL
1	2.1532607998	0.3725421388	-370.7403731117
2	0.5489105635	0.3725421388	-225.7760384066
3	1.9991540004	0.3725421388	-380.6401054852
4	2.1714502921	0.3725421388	-385.3759857374
5	0.1700019245	0.3725421388	-93.9232011958
6	1.8412709310	0.3725421388	-387.8320036830
7	0.7316647607	0.3725421388	-258.6654404791
8	1.0657943310	0.3725421388	-310.9060271596
9	2.0356466880	0.3725421388	-382.1407985125
10	1.7452935440	0.3725421388	-365.5038185468
11	0.5009124611	0.3725421388	-198.2067994267
12	2.1842541875	0.3725421388	-377.2898980400
13	1.4816567252	0.3725421388	-344.1096195187
14	0.9645687415	0.3725421388	-297.7645394769
15	0.4240983411	0.3725421388	-175.6406748994
16	0.9810226642	0.3725421388	-319.9156259710
17	1.5712014015	0.3725421388	-353.7023683562
18	0.8292734191	0.3725421388	-284.7474663450
19	1.5019955646	0.3725421388	-351.3867049700
20	0.3110168299	0.3725421388	-150.3669002245
21	0.9910674051	0.3725421388	-310.4481228519
22	1.1773046081	0.3725421388	-341.5198708979
23	0.8901353769	0.3725421388	-275.0595017441
24	0.1912928311	0.3725421388	-116.9209996439
25	1.5270048974	0.3725421388	-364.3911167191
26	0.1502294941	0.3725421388	-91.6081802127
27	0.3985061336	0.3725421388	-179.9854377255
28	0.0116903448	0.3725421388	-11.4116499538
29	0.3909885433	0.3725421388	-172.7904492475
30	0.7157542137	0.3725421388	-263.8937816842
31	2.4791834103	0.3725421388	-374.3283570564
32	1.2738457063	0.3725421388	-333.0847975110
33	0.1369489370	0.3725421388	-86.5454868822
34	1.2393968511	0.3725421388	-347.0450448513
35	1.6334085188	0.3725421388	-341.0796628576
36	1.9618223144	0.3725421388	-373.6186206617
37	0.9535930352	0.3725421388	-314.0469370746
38	2.9518993087	0.3725421388	-374.5967243065
39	2.2473775935	0.3725421388	-366.4922294998
40	1.0299638233	0.3725421388	-315.8422004873
41	1.5735625780	0.3725421388	-371.1862334380
42	3.0326933052	0.3725421388	-385.8250011341
43	1.7733795160	0.3725421388	-381.5272836123
44	1.7060406918	0.3725421388	-382.6933748539
45	1.5316811851	0.3725421388	-372.8580271780
46	0.7363757372	0.3725421388	-270.4782089654
47	0.9232679732	0.3725421388	-306.1110344387
48	1.4510576973	0.3725421388	-346.5217037816
49	1.2366228112	0.3725421388	-339.5719562325
50	0.9069297282	0.3725421388	-292.2927487483
51	0.0000000000	0.3725421388	-2.5681677365
52	0.7383201934	0.3725421388	-253.7199951529
53	0.6393207653	0.3725421388	-235.7335540773
54	1.0012703697	0.3725421388	-301.7135501957
55	0.4124037491	0.3725421388	-184.4678437075
56	1.1033565338	0.3725421388	-344.0596171702
57	0.2210076064	0.3725421388	-122.6921961110
58	1.1681423841	0.3725421388	-324.4595723914
59	1.7731953311	0.3725421388	-364.0640282977
60	0.6786247358	0.3725421388	-244.5317794306
61	0.1076184003	0.3725421388	-64.8472852877
62	1.6801966984	0.3725421388	-369.7770554404
63	0.4226477700	0.3725421388	-194.7482003149
64	1.2836542701	0.3725421388	-345.9525687263
65	1.2969676551	0.3725421388	-354.5753180018
66	0.3756734173	0.3725421388	-177.1060911412
67	3.0177943425	0.3725421388	-391.1489879105
68	0.6263930470	0.3725421388	-243.9662988382
69	2.5399242306	0.3725421388	-377.5559312044
70	1.8033965512	0.3725421388	-365.3893620145
71	1.5839020430	0.3725421388	-334.7064050536
72	1.6267374261	0.3725421388	-356.5229729411
73	0.0117018932	0.3725421388	-11.0880483226
74	0.7377470107	0.3725421388	-271.5711253197
75	1.3146684424	0.3725421388	-318.0820599606
76	1.3201230982	0.3725421388	-357.3893788911
77	0.2428356042	0.3725421388	-121.4071842272
78	2.5820393602	0.3725421388	-384.6484263224
79	2.5493265961	0.3725421388	-368.8943659119
80	0.4101254524	0.3725421388	-182.6600963757
81	1.3329495059	0.3725421388	-340.6522149012
82	2.1573249540	0.3725421388	-375.3083809688
83	2.3131273100	0.3725421388	-382.8020599802
84	0.7352745737	0.3725421388	-282.9653059024
85	0.7635790474	0.3725421388	-264.2880144662
86	1.0910074379	0.3725421388	-343.5371944562
87	1.2106378731	0.3725421388	-332.4048723524
88	0.8098453209	0.3725421388	-284.2064052159
89	0.2391143816	0.3725421388	-122.4596006456
90	2.2673185464	0.3725421388	-364.1956210280
91	0.0831947349	0.3725421388	-53.9624821977
92	0.7232385118	0.3725421388	-247.9641093580
93	2.4615185695	0.3725421388	-367.2867134008
94	0.6917789893	0.3725421388	-244.2507219169
95	0.8709505821	0.3725421388	-300.7253617584
96	2.0528604696	0.3725421388	-367.7508539088
97	2.2910655959	0.3725421388	-358.4388409052
98	1.2750999228	0.3725421388	-337.9830402191
99	1.9741598773	0.3725421388	-373.2285336165
100	0.6007577840	0.3725421388	-223.1068090584
101	0.5285565030	0.3725421388	-206.1558720213
102	1.7492802848	0.3725421388	-362.2192489899
103	2.0836832698	0.3725421388	-364.3014997463
104	0.2494091991	0.3725421388	-130.9521261392
105	1.3560579514	0.3725421388	-360.8958852681
106	1.6187434683	0.3725421388	-348.2386478552
107	0.6282993641	0.3725421388	-248.3534748738
108	2.0851412892	0.3725421388	-356.6576145270
109	2.1433629247	0.3725421388	-373.9586773908
110	1.8151002967	0.3725421388	-359.0950589464
111	0.0000000000	0.3725421388	-2.4068821063
112	1.4313003572	0.3725421388	-348.6017575728
113	3.1691667123	0.3725421388	-390.7441840499
114	1.0798825946	0.3725421388	-338.0028935892
115	1.3977252542	0.3725421388	-352.4766191330
116	3.1661209221	0.3725421388	-379.3509484141
117	2.1623716962	0.3725421388	-364.4787976495
118	1.0923672540	0.3725421388	-322.0626671203
119	1.2928214169	0.3725421388	-352.9007068991
120	1.8735442922	0.3725421388	-373.8457156667
121	0.5841757705	0.3725421388	-226.2561246434
122	0.1448948612	0.3725421388	-82.1222758878
123	2.0868638026	0.3725421388	-372.7095886033
124	2.6124712406	0.3725421388	-376.0429188394
