site	rate	t	lnL
1	3.0976794625	0.5051972232	-380.5606161985
2	0.7391702866	0.5051972232	-321.4263810704
3	3.4600517956	0.5051972232	-397.6902962172
4	7.6970627539	0.5051972232	-382.0517719123
5	0.0971144757	0.5051972232	-80.9255230580
6	42.0971371671	0.5051972232	-392.8315380105
7	1.0568121772	0.5051972232	-321.6995339650
8	0.9923626267	0.5051972232	-354.1860033288
9	4.4840762087	0.5051972232	-383.0060643767
10	2.7945441688	0.5051972232	-374.5592620140
11	0.7341319665	0.5051972232	-291.7117345674
12	2.7360924701	0.5051972232	-383.6236645844
13	3.2911816631	0.5051972232	-367.9115684063
14	0.6720170045	0.5051972232	-312.0145852621
15	0.9275869004	0.5051972232	-313.3486318594
16	2.2305418199	0.5051972232	-393.7536770724
17	1.8910410032	0.5051972232	-372.7732265213
18	1.2727838175	0.5051972232	-361.1717747834
19	81.7031887830	0.5051972232	-380.7343505190
20	0.2452618187	0.5051972232	-162.2047546023
21	1.2653116983	0.5051972232	-366.9726014568
22	3.1012948955	0.5051972232	-392.8897697129
23	1.1216586054	0.5051972232	-333.3043337506
24	0.2422643081	0.5051972232	-166.8365212673
25	5.3031176188	0.5051972232	-384.4468000360
26	0.4809985062	0.5051972232	-251.6786649378
27	0.5948817956	0.5051972232	-285.6841028920
28	0.0346581106	0.5051972232	-33.4170607555
29	0.2377397281	0.5051972232	-152.3815180343
30	1.0299788302	0.5051972232	-355.3389202554
31	5.6078295597	0.5051972232	-372.8434661365
32	1.9522648496	0.5051972232	-351.7672064983
33	0.5159119243	0.5051972232	-290.8969982642
34	5.1590138918	0.5051972232	-379.4452388486
35	1.2698445512	0.5051972232	-357.2915772485
36	4.2941126184	0.5051972232	-380.1558627331
37	1.0538131270	0.5051972232	-375.4087938690
38	77.1969949822	0.5051972232	-391.8907382133
39	174.7453019609	0.5051972232	-384.7040174923
40	1.0093163328	0.5051972232	-357.8345079400
41	1.0679442633	0.5051972232	-379.7276159621
42	3.5229658393	0.5051972232	-392.4441764942
43	2.9332091420	0.5051972232	-380.8685175535
44	109.4722144339	0.5051972232	-389.5938623488
45	50.6113398700	0.5051972232	-380.2890452804
46	0.5718083019	0.5051972232	-290.6171641979
47	0.7309534068	0.5051972232	-330.0338880916
48	3.0558905491	0.5051972232	-376.4950732943
49	1.0704047225	0.5051972232	-373.6302446270
50	0.9036087187	0.5051972232	-348.9180919659
51	0.0084343505	0.5051972232	-12.3896209984
52	0.9436886980	0.5051972232	-319.7118443465
53	1.1370005980	0.5051972232	-334.1199448780
54	0.9524507085	0.5051972232	-352.2829800967
55	0.8089293033	0.5051972232	-321.8507656227
56	1.0080942276	0.5051972232	-376.9811310305
57	0.3313377068	0.5051972232	-221.5839146748
58	2.6324913246	0.5051972232	-366.9948881716
59	83.9898291194	0.5051972232	-387.1626656168
60	0.7411068441	0.5051972232	-310.2039136653
61	0.0971174318	0.5051972232	-78.4351592476
62	52.0487803585	0.5051972232	-382.7402032055
63	0.3731783243	0.5051972232	-230.5157895147
64	0.7923152877	0.5051972232	-339.9078453956
65	3.4529008315	0.5051972232	-387.1824445371
66	0.5002720437	0.5051972232	-270.2879956056
67	5.2757549361	0.5051972232	-401.8964560337
68	0.6734544056	0.5051972232	-314.1852884454
69	40.7493884804	0.5051972232	-387.3004881125
70	3.5607011732	0.5051972232	-379.5133262828
71	4.4069334755	0.5051972232	-374.5575244647
72	61.8287686371	0.5051972232	-367.2244907293
73	0.0434302971	0.5051972232	-42.0798269035
74	0.8367263113	0.5051972232	-347.0265270065
75	3.8497261722	0.5051972232	-355.5322581094
76	2.8942000931	0.5051972232	-404.1340880185
77	0.1249186098	0.5051972232	-95.9684091396
78	2.3890909273	0.5051972232	-385.8280850373
79	48.5755162476	0.5051972232	-371.8451550331
80	1.0727163310	0.5051972232	-346.9694843990
81	3.2580708612	0.5051972232	-374.4507307857
82	4.1780994950	0.5051972232	-385.7756126307
83	3.2242312531	0.5051972232	-394.2954331877
84	0.6303028302	0.5051972232	-315.0195570681
85	0.7664718060	0.5051972232	-306.1411495611
86	1.1748651810	0.5051972232	-387.1848293896
87	4.1364068787	0.5051972232	-383.5568412017
88	0.9608595370	0.5051972232	-370.2962760060
89	0.6752347488	0.5051972232	-281.6375037456
90	4.0386545652	0.5051972232	-379.3008555161
91	0.1718773307	0.5051972232	-123.5663179103
92	2.0472818433	0.5051972232	-350.9341405119
93	2.7377814704	0.5051972232	-377.5180123231
94	0.8055161945	0.5051972232	-307.1996405657
95	0.7003104314	0.5051972232	-322.5539615489
96	87.8987797649	0.5051972232	-386.2515572676
97	6.0584653329	0.5051972232	-382.5152149460
98	1.0284169511	0.5051972232	-364.3467475413
99	2.8052587102	0.5051972232	-394.5711583037
100	0.2253734612	0.5051972232	-156.0763980437
101	0.5382186622	0.5051972232	-236.7387418510
102	3.0682922721	0.5051972232	-394.2055278096
103	2.7782171375	0.5051972232	-365.1172023499
104	0.3899422247	0.5051972232	-226.8706937461
105	1.0185215608	0.5051972232	-382.3625623760
106	123.2628051846	0.5051972232	-374.3714273779
107	0.7835277497	0.5051972232	-334.0335435332
108	5.6449939777	0.5051972232	-375.7137739396
109	73.5084495525	0.5051972232	-386.2023077789
110	7980.1164085083	0.5051972232	-381.7827171041
111	0.0000000000	0.5051972232	-2.4359724868
112	32.3777762475	0.5051972232	-385.9400608629
113	2.1280521327	0.5051972232	-401.5381672610
114	0.8249444363	0.5051972232	-362.5851963655
115	2.4246599250	0.5051972232	-378.1589704659
116	1137.6889258962	0.5051972232	-395.9514094657
117	3.3230083783	0.5051972232	-378.2882137245
118	2.5976526524	0.5051972232	-370.2188221170
119	1.5060851241	0.5051972232	-374.4796051893
120	2.7087000303	0.5051972232	-376.1089024837
121	0.6640378375	0.5051972232	-306.2714523800
122	0.1718003684	0.5051972232	-118.1702174826
123	5655.1259244599	0.5051972232	-397.3119947322
124	2.9985720011	0.5051972232	-388.3845093016
