site	rate	t	lnL
1	1.3349110131	0.0628654778	-123.1888500432
2	1.1211519603	0.0628654778	-104.1207657054
3	1.7108757692	0.0628654778	-145.5232223602
4	2.0454690075	0.0628654778	-163.4646778377
5	0.0685980587	0.0628654778	-11.9506057350
6	2.0402044339	0.0628654778	-173.6245003062
7	0.2763398550	0.0628654778	-34.6443685744
8	2.0131745371	0.0628654778	-166.6005352589
9	1.3200259563	0.0628654778	-120.1417434106
10	1.2076331312	0.0628654778	-116.9261941081
11	0.6300239169	0.0628654778	-65.1781737951
12	1.1901850745	0.0628654778	-111.4923773593
13	1.0147139290	0.0628654778	-98.1974011545
14	1.0154522885	0.0628654778	-101.7050843034
15	0.2067394346	0.0628654778	-25.7318559562
16	1.0894374500	0.0628654778	-107.5670750645
17	0.6392685616	0.0628654778	-65.0307062295
18	0.4854252277	0.0628654778	-55.3843957136
19	1.3173501973	0.0628654778	-125.8024874963
20	0.2795396341	0.0628654778	-35.2013947296
21	0.6826890694	0.0628654778	-73.6347493094
22	1.5304033989	0.0628654778	-144.0839316249
23	0.5892554702	0.0628654778	-57.8865114658
24	0.1390209477	0.0628654778	-21.3342853541
25	2.2786617084	0.0628654778	-190.8961905987
26	0.8917829171	0.0628654778	-94.9673597794
27	0.8923952071	0.0628654778	-89.0289898365
28	0.0000000000	0.0628654778	-2.5114659229
29	0.1441636366	0.0628654778	-18.8999553536
30	0.1448596802	0.0628654778	-20.0056543214
31	1.5111092556	0.0628654778	-142.4356086990
32	0.6664256517	0.0628654778	-67.4461159094
33	0.0000000000	0.0628654778	-2.9927126437
34	1.0028229449	0.0628654778	-99.3544469921
35	2.0826849218	0.0628654778	-170.1190612038
36	1.1933219577	0.0628654778	-106.0222982774
37	2.1672998032	0.0628654778	-185.1930417062
38	1.4755446652	0.0628654778	-137.2202897790
39	1.4236680376	0.0628654778	-131.1843172443
40	0.7452111506	0.0628654778	-80.8741939266
41	1.4099733425	0.0628654778	-130.6086724872
42	1.2933607810	0.0628654778	-127.3871929072
43	1.0978828997	0.0628654778	-109.3463692947
44	1.7887135641	0.0628654778	-159.4784222757
45	1.6419821343	0.0628654778	-150.9904836292
46	0.4211117651	0.0628654778	-46.6748991469
47	2.2046590296	0.0628654778	-178.8891742214
48	0.9676695817	0.0628654778	-97.1390670824
49	0.3964040335	0.0628654778	-50.8334531236
50	0.4037105295	0.0628654778	-51.8016782220
51	0.0000000000	0.0628654778	-2.3992192335
52	0.2759896670	0.0628654778	-35.9121951236
53	0.3638933234	0.0628654778	-42.3526959401
54	1.1837848248	0.0628654778	-107.9666837987
55	0.2676966928	0.0628654778	-33.4617636565
56	1.1953191341	0.0628654778	-116.6038402941
57	0.0000000000	0.0628654778	-2.9927126437
58	1.2392433377	0.0628654778	-121.7975595084
59	0.6244228882	0.0628654778	-67.0386887456
60	0.5143257586	0.0628654778	-54.5642441993
61	0.0000000000	0.0628654778	-2.5114659229
62	1.3909909297	0.0628654778	-134.6117620079
63	0.1312688931	0.0628654778	-20.9067332851
64	0.4906360971	0.0628654778	-53.9997274788
65	0.8258037456	0.0628654778	-84.8775301646
66	0.0000000000	0.0628654778	-3.3919159906
67	1.6676560694	0.0628654778	-153.4032318384
68	1.7987563906	0.0628654778	-155.0602256258
69	1.5491859329	0.0628654778	-142.2812259400
70	1.1653772096	0.0628654778	-111.1241395748
71	1.1037655641	0.0628654778	-107.3585125139
72	0.8084695533	0.0628654778	-89.9126275268
73	0.0000000000	0.0628654778	-2.5114659229
74	1.7774622864	0.0628654778	-155.4081671291
75	1.1645544328	0.0628654778	-112.6533758392
76	1.1735505512	0.0628654778	-115.5593782955
77	0.0000000000	0.0628654778	-2.5114659229
78	1.4771173705	0.0628654778	-133.7369996612
79	1.8718258850	0.0628654778	-161.9488367456
80	1.2943145398	0.0628654778	-118.3949065987
81	1.1275370561	0.0628654778	-106.1312042835
82	0.9926803374	0.0628654778	-95.9907069485
83	1.3931395475	0.0628654778	-127.3449302707
84	0.3989787752	0.0628654778	-48.1159550249
85	0.8145310318	0.0628654778	-80.9742242982
86	0.6003831363	0.0628654778	-65.3945634532
87	1.4749486932	0.0628654778	-138.5855533687
88	1.5376748927	0.0628654778	-138.7824024994
89	0.3644527334	0.0628654778	-40.9303640516
90	1.6745108306	0.0628654778	-154.9186722018
91	1.2409171483	0.0628654778	-117.2956765624
92	0.5582883777	0.0628654778	-59.9546637571
93	1.0229392900	0.0628654778	-103.1665811866
94	0.2666858638	0.0628654778	-34.9068451081
95	0.5363347720	0.0628654778	-61.8886480906
96	0.3639022939	0.0628654778	-39.8210558876
97	1.6336149587	0.0628654778	-143.9126931114
98	0.2794145931	0.0628654778	-35.1708891949
99	2.2270065584	0.0628654778	-178.3190849737
100	1.8640998518	0.0628654778	-158.6858233312
101	0.2900592569	0.0628654778	-31.7010959984
102	1.6972038474	0.0628654778	-154.0410309131
103	0.8122591017	0.0628654778	-79.7279940588
104	2.2673456473	0.0628654778	-174.4776030780
105	1.7623057439	0.0628654778	-142.9237428989
106	2.1042692355	0.0628654778	-173.5492429743
107	0.6053022106	0.0628654778	-67.1075133756
108	1.5928848774	0.0628654778	-147.3042712930
109	1.3742707152	0.0628654778	-129.1115157254
110	1.4022387880	0.0628654778	-130.5307181628
111	0.0000000000	0.0628654778	-2.5114659229
112	1.1799429017	0.0628654778	-110.2854939606
113	1.2498942265	0.0628654778	-122.1190494006
114	0.1974024262	0.0628654778	-29.2017362709
115	0.4630999522	0.0628654778	-55.6485200149
116	1.1015605108	0.0628654778	-114.2519487760
117	1.2915596707	0.0628654778	-125.9612730584
118	1.0288926524	0.0628654778	-94.4506248867
119	1.8955141189	0.0628654778	-154.5897638849
120	1.1130556922	0.0628654778	-107.3568493090
121	0.2090779994	0.0628654778	-26.8848090406
122	0.1377909681	0.0628654778	-19.4656981124
123	1.8461754061	0.0628654778	-162.3898354699
124	1.7635521473	0.0628654778	-147.0975272985
