site	rate	t	lnL
1	2.5281774343	0.3688658695	-385.6824453630
2	0.5584959469	0.3688658695	-229.1408540965
3	1.8020785023	0.3688658695	-369.3747982201
4	1.5405081337	0.3688658695	-367.4149820944
5	0.1976943431	0.3688658695	-106.3842699653
6	2.2865207710	0.3688658695	-373.0128062931
7	0.4606794000	0.3688658695	-184.3685359106
8	0.9554513397	0.3688658695	-288.6239985526
9	1.9570094634	0.3688658695	-370.8021648848
10	2.2287649108	0.3688658695	-366.0801769704
11	0.6898814971	0.3688658695	-240.3888537942
12	2.8425438023	0.3688658695	-386.5515413811
13	1.3493551959	0.3688658695	-330.4215906579
14	0.7030339314	0.3688658695	-259.6655334909
15	0.6116786724	0.3688658695	-219.8202139048
16	1.4034039647	0.3688658695	-362.4822203313
17	1.5045747660	0.3688658695	-337.1635927344
18	1.2944446845	0.3688658695	-321.9395603291
19	1.8128165021	0.3688658695	-366.6312912063
20	0.4400441739	0.3688658695	-188.5636423362
21	1.0209558018	0.3688658695	-306.3831789014
22	1.4070201395	0.3688658695	-367.2039330739
23	0.8771387461	0.3688658695	-269.8045705280
24	0.2779235829	0.3688658695	-146.8752043328
25	1.8199076090	0.3688658695	-359.2949213217
26	0.2129080511	0.3688658695	-112.9998430406
27	0.5497514277	0.3688658695	-218.7463774670
28	0.0000000000	0.3688658695	-2.4403014979
29	0.2183116308	0.3688658695	-109.6534795282
30	0.7085890843	0.3688658695	-256.3318093271
31	1.5425444762	0.3688658695	-355.0688476215
32	0.9058484078	0.3688658695	-275.9818088685
33	0.4610471828	0.3688658695	-211.7715117938
34	1.1674993225	0.3688658695	-326.4854478735
35	1.4630424763	0.3688658695	-338.0521125113
36	2.6386164311	0.3688658695	-380.6237731117
37	1.0049494347	0.3688658695	-315.6894681342
38	2.0496867697	0.3688658695	-372.5801915587
39	2.2019623777	0.3688658695	-373.9489444130
40	1.3600991907	0.3688658695	-351.2034383401
41	1.3581485438	0.3688658695	-363.4428083654
42	2.7638757783	0.3688658695	-380.2475348954
43	1.8919228847	0.3688658695	-357.9291897432
44	2.2600173030	0.3688658695	-375.5090482774
45	0.9379114119	0.3688658695	-306.6404563977
46	0.2979529202	0.3688658695	-145.0818186926
47	0.7518732174	0.3688658695	-270.3999985367
48	1.6876477418	0.3688658695	-354.0100791872
49	0.9997689861	0.3688658695	-318.4367318528
50	0.8618982278	0.3688658695	-291.9434650132
51	0.0232330352	0.3688658695	-19.5850478798
52	0.4866327707	0.3688658695	-200.2332193738
53	0.8438507794	0.3688658695	-264.7312743828
54	1.1432075294	0.3688658695	-315.2790707486
55	0.7441560637	0.3688658695	-258.4919578896
56	0.9424774885	0.3688658695	-317.7362900510
57	0.1973972401	0.3688658695	-111.9077258924
58	1.3870268218	0.3688658695	-330.0350201598
59	2.4880279343	0.3688658695	-381.4211887321
60	0.5376851897	0.3688658695	-215.5067684753
61	0.0474668192	0.3688658695	-32.3227440552
62	2.0234743538	0.3688658695	-366.5906782814
63	0.4493694810	0.3688658695	-198.6645364895
64	1.0305796666	0.3688658695	-310.7472397997
65	2.0351985551	0.3688658695	-378.1582037456
66	0.4752581041	0.3688658695	-207.7301894060
67	1.7948170278	0.3688658695	-374.2742966043
68	0.9718142229	0.3688658695	-309.1633708613
69	2.3410061809	0.3688658695	-380.6460889061
70	2.1488961381	0.3688658695	-369.3356755458
71	1.3235969991	0.3688658695	-338.0360102305
72	1.6979060859	0.3688658695	-361.3577933824
73	0.0117683322	0.3688658695	-11.0387675120
74	0.8512110109	0.3688658695	-283.7884139744
75	1.0321345831	0.3688658695	-295.8577976868
76	1.4173816830	0.3688658695	-361.6120055552
77	0.2467509072	0.3688658695	-125.0283765519
78	2.4631468648	0.3688658695	-380.7917742349
79	1.8767777220	0.3688658695	-350.2107354389
80	0.6650328127	0.3688658695	-243.5072164963
81	1.0988974392	0.3688658695	-309.9406200704
82	2.9755085590	0.3688658695	-383.3120396305
83	1.7249091429	0.3688658695	-379.2933282871
84	0.6165567778	0.3688658695	-259.0963761781
85	0.7132338198	0.3688658695	-247.9750143168
86	1.5463967671	0.3688658695	-371.4383296409
87	1.3555494819	0.3688658695	-351.2043332517
88	0.6365701495	0.3688658695	-252.6227974450
89	0.4029493501	0.3688658695	-177.5262806493
90	2.1081732253	0.3688658695	-361.8508613969
91	0.2231452920	0.3688658695	-115.6947495590
92	0.6809215327	0.3688658695	-238.3136940026
93	1.6953681077	0.3688658695	-359.8798919076
94	0.4600619329	0.3688658695	-190.1422287430
95	0.5918998511	0.3688658695	-243.8887846235
96	2.2432695442	0.3688658695	-383.9479584541
97	2.0110093157	0.3688658695	-355.6415717330
98	2.6784915578	0.3688658695	-370.6155585842
99	1.5610709769	0.3688658695	-371.3885347040
100	0.1561981932	0.3688658695	-88.9646402588
101	0.3688918683	0.3688658695	-156.5465706660
102	2.0992044964	0.3688658695	-382.6862835159
103	1.4157828813	0.3688658695	-332.5294171095
104	0.2912736689	0.3688658695	-149.4091041864
105	1.5160461284	0.3688658695	-367.8298426164
106	1.5960323674	0.3688658695	-345.5786364122
107	0.6767314981	0.3688658695	-254.1280539919
108	2.7351926946	0.3688658695	-373.3024861237
109	2.3977734195	0.3688658695	-364.9750527100
110	2.9922669823	0.3688658695	-371.7767643840
111	0.0000000000	0.3688658695	-2.4403014979
112	1.7550472102	0.3688658695	-380.0757522758
113	3.1431286779	0.3688658695	-393.9599982657
114	0.7825665974	0.3688658695	-287.3277106390
115	1.3861190529	0.3688658695	-341.1833904397
116	1.8684482962	0.3688658695	-380.8591165800
117	1.9584187745	0.3688658695	-357.3835573611
118	1.1372080647	0.3688658695	-316.5590220397
119	1.0458452161	0.3688658695	-320.2297646737
120	1.7528704057	0.3688658695	-368.9156483810
121	0.4534552850	0.3688658695	-195.9609373330
122	0.2903086449	0.3688658695	-135.4349495663
123	1.7937747893	0.3688658695	-377.2211064338
124	2.6937390601	0.3688658695	-383.6543497760
