site	rate	t	lnL
1	4.5531056187	0.4830094722	-383.3615204221
2	0.7971038805	0.4830094722	-333.9782811683
3	4.6046334137	0.4830094722	-383.3658218767
4	84.1193830937	0.4830094722	-383.4537310149
5	0.1063586769	0.4830094722	-86.5885019954
6	3.4336547376	0.4830094722	-382.9117370912
7	0.8184581212	0.4830094722	-339.0184267371
8	0.8368085564	0.4830094722	-339.3784817471
9	36.9659794664	0.4830094722	-383.4537310149
10	3.7185820639	0.4830094722	-383.0222815925
11	0.7209473823	0.4830094722	-321.5384106546
12	56.4779126548	0.4830094722	-383.4537310149
13	4.2788838173	0.4830094722	-383.3370857545
14	0.6154366538	0.4830094722	-299.1685206658
15	0.6723534215	0.4830094722	-309.0457719678
16	4.0988184348	0.4830094722	-383.3189683638
17	2.5686768918	0.4830094722	-381.2763219290
18	3.8782767233	0.4830094722	-383.2954107346
19	66.8634347916	0.4830094722	-383.4537310149
20	0.3212165983	0.4830094722	-199.1658296193
21	1.5261412977	0.4830094722	-377.6138184607
22	4.1496744424	0.4830094722	-383.3254979658
23	1.0270340359	0.4830094722	-360.0504604023
24	0.2697948136	0.4830094722	-174.9606637985
25	3.4999499138	0.4830094722	-382.9414856251
26	0.3749747444	0.4830094722	-220.3499099423
27	0.7678709140	0.4830094722	-332.3748243539
28	0.0086338291	0.4830094722	-12.4713721415
29	0.2397280553	0.4830094722	-160.8685534707
30	1.0131047275	0.4830094722	-362.5523346155
31	2.5294360878	0.4830094722	-381.1549281756
32	0.9570657137	0.4830094722	-357.2994964542
33	0.4084957397	0.4830094722	-234.1029233091
34	3.7421794242	0.4830094722	-383.2709834587
35	1.4923659679	0.4830094722	-380.8006193502
36	1465.3303056817	0.4830094722	-383.4537310146
37	0.9410129081	0.4830094722	-357.7554908183
38	166.5325283886	0.4830094722	-383.4537310149
39	4.4867488096	0.4830094722	-383.3559673546
40	1.1274121546	0.4830094722	-370.5270851199
41	1.2243090487	0.4830094722	-376.7711915009
42	3.5136837416	0.4830094722	-382.9450543197
43	5178.0403416371	0.4830094722	-383.4537310140
44	59.9352238953	0.4830094722	-383.4537310149
45	4.1138674603	0.4830094722	-383.3200064409
46	0.7329483645	0.4830094722	-325.3649186394
47	0.7554519855	0.4830094722	-326.5031112484
48	2.6800967828	0.4830094722	-381.4931014244
49	1.1465807717	0.4830094722	-376.1906349479
50	0.9702927336	0.4830094722	-359.0232703943
51	0.0000000000	0.4830094722	-2.9957322736
52	0.7969632769	0.4830094722	-336.1913548605
53	0.8255413614	0.4830094722	-342.9611179152
54	1.0194809818	0.4830094722	-362.3718055867
55	0.8197368109	0.4830094722	-336.7719391342
56	1.1377719694	0.4830094722	-369.8003685855
57	0.2298312862	0.4830094722	-157.9613123862
58	2.3713870695	0.4830094722	-381.0124614970
59	3.0823260256	0.4830094722	-382.3514703983
60	0.7101660873	0.4830094722	-318.0346134777
61	0.1063526684	0.4830094722	-86.5884725865
62	552.9415134918	0.4830094722	-383.4537310148
63	0.5673455417	0.4830094722	-280.2629620355
64	0.8641013350	0.4830094722	-346.7960751654
65	3.6779275345	0.4830094722	-383.0087664810
66	0.4305439743	0.4830094722	-241.5734094345
67	4.5136116526	0.4830094722	-383.3584197965
68	0.7012260986	0.4830094722	-322.2381641497
69	4.5513261760	0.4830094722	-383.3613623780
70	1297.4110178578	0.4830094722	-383.4537310145
71	2.4783151150	0.4830094722	-381.1673814315
72	216.1930383638	0.4830094722	-383.4537310149
73	0.0973412233	0.4830094722	-79.4959278166
74	0.6214635825	0.4830094722	-295.0197001538
75	1.2365413484	0.4830094722	-377.1874186652
76	4.5463705788	0.4830094722	-383.3611015717
77	0.1433596367	0.4830094722	-108.5881287383
78	4.4609826177	0.4830094722	-383.3534994038
79	49.5517108289	0.4830094722	-383.4537310149
80	0.7270977110	0.4830094722	-315.9122436484
81	1.8430458866	0.4830094722	-380.0801528074
82	339.9907316540	0.4830094722	-383.4537310149
83	126.4966997199	0.4830094722	-383.4537310149
84	0.7477980995	0.4830094722	-325.9187164575
85	0.9159200750	0.4830094722	-354.5355669897
86	35.0771666606	0.4830094722	-383.4537310149
87	3329.3555531658	0.4830094722	-383.4537310143
88	1.2477488653	0.4830094722	-374.0462696371
89	0.4527172423	0.4830094722	-253.5034227048
90	37.9301397076	0.4830094722	-383.4537310149
91	0.1156140476	0.4830094722	-91.3734516977
92	1.0236662320	0.4830094722	-359.8879599321
93	2.7972930699	0.4830094722	-381.5464316304
94	0.7997887516	0.4830094722	-337.0028135871
95	0.8568427221	0.4830094722	-347.1194319190
96	4.4532444921	0.4830094722	-383.3530554214
97	3.7150820516	0.4830094722	-383.0215032090
98	0.8952044843	0.4830094722	-353.4962276493
99	4.1114290708	0.4830094722	-383.3198466666
100	0.2201981188	0.4830094722	-148.3808017828
101	0.6200065332	0.4830094722	-300.0190446459
102	2013.2145650335	0.4830094722	-383.4537310147
103	1.0160122501	0.4830094722	-360.0353497234
104	0.3536187988	0.4830094722	-211.0608840035
105	4.4547644608	0.4830094722	-383.3532349239
106	3.4267570952	0.4830094722	-382.9102101721
107	0.7701902686	0.4830094722	-329.4793251686
108	3.0633455803	0.4830094722	-382.2981773197
109	3.1507696695	0.4830094722	-382.3827071525
110	3.0997856778	0.4830094722	-382.3445036624
111	0.0000000000	0.4830094722	-2.9957322736
112	3.6839237534	0.4830094722	-383.0103129553
113	3.5333563152	0.4830094722	-382.9509202152
114	0.6886506097	0.4830094722	-313.7110365350
115	3.3991486555	0.4830094722	-382.9028328674
116	180.0727774311	0.4830094722	-383.4537310149
117	39.4543890711	0.4830094722	-383.4537310149
118	1.4297240465	0.4830094722	-378.6335408003
119	2.7063686530	0.4830094722	-382.0340869578
120	95.7692791705	0.4830094722	-383.4537310149
121	0.5003519873	0.4830094722	-265.5089800497
122	0.2205120446	0.4830094722	-147.6585010983
123	3.2053324564	0.4830094722	-382.4330319111
124	3.0415426019	0.4830094722	-382.2908532068
