site	rate	t	lnL
1	2.5894199225	0.3603404053	-374.9720418576
2	0.6230067687	0.3603404053	-246.2675262391
3	1.8044444661	0.3603404053	-368.9148161153
4	2.3640315557	0.3603404053	-372.9591541394
5	0.1065020669	0.3603404053	-65.1331072822
6	1.9923891061	0.3603404053	-370.5314911901
7	0.4486501037	0.3603404053	-199.1103345206
8	0.8821698436	0.3603404053	-291.3334746435
9	2.0223105235	0.3603404053	-371.7711629902
10	1.5542653530	0.3603404053	-354.2435016926
11	0.7356009761	0.3603404053	-270.5010616908
12	1.8195582103	0.3603404053	-357.3532379338
13	1.2650014099	0.3603404053	-336.5416973518
14	0.5559557797	0.3603404053	-221.6606760801
15	0.4687489015	0.3603404053	-204.9756341606
16	1.6262960718	0.3603404053	-367.0186743025
17	1.6020883271	0.3603404053	-363.5042533908
18	1.6003459658	0.3603404053	-358.2361896852
19	2.8508799446	0.3603404053	-377.0963858152
20	0.1932678330	0.3603404053	-103.2567581563
21	1.0975404098	0.3603404053	-323.4705435800
22	1.5229423026	0.3603404053	-354.1826173418
23	0.7677093238	0.3603404053	-279.6345801530
24	0.2175827524	0.3603404053	-120.7973284382
25	1.5306805040	0.3603404053	-352.5393792974
26	0.3647517848	0.3603404053	-168.7416172901
27	0.6114116676	0.3603404053	-242.0989210557
28	0.0000000000	0.3603404053	-2.9957322736
29	0.2569128604	0.3603404053	-131.5860506673
30	0.7440670685	0.3603404053	-269.4038617487
31	1.9307344827	0.3603404053	-371.3908185027
32	1.0170428322	0.3603404053	-308.0474282998
33	0.2572646424	0.3603404053	-131.6777041692
34	1.4024943424	0.3603404053	-347.5898521873
35	1.2833965349	0.3603404053	-340.0409571916
36	2.2217133386	0.3603404053	-371.8807512920
37	1.5395385333	0.3603404053	-359.2870740828
38	2.7038883909	0.3603404053	-376.5051776950
39	1.9596948572	0.3603404053	-364.2047555066
40	0.9534603461	0.3603404053	-301.5067357596
41	1.5680840135	0.3603404053	-357.9296945261
42	2.5858639555	0.3603404053	-374.8841733167
43	1.9252628346	0.3603404053	-365.6965300289
44	2.7758385751	0.3603404053	-377.6051668647
45	0.9988116234	0.3603404053	-308.7716163147
46	0.5540743307	0.3603404053	-225.4793274457
47	0.9672187203	0.3603404053	-308.1633241907
48	1.2813631169	0.3603404053	-341.0662472244
49	0.9996266069	0.3603404053	-308.4882049293
50	1.0901336152	0.3603404053	-323.2725421029
51	0.0000000000	0.3603404053	-2.9957322736
52	0.4960149510	0.3603404053	-210.5593628221
53	0.6178338615	0.3603404053	-250.9304503895
54	0.7731525955	0.3603404053	-273.5171633106
55	0.5233754901	0.3603404053	-216.8777554522
56	1.5857830491	0.3603404053	-359.5167778728
57	0.1930253851	0.3603404053	-106.7295982853
58	1.0282312085	0.3603404053	-313.1325793448
59	1.8613682680	0.3603404053	-367.8250714258
60	0.6748302876	0.3603404053	-255.0833754912
61	0.0348796075	0.3603404053	-28.1136054127
62	2.8908230990	0.3603404053	-378.7512312818
63	0.5363716149	0.3603404053	-216.5813870791
64	0.8514151149	0.3603404053	-288.6835043326
65	2.3025608016	0.3603404053	-374.3820459360
66	0.6028596172	0.3603404053	-234.3292718638
67	2.2641520202	0.3603404053	-368.8866893244
68	0.6800266467	0.3603404053	-259.7065014915
69	1.7980755172	0.3603404053	-359.9685782661
70	2.3969628706	0.3603404053	-373.5430372316
71	1.2974269670	0.3603404053	-340.9882915884
72	1.5795071535	0.3603404053	-353.1240601255
73	0.3104113849	0.3603404053	-152.0003301519
74	1.1063029864	0.3603404053	-326.5530295676
75	1.2656211783	0.3603404053	-341.4787701333
76	1.2318436019	0.3603404053	-336.0266637408
77	0.0115775839	0.3603404053	-12.4713722257
78	2.7058794170	0.3603404053	-374.3809135014
79	2.9746416308	0.3603404053	-380.4002787398
80	0.6910350589	0.3603404053	-260.4262540234
81	1.0463504902	0.3603404053	-316.4582346143
82	1.9652593364	0.3603404053	-367.2148865529
83	2.4712957196	0.3603404053	-371.6703419745
84	0.9964164628	0.3603404053	-316.9697269348
85	0.5428135616	0.3603404053	-221.6899301320
86	1.0027853720	0.3603404053	-311.8573320309
87	1.4746407237	0.3603404053	-351.9344515753
88	0.9076018908	0.3603404053	-295.8998640032
89	0.2824798196	0.3603404053	-144.5578189018
90	2.5562439638	0.3603404053	-376.3086360649
91	0.1679465845	0.3603404053	-94.9370571775
92	1.0806760671	0.3603404053	-318.7034613300
93	1.1954372886	0.3603404053	-327.6059227280
94	0.7256585449	0.3603404053	-263.6636036835
95	0.4912712017	0.3603404053	-209.0571923218
96	1.7038822917	0.3603404053	-358.2405111358
97	2.2236437176	0.3603404053	-371.5427931391
98	1.2607008861	0.3603404053	-349.1847001560
99	1.9777240359	0.3603404053	-360.7938186269
100	0.1681006324	0.3603404053	-91.8785303052
101	0.2190301167	0.3603404053	-118.4877915822
102	2.3672310324	0.3603404053	-372.3395636156
103	1.3154906989	0.3603404053	-345.0387543461
104	0.1929165623	0.3603404053	-106.4500507469
105	1.4395414389	0.3603404053	-352.8626260820
106	2.2763032051	0.3603404053	-370.9918926398
107	0.7541625158	0.3603404053	-278.0216816052
108	2.2870773750	0.3603404053	-370.3381072145
109	2.7353236448	0.3603404053	-375.6947426210
110	2.3245364858	0.3603404053	-370.4055740884
111	0.0000000000	0.3603404053	-2.9957322736
112	1.8794765816	0.3603404053	-367.0274412670
113	3.0625219434	0.3603404053	-378.4026197273
114	0.7133143653	0.3603404053	-264.0590438144
115	1.6553374343	0.3603404053	-355.3514184011
116	1.7726433244	0.3603404053	-363.1002739195
117	2.0468597345	0.3603404053	-367.9694370239
118	1.0707289629	0.3603404053	-323.7927760830
119	0.9292441756	0.3603404053	-297.0099988945
120	2.4652667049	0.3603404053	-373.3857135033
121	0.4635350196	0.3603404053	-196.6646772766
122	0.4505296416	0.3603404053	-189.4640886872
123	2.9177065887	0.3603404053	-377.1560712667
124	2.4852153878	0.3603404053	-372.7912393048
