site	rate	t	lnL
1	2.6403828419	0.0066944274	-48.4348803781
2	2.6203089070	0.0066944274	-35.7881805376
3	2.1154145937	0.0066944274	-21.3040156159
4	1.5440536675	0.0066944274	-31.2453479201
5	0.0000000000	0.0066944274	-2.2674242539
6	1.2109946606	0.0066944274	-13.5904073431
7	0.4701851208	0.0066944274	-12.5233096066
8	1.0954484473	0.0066944274	-23.2142013161
9	3.2925892758	0.0066944274	-34.1820471606
10	2.9008869553	0.0066944274	-42.6938817379
11	0.0000000000	0.0066944274	-2.4040888084
12	1.0858616291	0.0066944274	-19.9334852720
13	1.2475415869	0.0066944274	-13.3633917049
14	0.0000000000	0.0066944274	-2.3445312911
15	0.0000000000	0.0066944274	-2.4040888084
16	1.7005934166	0.0066944274	-29.9264300315
17	0.9455441155	0.0066944274	-20.3816682338
18	0.0000000000	0.0066944274	-2.7909005259
19	0.8549833888	0.0066944274	-19.3732026660
20	0.0000000000	0.0066944274	-2.3445312911
21	0.0000000000	0.0066944274	-2.7909005259
22	0.0000000000	0.0066944274	-2.7437740114
23	0.0000000000	0.0066944274	-3.6464458557
24	1.2787637820	0.0066944274	-19.9069630275
25	1.5462089325	0.0066944274	-20.2243803734
26	0.7738104224	0.0066944274	-12.8276144289
27	0.0000000000	0.0066944274	-2.8403582640
28	0.0000000000	0.0066944274	-2.2674242539
29	0.0000000000	0.0066944274	-2.4040888084
30	0.0000000000	0.0066944274	-3.1327258739
31	2.9015538299	0.0066944274	-42.2055452645
32	0.4706179448	0.0066944274	-13.6427137533
33	0.0000000000	0.0066944274	-3.1327258739
34	1.3159139031	0.0066944274	-19.4393263754
35	0.0000000000	0.0066944274	-2.7437740114
36	1.1149198259	0.0066944274	-20.6097597513
37	0.0000000000	0.0066944274	-3.4165617878
38	3.1877533084	0.0066944274	-29.0494932245
39	0.0000000000	0.0066944274	-3.1327258739
40	2.1735567001	0.0066944274	-36.6851604526
41	1.4254608485	0.0066944274	-30.5213214446
42	0.0000000000	0.0066944274	-3.3715260349
43	0.0000000000	0.0066944274	-3.1938021873
44	0.4269863968	0.0066944274	-11.6609974175
45	0.4273840115	0.0066944274	-12.9555920727
46	0.0000000000	0.0066944274	-3.4418303819
47	0.6357063208	0.0066944274	-12.6235137745
48	2.4804319668	0.0066944274	-21.1655347269
49	2.1276986628	0.0066944274	-29.7765949152
50	0.0000000000	0.0066944274	-2.7437740114
51	0.0000000000	0.0066944274	-2.3445312911
52	3.4504459534	0.0066944274	-56.6126252186
53	7.6635096164	0.0066944274	-50.4149885282
54	0.5376586826	0.0066944274	-14.1306406716
55	0.0000000000	0.0066944274	-2.6101201972
56	3.2300406196	0.0066944274	-39.2678202938
57	1.1062740525	0.0066944274	-23.3160643508
58	0.5326969480	0.0066944274	-12.1073115039
59	0.0000000000	0.0066944274	-2.6101201972
60	0.0000000000	0.0066944274	-2.7909005259
61	0.0000000000	0.0066944274	-2.2674242539
62	0.4709277782	0.0066944274	-15.8049471313
63	1.6452069176	0.0066944274	-25.5197226924
64	1.2738687691	0.0066944274	-19.8156923713
65	2.5744837468	0.0066944274	-28.6192144830
66	0.0000000000	0.0066944274	-2.6101201972
67	0.6928856040	0.0066944274	-13.2605613541
68	0.0000000000	0.0066944274	-2.3445312911
69	0.0000000000	0.0066944274	-2.2674242539
70	1.9071371531	0.0066944274	-37.7847025154
71	4.6297206744	0.0066944274	-64.3071425961
72	1.8259841337	0.0066944274	-27.3574027406
73	0.0000000000	0.0066944274	-3.1327258739
74	0.0000000000	0.0066944274	-2.3445312911
75	0.0000000000	0.0066944274	-2.6101201972
76	2.1706934229	0.0066944274	-24.6211889828
77	0.5673676361	0.0066944274	-12.0589942634
78	1.1392941923	0.0066944274	-22.1036278292
79	0.0000000000	0.0066944274	-3.0562466444
80	1.9797356578	0.0066944274	-41.4092125591
81	0.0000000000	0.0066944274	-2.4040888084
82	0.7029646619	0.0066944274	-12.1605617112
83	3.0923604729	0.0066944274	-35.6924406184
84	1.5706495095	0.0066944274	-21.1932561483
85	0.0000000000	0.0066944274	-2.6101201972
86	0.0000000000	0.0066944274	-3.7061650904
87	0.0000000000	0.0066944274	-3.4165617878
88	1.2551201545	0.0066944274	-22.0357836911
89	0.0000000000	0.0066944274	-2.4040888084
90	2.8100821742	0.0066944274	-36.4098985644
91	0.0000000000	0.0066944274	-2.2674242539
92	0.4122108937	0.0066944274	-11.6640772682
93	0.5417441580	0.0066944274	-14.0208272222
94	1.6843022157	0.0066944274	-17.9446994307
95	1.2967071990	0.0066944274	-29.0134253437
96	2.2415326240	0.0066944274	-40.7945138629
97	0.4716411758	0.0066944274	-13.9263956002
98	0.6449378027	0.0066944274	-11.8476945341
99	2.0828142355	0.0066944274	-21.2204390714
100	0.0000000000	0.0066944274	-2.3445312911
101	0.0000000000	0.0066944274	-2.4040888084
102	0.4964893211	0.0066944274	-14.5370120944
103	0.0000000000	0.0066944274	-2.7909005259
104	0.0000000000	0.0066944274	-2.7909005259
105	1.5132950069	0.0066944274	-26.4684307419
106	1.5281757541	0.0066944274	-19.1849336304
107	0.0000000000	0.0066944274	-2.7437740114
108	3.7807352014	0.0066944274	-27.4819474282
109	1.6229493832	0.0066944274	-27.7451496096
110	4.5710423948	0.0066944274	-38.9813745873
111	0.0000000000	0.0066944274	-2.2674242539
112	0.9979260003	0.0066944274	-24.2596163459
113	1.2725418515	0.0066944274	-17.7744981704
114	0.0000000000	0.0066944274	-3.0143007837
115	1.6207633732	0.0066944274	-30.5278180174
116	2.3020034731	0.0066944274	-35.9406519302
117	2.5101671970	0.0066944274	-32.2773493852
118	0.0000000000	0.0066944274	-3.0143007837
119	0.5263012097	0.0066944274	-15.3218592194
120	0.0000000000	0.0066944274	-3.0376784717
121	2.1663110685	0.0066944274	-30.2002827562
122	0.0000000000	0.0066944274	-2.2674242539
123	4.3528402752	0.0066944274	-40.1587284896
124	4.5421593840	0.0066944274	-51.4656095535
