site	rate	t	lnL
1	0.0000000000	0.0006133164	-3.7216692769
2	0.0000000000	0.0006133164	-2.1778816145
3	14.1867178200	0.0006133164	-20.5583186517
4	0.0000000000	0.0006133164	-3.2092823726
5	0.0000000000	0.0006133164	-2.6126942012
6	0.0000000000	0.0006133164	-3.2092823726
7	0.0000000000	0.0006133164	-2.3412515243
8	0.0000000000	0.0006133164	-3.2108436532
9	0.0000000000	0.0006133164	-2.6221893093
10	7.0162451957	0.0006133164	-11.5915455136
11	0.0000000000	0.0006133164	-2.3412515243
12	0.0000000000	0.0006133164	-2.4295139067
13	0.0000000000	0.0006133164	-3.0298250282
14	0.0000000000	0.0006133164	-3.2092823726
15	0.0000000000	0.0006133164	-2.1778816145
16	6.7303656748	0.0006133164	-12.3231180759
17	6.5638570669	0.0006133164	-13.8530627989
18	0.0000000000	0.0006133164	-2.3412515243
19	0.0000000000	0.0006133164	-2.1778816145
20	0.0000000000	0.0006133164	-2.4295139067
21	0.0000000000	0.0006133164	-2.3412515243
22	0.0000000000	0.0006133164	-3.2092823726
23	0.0000000000	0.0006133164	-2.3412515243
24	0.0000000000	0.0006133164	-2.4295139067
25	7.1383066081	0.0006133164	-12.1988221317
26	0.0000000000	0.0006133164	-2.6221893093
27	0.0000000000	0.0006133164	-2.1778816145
28	0.0000000000	0.0006133164	-2.6126942012
29	6.7294032209	0.0006133164	-12.9104276754
30	0.0000000000	0.0006133164	-3.4262050640
31	0.0000000000	0.0006133164	-3.7113064899
32	0.0000000000	0.0006133164	-2.1778816145
33	0.0000000000	0.0006133164	-3.2015123257
34	0.0000000000	0.0006133164	-3.4262050640
35	0.0000000000	0.0006133164	-3.2108436532
36	0.0000000000	0.0006133164	-3.2108436532
37	0.0000000000	0.0006133164	-2.5302752548
38	0.0000000000	0.0006133164	-3.7216692769
39	0.0000000000	0.0006133164	-3.2108436532
40	0.0000000000	0.0006133164	-3.2108436532
41	0.0000000000	0.0006133164	-3.0298250282
42	0.0000000000	0.0006133164	-2.5302752548
43	0.0000000000	0.0006133164	-2.5302752548
44	0.0000000000	0.0006133164	-3.2108436532
45	0.0000000000	0.0006133164	-2.1778816145
46	0.0000000000	0.0006133164	-3.4262050640
47	0.0000000000	0.0006133164	-3.2186868306
48	0.0000000000	0.0006133164	-3.0298250282
49	6.7281434767	0.0006133164	-12.2393767639
50	0.0000000000	0.0006133164	-2.5302752548
51	0.0000000000	0.0006133164	-2.4295139067
52	0.0000000000	0.0006133164	-2.1778816145
53	0.0000000000	0.0006133164	-3.7216692769
54	6.9636651417	0.0006133164	-12.7800817718
55	0.0000000000	0.0006133164	-3.4300885641
56	0.0000000000	0.0006133164	-3.7113064899
57	0.0000000000	0.0006133164	-3.2015123257
58	0.0000000000	0.0006133164	-2.1778816145
59	0.0000000000	0.0006133164	-2.6221893093
60	0.0000000000	0.0006133164	-2.6221893093
61	0.0000000000	0.0006133164	-3.4300885641
62	0.0000000000	0.0006133164	-2.5302752548
63	0.0000000000	0.0006133164	-3.2092823726
64	0.0000000000	0.0006133164	-2.6221893093
65	0.0000000000	0.0006133164	-3.4262050640
66	0.0000000000	0.0006133164	-3.4262050640
67	0.0000000000	0.0006133164	-3.2186868306
68	0.0000000000	0.0006133164	-2.4295139067
69	0.0000000000	0.0006133164	-2.6126942012
70	0.0000000000	0.0006133164	-2.6126942012
71	0.0000000000	0.0006133164	-2.3412515243
72	0.0000000000	0.0006133164	-3.4262050640
73	0.0000000000	0.0006133164	-2.6126942012
74	0.0000000000	0.0006133164	-4.1271343850
75	0.0000000000	0.0006133164	-2.1778816145
76	0.0000000000	0.0006133164	-2.1778816145
77	7.0834909114	0.0006133164	-12.0700838665
78	0.0000000000	0.0006133164	-3.2015123257
79	0.0000000000	0.0006133164	-2.6221893093
80	0.0000000000	0.0006133164	-3.2015123257
81	0.0000000000	0.0006133164	-3.7216692769
82	0.0000000000	0.0006133164	-3.2092823726
83	0.0000000000	0.0006133164	-3.7216692769
84	0.0000000000	0.0006133164	-3.2092823726
85	0.0000000000	0.0006133164	-2.3412515243
86	0.0000000000	0.0006133164	-2.1778816145
87	0.0000000000	0.0006133164	-3.2015123257
88	0.0000000000	0.0006133164	-3.2092823726
89	7.1492879252	0.0006133164	-10.9489644519
90	0.0000000000	0.0006133164	-3.4262050640
91	0.0000000000	0.0006133164	-2.6126942012
92	0.0000000000	0.0006133164	-2.3412515243
93	7.0902354577	0.0006133164	-11.0455043830
94	0.0000000000	0.0006133164	-2.3412515243
95	0.0000000000	0.0006133164	-3.4300885641
96	0.0000000000	0.0006133164	-2.4295139067
97	0.0000000000	0.0006133164	-3.2186868306
98	0.0000000000	0.0006133164	-2.4295139067
99	0.0000000000	0.0006133164	-2.5302752548
100	0.0000000000	0.0006133164	-2.4295139067
101	0.0000000000	0.0006133164	-2.1778816145
102	0.0000000000	0.0006133164	-3.0298250282
103	7.1561123244	0.0006133164	-10.9480144331
104	0.0000000000	0.0006133164	-2.6221893093
105	0.0000000000	0.0006133164	-3.2092823726
106	6.7304059640	0.0006133164	-13.1255670446
107	0.0000000000	0.0006133164	-2.5302752548
108	0.0000000000	0.0006133164	-2.1778816145
109	0.0000000000	0.0006133164	-3.4300885641
110	0.0000000000	0.0006133164	-3.0298250282
111	0.0000000000	0.0006133164	-2.6126942012
112	6.7873095828	0.0006133164	-13.6386369528
113	0.0000000000	0.0006133164	-3.7113064899
114	7.0197348171	0.0006133164	-12.1876362084
115	0.0000000000	0.0006133164	-3.4262050640
116	0.0000000000	0.0006133164	-3.7216692769
117	0.0000000000	0.0006133164	-2.6221893093
118	0.0000000000	0.0006133164	-3.2108436532
119	0.0000000000	0.0006133164	-3.2108436532
120	7.2878810989	0.0006133164	-11.1188309369
121	0.0000000000	0.0006133164	-2.6221893093
122	0.0000000000	0.0006133164	-2.6126942012
123	0.0000000000	0.0006133164	-3.2108436532
124	7.0197347342	0.0006133164	-12.1876362084
