site	rate	t	lnL
1	1.6838535678	0.0636951282	-149.3117031456
2	0.0000000000	0.0636951282	-2.9957322736
3	2.0559758988	0.0636951282	-172.6307965925
4	1.2325889530	0.0636951282	-118.5762574956
5	0.0654844093	0.0636951282	-12.4711624560
6	1.0921465752	0.0636951282	-107.8274306845
7	0.1312718507	0.0636951282	-20.5559004992
8	1.7657719682	0.0636951282	-153.3733478045
9	1.6019141731	0.0636951282	-146.4031508143
10	1.0216001931	0.0636951282	-102.8545718740
11	0.4658130207	0.0636951282	-54.4968624526
12	1.6055416056	0.0636951282	-144.1583997296
13	0.8076599668	0.0636951282	-86.5720910521
14	0.6713871689	0.0636951282	-70.9039459736
15	0.2638289935	0.0636951282	-35.3249229471
16	1.2371203359	0.0636951282	-116.5680883953
17	0.8784127061	0.0636951282	-91.3494016149
18	0.4655670084	0.0636951282	-54.5004376706
19	1.9132176885	0.0636951282	-161.0805443555
20	1.6019640372	0.0636951282	-144.6093345173
21	0.4651010548	0.0636951282	-55.6060059196
22	2.1394932424	0.0636951282	-178.4803079181
23	0.9489615996	0.0636951282	-96.8649635706
24	0.0654844195	0.0636951282	-12.4711623680
25	0.8804816435	0.0636951282	-88.1406953614
26	0.1312718981	0.0636951282	-20.5559001417
27	0.3313564492	0.0636951282	-41.1699798304
28	0.0000000000	0.0636951282	-2.9957322736
29	1.0191845435	0.0636951282	-102.8879229250
30	1.3128724237	0.0636951282	-125.0359002273
31	1.0190068586	0.0636951282	-102.8903113433
32	1.5298156805	0.0636951282	-136.8486880071
33	0.0654768892	0.0636951282	-12.4713721460
34	1.3824971749	0.0636951282	-127.4359441130
35	2.0604854504	0.0636951282	-173.6833950746
36	1.1673703752	0.0636951282	-114.0599915119
37	1.6734389357	0.0636951282	-149.5557195114
38	1.7654875314	0.0636951282	-153.0701692202
39	1.4547333785	0.0636951282	-134.7499654794
40	1.8381793545	0.0636951282	-157.1423356392
41	1.9130569339	0.0636951282	-165.6791424016
42	1.3817019150	0.0636951282	-128.4129369150
43	2.1342545939	0.0636951282	-178.9548076818
44	2.1461698180	0.0636951282	-175.2125197158
45	2.0744607409	0.0636951282	-172.6646698386
46	0.1312769653	0.0636951282	-20.5559005007
47	0.5329497561	0.0636951282	-62.0336560062
48	1.6807389436	0.0636951282	-148.7689740249
49	0.8781829738	0.0636951282	-91.3524853477
50	0.3975277842	0.0636951282	-49.0312587783
51	0.0000000000	0.0636951282	-2.9957322736
52	0.4649951810	0.0636951282	-55.6075414964
53	0.4649945220	0.0636951282	-55.6075462440
54	1.6062437903	0.0636951282	-143.9777733444
55	0.3307855306	0.0636951282	-42.2771151109
56	1.4595293114	0.0636951282	-135.7809426420
57	0.3309059365	0.0636951282	-40.8889898578
58	1.4511378039	0.0636951282	-136.9959884904
59	2.1397821631	0.0636951282	-179.8311377456
60	1.9417181233	0.0636951282	-158.6820688853
61	0.0000000000	0.0636951282	-2.9957322736
62	1.6842638753	0.0636951282	-150.5293452931
63	1.7536985704	0.0636951282	-154.5231765768
64	1.7522706270	0.0636951282	-154.5426800400
65	0.8790127923	0.0636951282	-89.2602635306
66	1.0182491731	0.0636951282	-104.0004318087
67	0.9515290334	0.0636951282	-97.1164232358
68	0.9491910335	0.0636951282	-94.9498963838
69	0.9508517845	0.0636951282	-95.1789815849
70	1.2385951346	0.0636951282	-118.6127276935
71	0.4655669748	0.0636951282	-54.5004376836
72	1.3772206083	0.0636951282	-130.5536524387
73	0.0000000000	0.0636951282	-2.9957322736
74	0.4658836512	0.0636951282	-54.4958384993
75	0.6026851344	0.0636951282	-64.3007320049
76	1.9228480544	0.0636951282	-164.3029621675
77	0.0000000000	0.0636951282	-2.9957322736
78	1.8314525130	0.0636951282	-160.7034283455
79	1.6162655277	0.0636951282	-144.1306756657
80	1.0194705330	0.0636951282	-101.7844939824
81	0.6021897040	0.0636951282	-67.2173122506
82	0.9498665240	0.0636951282	-96.1583571827
83	1.6037981236	0.0636951282	-144.1780359096
84	0.3308871909	0.0636951282	-40.8892629981
85	1.4514759226	0.0636951282	-135.8927285590
86	1.3070654327	0.0636951282	-124.0115402372
87	1.0872302695	0.0636951282	-109.6865311079
88	1.4519868277	0.0636951282	-136.9852917459
89	0.0000000000	0.0636951282	-2.9957322736
90	1.6150903119	0.0636951282	-144.2785111393
91	0.3977074277	0.0636951282	-49.0286397587
92	0.3983332289	0.0636951282	-49.0194959457
93	1.0900505278	0.0636951282	-108.5488611594
94	0.3978935716	0.0636951282	-47.9271469146
95	0.6010226306	0.0636951282	-68.3329315961
96	1.4536988392	0.0636951282	-135.8628728967
97	0.6704308457	0.0636951282	-73.4030844707
98	0.2637153780	0.0636951282	-34.6334764687
99	1.1632394892	0.0636951282	-114.1164937795
100	0.1975600415	0.0636951282	-27.0114140703
101	0.1973661676	0.0636951282	-28.1129655473
102	0.9499440965	0.0636951282	-97.1386357961
103	1.6016441406	0.0636951282	-146.4039440395
104	1.5222570903	0.0636951282	-142.3270044799
105	0.3979833132	0.0636951282	-47.9258380002
106	1.1647465442	0.0636951282	-113.4025248319
107	0.3979741428	0.0636951282	-49.0247319553
108	1.4512987706	0.0636951282	-132.5915931406
109	1.6149198066	0.0636951282	-144.0329980561
110	1.7588883123	0.0636951282	-153.4739229789
111	0.0000000000	0.0636951282	-2.9957322736
112	1.6176258608	0.0636951282	-142.9131565959
113	1.3035852304	0.0636951282	-126.2588885594
114	0.1313050854	0.0636951282	-20.5554773713
115	1.2371717781	0.0636951282	-119.6142389733
116	0.9486035235	0.0636951282	-97.1570255236
117	1.2352285866	0.0636951282	-117.5591472310
118	0.7388891332	0.0636951282	-80.5847806217
119	1.0197878323	0.0636951282	-102.8797375825
120	1.3931648257	0.0636951282	-129.2281266370
121	0.1313051333	0.0636951282	-20.5554770136
122	0.0000000000	0.0636951282	-2.9957322736
123	1.2300574889	0.0636951282	-120.8095009106
124	1.3854761248	0.0636951282	-129.3423040833
