site	rate	t	lnL
1	4.4624134484	0.4862853965	-383.3570181519
2	0.8014810256	0.4862853965	-339.2538107536
3	4.3196887908	0.4862853965	-383.3433866300
4	2.5525220673	0.4862853965	-381.8059308669
5	0.1057928621	0.4862853965	-85.4724307785
6	151.1144122957	0.4862853965	-383.4537310149
7	0.7688814436	0.4862853965	-332.0735000910
8	0.8638498585	0.4862853965	-342.7125306737
9	3.3089509763	0.4862853965	-382.8694678027
10	2.7411650941	0.4862853965	-381.5472363851
11	0.7330459982	0.4862853965	-324.4505452479
12	4.4684541484	0.4862853965	-383.3574233455
13	2.3558460203	0.4862853965	-381.8606585312
14	0.8357477892	0.4862853965	-347.4651185966
15	0.6892820899	0.4862853965	-317.5134207604
16	2.2263261157	0.4862853965	-378.4563895038
17	4.3585317397	0.4862853965	-383.3477953450
18	1.2594898653	0.4862853965	-375.0973143287
19	3779.7226387448	0.4862853965	-383.4537310143
20	0.3292781633	0.4862853965	-201.9867804472
21	230.4302294730	0.4862853965	-383.4537310148
22	1.1429181322	0.4862853965	-373.3662630942
23	0.7771899683	0.4862853965	-333.7404874815
24	0.2775608116	0.4862853965	-182.4393818610
25	3.0997746703	0.4862853965	-382.3666631122
26	0.4746363189	0.4862853965	-258.7469970132
27	0.7602914089	0.4862853965	-329.4663203332
28	0.0000000000	0.4862853965	-2.9957322736
29	0.2386743817	0.4862853965	-157.5093217243
30	0.9966934411	0.4862853965	-364.5990901625
31	35.0086206985	0.4862853965	-383.4537310149
32	1.1361620533	0.4862853965	-376.2194825900
33	0.5118256513	0.4862853965	-265.8922856059
34	2.7109818918	0.4862853965	-381.9944760838
35	1.1121973666	0.4862853965	-369.8381819644
36	48.8620982303	0.4862853965	-383.4537310149
37	1.0286289122	0.4862853965	-365.1497258917
38	4.3970458341	0.4862853965	-383.3512098836
39	44.5635880779	0.4862853965	-383.4537310149
40	0.9967655242	0.4862853965	-358.0671279342
41	4.2753050443	0.4862853965	-383.3394197660
42	629.4403244456	0.4862853965	-383.4537310148
43	4.1077310249	0.4862853965	-383.3234829647
44	39.8411205109	0.4862853965	-383.4537310149
45	114.8790312396	0.4862853965	-383.4537310149
46	0.5491163250	0.4862853965	-280.1817047918
47	0.8894687456	0.4862853965	-352.1048817257
48	2.3388842763	0.4862853965	-380.2425523228
49	1.2401042379	0.4862853965	-375.1380864328
50	0.9494325842	0.4862853965	-355.0096925979
51	0.0258459992	0.4862853965	-28.1136054127
52	0.7544351675	0.4862853965	-330.9332894117
53	0.8182844286	0.4862853965	-344.0104917758
54	0.7825658871	0.4862853965	-330.0353775462
55	0.7664641964	0.4862853965	-331.2631459237
56	1.2256824582	0.4862853965	-380.3813690093
57	0.3185578548	0.4862853965	-200.0283542461
58	2.2324953461	0.4862853965	-379.9595200175
59	2.6529955830	0.4862853965	-380.8323860688
60	0.8258603311	0.4862853965	-342.7914903356
61	0.0966850168	0.4862853965	-79.4959521660
62	241.9878184995	0.4862853965	-383.4537310148
63	0.5469226723	0.4862853965	-280.4653305616
64	0.9153521456	0.4862853965	-355.2016146518
65	4.2080357831	0.4862853965	-383.3328279506
66	0.6561911080	0.4862853965	-309.7801716543
67	7557.7594745923	0.4862853965	-383.4537310130
68	0.7697868869	0.4862853965	-327.0990765997
69	4.3471922932	0.4862853965	-383.3463194302
70	1067.8120254540	0.4862853965	-383.4537310147
71	2.0264179263	0.4862853965	-379.0705269288
72	2.9184789846	0.4862853965	-382.2175717888
73	0.0345471227	0.4862853965	-35.3266423722
74	0.7596446383	0.4862853965	-331.6583194973
75	1.2839102893	0.4862853965	-376.2801172777
76	3.0612735018	0.4862853965	-382.3221240104
77	0.1148566872	0.4862853965	-91.3704449718
78	3.6012580314	0.4862853965	-382.9886626869
79	4.3977651856	0.4862853965	-383.3512529913
80	0.8568822193	0.4862853965	-342.0893346810
81	2.4103933041	0.4862853965	-380.3657618120
82	4.5150249577	0.4862853965	-383.3610581248
83	2.8625390051	0.4862853965	-381.6430099563
84	0.8077903107	0.4862853965	-339.7820289109
85	0.8676196145	0.4862853965	-349.9028485215
86	2.7057230465	0.4862853965	-382.0338784119
87	3.0155662138	0.4862853965	-382.2989475572
88	1.0459972183	0.4862853965	-363.2839244047
89	0.4955748316	0.4862853965	-267.1286852948
90	57.2728338437	0.4862853965	-383.4537310149
91	0.1702381394	0.4862853965	-126.3097434143
92	0.8831082231	0.4862853965	-349.1687866443
93	3.0072913658	0.4862853965	-381.8500896013
94	0.7524183927	0.4862853965	-327.8360725590
95	0.6912536159	0.4862853965	-316.6696817875
96	3.6999027236	0.4862853965	-383.0237401872
97	3.0991592867	0.4862853965	-382.7787819342
98	1.0049273822	0.4862853965	-362.8664822258
99	4.4003253666	0.4862853965	-383.3507341425
100	0.2679310674	0.4862853965	-173.7396558393
101	0.5465064270	0.4862853965	-277.9026305882
102	33.6016339781	0.4862853965	-383.4537310149
103	3.5954104109	0.4862853965	-382.9916920330
104	0.3193209744	0.4862853965	-197.7529694324
105	4.2393403697	0.4862853965	-383.3364022145
106	2.9640486331	0.4862853965	-382.2459179013
107	0.8084852428	0.4862853965	-340.9078847278
108	4.3866506970	0.4862853965	-383.3498533408
109	2.7257282139	0.4862853965	-381.4661178012
110	4.3956344803	0.4862853965	-383.3511295228
111	0.0000000000	0.4862853965	-2.9957322736
112	3.2205173586	0.4862853965	-382.4588338839
113	3.2468788269	0.4862853965	-382.4798845931
114	0.8144939825	0.4862853965	-340.2516522501
115	3.6483871756	0.4862853965	-383.0076902618
116	432.7774293360	0.4862853965	-383.4537310148
117	2863.3785777481	0.4862853965	-383.4537310137
118	0.8891790887	0.4862853965	-349.2488715402
119	4.1534619532	0.4862853965	-383.3274873261
120	2.7160962979	0.4862853965	-381.4986182553
121	0.4983647962	0.4862853965	-263.4446479513
122	0.2180959921	0.4862853965	-151.7450175855
123	3.5850720323	0.4862853965	-382.9845536893
124	1022.1985757100	0.4862853965	-383.4537310148
