site	rate	t	lnL
1	2.1456356408	0.3525951666	-366.4190702336
2	0.7921393946	0.3525951666	-276.8207194724
3	1.7562138878	0.3525951666	-361.1868777101
4	1.5656538593	0.3525951666	-349.1237185249
5	0.1980551139	0.3525951666	-104.4701580151
6	3.0784969578	0.3525951666	-379.0604363993
7	0.4451635800	0.3525951666	-196.4669632645
8	0.7282193262	0.3525951666	-264.1483624782
9	2.8197110284	0.3525951666	-377.3004605615
10	1.6224321644	0.3525951666	-361.4801285082
11	0.6631973895	0.3525951666	-246.9364164521
12	2.7169289416	0.3525951666	-372.6091421204
13	1.3729230502	0.3525951666	-344.2442874400
14	0.8313455242	0.3525951666	-276.4897519225
15	0.4889680159	0.3525951666	-206.0400473960
16	2.7431380616	0.3525951666	-375.7000502000
17	1.5065149967	0.3525951666	-346.3302624047
18	1.1375060826	0.3525951666	-329.7804412738
19	1.7655841618	0.3525951666	-356.8055478713
20	0.4081455144	0.3525951666	-175.6455342406
21	0.9495453231	0.3525951666	-299.7553713478
22	1.3578071174	0.3525951666	-337.0861405173
23	0.9011769522	0.3525951666	-293.8230798805
24	0.1335013384	0.3525951666	-79.4836222196
25	1.7589892006	0.3525951666	-366.8842472254
26	0.4164074248	0.3525951666	-184.5052040194
27	0.4009332294	0.3525951666	-183.7614778836
28	0.0118271352	0.3525951666	-12.4713721414
29	0.1839362852	0.3525951666	-102.2083966811
30	0.6914071578	0.3525951666	-263.2504414436
31	3.2146192357	0.3525951666	-380.2500839039
32	0.8809208406	0.3525951666	-292.8914717622
33	0.3164828709	0.3525951666	-154.5870148143
34	1.4337335199	0.3525951666	-351.6194306018
35	1.1777628319	0.3525951666	-327.1526096977
36	3.3006065750	0.3525951666	-379.6261418552
37	0.8119800490	0.3525951666	-283.2143172266
38	2.3764619710	0.3525951666	-372.6038350437
39	2.1180649958	0.3525951666	-368.7881750158
40	0.9128397674	0.3525951666	-293.7364755893
41	1.3776173692	0.3525951666	-353.6579596136
42	2.4289752295	0.3525951666	-369.7155287662
43	1.5933545896	0.3525951666	-354.8503053374
44	2.6743266217	0.3525951666	-374.0151843960
45	0.9447272358	0.3525951666	-303.3468488893
46	0.7046559454	0.3525951666	-256.3749773363
47	0.4601622439	0.3525951666	-200.6424961717
48	1.3805507283	0.3525951666	-342.1528396694
49	1.1956917718	0.3525951666	-328.6213498351
50	0.7458528724	0.3525951666	-263.0143107560
51	0.0477065743	0.3525951666	-34.2223897284
52	0.3441530875	0.3525951666	-161.3550617540
53	0.5693020078	0.3525951666	-230.6625777314
54	0.9124375383	0.3525951666	-294.6681386287
55	0.4732762971	0.3525951666	-207.6767577739
56	1.4566888144	0.3525951666	-348.1447895547
57	0.2096883718	0.3525951666	-113.8616729917
58	0.9959582504	0.3525951666	-312.1210303303
59	1.5500136890	0.3525951666	-353.5370156702
60	0.5375730347	0.3525951666	-216.7073642847
61	0.0237195471	0.3525951666	-20.5559005575
62	1.3301535339	0.3525951666	-341.2537421163
63	0.4596544038	0.3525951666	-196.2656268131
64	0.6697514459	0.3525951666	-246.4198273885
65	2.0907470906	0.3525951666	-368.5286933363
66	0.7573831814	0.3525951666	-269.7982742442
67	2.2999898919	0.3525951666	-369.9355010322
68	0.5855873675	0.3525951666	-230.5058982884
69	1.5515767617	0.3525951666	-357.9397877846
70	2.6726979524	0.3525951666	-375.4591532162
71	1.1508432328	0.3525951666	-330.8528817060
72	1.4469390893	0.3525951666	-356.4048765388
73	0.0842685560	0.3525951666	-55.5862130400
74	1.4073618495	0.3525951666	-341.4128730611
75	1.0399217744	0.3525951666	-314.4122974718
76	2.4863515704	0.3525951666	-371.9309792691
77	0.0476434144	0.3525951666	-35.3266394232
78	3.7639671186	0.3525951666	-381.5259328620
79	4.8325013932	0.3525951666	-382.9536205589
80	0.6613946698	0.3525951666	-243.9428042818
81	1.2611458309	0.3525951666	-338.7421175299
82	2.4197600843	0.3525951666	-372.9637279623
83	2.3107377746	0.3525951666	-369.9198930201
84	0.6915502272	0.3525951666	-252.5958904050
85	0.8352015320	0.3525951666	-284.2664464720
86	1.3744626964	0.3525951666	-350.8596789643
87	1.4106525498	0.3525951666	-348.0258606863
88	0.9467347097	0.3525951666	-302.8547107632
89	0.2749367186	0.3525951666	-140.5377493978
90	2.4125793283	0.3525951666	-371.0760982022
91	0.1720340792	0.3525951666	-93.6351671128
92	0.7738368762	0.3525951666	-270.1724063891
93	1.4215641314	0.3525951666	-354.0031114949
94	0.6600840823	0.3525951666	-251.7413891162
95	0.5278448031	0.3525951666	-216.4401845654
96	1.4217815276	0.3525951666	-354.1885766910
97	2.2908543753	0.3525951666	-368.3402321090
98	1.7915030389	0.3525951666	-365.9544636239
99	3.5214616194	0.3525951666	-381.1859125338
100	0.2629689586	0.3525951666	-131.4328345508
101	0.4163689236	0.3525951666	-184.6606627986
102	2.9473024213	0.3525951666	-377.2984519387
103	1.1376176293	0.3525951666	-321.9565079568
104	0.3303819212	0.3525951666	-158.2436914449
105	1.2221225459	0.3525951666	-337.9932264541
106	1.7291590516	0.3525951666	-359.9794961973
107	0.7452877616	0.3525951666	-267.0018102282
108	2.1282146355	0.3525951666	-366.5414805589
109	2.6542244990	0.3525951666	-377.7319188941
110	3.4180358364	0.3525951666	-379.1892712760
111	0.0118271343	0.3525951666	-12.4713721414
112	2.5567939911	0.3525951666	-373.8928035028
113	2.0692821044	0.3525951666	-374.2975162780
114	0.8345892160	0.3525951666	-290.6362612283
115	1.4695053189	0.3525951666	-352.5009110561
116	2.3777656918	0.3525951666	-371.1709567577
117	1.9939193380	0.3525951666	-365.0544196459
118	1.4865617826	0.3525951666	-354.5280428749
119	1.0664836922	0.3525951666	-313.3443151014
120	2.1542515124	0.3525951666	-368.4972689385
121	0.6514155312	0.3525951666	-243.7843546859
122	0.0962963079	0.3525951666	-62.0319471420
123	2.5395073300	0.3525951666	-374.9222718727
124	2.2125875897	0.3525951666	-367.6712461916
