site	rate	t	lnL
1	87.9908218695	0.4751618840	-383.4537310149
2	0.8053707115	0.4751618840	-332.4102943917
3	1655.7549717636	0.4751618840	-383.4537310145
4	3.1106706608	0.4751618840	-382.3403474002
5	0.1458134688	0.4751618840	-108.5793987631
6	110.4425078118	0.4751618840	-383.4537310149
7	0.7828417025	0.4751618840	-326.4698335960
8	0.7520339075	0.4751618840	-321.2548802143
9	2.9510040529	0.4751618840	-382.1678077043
10	4.3805316860	0.4751618840	-383.3404242246
11	0.8144483215	0.4751618840	-335.8535880132
12	142.0438445276	0.4751618840	-383.4537310149
13	2.2558015046	0.4751618840	-380.0612496948
14	0.5779217483	0.4751618840	-284.1104963466
15	0.7667557309	0.4751618840	-329.2394948862
16	4.4917372050	0.4751618840	-383.3507562150
17	1.3705997139	0.4751618840	-381.2632601083
18	1.1785744151	0.4751618840	-375.6645444595
19	31.2794137569	0.4751618840	-383.4537310149
20	0.1742760870	0.4751618840	-126.3052062544
21	0.9069935791	0.4751618840	-352.3233834480
22	3.4918054184	0.4751618840	-382.9133308805
23	0.8644799289	0.4751618840	-342.2594232769
24	0.2951947501	0.4751618840	-182.7625029145
25	3.5607893923	0.4751618840	-382.9423606136
26	0.3696276201	0.4751618840	-217.0108034874
27	0.9602735430	0.4751618840	-355.7764817891
28	0.0175931419	0.4751618840	-20.5563231793
29	0.2732109188	0.4751618840	-178.2394581327
30	1.1626109492	0.4751618840	-365.7624860069
31	102.0329914885	0.4751618840	-383.4537310149
32	0.8400875439	0.4751618840	-334.6614378743
33	0.4962608702	0.4751618840	-261.3692817086
34	2.6198555614	0.4751618840	-381.8447265056
35	1.5240850852	0.4751618840	-376.4718920354
36	47.9416391086	0.4751618840	-383.4537310149
37	1.2109047149	0.4751618840	-373.8988453171
38	4.3565372189	0.4751618840	-383.3383933595
39	3.3144320342	0.4751618840	-382.4693106323
40	1.0060354420	0.4751618840	-357.8887330064
41	4.3579485451	0.4751618840	-383.3382275683
42	3.2947296146	0.4751618840	-382.4581990782
43	4.5966391434	0.4751618840	-383.3589407888
44	321.8748934215	0.4751618840	-383.4537310148
45	4637.6557336111	0.4751618840	-383.4537310135
46	0.5483128304	0.4751618840	-277.1505068927
47	0.9721454393	0.4751618840	-358.1684767152
48	2.4620343787	0.4751618840	-381.6667005511
49	1.1847328276	0.4751618840	-371.2138821686
50	0.7969433339	0.4751618840	-331.5538618194
51	0.0000000000	0.4751618840	-2.9957322736
52	0.7437664501	0.4751618840	-323.9196837043
53	0.8205223528	0.4751618840	-334.2480993451
54	0.9967054269	0.4751618840	-357.1440425018
55	0.7506353861	0.4751618840	-325.9161979958
56	1.2175431559	0.4751618840	-371.4221108978
57	0.2945843402	0.4751618840	-186.9188916817
58	1.9653293119	0.4751618840	-377.4728412465
59	2.3981151008	0.4751618840	-380.1805961533
60	0.8432257814	0.4751618840	-346.5730874466
61	0.1268999320	0.4751618840	-97.1832922526
62	4.6797562257	0.4751618840	-383.3657737407
63	0.6133616654	0.4751618840	-288.8110575977
64	0.8846856249	0.4751618840	-348.7584030725
65	4.4888935594	0.4751618840	-383.3498026983
66	0.5867516572	0.4751618840	-288.5250265028
67	3.7439042337	0.4751618840	-383.0107274176
68	0.7888248601	0.4751618840	-332.2935156741
69	32.2249620039	0.4751618840	-383.4537310149
70	3.5986514271	0.4751618840	-382.9566985308
71	1.6746430172	0.4751618840	-376.5432238123
72	2.7779013300	0.4751618840	-381.4258235112
73	0.0804949859	0.4751618840	-68.3410181787
74	0.6853134382	0.4751618840	-312.2057642593
75	3.4617908906	0.4751618840	-382.9110720027
76	3.6976201998	0.4751618840	-382.9950688759
77	0.1646622804	0.4751618840	-120.1397164586
78	93.1282186478	0.4751618840	-383.4537310149
79	3.7177838347	0.4751618840	-383.0005851045
80	0.7013178762	0.4751618840	-315.4541645857
81	2.3759821774	0.4751618840	-381.0894540388
82	38.5692961020	0.4751618840	-383.4537310149
83	3.7422661406	0.4751618840	-383.0096238422
84	0.7543169375	0.4751618840	-325.3448247741
85	0.7365959808	0.4751618840	-324.4649769898
86	3.3171648949	0.4751618840	-382.8417932656
87	4.3703669441	0.4751618840	-383.3398178296
88	0.9466583698	0.4751618840	-349.2052902907
89	0.5482497944	0.4751618840	-281.7601240309
90	80.4533963449	0.4751618840	-383.4537310149
91	0.0988561749	0.4751618840	-80.6047711481
92	0.9807975265	0.4751618840	-355.9866386851
93	147.9695119106	0.4751618840	-383.4537310149
94	0.7642950339	0.4751618840	-325.6427046635
95	0.6771235297	0.4751618840	-312.1723024585
96	3.6657199761	0.4751618840	-382.9828546678
97	3.0410725843	0.4751618840	-382.2658901628
98	1.1764759009	0.4751618840	-376.5298138408
99	3.0962102693	0.4751618840	-382.7328297851
100	0.1935608168	0.4751618840	-137.0888545509
101	0.4753271853	0.4751618840	-253.9456684423
102	4.5275288856	0.4751618840	-383.3531039753
103	2.3163081867	0.4751618840	-379.4170129398
104	0.3159279711	0.4751618840	-197.6837596828
105	38.5475940555	0.4751618840	-383.4537310149
106	3.3603070394	0.4751618840	-382.5076079026
107	0.7063498659	0.4751618840	-313.7937544474
108	3.0440406419	0.4751618840	-382.2786156520
109	3.8135560440	0.4751618840	-383.0340282914
110	35.8980395783	0.4751618840	-383.4537310149
111	0.0087762753	0.4751618840	-12.4713721414
112	4.4294612174	0.4751618840	-383.3447370551
113	3.4674798576	0.4751618840	-382.9056914157
114	0.6925117519	0.4751618840	-312.7558962320
115	2.4085753396	0.4751618840	-381.0957463913
116	3.0909281379	0.4751618840	-381.8614319640
117	3.2213674780	0.4751618840	-382.4030430447
118	1.1675159113	0.4751618840	-368.9419515320
119	1.2224043353	0.4751618840	-370.7067408461
120	4.3415240068	0.4751618840	-383.3365875102
121	0.6507951379	0.4751618840	-307.5403063490
122	0.2739261602	0.4751618840	-174.8715115203
123	50.5251909820	0.4751618840	-383.4537310149
124	4.4296012825	0.4751618840	-383.3447339295
