site	rate	t	lnL
1	0.7467104971	0.0634013634	-90.7679753898
2	0.2398629759	0.0634013634	-38.2195046890
3	1.4415185996	0.0634013634	-151.8670125903
4	1.5583248437	0.0634013634	-171.6777210891
5	0.0000000000	0.0634013634	-2.3504621157
6	1.0974531814	0.0634013634	-134.4483678657
7	0.6915198869	0.0634013634	-43.6648258013
8	1.5164934719	0.0634013634	-86.5199687722
9	2.0446645089	0.0634013634	-185.0259303237
10	0.6105148356	0.0634013634	-98.1326062669
11	0.2723624933	0.0634013634	-18.8390123979
12	1.2452787095	0.0634013634	-142.9746627333
13	0.9366787449	0.0634013634	-91.6377656473
14	1.9027165323	0.0634013634	-166.5644315304
15	1.6787806782	0.0634013634	-155.2131381717
16	0.5294246004	0.0634013634	-55.3326651025
17	1.6992561065	0.0634013634	-141.5524990847
18	1.7881384596	0.0634013634	-167.8299387513
19	1.1155727510	0.0634013634	-118.6340741016
20	1.9052153745	0.0634013634	-166.5281586810
21	0.7692395254	0.0634013634	-108.4919685126
22	2.7139537806	0.0634013634	-133.4985872332
23	0.9499466256	0.0634013634	-115.7842243758
24	0.0686191795	0.0634013634	-13.4301925283
25	1.0822509413	0.0634013634	-106.0370276930
26	0.1217351557	0.0634013634	-19.8475562388
27	0.1602957039	0.0634013634	-21.4173638458
28	0.0000000000	0.0634013634	-2.3504621157
29	0.9343485164	0.0634013634	-130.1609995388
30	0.1066166722	0.0634013634	-23.6895609670
31	1.7630607690	0.0634013634	-194.4196838606
32	1.4772897580	0.0634013634	-93.7008915684
33	0.6031875372	0.0634013634	-40.9847499640
34	2.1809674961	0.0634013634	-158.9683926567
35	0.8872716050	0.0634013634	-122.4316883620
36	1.2868127795	0.0634013634	-111.9848417233
37	2.7599583180	0.0634013634	-164.0284932755
38	1.3517153369	0.0634013634	-157.1405398606
39	4.1263829035	0.0634013634	-184.0915090670
40	1.5352322732	0.0634013634	-187.4779553587
41	0.5870062980	0.0634013634	-94.6745276717
42	1.2792750304	0.0634013634	-152.3495275670
43	1.4439062697	0.0634013634	-137.5147257046
44	0.7435484803	0.0634013634	-87.7016764275
45	0.9592612753	0.0634013634	-110.9879266126
46	0.1385489020	0.0634013634	-20.1824010387
47	0.9425981235	0.0634013634	-64.2675809881
48	0.9446978375	0.0634013634	-139.9538965863
49	1.1175269128	0.0634013634	-98.0787245908
50	0.8031079690	0.0634013634	-43.6550986146
51	0.0678831019	0.0634013634	-12.0038257210
52	0.1609333345	0.0634013634	-28.9198530106
53	1.0453761999	0.0634013634	-99.8563801824
54	1.5878608278	0.0634013634	-154.9308005550
55	0.4072282013	0.0634013634	-50.5624355829
56	0.5325316734	0.0634013634	-89.5460575921
57	0.2352692350	0.0634013634	-44.2588736097
58	1.0182339524	0.0634013634	-105.4177392919
59	2.5205472942	0.0634013634	-181.7442727410
60	0.1885227463	0.0634013634	-29.3003898845
61	0.0000000000	0.0634013634	-2.3504621157
62	1.4718846347	0.0634013634	-142.6756385901
63	1.5377542519	0.0634013634	-162.4280210266
64	0.8148800110	0.0634013634	-105.8641620534
65	2.2233219705	0.0634013634	-185.4475010140
66	0.2285907164	0.0634013634	-50.6095958585
67	1.6595391564	0.0634013634	-149.4468359844
68	1.3257791818	0.0634013634	-116.9006122863
69	0.6530804811	0.0634013634	-89.5349295918
70	1.2429699268	0.0634013634	-154.6491104569
71	1.0634170202	0.0634013634	-126.5402106251
72	1.2608484921	0.0634013634	-117.1360183634
73	0.0000000000	0.0634013634	-2.3504621157
74	1.3896318757	0.0634013634	-118.6195058393
75	1.2751964676	0.0634013634	-120.7081671449
76	1.5313128737	0.0634013634	-152.5087029096
77	0.0622088093	0.0634013634	-12.7384068644
78	0.9867560343	0.0634013634	-118.0686266669
79	1.0692770770	0.0634013634	-125.2864938917
80	0.3013169652	0.0634013634	-38.3493894583
81	0.7128166723	0.0634013634	-103.2275065820
82	1.4034357627	0.0634013634	-112.5434090917
83	2.7822446782	0.0634013634	-186.8086343789
84	0.3891376182	0.0634013634	-51.6038707837
85	1.3002184078	0.0634013634	-136.5753268654
86	2.5253869090	0.0634013634	-184.1501200659
87	0.9545193668	0.0634013634	-108.8559497696
88	0.3384437052	0.0634013634	-43.5055336421
89	0.0000000000	0.0634013634	-2.3637690320
90	2.0893627440	0.0634013634	-142.5789395541
91	0.0612755477	0.0634013634	-11.3073977482
92	0.2042446078	0.0634013634	-31.3794478912
93	0.4161810702	0.0634013634	-47.5300820020
94	0.4061877876	0.0634013634	-45.6650331907
95	0.3429376539	0.0634013634	-64.2754012298
96	3.9413786486	0.0634013634	-207.7916700906
97	0.7861353857	0.0634013634	-109.5873498796
98	0.3936042211	0.0634013634	-47.2927012973
99	1.6754751056	0.0634013634	-123.7978907147
100	0.4035436087	0.0634013634	-48.6015838613
101	0.2352284452	0.0634013634	-30.2569607964
102	1.3316108077	0.0634013634	-133.6532937325
103	0.7460348267	0.0634013634	-96.6200498327
104	0.0000000000	0.0634013634	-2.9424877590
105	1.2824020453	0.0634013634	-144.3458965148
106	1.4056051173	0.0634013634	-167.1528937623
107	0.1194275747	0.0634013634	-18.8916723261
108	1.2841823137	0.0634013634	-92.1550809871
109	1.5365048396	0.0634013634	-152.0187645617
110	1.9438301715	0.0634013634	-127.7418603831
111	0.0000000000	0.0634013634	-2.3504621157
112	2.4243806479	0.0634013634	-178.3246683245
113	1.8602830771	0.0634013634	-100.6175814520
114	1.9602258853	0.0634013634	-169.1632493617
115	1.2688246845	0.0634013634	-75.5293052339
116	2.0861181644	0.0634013634	-129.0055091486
117	1.9002141901	0.0634013634	-109.5452751154
118	1.6032001299	0.0634013634	-124.1739645171
119	1.2068114596	0.0634013634	-160.9779820290
120	1.6750170936	0.0634013634	-177.9181850376
121	0.9343373922	0.0634013634	-95.0029289512
122	0.1237125108	0.0634013634	-22.7831821766
123	2.4474876691	0.0634013634	-143.3852272620
124	1.0688773478	0.0634013634	-117.0900868675
