site	rate	t	lnL
1	2.8807559999	0.4787013828	-381.6374543315
2	0.8577504181	0.4787013828	-343.7971891493
3	57.0928463174	0.4787013828	-383.4537310149
4	2.5637474681	0.4787013828	-380.5734004619
5	0.1449224050	0.4787013828	-106.3608803316
6	4.5523369298	0.4787013828	-383.3583152078
7	0.6983622705	0.4787013828	-316.7479878501
8	0.7971296179	0.4787013828	-332.6234483525
9	3.2470266237	0.4787013828	-382.4469531900
10	2.8055024673	0.4787013828	-381.5594652929
11	0.7585340396	0.4787013828	-326.4559700196
12	308.2768599145	0.4787013828	-383.4537310148
13	1.5724752436	0.4787013828	-374.7547895703
14	0.6789096093	0.4787013828	-309.4950435358
15	0.5568643203	0.4787013828	-277.7976285841
16	41.2441916251	0.4787013828	-383.4537310149
17	2.2972413468	0.4787013828	-379.9417639352
18	1.1582811887	0.4787013828	-367.0912219027
19	401.4416203787	0.4787013828	-383.4537310148
20	0.2722005261	0.4787013828	-174.8393888918
21	1.3007183725	0.4787013828	-377.1922825118
22	2.7614469268	0.4787013828	-382.0327084556
23	0.9729457062	0.4787013828	-357.3417635492
24	0.3133344167	0.4787013828	-193.8296085874
25	2.9191297830	0.4787013828	-381.7020120071
26	0.4835478841	0.4787013828	-256.4157407283
27	0.7245490075	0.4787013828	-322.7244152112
28	0.0000000000	0.4787013828	-2.9957322736
29	0.2724293237	0.4787013828	-173.4307329273
30	0.8933253466	0.4787013828	-348.5493151638
31	4.4564363073	0.4787013828	-383.3498538606
32	1.0640610077	0.4787013828	-366.5581185183
33	0.5064998657	0.4787013828	-267.7305130696
34	3.1173283853	0.4787013828	-382.3417407944
35	1.1436875138	0.4787013828	-374.6578354871
36	4.4665921148	0.4787013828	-383.3512130032
37	0.9330486903	0.4787013828	-354.1551087542
38	145.2027942383	0.4787013828	-383.4537310149
39	29.5192959002	0.4787013828	-383.4537310149
40	0.9944212966	0.4787013828	-356.7432628793
41	1.0528466607	0.4787013828	-365.7883658492
42	73.3845953587	0.4787013828	-383.4537310149
43	3.5966332152	0.4787013828	-382.9697170622
44	262.4473483906	0.4787013828	-383.4537310148
45	4.0744890090	0.4787013828	-383.3123838835
46	0.5471948049	0.4787013828	-274.8571141554
47	0.8655548177	0.4787013828	-343.2483210693
48	2.8904331917	0.4787013828	-381.6668494720
49	1.1339975687	0.4787013828	-369.6515532300
50	0.9449549924	0.4787013828	-354.9965291165
51	0.0087114984	0.4787013828	-12.4713721414
52	0.7768396651	0.4787013828	-329.9810739689
53	0.9695822726	0.4787013828	-358.3650758960
54	1.0806098337	0.4787013828	-361.8634887347
55	0.7839110409	0.4787013828	-329.2673323320
56	1.1048132295	0.4787013828	-367.6668301157
57	0.2516425664	0.4787013828	-167.4720226440
58	1.5696746536	0.4787013828	-378.0000132010
59	3.7281283822	0.4787013828	-383.0136643133
60	0.6989206111	0.4787013828	-308.2364278072
61	0.0439713061	0.4787013828	-42.2825335282
62	51.0766682777	0.4787013828	-383.4537310149
63	0.5289495652	0.4787013828	-272.9130320957
64	0.6994828634	0.4787013828	-313.4350130012
65	40.7876542743	0.4787013828	-383.4537310149
66	0.6340139158	0.4787013828	-304.5473078954
67	3.0082694682	0.4787013828	-382.2411720040
68	0.7614327827	0.4787013828	-326.0500846641
69	4.3151081471	0.4787013828	-383.3378777210
70	4.5266472853	0.4787013828	-383.3559459517
71	2.7523021601	0.4787013828	-381.4419553965
72	2.1391004244	0.4787013828	-378.6017059095
73	0.0981470336	0.4787013828	-80.6023793044
74	0.6659920754	0.4787013828	-304.9499794504
75	1.3178475508	0.4787013828	-379.2293864777
76	4.5221487927	0.4787013828	-383.3557058733
77	0.0981312385	0.4787013828	-80.6047711548
78	49.7085126944	0.4787013828	-383.4537310149
79	4.5573514429	0.4787013828	-383.3585895121
80	0.6653904081	0.4787013828	-307.4860319857
81	3.6140136640	0.4787013828	-383.2559712283
82	91.8475543962	0.4787013828	-383.4537310149
83	55.0214113753	0.4787013828	-383.4537310149
84	0.7806647608	0.4787013828	-328.0983674035
85	0.8582884616	0.4787013828	-349.4302647975
86	1.1813089523	0.4787013828	-375.8264356545
87	41.5080312819	0.4787013828	-383.4537310149
88	0.9818628421	0.4787013828	-360.0267716568
89	0.5916085921	0.4787013828	-286.7716097703
90	3.4047789000	0.4787013828	-382.8817231340
91	0.1637553450	0.4787013828	-118.6002916192
92	0.8960866200	0.4787013828	-344.4086013245
93	313.3544299088	0.4787013828	-383.4537310148
94	0.7486259341	0.4787013828	-325.4245686522
95	0.7168188828	0.4787013828	-321.2296084194
96	4.5245025723	0.4787013828	-383.3558250845
97	144.0821962404	0.4787013828	-383.4537310149
98	0.9915265857	0.4787013828	-357.9303729783
99	4.3510312753	0.4787013828	-383.3406307157
100	0.1827215705	0.4787013828	-130.6048037448
101	0.5857766489	0.4787013828	-289.5740765605
102	4.3198322680	0.4787013828	-383.3381034387
103	1.0370884856	0.4787013828	-360.8783099901
104	0.4220244421	0.4787013828	-238.0143161304
105	3.4554452819	0.4787013828	-382.9163889138
106	2.7558590604	0.4787013828	-381.9701018290
107	0.7606792564	0.4787013828	-324.1348595786
108	4.3563181280	0.4787013828	-383.3409363713
109	3.2831201491	0.4787013828	-382.4643840404
110	41.7521225647	0.4787013828	-383.4537310149
111	0.0262554745	0.4787013828	-28.1136054127
112	146.8597067401	0.4787013828	-383.4537310149
113	3.1681806073	0.4787013828	-382.3894401347
114	0.8596629437	0.4787013828	-342.3039128115
115	2.5055974701	0.4787013828	-381.5731930975
116	3.7530363778	0.4787013828	-383.0230439846
117	42.5165772270	0.4787013828	-383.4537310149
118	2.5941629738	0.4787013828	-380.6653257046
119	2.7926173070	0.4787013828	-382.1118039999
120	3.7501656841	0.4787013828	-383.0217059075
121	0.5549475826	0.4787013828	-280.9998999935
122	0.2515801002	0.4787013828	-165.9673919811
123	4.2397719342	0.4787013828	-383.3297974000
124	3.2461815227	0.4787013828	-382.4371949158
