site	rate	t	lnL
1	3.5578634139	0.0065306673	-32.8281293423
2	0.0000000000	0.0065306673	-3.1755368393
3	0.9290121247	0.0065306673	-26.6679017124
4	3.8043676217	0.0065306673	-48.7954928600
5	0.0000000000	0.0065306673	-2.3334236957
6	0.4431530297	0.0065306673	-15.7397822349
7	1.0282150084	0.0065306673	-21.9794068280
8	0.0000000000	0.0065306673	-2.6092636661
9	0.4807760704	0.0065306673	-14.5073389464
10	0.0000000000	0.0065306673	-2.4110867376
11	1.1563462558	0.0065306673	-12.6296306987
12	2.2567206871	0.0065306673	-30.9897135502
13	0.0000000000	0.0065306673	-2.3301800989
14	0.7280272186	0.0065306673	-13.9441266944
15	0.5113037450	0.0065306673	-11.4379830757
16	1.2958427823	0.0065306673	-23.6949800649
17	2.2975645024	0.0065306673	-23.4288326715
18	0.0000000000	0.0065306673	-2.5764186084
19	1.3789940373	0.0065306673	-11.8572461017
20	0.0000000000	0.0065306673	-2.6015877223
21	3.1867611420	0.0065306673	-30.7866634596
22	1.1676055994	0.0065306673	-13.3725651671
23	0.7576120935	0.0065306673	-14.3119477892
24	0.0000000000	0.0065306673	-3.2250059670
25	2.0521678287	0.0065306673	-36.3806799216
26	0.0000000000	0.0065306673	-3.4477534002
27	0.0000000000	0.0065306673	-2.5764186084
28	0.0000000000	0.0065306673	-2.3334236957
29	0.0000000000	0.0065306673	-2.3301800989
30	0.5445921173	0.0065306673	-15.2730010632
31	2.0816718237	0.0065306673	-21.8020673299
32	0.9950105707	0.0065306673	-20.2138846998
33	0.0000000000	0.0065306673	-2.8699170662
34	0.0000000000	0.0065306673	-2.6015877223
35	0.0000000000	0.0065306673	-3.4013233977
36	0.6173096232	0.0065306673	-11.1544707503
37	0.5137397783	0.0065306673	-12.8854684060
38	0.5128133183	0.0065306673	-12.0130411714
39	3.1625039083	0.0065306673	-48.3115282480
40	0.6733069838	0.0065306673	-11.6556730240
41	0.7562179280	0.0065306673	-14.8961342901
42	1.4989283473	0.0065306673	-23.5037630262
43	0.0000000000	0.0065306673	-2.4110867376
44	5.5904026132	0.0065306673	-35.1099752375
45	0.0000000000	0.0065306673	-3.4964445594
46	0.0000000000	0.0065306673	-2.6015877223
47	2.7491542118	0.0065306673	-23.1161425951
48	0.0000000000	0.0065306673	-2.6092636661
49	0.6737962748	0.0065306673	-12.3351890756
50	2.4304659566	0.0065306673	-37.2416934323
51	0.0000000000	0.0065306673	-2.6015877223
52	0.9870090430	0.0065306673	-25.1855172509
53	0.0000000000	0.0065306673	-2.3301800989
54	0.5224869802	0.0065306673	-11.7965662333
55	0.7607423975	0.0065306673	-14.3726879037
56	2.7938117525	0.0065306673	-20.2692718232
57	0.0000000000	0.0065306673	-2.8699170662
58	0.9689768650	0.0065306673	-21.5991287525
59	0.7486711415	0.0065306673	-10.8397638938
60	1.1386957880	0.0065306673	-12.6450110872
61	0.0000000000	0.0065306673	-2.3334236957
62	0.7127432771	0.0065306673	-13.4885395050
63	2.4844783678	0.0065306673	-18.6871094963
64	1.1082000253	0.0065306673	-23.1090128580
65	0.4822086550	0.0065306673	-13.9049128302
66	0.0000000000	0.0065306673	-3.7696784961
67	1.4197845742	0.0065306673	-13.3615978925
68	0.7360725979	0.0065306673	-11.7700819347
69	2.7785660965	0.0065306673	-37.8997551932
70	2.0017738161	0.0065306673	-22.9539854123
71	2.8587056254	0.0065306673	-24.0190490639
72	0.0000000000	0.0065306673	-2.5764186084
73	0.0000000000	0.0065306673	-2.3334236957
74	2.5923644917	0.0065306673	-38.8530025513
75	1.1084860007	0.0065306673	-18.3450130493
76	1.0568293902	0.0065306673	-20.1808790303
77	0.0000000000	0.0065306673	-2.3334236957
78	0.7545907441	0.0065306673	-12.5628806207
79	2.2471129770	0.0065306673	-30.2103254969
80	0.0000000000	0.0065306673	-2.5764186084
81	0.6984605741	0.0065306673	-12.5227343144
82	2.5695637930	0.0065306673	-47.2351807659
83	3.1556931875	0.0065306673	-46.9439050805
84	1.2757102036	0.0065306673	-12.5079408863
85	0.5145468223	0.0065306673	-13.8202314766
86	1.3949914099	0.0065306673	-20.9311011258
87	2.7691446709	0.0065306673	-22.8423757270
88	0.0000000000	0.0065306673	-2.4110867376
89	0.0000000000	0.0065306673	-2.3301800989
90	2.5044175914	0.0065306673	-22.4618882706
91	0.0000000000	0.0065306673	-2.3334236957
92	0.0000000000	0.0065306673	-2.3301800989
93	2.5476450270	0.0065306673	-22.7308730235
94	0.0000000000	0.0065306673	-2.5764186084
95	2.1354035787	0.0065306673	-21.4335453150
96	0.0000000000	0.0065306673	-3.0916726922
97	2.8739887480	0.0065306673	-43.6657876538
98	0.6769088350	0.0065306673	-13.5401087870
99	4.1050459486	0.0065306673	-28.6739472053
100	0.0000000000	0.0065306673	-2.6015877223
101	0.0000000000	0.0065306673	-2.3301800989
102	5.9202609283	0.0065306673	-46.8568312807
103	1.4157432939	0.0065306673	-13.9059207407
104	0.0000000000	0.0065306673	-3.4477534002
105	3.4885122246	0.0065306673	-28.9478352038
106	0.0000000000	0.0065306673	-2.3301800989
107	0.0000000000	0.0065306673	-3.1755368393
108	0.4812091911	0.0065306673	-11.9139041683
109	0.6953924859	0.0065306673	-11.0355346177
110	0.4841800785	0.0065306673	-11.0250260914
111	0.0000000000	0.0065306673	-2.3334236957
112	3.1861255840	0.0065306673	-48.8586321167
113	3.2469393351	0.0065306673	-41.2921407410
114	0.9764634414	0.0065306673	-26.6249069808
115	0.7127432116	0.0065306673	-13.4885395050
116	5.7788299972	0.0065306673	-39.9695430957
117	3.3765987108	0.0065306673	-40.0162517144
118	0.0000000000	0.0065306673	-2.4110867376
119	0.7529946161	0.0065306673	-12.8381799059
120	0.0000000000	0.0065306673	-3.1755368393
121	0.0000000000	0.0065306673	-3.1755368393
122	0.0000000000	0.0065306673	-2.3334236957
123	3.1787059737	0.0065306673	-46.2814382387
124	5.1937989100	0.0065306673	-38.7317305621
