site	rate	t	lnL
1	2.0183648488	0.0064661501	-27.2117411352
2	0.0000000000	0.0064661501	-3.3752025096
3	3.9240780804	0.0064661501	-48.1613484166
4	1.9354825091	0.0064661501	-29.0236951107
5	0.0000000000	0.0064661501	-2.2589444938
6	2.1774554361	0.0064661501	-27.3126659490
7	0.7053862044	0.0064661501	-11.1703546967
8	0.0000000000	0.0064661501	-2.7467166324
9	1.2792980388	0.0064661501	-20.3922176178
10	0.0000000000	0.0064661501	-2.0331506579
11	0.0000000000	0.0064661501	-1.8861753917
12	2.6363470178	0.0064661501	-36.4204668452
13	3.2688997433	0.0064661501	-44.8022021056
14	0.6556366772	0.0064661501	-11.9462482863
15	0.7223697071	0.0064661501	-10.9996448584
16	2.6391900641	0.0064661501	-36.3881277923
17	0.7218074658	0.0064661501	-12.9701885217
18	1.4126979929	0.0064661501	-19.5476433581
19	2.5566210066	0.0064661501	-37.8570271497
20	0.0000000000	0.0064661501	-2.7301551238
21	0.0000000000	0.0064661501	-3.3752025096
22	0.6378591694	0.0064661501	-14.4323865115
23	0.0000000000	0.0064661501	-1.8861753917
24	0.0000000000	0.0064661501	-3.2250059670
25	1.4140626466	0.0064661501	-19.2764581818
26	0.0000000000	0.0064661501	-1.8861753917
27	0.0000000000	0.0064661501	-2.8844668472
28	0.0000000000	0.0064661501	-2.2589444938
29	0.0000000000	0.0064661501	-1.8861753917
30	1.4453415592	0.0064661501	-18.8860060194
31	0.7141216038	0.0064661501	-11.0170112119
32	0.0000000000	0.0064661501	-2.0331506579
33	1.2684159785	0.0064661501	-25.2727011099
34	2.6354840283	0.0064661501	-38.6110350637
35	0.6549032586	0.0064661501	-11.9639265446
36	1.2919620440	0.0064661501	-20.2386823378
37	0.0000000000	0.0064661501	-3.2250059670
38	1.2705838622	0.0064661501	-21.7466223717
39	1.4092296147	0.0064661501	-20.1163038125
40	1.9109954941	0.0064661501	-31.0466691122
41	0.7047696356	0.0064661501	-12.1752447358
42	1.2747304255	0.0064661501	-22.2189314826
43	1.2860340849	0.0064661501	-20.9410171963
44	0.6843516687	0.0064661501	-11.4322661355
45	2.1132559481	0.0064661501	-28.5862163588
46	1.2520702126	0.0064661501	-25.7917308380
47	0.0000000000	0.0064661501	-1.8861753917
48	0.6948060552	0.0064661501	-12.3776845182
49	1.3120699147	0.0064661501	-20.8034843648
50	0.6543231759	0.0064661501	-12.5873849861
51	0.0000000000	0.0064661501	-2.7301551238
52	0.0000000000	0.0064661501	-1.8861753917
53	1.3120386992	0.0064661501	-22.2585268472
54	0.7223657767	0.0064661501	-11.0055615175
55	0.0000000000	0.0064661501	-2.8844668472
56	0.6487513883	0.0064661501	-12.6660275338
57	0.6338965902	0.0064661501	-16.8551662373
58	5.1826634696	0.0064661501	-63.9695418063
59	0.0000000000	0.0064661501	-2.7526279797
60	0.0000000000	0.0064661501	-4.0024309065
61	0.0000000000	0.0064661501	-2.2589444938
62	0.0000000000	0.0064661501	-2.8844668472
63	0.0000000000	0.0064661501	-3.0311296598
64	0.0000000000	0.0064661501	-2.7301551238
65	0.6489666528	0.0064661501	-12.0882898652
66	0.0000000000	0.0064661501	-3.3075610727
67	1.9645465865	0.0064661501	-30.0625838862
68	0.0000000000	0.0064661501	-2.7301551238
69	0.7221213279	0.0064661501	-11.4782768050
70	0.7165247041	0.0064661501	-12.2634613871
71	0.7227434232	0.0064661501	-10.5113552202
72	1.9201693452	0.0064661501	-27.4278996859
73	0.0000000000	0.0064661501	-2.2589444938
74	0.6554815798	0.0064661501	-11.9405719066
75	2.5150797544	0.0064661501	-41.2215832405
76	1.2884104904	0.0064661501	-20.8411946781
77	0.0000000000	0.0064661501	-2.2589444938
78	1.3117821353	0.0064661501	-22.3108879532
79	0.7053863932	0.0064661501	-10.3098134560
80	0.0000000000	0.0064661501	-2.0331506579
81	1.2612752906	0.0064661501	-22.1842953762
82	0.0000000000	0.0064661501	-3.2555795470
83	1.9749614378	0.0064661501	-32.0555567601
84	0.0000000000	0.0064661501	-3.0311296598
85	0.0000000000	0.0064661501	-1.8861753917
86	2.5675570722	0.0064661501	-37.0818110848
87	2.7600715203	0.0064661501	-35.4993719307
88	0.6233642169	0.0064661501	-13.4833654911
89	0.0000000000	0.0064661501	-1.8861753917
90	2.5816232735	0.0064661501	-36.3501222862
91	0.0000000000	0.0064661501	-2.2589444938
92	3.1699052289	0.0064661501	-42.0498744347
93	1.3129074750	0.0064661501	-20.3453372401
94	0.7036814801	0.0064661501	-11.7336139471
95	0.0000000000	0.0064661501	-4.0850631711
96	2.5792539630	0.0064661501	-32.2912729840
97	1.2938512095	0.0064661501	-19.7318599956
98	3.4645204355	0.0064661501	-38.5318257129
99	1.9601442004	0.0064661501	-28.0772063256
100	0.0000000000	0.0064661501	-2.7301551238
101	0.0000000000	0.0064661501	-2.0331506579
102	0.7227434746	0.0064661501	-11.1368775736
103	2.0643773172	0.0064661501	-27.6544050656
104	1.8620158008	0.0064661501	-29.2697461092
105	1.9730272821	0.0064661501	-28.4700790307
106	0.7223696272	0.0064661501	-10.9996448584
107	0.0000000000	0.0064661501	-3.3752025096
108	1.9398566534	0.0064661501	-30.3532791979
109	1.3141903928	0.0064661501	-19.2005119617
110	0.6415559677	0.0064661501	-11.4713332398
111	0.0000000000	0.0064661501	-2.2589444938
112	2.7493565383	0.0064661501	-40.5317925056
113	0.0000000000	0.0064661501	-3.3075610727
114	0.0000000000	0.0064661501	-3.0311296598
115	1.4131954415	0.0064661501	-23.1359965722
116	0.6257273342	0.0064661501	-13.2651182998
117	1.4105389903	0.0064661501	-20.9076168613
118	1.2854040585	0.0064661501	-21.4496129450
119	1.3009848541	0.0064661501	-21.7552337185
120	0.0000000000	0.0064661501	-2.0331506579
121	0.0000000000	0.0064661501	-2.7301551238
122	0.0000000000	0.0064661501	-2.2589444938
123	3.2192477049	0.0064661501	-44.4849927211
124	0.6276427897	0.0064661501	-13.5133219927
