site	rate	t	lnL
1	0.0000000000	0.0003932853	-2.3327741341
2	0.0000000000	0.0003932853	-1.9866087683
3	20.9578839803	0.0003932853	-12.7118525830
4	0.0000000000	0.0003932853	-1.9866087683
5	0.0000000000	0.0003932853	-2.3327741341
6	0.0000000000	0.0003932853	-1.9866087683
7	0.0000000000	0.0003932853	-2.5184780279
8	0.0000000000	0.0003932853	-3.0324359957
9	0.0000000000	0.0003932853	-3.0324359957
10	0.0000000000	0.0003932853	-3.2124073751
11	0.0000000000	0.0003932853	-2.6221893093
12	0.0000000000	0.0003932853	-2.3327741341
13	0.0000000000	0.0003932853	-3.2124073751
14	11.4332292238	0.0003932853	-12.2885831531
15	0.0000000000	0.0003932853	-1.9866087683
16	0.0000000000	0.0003932853	-3.7216692769
17	0.0000000000	0.0003932853	-3.2108436532
18	0.0000000000	0.0003932853	-1.9866087683
19	0.0000000000	0.0003932853	-2.6221893093
20	11.7758454491	0.0003932853	-12.9322616813
21	0.0000000000	0.0003932853	-1.9866087683
22	0.0000000000	0.0003932853	-3.2046131034
23	0.0000000000	0.0003932853	-2.8743714165
24	0.0000000000	0.0003932853	-3.2139735462
25	0.0000000000	0.0003932853	-3.7216692769
26	0.0000000000	0.0003932853	-1.9866087683
27	0.0000000000	0.0003932853	-2.5184780279
28	0.0000000000	0.0003932853	-2.3327741341
29	0.0000000000	0.0003932853	-1.9866087683
30	0.0000000000	0.0003932853	-1.9866087683
31	0.0000000000	0.0003932853	-3.7216692769
32	13.7050733042	0.0003932853	-11.8357961939
33	0.0000000000	0.0003932853	-3.2046131034
34	0.0000000000	0.0003932853	-3.4339872045
35	0.0000000000	0.0003932853	-1.9866087683
36	0.0000000000	0.0003932853	-2.6221893093
37	0.0000000000	0.0003932853	-3.7216692769
38	0.0000000000	0.0003932853	-4.1271343850
39	0.0000000000	0.0003932853	-3.2108436532
40	0.0000000000	0.0003932853	-1.9866087683
41	0.0000000000	0.0003932853	-3.2108436532
42	11.5863681213	0.0003932853	-13.8278692958
43	0.0000000000	0.0003932853	-4.1271343850
44	0.0000000000	0.0003932853	-3.2139735462
45	11.3282630499	0.0003932853	-12.6471659940
46	0.0000000000	0.0003932853	-2.6291519135
47	0.0000000000	0.0003932853	-3.2046131034
48	0.0000000000	0.0003932853	-1.9866087683
49	20.7787299057	0.0003932853	-14.1686249245
50	0.0000000000	0.0003932853	-2.8743714165
51	0.0000000000	0.0003932853	-2.6291519135
52	0.0000000000	0.0003932853	-1.9866087683
53	0.0000000000	0.0003932853	-2.5184780279
54	0.0000000000	0.0003932853	-2.8743714165
55	0.0000000000	0.0003932853	-2.8743714165
56	0.0000000000	0.0003932853	-2.8743714165
57	0.0000000000	0.0003932853	-3.7216692769
58	0.0000000000	0.0003932853	-2.6221893093
59	0.0000000000	0.0003932853	-2.5184780279
60	0.0000000000	0.0003932853	-2.8754881112
61	0.0000000000	0.0003932853	-2.3327741341
62	0.0000000000	0.0003932853	-2.6221893093
63	0.0000000000	0.0003932853	-4.8124994252
64	0.0000000000	0.0003932853	-3.2108436532
65	0.0000000000	0.0003932853	-2.6291519135
66	0.0000000000	0.0003932853	-3.2124073751
67	0.0000000000	0.0003932853	-2.8743714165
68	0.0000000000	0.0003932853	-1.9866087683
69	22.0708272386	0.0003932853	-13.1018282335
70	0.0000000000	0.0003932853	-3.2046131034
71	0.0000000000	0.0003932853	-2.8743714165
72	0.0000000000	0.0003932853	-3.2108436532
73	0.0000000000	0.0003932853	-2.3327741341
74	0.0000000000	0.0003932853	-2.6291519135
75	0.0000000000	0.0003932853	-2.5184780279
76	9.5034554201	0.0003932853	-12.2519356595
77	0.0000000000	0.0003932853	-2.3327741341
78	0.0000000000	0.0003932853	-3.7216692769
79	0.0000000000	0.0003932853	-2.8754881112
80	0.0000000000	0.0003932853	-1.9866087683
81	0.0000000000	0.0003932853	-3.2108436532
82	0.0000000000	0.0003932853	-3.4339872045
83	0.0000000000	0.0003932853	-2.6221893093
84	0.0000000000	0.0003932853	-3.2108436532
85	0.0000000000	0.0003932853	-2.8743714165
86	0.0000000000	0.0003932853	-3.4339872045
87	0.0000000000	0.0003932853	-3.2139735462
88	0.0000000000	0.0003932853	-1.9866087683
89	0.0000000000	0.0003932853	-2.5184780279
90	0.0000000000	0.0003932853	-3.4339872045
91	0.0000000000	0.0003932853	-2.3327741341
92	0.0000000000	0.0003932853	-2.3327741341
93	0.0000000000	0.0003932853	-2.6221893093
94	0.0000000000	0.0003932853	-2.8743714165
95	0.0000000000	0.0003932853	-4.1116301985
96	0.0000000000	0.0003932853	-3.0324359957
97	0.0000000000	0.0003932853	-2.6221893093
98	0.0000000000	0.0003932853	-2.8743714165
99	0.0000000000	0.0003932853	-2.8743714165
100	0.0000000000	0.0003932853	-2.6291519135
101	0.0000000000	0.0003932853	-1.9866087683
102	0.0000000000	0.0003932853	-3.2046131034
103	0.0000000000	0.0003932853	-2.8754881112
104	0.0000000000	0.0003932853	-2.8754881112
105	0.0000000000	0.0003932853	-3.2139735462
106	7.5163677526	0.0003932853	-11.3854638350
107	0.0000000000	0.0003932853	-2.5184780279
108	0.0000000000	0.0003932853	-2.8743714165
109	0.0000000000	0.0003932853	-2.8743714165
110	0.0000000000	0.0003932853	-2.8754881112
111	0.0000000000	0.0003932853	-2.3327741341
112	0.0000000000	0.0003932853	-2.3327741341
113	6.8534661500	0.0003932853	-11.2592796260
114	11.7687432642	0.0003932853	-13.3193293915
115	0.0000000000	0.0003932853	-4.1116301985
116	0.0000000000	0.0003932853	-2.5184780279
117	0.0000000000	0.0003932853	-2.6221893093
118	0.0000000000	0.0003932853	-2.8754881112
119	0.0000000000	0.0003932853	-2.8743714165
120	0.0000000000	0.0003932853	-3.0324359957
121	0.0000000000	0.0003932853	-2.6291519135
122	0.0000000000	0.0003932853	-2.3327741341
123	0.0000000000	0.0003932853	-3.2124073751
124	0.0000000000	0.0003932853	-2.5184780279
