site	rate	t	lnL
1	2.3878190712	0.3719415753	-373.5728378100
2	0.7040853509	0.3719415753	-262.2160662346
3	1.9691017222	0.3719415753	-381.5744403435
4	1.4323051900	0.3719415753	-363.6323306875
5	0.1080565603	0.3719415753	-64.3881770254
6	2.5039544542	0.3719415753	-382.7939241011
7	0.5945000229	0.3719415753	-222.6324710805
8	0.8601844264	0.3719415753	-283.4745781084
9	1.6974317572	0.3719415753	-363.4460537307
10	1.7179422084	0.3719415753	-362.6150383428
11	0.4430383642	0.3719415753	-188.3972857713
12	2.5849593365	0.3719415753	-377.1657881855
13	1.2320975787	0.3719415753	-321.3283263012
14	0.4489198310	0.3719415753	-201.6402272108
15	0.6459771305	0.3719415753	-228.8269620402
16	1.0567267140	0.3719415753	-337.7884023496
17	1.1987069910	0.3719415753	-330.1387815194
18	1.6082668014	0.3719415753	-339.6371361476
19	2.5162847779	0.3719415753	-381.4903464445
20	0.4479131497	0.3719415753	-195.0004056763
21	1.2107948536	0.3719415753	-332.1750526477
22	1.3295365816	0.3719415753	-356.0490178457
23	0.7496102799	0.3719415753	-258.4649388416
24	0.1128343291	0.3719415753	-71.9608329173
25	1.3718541129	0.3719415753	-354.6758538820
26	0.3545293912	0.3719415753	-163.3639056809
27	0.4701506855	0.3719415753	-204.2360424411
28	0.0000000000	0.3719415753	-2.3827013081
29	0.1476113596	0.3719415753	-82.8165006871
30	0.8578866944	0.3719415753	-278.8063017825
31	2.5863981918	0.3719415753	-374.9241656728
32	1.0608740529	0.3719415753	-305.7890643941
33	0.3647655640	0.3719415753	-175.5576035244
34	1.4441459143	0.3719415753	-351.4793383398
35	0.9593484980	0.3719415753	-294.7182173717
36	1.8008976921	0.3719415753	-368.7210369341
37	1.0333838607	0.3719415753	-324.0667383632
38	1.8473207836	0.3719415753	-380.0314429484
39	1.8456379996	0.3719415753	-364.8066922190
40	1.2881789281	0.3719415753	-343.5481971257
41	1.3921041940	0.3719415753	-355.9189021576
42	3.0349866414	0.3719415753	-388.6145420329
43	1.2512765626	0.3719415753	-345.2717356280
44	2.1398691893	0.3719415753	-379.7122991436
45	1.4598727048	0.3719415753	-358.2307914956
46	0.5775543755	0.3719415753	-229.9838683305
47	0.6603674835	0.3719415753	-264.2425145304
48	1.4852682261	0.3719415753	-351.2097503922
49	1.0517374836	0.3719415753	-321.0925796932
50	0.7086900956	0.3719415753	-262.9841900031
51	0.0346608460	0.3719415753	-27.6909615691
52	0.6004382495	0.3719415753	-228.5366495605
53	0.9297111306	0.3719415753	-291.5939986004
54	1.0062250445	0.3719415753	-305.9263069940
55	0.4558367251	0.3719415753	-198.1814882322
56	1.2922988607	0.3719415753	-343.9665050100
57	0.2097002258	0.3719415753	-119.8598533747
58	1.0064020009	0.3719415753	-313.8406477228
59	1.7055694868	0.3719415753	-354.2566139586
60	0.4101140234	0.3719415753	-183.9237888351
61	0.0235369543	0.3719415753	-20.4073748562
62	1.8330093764	0.3719415753	-375.1644990411
63	0.8448571810	0.3719415753	-301.9944065491
64	1.1916313645	0.3719415753	-336.1665256632
65	1.4513509773	0.3719415753	-353.5285221683
66	0.3996913049	0.3719415753	-187.7215887384
67	2.4307308441	0.3719415753	-384.7815929921
68	0.9216770921	0.3719415753	-297.2849077699
69	2.1104108282	0.3719415753	-375.9553658006
70	2.8302967863	0.3719415753	-378.0745270562
71	1.3469746858	0.3719415753	-336.1127693912
72	1.1253283670	0.3719415753	-318.8428803034
73	0.0593283942	0.3719415753	-40.8987748820
74	1.5328126669	0.3719415753	-357.5098071968
75	1.5204661504	0.3719415753	-349.9940268050
76	1.3896747066	0.3719415753	-369.6346258887
77	0.1576909722	0.3719415753	-90.6762268162
78	2.5825814393	0.3719415753	-380.0968173656
79	2.3957715141	0.3719415753	-370.1440563650
80	0.7570394160	0.3719415753	-265.4533853136
81	1.8128749618	0.3719415753	-351.2640252146
82	2.1555590300	0.3719415753	-373.1157218174
83	2.3348004368	0.3719415753	-377.0646457205
84	0.7723619001	0.3719415753	-286.9836008737
85	0.7516531458	0.3719415753	-256.9559356091
86	1.4523936356	0.3719415753	-367.9925466949
87	1.2950790393	0.3719415753	-347.6482215691
88	0.6806331637	0.3719415753	-254.0264954061
89	0.4014299160	0.3719415753	-177.6766163375
90	3.2406528950	0.3719415753	-370.4340156319
91	0.0957429137	0.3719415753	-61.3630670730
92	0.8184241856	0.3719415753	-263.6810494916
93	2.0206845461	0.3719415753	-370.4113392320
94	0.5028185436	0.3719415753	-198.8396218732
95	0.4459576152	0.3719415753	-196.1645061096
96	2.3884909752	0.3719415753	-367.1491551679
97	1.6984842927	0.3719415753	-353.9088836869
98	1.0386876444	0.3719415753	-314.2137838744
99	1.9117885234	0.3719415753	-370.0258695714
100	0.2560171640	0.3719415753	-127.6965545124
101	0.2641058990	0.3719415753	-126.9635634660
102	2.0832913514	0.3719415753	-386.4897374768
103	1.8882645767	0.3719415753	-353.7328019496
104	0.2118656929	0.3719415753	-117.4384758809
105	1.4882463860	0.3719415753	-378.7856851215
106	2.3855371095	0.3719415753	-366.2684992764
107	0.5078510241	0.3719415753	-219.9014586880
108	2.8522624707	0.3719415753	-373.9025832671
109	2.4049158451	0.3719415753	-372.6370739848
110	2.2660913983	0.3719415753	-367.3674247670
111	0.0000000000	0.3719415753	-2.3827013081
112	1.9109716155	0.3719415753	-368.4653123202
113	1.7627365438	0.3719415753	-374.6410888834
114	1.0176021537	0.3719415753	-342.4262715811
115	1.6627413684	0.3719415753	-372.3674704690
116	2.7065572281	0.3719415753	-387.0093174327
117	2.2926349330	0.3719415753	-360.8789193645
118	1.5872864339	0.3719415753	-360.7548857642
119	1.3508697119	0.3719415753	-352.3636530056
120	2.2756685079	0.3719415753	-378.4585791604
121	0.4755421299	0.3719415753	-202.4477566798
122	0.2113299658	0.3719415753	-107.4802425062
123	2.1681375986	0.3719415753	-377.0106431871
124	2.7035410271	0.3719415753	-390.6027459146
