site	rate	t	lnL
1	2.5126154869	0.3641317582	-376.5929487782
2	0.7906527088	0.3641317582	-286.0237466794
3	1.8931717278	0.3641317582	-360.8119838583
4	1.9758846693	0.3641317582	-366.1306747627
5	0.2162092678	0.3641317582	-119.6290796211
6	2.1017217205	0.3641317582	-369.3745563335
7	0.5655269874	0.3641317582	-234.7513610970
8	0.9361092302	0.3641317582	-300.1554869726
9	1.9220981387	0.3641317582	-362.3872104490
10	1.8469870868	0.3641317582	-370.6198767752
11	0.5361692976	0.3641317582	-223.0238794332
12	2.3114445283	0.3641317582	-370.7093031482
13	1.4284830101	0.3641317582	-352.8710612034
14	0.7570467652	0.3641317582	-269.7382657510
15	0.2939423196	0.3641317582	-148.3686008350
16	1.4009812831	0.3641317582	-353.3718280681
17	1.5121902104	0.3641317582	-355.2911430821
18	1.4650451433	0.3641317582	-348.0353678684
19	2.3372738788	0.3641317582	-373.0537126120
20	0.2932106796	0.3641317582	-146.3498845731
21	1.1523439131	0.3641317582	-327.6010741235
22	1.3057697714	0.3641317582	-340.5414205795
23	0.6446685481	0.3641317582	-248.3511250820
24	0.1659107236	0.3641317582	-98.2570624680
25	1.6421276865	0.3641317582	-353.8678147629
26	0.5644487282	0.3641317582	-230.5616397626
27	0.6304911188	0.3641317582	-249.4119966318
28	0.0000000000	0.3641317582	-2.9957322736
29	0.4460054478	0.3641317582	-197.9995303434
30	0.6900907014	0.3641317582	-262.8720404636
31	1.9250965013	0.3641317582	-362.0392848467
32	1.0365813309	0.3641317582	-321.0709315752
33	0.1291227391	0.3641317582	-79.9016833106
34	1.5861068251	0.3641317582	-360.7124465863
35	1.0260320028	0.3641317582	-313.2541360368
36	2.2387432566	0.3641317582	-370.6700975850
37	0.9406408742	0.3641317582	-306.3958252049
38	2.0259645496	0.3641317582	-363.3571388474
39	1.9580300237	0.3641317582	-369.7278620819
40	0.8280174503	0.3641317582	-286.4777689232
41	1.1102198644	0.3641317582	-326.1377845855
42	2.9473898626	0.3641317582	-378.1763839253
43	1.4718530762	0.3641317582	-353.9796920665
44	2.2658623586	0.3641317582	-374.9884336686
45	1.4418144455	0.3641317582	-346.1432899813
46	0.6475452158	0.3641317582	-248.4876606873
47	0.5831427642	0.3641317582	-240.3747283562
48	1.4262207345	0.3641317582	-347.2848060474
49	1.3320400681	0.3641317582	-342.1367613261
50	0.8600633495	0.3641317582	-296.6866744815
51	0.0000000000	0.3641317582	-2.9957322736
52	0.7259873471	0.3641317582	-263.0754899964
53	0.9625144297	0.3641317582	-301.6225317778
54	1.0481677783	0.3641317582	-318.7011332463
55	0.6699941672	0.3641317582	-255.6733192870
56	1.3675396144	0.3641317582	-344.6551134496
57	0.2940262930	0.3641317582	-147.8451802763
58	1.3961905394	0.3641317582	-350.0989449463
59	1.7435366218	0.3641317582	-363.8013768461
60	0.6954551149	0.3641317582	-261.9360941900
61	0.0229575967	0.3641317582	-20.5563231793
62	1.8685872568	0.3641317582	-371.8653989943
63	1.0669306005	0.3641317582	-322.1507368563
64	0.8200007487	0.3641317582	-284.2890435741
65	2.4825102647	0.3641317582	-372.4224410326
66	0.4313781939	0.3641317582	-193.4285865860
67	2.4901820628	0.3641317582	-372.2924690520
68	0.4720831656	0.3641317582	-206.9869236383
69	1.7763193515	0.3641317582	-366.7904867873
70	1.9753041216	0.3641317582	-371.9803380658
71	1.4986554649	0.3641317582	-350.5458823311
72	1.5973262219	0.3641317582	-351.5932028993
73	0.0114547488	0.3641317582	-12.4711624560
74	0.6613035883	0.3641317582	-247.4520985140
75	0.9709759435	0.3641317582	-312.7840421558
76	1.9074365738	0.3641317582	-369.4897856348
77	0.0931692380	0.3641317582	-60.6525461535
78	3.2080976291	0.3641317582	-380.2490615099
79	1.7956153669	0.3641317582	-356.0903586214
80	0.8486593440	0.3641317582	-280.3530093833
81	1.3181876702	0.3641317582	-344.2321740330
82	2.4795826695	0.3641317582	-373.8297873317
83	2.7829623178	0.3641317582	-377.7003113372
84	0.7285553663	0.3641317582	-272.1894913757
85	0.6554001989	0.3641317582	-252.7210353089
86	1.4631387807	0.3641317582	-353.9879275558
87	2.2122454536	0.3641317582	-369.6088363836
88	0.9501987851	0.3641317582	-303.7196456944
89	0.2538356057	0.3641317582	-134.7948039993
90	1.8208435088	0.3641317582	-368.2603802807
91	0.0461339420	0.3641317582	-35.3266394231
92	0.6296406990	0.3641317582	-248.1509479751
93	1.7147681063	0.3641317582	-357.1255284753
94	0.5833739264	0.3641317582	-238.5462816756
95	0.9550619349	0.3641317582	-302.3616014458
96	2.3257542939	0.3641317582	-370.9782797199
97	1.5429921781	0.3641317582	-358.3717142985
98	1.0160330891	0.3641317582	-314.0761988021
99	2.1235354725	0.3641317582	-371.5237717095
100	0.1293311762	0.3641317582	-77.5326423635
101	0.4006295283	0.3641317582	-185.2515022664
102	2.3315010616	0.3641317582	-371.4546297247
103	1.2220062969	0.3641317582	-334.7682399392
104	0.3365258663	0.3641317582	-161.2413267752
105	1.6396404178	0.3641317582	-371.2036369147
106	2.1622544656	0.3641317582	-367.8484873519
107	0.6498310790	0.3641317582	-252.9005569879
108	1.3439488375	0.3641317582	-345.6902645791
109	2.3000062066	0.3641317582	-369.8595812229
110	1.7871605197	0.3641317582	-360.7898573216
111	0.0114529223	0.3641317582	-12.4713721427
112	2.9996401710	0.3641317582	-378.9903146438
113	3.2133654265	0.3641317582	-378.9088394900
114	1.0256522981	0.3641317582	-317.3710167565
115	1.6500650660	0.3641317582	-360.7005741848
116	2.3777657340	0.3641317582	-372.5956870524
117	2.3641243495	0.3641317582	-371.0523892366
118	1.2755539562	0.3641317582	-347.5198733455
119	0.8024677839	0.3641317582	-282.1219593279
120	2.5014681439	0.3641317582	-373.1689088749
121	0.5030953947	0.3641317582	-210.3828991378
122	0.1292707373	0.3641317582	-78.3846476923
123	1.6327063451	0.3641317582	-366.7701331219
124	2.3386970700	0.3641317582	-370.8634270846
