site	rate	t	lnL
1	2.1141758009	0.0049853034	-21.7572678256
2	0.0000000000	0.0049853034	-3.1755368393
3	0.7365358888	0.0049853034	-13.3337809187
4	1.2564361891	0.0049853034	-23.3694256971
5	0.0000000000	0.0049853034	-2.1801087869
6	0.0000000000	0.0049853034	-2.8371272434
7	0.0000000000	0.0049853034	-2.8371272434
8	0.0000000000	0.0049853034	-2.2222322597
9	0.0000000000	0.0049853034	-4.0813248490
10	1.3105025610	0.0049853034	-22.4652969370
11	0.0000000000	0.0049853034	-2.2222322597
12	3.7655999928	0.0049853034	-39.3142125233
13	0.0000000000	0.0049853034	-3.9552841281
14	0.0000000000	0.0049853034	-2.7349977483
15	0.0000000000	0.0049853034	-2.6476627991
16	0.0000000000	0.0049853034	-2.1801087869
17	3.6802960911	0.0049853034	-42.1570645368
18	0.0000000000	0.0049853034	-2.6476627991
19	0.0000000000	0.0049853034	-3.7164744601
20	0.0000000000	0.0049853034	-2.7349977483
21	0.7950886742	0.0049853034	-13.5019654970
22	2.0827574049	0.0049853034	-25.2414808135
23	0.0000000000	0.0049853034	-2.2222322597
24	0.0000000000	0.0049853034	-3.2108436532
25	0.0000000000	0.0049853034	-4.0813248490
26	0.0000000000	0.0049853034	-3.3975498083
27	0.0000000000	0.0049853034	-2.7359690937
28	0.0000000000	0.0049853034	-2.1801087869
29	0.0000000000	0.0049853034	-2.2222322597
30	0.0000000000	0.0049853034	-3.4517216594
31	1.7332118436	0.0049853034	-11.4247903315
32	1.4746135773	0.0049853034	-16.5413082685
33	0.0000000000	0.0049853034	-3.2787210756
34	1.8692403429	0.0049853034	-19.8691722320
35	1.4251825137	0.0049853034	-22.5235922726
36	0.0000000000	0.0049853034	-2.5657056918
37	1.7414146663	0.0049853034	-13.3488038521
38	1.1863619110	0.0049853034	-18.5866675386
39	5.7642120298	0.0049853034	-28.7955070581
40	0.7245362100	0.0049853034	-15.0787307088
41	0.7185523339	0.0049853034	-11.2747223433
42	7.8620321566	0.0049853034	-43.5698942874
43	0.6710532345	0.0049853034	-12.7239778032
44	1.7315522712	0.0049853034	-11.3015710081
45	3.4688689272	0.0049853034	-35.9742755009
46	2.0449377540	0.0049853034	-29.7354540994
47	0.0000000000	0.0049853034	-3.2787210756
48	1.5850744311	0.0049853034	-21.5905327866
49	1.6902759519	0.0049853034	-22.7004107026
50	0.7915863819	0.0049853034	-13.5063785623
51	0.0000000000	0.0049853034	-2.7349977483
52	0.8482915495	0.0049853034	-10.6971206155
53	0.0000000000	0.0049853034	-2.2222322597
54	0.0000000000	0.0049853034	-2.9545071345
55	1.0534075136	0.0049853034	-11.1538415487
56	0.0000000000	0.0049853034	-3.2108436532
57	0.0000000000	0.0049853034	-3.2787210756
58	1.7327674081	0.0049853034	-13.5381866306
59	5.5781731297	0.0049853034	-67.0651433547
60	3.1723198381	0.0049853034	-39.9291642837
61	0.0000000000	0.0049853034	-2.1801087869
62	0.0000000000	0.0049853034	-2.9545071345
63	0.0000000000	0.0049853034	-3.4165617878
64	2.9712153555	0.0049853034	-25.0695932469
65	1.3572624109	0.0049853034	-23.3327543568
66	0.5465644444	0.0049853034	-16.3587456789
67	0.0000000000	0.0049853034	-3.0272208600
68	1.4834547727	0.0049853034	-20.6509579478
69	0.7020738647	0.0049853034	-13.4223074628
70	2.1211743094	0.0049853034	-20.6380739213
71	1.3420307341	0.0049853034	-20.6918613665
72	1.3140417600	0.0049853034	-19.5759451064
73	0.0000000000	0.0049853034	-2.1801087869
74	0.0000000000	0.0049853034	-2.7349977483
75	1.9515093856	0.0049853034	-31.5867721137
76	3.2002907960	0.0049853034	-34.3452221358
77	0.0000000000	0.0049853034	-2.1801087869
78	1.8495828115	0.0049853034	-27.2301191831
79	3.5098132534	0.0049853034	-44.3881879622
80	1.5395425522	0.0049853034	-24.9436985458
81	0.6547345738	0.0049853034	-13.6906645480
82	2.5998728665	0.0049853034	-31.8710211635
83	1.5972745720	0.0049853034	-22.7090947595
84	0.0000000000	0.0049853034	-3.0272208600
85	0.0000000000	0.0049853034	-2.7359690937
86	3.5152480847	0.0049853034	-22.3905290431
87	3.3935168587	0.0049853034	-22.0493971588
88	0.6193131785	0.0049853034	-12.8039676895
89	0.0000000000	0.0049853034	-2.2222322597
90	2.0825552958	0.0049853034	-20.9891895133
91	0.0000000000	0.0049853034	-2.1801087869
92	0.0000000000	0.0049853034	-2.2222322597
93	3.7430103598	0.0049853034	-46.3914096139
94	1.3353380130	0.0049853034	-23.5859590885
95	0.0000000000	0.0049853034	-2.6476627991
96	0.6724439839	0.0049853034	-14.2936195156
97	0.8415817423	0.0049853034	-13.3563304536
98	0.9360773684	0.0049853034	-12.1558309234
99	1.4728352297	0.0049853034	-17.8014896622
100	1.8609166832	0.0049853034	-13.4619665154
101	0.8536223240	0.0049853034	-13.5474813523
102	4.8766808903	0.0049853034	-51.7547254398
103	1.4463129438	0.0049853034	-20.3390662261
104	0.0000000000	0.0049853034	-2.2222322597
105	0.0000000000	0.0049853034	-3.0272208600
106	0.0000000000	0.0049853034	-2.5657056918
107	0.6535065709	0.0049853034	-13.5076622393
108	1.8878400547	0.0049853034	-30.9238643745
109	1.7373858033	0.0049853034	-13.5355293667
110	0.0000000000	0.0049853034	-2.6476627991
111	0.0000000000	0.0049853034	-2.1801087869
112	0.0000000000	0.0049853034	-2.8371272434
113	0.0000000000	0.0049853034	-3.0272208600
114	0.0000000000	0.0049853034	-3.4165617878
115	3.2790648709	0.0049853034	-41.2765737550
116	1.1882196464	0.0049853034	-22.8952309380
117	4.9963071425	0.0049853034	-31.5589798136
118	0.0000000000	0.0049853034	-3.3975498083
119	0.0000000000	0.0049853034	-2.7359690937
120	0.0000000000	0.0049853034	-2.9545071345
121	0.0000000000	0.0049853034	-2.7349977483
122	0.0000000000	0.0049853034	-2.1801087869
123	1.2352221487	0.0049853034	-18.9069701296
124	1.3086875780	0.0049853034	-21.3367047518
