site	rate	t	lnL
1	0.0000000000	0.0006156258	-2.4230967724
2	0.0000000000	0.0006156258	-3.0246234560
3	13.7915100556	0.0006156258	-22.5148865479
4	0.0000000000	0.0006156258	-2.5176964726
5	0.0000000000	0.0006156258	-2.5176964726
6	0.0000000000	0.0006156258	-3.7190684952
7	0.0000000000	0.0006156258	-2.1840183144
8	7.2548324688	0.0006156258	-11.0185739429
9	0.0000000000	0.0006156258	-2.8766060544
10	0.0000000000	0.0006156258	-3.4242689550
11	0.0000000000	0.0006156258	-2.7418170636
12	0.0000000000	0.0006156258	-2.5169155276
13	0.0000000000	0.0006156258	-2.3379824792
14	0.0000000000	0.0006156258	-4.1232357446
15	0.0000000000	0.0006156258	-2.1840183144
16	7.2366339578	0.0006156258	-12.7096134909
17	0.0000000000	0.0006156258	-2.5176964726
18	0.0000000000	0.0006156258	-2.3379824792
19	0.0000000000	0.0006156258	-2.1840183144
20	0.0000000000	0.0006156258	-2.4230967724
21	0.0000000000	0.0006156258	-2.3379824792
22	0.0000000000	0.0006156258	-3.4339872045
23	0.0000000000	0.0006156258	-2.1840183144
24	0.0000000000	0.0006156258	-3.4339872045
25	0.0000000000	0.0006156258	-3.4320359844
26	0.0000000000	0.0006156258	-2.3379824792
27	0.0000000000	0.0006156258	-2.5169155276
28	0.0000000000	0.0006156258	-2.5176964726
29	0.0000000000	0.0006156258	-3.4320359844
30	0.0000000000	0.0006156258	-3.4320359844
31	0.0000000000	0.0006156258	-2.7418170636
32	0.0000000000	0.0006156258	-2.5169155276
33	0.0000000000	0.0006156258	-3.4242689550
34	0.0000000000	0.0006156258	-2.3379824792
35	0.0000000000	0.0006156258	-2.3379824792
36	0.0000000000	0.0006156258	-2.5176964726
37	0.0000000000	0.0006156258	-3.4339872045
38	0.0000000000	0.0006156258	-2.4230967724
39	0.0000000000	0.0006156258	-3.4320359844
40	7.2551342483	0.0006156258	-11.6201006273
41	0.0000000000	0.0006156258	-2.5176964726
42	6.6493313779	0.0006156258	-12.9550820294
43	0.0000000000	0.0006156258	-2.3379824792
44	0.0000000000	0.0006156258	-3.0246234560
45	0.0000000000	0.0006156258	-3.7164744601
46	0.0000000000	0.0006156258	-2.5176964726
47	0.0000000000	0.0006156258	-3.4242689550
48	0.0000000000	0.0006156258	-2.1840183144
49	7.0605254310	0.0006156258	-12.2936803623
50	0.0000000000	0.0006156258	-2.7418170636
51	0.0000000000	0.0006156258	-4.1232357446
52	0.0000000000	0.0006156258	-2.8766060544
53	0.0000000000	0.0006156258	-2.1840183144
54	0.0000000000	0.0006156258	-2.4230967724
55	0.0000000000	0.0006156258	-2.8766060544
56	0.0000000000	0.0006156258	-3.4320359844
57	0.0000000000	0.0006156258	-3.4242689550
58	0.0000000000	0.0006156258	-3.0246234560
59	0.0000000000	0.0006156258	-2.5176964726
60	0.0000000000	0.0006156258	-3.0246234560
61	0.0000000000	0.0006156258	-2.5176964726
62	0.0000000000	0.0006156258	-2.4230967724
63	6.5938148863	0.0006156258	-15.0357635350
64	0.0000000000	0.0006156258	-3.4320359844
65	0.0000000000	0.0006156258	-3.4320359844
66	0.0000000000	0.0006156258	-3.2234224354
67	7.1121663876	0.0006156258	-12.4857328773
68	0.0000000000	0.0006156258	-3.4320359844
69	6.7012821170	0.0006156258	-13.1383482547
70	0.0000000000	0.0006156258	-2.4230967724
71	0.0000000000	0.0006156258	-2.1840183144
72	0.0000000000	0.0006156258	-2.5176964726
73	0.0000000000	0.0006156258	-2.5176964726
74	0.0000000000	0.0006156258	-2.5169155276
75	0.0000000000	0.0006156258	-3.0246234560
76	0.0000000000	0.0006156258	-3.4339872045
77	0.0000000000	0.0006156258	-3.7190684952
78	0.0000000000	0.0006156258	-2.1840183144
79	6.5409193883	0.0006156258	-14.0507266963
80	0.0000000000	0.0006156258	-2.5169155276
81	0.0000000000	0.0006156258	-2.5176964726
82	0.0000000000	0.0006156258	-2.7418170636
83	0.0000000000	0.0006156258	-2.5176964726
84	6.8791707308	0.0006156258	-12.2309525771
85	0.0000000000	0.0006156258	-2.5169155276
86	0.0000000000	0.0006156258	-2.3379824792
87	6.8195467035	0.0006156258	-11.5338230473
88	0.0000000000	0.0006156258	-2.8766060544
89	6.8195467474	0.0006156258	-11.8667202606
90	0.0000000000	0.0006156258	-3.4320359844
91	0.0000000000	0.0006156258	-2.5176964726
92	0.0000000000	0.0006156258	-2.5176964726
93	0.0000000000	0.0006156258	-2.5176964726
94	0.0000000000	0.0006156258	-2.8766060544
95	0.0000000000	0.0006156258	-2.5169155276
96	0.0000000000	0.0006156258	-2.1840183144
97	0.0000000000	0.0006156258	-3.7164744601
98	0.0000000000	0.0006156258	-3.4320359844
99	0.0000000000	0.0006156258	-2.5169155276
100	0.0000000000	0.0006156258	-2.4230967724
101	0.0000000000	0.0006156258	-2.5169155276
102	0.0000000000	0.0006156258	-2.4230967724
103	0.0000000000	0.0006156258	-2.1840183144
104	0.0000000000	0.0006156258	-2.3379824792
105	0.0000000000	0.0006156258	-2.3379824792
106	0.0000000000	0.0006156258	-2.5169155276
107	0.0000000000	0.0006156258	-2.7418170636
108	0.0000000000	0.0006156258	-2.4230967724
109	20.2049852803	0.0006156258	-28.9909452713
110	0.0000000000	0.0006156258	-2.4230967724
111	0.0000000000	0.0006156258	-2.5176964726
112	6.4861627355	0.0006156258	-15.0547851412
113	0.0000000000	0.0006156258	-2.5176964726
114	0.0000000000	0.0006156258	-4.1116301985
115	0.0000000000	0.0006156258	-3.2234224354
116	0.0000000000	0.0006156258	-2.5176964726
117	0.0000000000	0.0006156258	-2.1840183144
118	0.0000000000	0.0006156258	-3.0246234560
119	0.0000000000	0.0006156258	-3.2234224354
120	0.0000000000	0.0006156258	-2.7418170636
121	0.0000000000	0.0006156258	-2.3379824792
122	0.0000000000	0.0006156258	-2.5176964726
123	0.0000000000	0.0006156258	-3.4320359844
124	0.0000000000	0.0006156258	-3.7190684952
