site	rate	t	lnL
1	0.0000000000	0.0003424119	-2.2499381285
2	0.0000000000	0.0003424119	-2.5208263656
3	23.6929457182	0.0003424119	-13.4362596226
4	0.0000000000	0.0003424119	-3.7113064899
5	0.0000000000	0.0003424119	-2.6230569883
6	0.0000000000	0.0003424119	-3.0311296598
7	0.0000000000	0.0003424119	-2.2517329241
8	11.0015678331	0.0003424119	-10.7089170807
9	8.8005005473	0.0003424119	-13.1554680657
10	0.0000000000	0.0003424119	-2.2517329241
11	0.0000000000	0.0003424119	-3.0311296598
12	25.6716414271	0.0003424119	-11.3141463126
13	0.0000000000	0.0003424119	-3.0311296598
14	0.0000000000	0.0003424119	-2.2499381285
15	0.0000000000	0.0003424119	-2.5145763453
16	0.0000000000	0.0003424119	-2.6230569883
17	0.0000000000	0.0003424119	-3.7010499897
18	0.0000000000	0.0003424119	-3.2171132662
19	0.0000000000	0.0003424119	-2.2517329241
20	0.0000000000	0.0003424119	-2.2499381285
21	0.0000000000	0.0003424119	-2.5208263656
22	0.0000000000	0.0003424119	-3.4339872045
23	0.0000000000	0.0003424119	-3.0220327809
24	0.0000000000	0.0003424119	-3.2124073751
25	0.0000000000	0.0003424119	-3.0311296598
26	0.0000000000	0.0003424119	-3.2171132662
27	0.0000000000	0.0003424119	-2.5145763453
28	0.0000000000	0.0003424119	-2.6230569883
29	0.0000000000	0.0003424119	-2.2517329241
30	9.8692962158	0.0003424119	-11.6561395763
31	0.0000000000	0.0003424119	-2.2517329241
32	0.0000000000	0.0003424119	-3.7268912209
33	0.0000000000	0.0003424119	-2.2499381285
34	0.0000000000	0.0003424119	-2.2499381285
35	0.0000000000	0.0003424119	-2.5208263656
36	0.0000000000	0.0003424119	-3.0220327809
37	0.0000000000	0.0003424119	-3.2124073751
38	0.0000000000	0.0003424119	-3.7216692769
39	11.0340449333	0.0003424119	-13.2432201817
40	0.0000000000	0.0003424119	-2.5208263656
41	0.0000000000	0.0003424119	-2.2517329241
42	0.0000000000	0.0003424119	-2.6317754393
43	0.0000000000	0.0003424119	-2.6317754393
44	0.0000000000	0.0003424119	-2.8754881112
45	0.0000000000	0.0003424119	-2.5145763453
46	0.0000000000	0.0003424119	-2.2499381285
47	0.0000000000	0.0003424119	-3.2124073751
48	0.0000000000	0.0003424119	-3.2234224354
49	0.0000000000	0.0003424119	-2.6317754393
50	0.0000000000	0.0003424119	-2.5208263656
51	0.0000000000	0.0003424119	-2.2499381285
52	0.0000000000	0.0003424119	-3.0220327809
53	0.0000000000	0.0003424119	-2.5145763453
54	0.0000000000	0.0003424119	-2.2499381285
55	0.0000000000	0.0003424119	-2.5145763453
56	0.0000000000	0.0003424119	-2.2517329241
57	0.0000000000	0.0003424119	-3.7216692769
58	0.0000000000	0.0003424119	-2.2517329241
59	14.4348365515	0.0003424119	-11.2405833376
60	0.0000000000	0.0003424119	-3.2171132662
61	0.0000000000	0.0003424119	-2.6230569883
62	0.0000000000	0.0003424119	-2.5145763453
63	0.0000000000	0.0003424119	-3.4339872045
64	0.0000000000	0.0003424119	-3.4418303819
65	0.0000000000	0.0003424119	-2.2499381285
66	0.0000000000	0.0003424119	-3.7113064899
67	0.0000000000	0.0003424119	-3.4339872045
68	0.0000000000	0.0003424119	-2.2499381285
69	0.0000000000	0.0003424119	-2.5208263656
70	0.0000000000	0.0003424119	-2.6317754393
71	0.0000000000	0.0003424119	-2.6230569883
72	0.0000000000	0.0003424119	-2.2517329241
73	21.5096155716	0.0003424119	-10.6246571319
74	0.0000000000	0.0003424119	-2.2499381285
75	0.0000000000	0.0003424119	-2.5145763453
76	0.0000000000	0.0003424119	-2.5145763453
77	0.0000000000	0.0003424119	-2.6230569883
78	0.0000000000	0.0003424119	-2.5208263656
79	0.0000000000	0.0003424119	-3.7216692769
80	0.0000000000	0.0003424119	-2.5145763453
81	14.6875511472	0.0003424119	-12.0340800648
82	0.0000000000	0.0003424119	-3.7010499897
83	0.0000000000	0.0003424119	-3.4339872045
84	0.0000000000	0.0003424119	-2.8754881112
85	0.0000000000	0.0003424119	-3.2234224354
86	0.0000000000	0.0003424119	-3.0311296598
87	0.0000000000	0.0003424119	-3.2124073751
88	0.0000000000	0.0003424119	-2.5145763453
89	0.0000000000	0.0003424119	-2.2517329241
90	0.0000000000	0.0003424119	-3.4339872045
91	0.0000000000	0.0003424119	-2.6230569883
92	0.0000000000	0.0003424119	-2.2517329241
93	0.0000000000	0.0003424119	-2.8754881112
94	0.0000000000	0.0003424119	-3.0220327809
95	0.0000000000	0.0003424119	-3.0220327809
96	0.0000000000	0.0003424119	-2.8754881112
97	0.0000000000	0.0003424119	-2.8754881112
98	0.0000000000	0.0003424119	-3.4339872045
99	0.0000000000	0.0003424119	-2.8754881112
100	0.0000000000	0.0003424119	-2.2499381285
101	0.0000000000	0.0003424119	-2.2517329241
102	0.0000000000	0.0003424119	-3.4418303819
103	0.0000000000	0.0003424119	-3.0220327809
104	0.0000000000	0.0003424119	-3.2171132662
105	24.1150855384	0.0003424119	-14.9799910229
106	0.0000000000	0.0003424119	-2.6317754393
107	0.0000000000	0.0003424119	-3.4339872045
108	0.0000000000	0.0003424119	-2.2517329241
109	0.0000000000	0.0003424119	-2.5208263656
110	0.0000000000	0.0003424119	-2.5208263656
111	0.0000000000	0.0003424119	-2.6230569883
112	0.0000000000	0.0003424119	-2.6317754393
113	0.0000000000	0.0003424119	-4.1271343850
114	0.0000000000	0.0003424119	-3.7010499897
115	0.0000000000	0.0003424119	-3.2234224354
116	0.0000000000	0.0003424119	-4.1271343850
117	0.0000000000	0.0003424119	-2.2499381285
118	0.0000000000	0.0003424119	-3.7113064899
119	0.0000000000	0.0003424119	-3.2234224354
120	0.0000000000	0.0003424119	-3.4339872045
121	0.0000000000	0.0003424119	-3.4418303819
122	0.0000000000	0.0003424119	-2.6230569883
123	0.0000000000	0.0003424119	-2.6317754393
124	0.0000000000	0.0003424119	-3.7268912209
