site	rate	t	lnL
1	2.4477637640	0.0654771162	-182.4108670793
2	2.2990940376	0.0654771162	-186.0313180489
3	1.1503854155	0.0654771162	-150.0726518628
4	1.6674394141	0.0654771162	-112.8288753677
5	0.0000000000	0.0654771162	-2.6049919809
6	2.0874184377	0.0654771162	-121.8168210674
7	0.3686830247	0.0654771162	-45.8178624433
8	1.0831386694	0.0654771162	-74.7390166330
9	0.8640255994	0.0654771162	-101.8743852539
10	2.3415902110	0.0654771162	-192.0362952774
11	0.2550655796	0.0654771162	-23.2547805873
12	1.2090077607	0.0654771162	-126.4370754449
13	0.8945893118	0.0654771162	-96.1157407768
14	1.8720298423	0.0654771162	-128.8463184518
15	0.2376167952	0.0654771162	-40.0415510079
16	2.0850291877	0.0654771162	-193.4790995491
17	1.4090851436	0.0654771162	-141.6034305464
18	0.6549397627	0.0654771162	-79.4697938246
19	1.6895841550	0.0654771162	-152.1121979649
20	1.6116088663	0.0654771162	-153.1076697472
21	1.0400144957	0.0654771162	-107.0895165598
22	2.1683448126	0.0654771162	-122.7294646179
23	0.3070567369	0.0654771162	-49.3725554297
24	0.1306302684	0.0654771162	-11.3060186621
25	0.6783004841	0.0654771162	-95.6090807036
26	0.1269108310	0.0654771162	-19.2995887712
27	0.4616715975	0.0654771162	-55.6254625087
28	0.0000000000	0.0654771162	-2.6049919809
29	0.1805862404	0.0654771162	-27.2719136971
30	0.2373308400	0.0654771162	-38.0900431646
31	1.6275880650	0.0654771162	-153.4612257944
32	0.5938782749	0.0654771162	-76.5008791340
33	0.2374615422	0.0654771162	-30.8228661548
34	0.5165651226	0.0654771162	-54.1933019601
35	0.8682550927	0.0654771162	-56.2593575881
36	0.9941693451	0.0654771162	-114.5808528167
37	2.6155827073	0.0654771162	-221.3588844363
38	1.3191569998	0.0654771162	-116.0367758510
39	1.7220735844	0.0654771162	-173.4233918925
40	0.9774660020	0.0654771162	-110.0612994557
41	1.4789998710	0.0654771162	-146.9078640279
42	1.7392030017	0.0654771162	-174.4308079510
43	0.8956678647	0.0654771162	-98.9067356405
44	1.3823966808	0.0654771162	-138.7250065081
45	4.0282557990	0.0654771162	-195.9690640660
46	2.0542040311	0.0654771162	-113.7838035129
47	0.4780319915	0.0654771162	-60.5104663489
48	1.0718725024	0.0654771162	-119.2512358299
49	0.7250385160	0.0654771162	-88.6193135414
50	0.3908470944	0.0654771162	-60.1353244135
51	0.0000000000	0.0654771162	-2.6178621714
52	0.1180766138	0.0654771162	-21.4435777561
53	0.6159234793	0.0654771162	-63.8243089765
54	0.1580671239	0.0654771162	-27.7698950449
55	0.3910303765	0.0654771162	-49.5192451957
56	2.1490448534	0.0654771162	-123.0193404094
57	0.3899979503	0.0654771162	-33.2074438189
58	1.1568143273	0.0654771162	-131.3109633556
59	2.3454602276	0.0654771162	-144.4754661405
60	0.9361682126	0.0654771162	-98.8498180254
61	0.0000000000	0.0654771162	-2.6049919809
62	0.8277442825	0.0654771162	-104.7223785264
63	0.2732137383	0.0654771162	-34.0752475508
64	0.2992772318	0.0654771162	-37.2008768013
65	1.7622653717	0.0654771162	-175.9935525260
66	0.0407221720	0.0654771162	-14.0056539554
67	2.6289206788	0.0654771162	-202.2341648514
68	2.1875530755	0.0654771162	-121.6031432634
69	1.2427845266	0.0654771162	-168.4202531748
70	2.7490217176	0.0654771162	-139.7100062607
71	0.3691764516	0.0654771162	-56.1904212119
72	1.7343986750	0.0654771162	-166.8762895855
73	0.0000000000	0.0654771162	-2.6049919809
74	0.3592906317	0.0654771162	-43.4578432219
75	1.1073382797	0.0654771162	-117.6793776008
76	1.3493044355	0.0654771162	-81.2060738851
77	0.1708001361	0.0654771162	-32.8959446857
78	1.5693696328	0.0654771162	-180.3857241223
79	1.2456309516	0.0654771162	-128.7792914807
80	0.0730799877	0.0654771162	-13.9901315629
81	1.0989548565	0.0654771162	-138.8581253519
82	1.7798294702	0.0654771162	-164.7980476689
83	1.2308652277	0.0654771162	-132.8235771850
84	0.5988624602	0.0654771162	-61.7915256103
85	0.3960603292	0.0654771162	-58.4007409664
86	1.6508487600	0.0654771162	-175.5010550091
87	1.4919117861	0.0654771162	-173.1014447827
88	0.5322147839	0.0654771162	-84.2478342454
89	0.0584795315	0.0654771162	-13.3205274707
90	1.2350651130	0.0654771162	-125.0421027349
91	0.0000000000	0.0654771162	-2.6049919809
92	0.1175385336	0.0654771162	-22.1286086450
93	1.1569791635	0.0654771162	-137.5391698411
94	0.0000000000	0.0654771162	-1.9139783620
95	0.3559462037	0.0654771162	-56.8286355091
96	1.5823847320	0.0654771162	-139.6781296110
97	1.2552060024	0.0654771162	-125.9143561290
98	1.3493836800	0.0654771162	-151.6788533504
99	2.6381077511	0.0654771162	-175.4068695983
100	0.0718863634	0.0654771162	-10.9552012917
101	1.3252356345	0.0654771162	-159.7607830384
102	2.5516701539	0.0654771162	-151.7433656077
103	1.7415622816	0.0654771162	-102.8170603402
104	0.6998918511	0.0654771162	-85.4017133800
105	0.8400844075	0.0654771162	-49.6718849655
106	0.6751693448	0.0654771162	-80.2837543938
107	1.3128846847	0.0654771162	-138.2258541979
108	1.6893317570	0.0654771162	-171.6601532884
109	1.2982867555	0.0654771162	-135.2492633171
110	1.0472714228	0.0654771162	-118.0513739566
111	0.0000000000	0.0654771162	-2.6049919809
112	2.3393699925	0.0654771162	-184.4773408860
113	1.7492038446	0.0654771162	-171.9021893536
114	1.5176405824	0.0654771162	-100.0576693649
115	1.3563376459	0.0654771162	-140.0779694180
116	2.6060280795	0.0654771162	-155.3559328875
117	1.7708922703	0.0654771162	-178.3470528843
118	1.1674482242	0.0654771162	-119.1506112210
119	0.8372670854	0.0654771162	-135.9908455883
120	1.0452659510	0.0654771162	-113.1963616766
121	0.4323840178	0.0654771162	-49.6195401388
122	2.4647983675	0.0654771162	-216.7738842282
123	2.0815459277	0.0654771162	-160.5243625749
124	0.9420894667	0.0654771162	-119.4837945724
