site	rate	t	lnL
1	0.0000000000	0.0008571061	-3.0298250282
2	4.9827885146	0.0008571061	-11.9574106441
3	5.2132417108	0.0008571061	-11.7986178910
4	0.0000000000	0.0008571061	-3.2539468936
5	0.0000000000	0.0008571061	-2.4209668462
6	0.0000000000	0.0008571061	-3.0272208600
7	0.0000000000	0.0008571061	-2.2559333503
8	0.0000000000	0.0008571061	-2.2559333503
9	0.0000000000	0.0008571061	-2.1890674135
10	4.9899767547	0.0008571061	-11.2606012032
11	0.0000000000	0.0008571061	-2.2559333503
12	5.1650839915	0.0008571061	-11.3053484835
13	0.0000000000	0.0008571061	-3.0298250282
14	0.0000000000	0.0008571061	-2.1890674135
15	0.0000000000	0.0008571061	-2.1767698856
16	0.0000000000	0.0008571061	-4.0701930086
17	0.0000000000	0.0008571061	-2.1890674135
18	0.0000000000	0.0008571061	-3.0272208600
19	0.0000000000	0.0008571061	-3.0298250282
20	0.0000000000	0.0008571061	-2.1890674135
21	4.8574185002	0.0008571061	-12.9408014142
22	0.0000000000	0.0008571061	-3.4320359844
23	0.0000000000	0.0008571061	-3.4359422393
24	0.0000000000	0.0008571061	-3.2108436532
25	0.0000000000	0.0008571061	-3.7010499897
26	0.0000000000	0.0008571061	-3.4184830179
27	4.8160240795	0.0008571061	-13.8280631517
28	0.0000000000	0.0008571061	-2.4209668462
29	4.9822356832	0.0008571061	-12.3393255974
30	0.0000000000	0.0008571061	-2.2559333503
31	0.0000000000	0.0008571061	-2.8555759489
32	0.0000000000	0.0008571061	-3.0298250282
33	0.0000000000	0.0008571061	-2.1890674135
34	0.0000000000	0.0008571061	-2.8555759489
35	4.7323179988	0.0008571061	-13.3044825528
36	0.0000000000	0.0008571061	-2.2559333503
37	0.0000000000	0.0008571061	-3.2108436532
38	0.0000000000	0.0008571061	-2.1767698856
39	9.7428814214	0.0008571061	-21.8268228934
40	0.0000000000	0.0008571061	-3.4184830179
41	0.0000000000	0.0008571061	-3.7010499897
42	0.0000000000	0.0008571061	-2.1767698856
43	4.8064748421	0.0008571061	-13.1644962136
44	4.9822359589	0.0008571061	-12.5096476588
45	0.0000000000	0.0008571061	-2.8721417612
46	0.0000000000	0.0008571061	-2.1890674135
47	4.8160240451	0.0008571061	-14.5057061457
48	0.0000000000	0.0008571061	-3.4320359844
49	0.0000000000	0.0008571061	-2.4209668462
50	0.0000000000	0.0008571061	-3.4320359844
51	0.0000000000	0.0008571061	-2.1890674135
52	0.0000000000	0.0008571061	-2.1767698856
53	0.0000000000	0.0008571061	-2.1767698856
54	0.0000000000	0.0008571061	-2.1890674135
55	0.0000000000	0.0008571061	-2.1767698856
56	0.0000000000	0.0008571061	-3.0272208600
57	0.0000000000	0.0008571061	-4.8047773791
58	0.0000000000	0.0008571061	-2.1767698856
59	0.0000000000	0.0008571061	-3.0272208600
60	0.0000000000	0.0008571061	-2.1767698856
61	0.0000000000	0.0008571061	-2.4209668462
62	4.8073805996	0.0008571061	-13.1700941180
63	0.0000000000	0.0008571061	-2.8555759489
64	0.0000000000	0.0008571061	-3.7696784961
65	0.0000000000	0.0008571061	-2.1767698856
66	0.0000000000	0.0008571061	-3.4242689550
67	0.0000000000	0.0008571061	-2.2559333503
68	5.2103774363	0.0008571061	-10.7773912688
69	10.3840078357	0.0008571061	-20.3642931317
70	0.0000000000	0.0008571061	-3.7010499897
71	9.4800800833	0.0008571061	-22.3211603106
72	0.0000000000	0.0008571061	-2.8721417612
73	0.0000000000	0.0008571061	-2.4209668462
74	0.0000000000	0.0008571061	-2.1767698856
75	0.0000000000	0.0008571061	-3.4242689550
76	4.8160239962	0.0008571061	-13.1251977217
77	0.0000000000	0.0008571061	-2.4209668462
78	0.0000000000	0.0008571061	-2.8721417612
79	0.0000000000	0.0008571061	-2.8721417612
80	4.7772067445	0.0008571061	-13.1332736570
81	0.0000000000	0.0008571061	-2.2559333503
82	0.0000000000	0.0008571061	-2.4209668462
83	0.0000000000	0.0008571061	-2.8555759489
84	0.0000000000	0.0008571061	-4.0701930086
85	0.0000000000	0.0008571061	-2.2559333503
86	0.0000000000	0.0008571061	-3.4242689550
87	0.0000000000	0.0008571061	-4.1271343850
88	0.0000000000	0.0008571061	-2.6291519135
89	0.0000000000	0.0008571061	-2.2559333503
90	4.7753293642	0.0008571061	-12.1112654584
91	0.0000000000	0.0008571061	-2.4209668462
92	0.0000000000	0.0008571061	-2.1890674135
93	0.0000000000	0.0008571061	-2.1767698856
94	0.0000000000	0.0008571061	-2.2559333503
95	0.0000000000	0.0008571061	-2.6291519135
96	0.0000000000	0.0008571061	-2.8555759489
97	0.0000000000	0.0008571061	-3.4359422393
98	0.0000000000	0.0008571061	-2.1890674135
99	0.0000000000	0.0008571061	-2.4209668462
100	0.0000000000	0.0008571061	-2.1890674135
101	0.0000000000	0.0008571061	-2.1767698856
102	0.0000000000	0.0008571061	-3.0298250282
103	0.0000000000	0.0008571061	-2.2559333503
104	0.0000000000	0.0008571061	-3.4184830179
105	0.0000000000	0.0008571061	-2.8555759489
106	4.6968759443	0.0008571061	-12.8189890313
107	0.0000000000	0.0008571061	-3.4184830179
108	0.0000000000	0.0008571061	-3.2539468936
109	0.0000000000	0.0008571061	-2.2559333503
110	0.0000000000	0.0008571061	-2.8721417612
111	0.0000000000	0.0008571061	-2.4209668462
112	0.0000000000	0.0008571061	-2.8721417612
113	0.0000000000	0.0008571061	-2.8721417612
114	4.9044750558	0.0008571061	-13.3976929402
115	4.8199104681	0.0008571061	-12.5988037487
116	0.0000000000	0.0008571061	-2.6291519135
117	0.0000000000	0.0008571061	-3.4320359844
118	0.0000000000	0.0008571061	-2.1767698856
119	0.0000000000	0.0008571061	-2.6291519135
120	0.0000000000	0.0008571061	-3.4359422393
121	0.0000000000	0.0008571061	-2.1890674135
122	0.0000000000	0.0008571061	-2.4209668462
123	0.0000000000	0.0008571061	-2.6291519135
124	0.0000000000	0.0008571061	-3.0272208600
