site	rate	t	lnL
1	0.0000000000	0.0006806899	-2.8743714165
2	0.0000000000	0.0006806899	-2.8743714165
3	0.0000000000	0.0006806899	-3.0337440404
4	6.1222708596	0.0006806899	-11.9465761077
5	0.0000000000	0.0006806899	-2.4309455462
6	0.0000000000	0.0006806899	-3.0350537982
7	0.0000000000	0.0006806899	-2.8743714165
8	0.0000000000	0.0006806899	-2.7427950588
9	0.0000000000	0.0006806899	-2.8766060544
10	0.0000000000	0.0006806899	-2.3334236957
11	0.0000000000	0.0006806899	-2.7427950588
12	0.0000000000	0.0006806899	-2.3334236957
13	0.0000000000	0.0006806899	-2.6178621714
14	0.0000000000	0.0006806899	-2.4230967724
15	0.0000000000	0.0006806899	-2.3334236957
16	6.2233088392	0.0006806899	-12.0765275312
17	0.0000000000	0.0006806899	-2.4230967724
18	0.0000000000	0.0006806899	-2.8743714165
19	0.0000000000	0.0006806899	-3.0272208600
20	0.0000000000	0.0006806899	-2.4230967724
21	0.0000000000	0.0006806899	-2.8743714165
22	0.0000000000	0.0006806899	-3.0143007837
23	6.1191500754	0.0006806899	-13.6108690780
24	0.0000000000	0.0006806899	-2.4230967724
25	0.0000000000	0.0006806899	-4.1154837678
26	0.0000000000	0.0006806899	-2.8743714165
27	6.4478169770	0.0006806899	-11.3801656983
28	0.0000000000	0.0006806899	-2.4309455462
29	0.0000000000	0.0006806899	-2.6178621714
30	0.0000000000	0.0006806899	-2.8754881112
31	0.0000000000	0.0006806899	-2.6178621714
32	6.1199797397	0.0006806899	-12.1325563284
33	6.1181864775	0.0006806899	-12.3839512367
34	0.0000000000	0.0006806899	-2.4230967724
35	0.0000000000	0.0006806899	-2.4230967724
36	0.0000000000	0.0006806899	-2.6178621714
37	0.0000000000	0.0006806899	-2.8766060544
38	0.0000000000	0.0006806899	-2.8766060544
39	0.0000000000	0.0006806899	-2.8766060544
40	0.0000000000	0.0006806899	-2.7379146196
41	0.0000000000	0.0006806899	-3.7138871365
42	0.0000000000	0.0006806899	-2.8754881112
43	0.0000000000	0.0006806899	-3.4398638130
44	0.0000000000	0.0006806899	-2.8754881112
45	0.0000000000	0.0006806899	-2.4309455462
46	0.0000000000	0.0006806899	-2.4230967724
47	0.0000000000	0.0006806899	-3.0272208600
48	0.0000000000	0.0006806899	-4.8202815656
49	0.0000000000	0.0006806899	-2.4309455462
50	0.0000000000	0.0006806899	-2.8743714165
51	0.0000000000	0.0006806899	-2.4230967724
52	0.0000000000	0.0006806899	-2.3334236957
53	0.0000000000	0.0006806899	-2.6178621714
54	0.0000000000	0.0006806899	-3.0272208600
55	0.0000000000	0.0006806899	-2.3334236957
56	0.0000000000	0.0006806899	-3.0272208600
57	0.0000000000	0.0006806899	-2.8754881112
58	0.0000000000	0.0006806899	-2.7379146196
59	0.0000000000	0.0006806899	-2.8743714165
60	0.0000000000	0.0006806899	-4.1154837678
61	6.1138840113	0.0006806899	-12.5442180843
62	0.0000000000	0.0006806899	-2.7379146196
63	0.0000000000	0.0006806899	-3.0337440404
64	0.0000000000	0.0006806899	-2.8766060544
65	0.0000000000	0.0006806899	-2.6178621714
66	6.3520408626	0.0006806899	-11.8890582267
67	0.0000000000	0.0006806899	-2.7379146196
68	0.0000000000	0.0006806899	-2.8743714165
69	0.0000000000	0.0006806899	-3.0350537982
70	6.3878725385	0.0006806899	-12.5751822950
71	6.1681111359	0.0006806899	-13.0625068776
72	0.0000000000	0.0006806899	-2.8754881112
73	0.0000000000	0.0006806899	-2.4309455462
74	0.0000000000	0.0006806899	-2.7427950588
75	0.0000000000	0.0006806899	-2.3334236957
76	6.4470935020	0.0006806899	-11.7767152217
77	0.0000000000	0.0006806899	-2.4309455462
78	6.1685257561	0.0006806899	-12.7872998061
79	0.0000000000	0.0006806899	-2.3334236957
80	0.0000000000	0.0006806899	-2.3334236957
81	0.0000000000	0.0006806899	-2.7379146196
82	6.1695822555	0.0006806899	-12.2249885128
83	0.0000000000	0.0006806899	-3.7138871365
84	0.0000000000	0.0006806899	-3.0337440404
85	0.0000000000	0.0006806899	-2.6178621714
86	0.0000000000	0.0006806899	-4.1271343850
87	0.0000000000	0.0006806899	-3.4398638130
88	0.0000000000	0.0006806899	-3.0143007837
89	0.0000000000	0.0006806899	-2.6178621714
90	0.0000000000	0.0006806899	-2.8743714165
91	0.0000000000	0.0006806899	-2.4309455462
92	6.1204067548	0.0006806899	-13.2090673760
93	6.1204069288	0.0006806899	-13.6106640073
94	6.2216481722	0.0006806899	-12.2345245097
95	6.1765867162	0.0006806899	-11.6817925582
96	0.0000000000	0.0006806899	-3.4398638130
97	0.0000000000	0.0006806899	-2.8743714165
98	0.0000000000	0.0006806899	-2.3334236957
99	0.0000000000	0.0006806899	-2.7427950588
100	0.0000000000	0.0006806899	-2.4230967724
101	0.0000000000	0.0006806899	-2.6178621714
102	0.0000000000	0.0006806899	-3.0272208600
103	0.0000000000	0.0006806899	-4.1271343850
104	0.0000000000	0.0006806899	-2.7427950588
105	6.0186298088	0.0006806899	-12.6753927613
106	0.0000000000	0.0006806899	-2.8743714165
107	0.0000000000	0.0006806899	-2.7427950588
108	0.0000000000	0.0006806899	-3.0337440404
109	6.1215994254	0.0006806899	-12.5287304983
110	0.0000000000	0.0006806899	-2.7427950588
111	0.0000000000	0.0006806899	-2.4309455462
112	0.0000000000	0.0006806899	-2.8743714165
113	0.0000000000	0.0006806899	-2.4309455462
114	0.0000000000	0.0006806899	-2.8766060544
115	0.0000000000	0.0006806899	-4.8202815656
116	0.0000000000	0.0006806899	-2.7379146196
117	0.0000000000	0.0006806899	-3.7138871365
118	0.0000000000	0.0006806899	-2.3334236957
119	0.0000000000	0.0006806899	-3.0350537982
120	6.1192812659	0.0006806899	-11.8482317342
121	0.0000000000	0.0006806899	-2.4230967724
122	0.0000000000	0.0006806899	-2.4309455462
123	0.0000000000	0.0006806899	-3.0350537982
124	0.0000000000	0.0006806899	-2.7379146196
