site	rate	t	lnL
1	1.3598768277	0.0058736941	-20.1823650750
2	0.7011434127	0.0058736941	-13.5902081649
3	2.7727035508	0.0058736941	-40.8247024338
4	1.8947684921	0.0058736941	-20.1779350530
5	0.6114212296	0.0058736941	-13.6072561357
6	0.6982751449	0.0058736941	-12.2422993638
7	2.5393734234	0.0058736941	-19.9322905208
8	0.6409602895	0.0058736941	-11.7521678515
9	1.9793563557	0.0058736941	-29.3378804680
10	2.8676924927	0.0058736941	-31.4796106747
11	6.0308079826	0.0058736941	-62.0781391580
12	1.1489224797	0.0058736941	-14.7584174208
13	3.3952028167	0.0058736941	-54.1274621477
14	0.5442947542	0.0058736941	-10.8559667321
15	0.0000000000	0.0058736941	-2.3373299507
16	1.4370349204	0.0058736941	-23.0633698587
17	1.0789462932	0.0058736941	-18.0909874299
18	0.0000000000	0.0058736941	-2.1812242360
19	4.1311803769	0.0058736941	-33.3269446122
20	1.4026941125	0.0058736941	-18.0627453651
21	0.0000000000	0.0058736941	-2.8969457386
22	0.0000000000	0.0058736941	-3.2077235258
23	0.0000000000	0.0058736941	-2.3373299507
24	0.0000000000	0.0058736941	-3.2077235258
25	2.5315498328	0.0058736941	-22.1080191776
26	0.0000000000	0.0058736941	-3.2250059670
27	0.0000000000	0.0058736941	-2.3373299507
28	0.0000000000	0.0058736941	-2.6118354635
29	1.3947369053	0.0058736941	-22.8864393945
30	0.0000000000	0.0058736941	-2.1812242360
31	2.2913702218	0.0058736941	-27.2820436458
32	0.5423265036	0.0058736941	-14.7919791747
33	0.0000000000	0.0058736941	-3.0629625864
34	0.0000000000	0.0058736941	-2.5279046492
35	0.0000000000	0.0058736941	-2.1812242360
36	1.2319614107	0.0058736941	-22.4775224687
37	2.3176405852	0.0058736941	-39.5197227323
38	2.7262893961	0.0058736941	-22.8125461089
39	1.4065097453	0.0058736941	-20.1846467272
40	0.0000000000	0.0058736941	-3.4677540670
41	0.4583566445	0.0058736941	-14.7950455015
42	0.7076377668	0.0058736941	-11.1637670927
43	1.3973103698	0.0058736941	-14.9983745718
44	5.6052738806	0.0058736941	-61.1722926818
45	1.5001076347	0.0058736941	-21.0204612517
46	0.7080420415	0.0058736941	-12.9214768770
47	0.6020383134	0.0058736941	-9.8100679726
48	0.7555080546	0.0058736941	-14.1052648117
49	1.0828126927	0.0058736941	-20.1812959151
50	0.7559046042	0.0058736941	-12.4468207277
51	0.0000000000	0.0058736941	-2.5279046492
52	0.0000000000	0.0058736941	-2.7496679380
53	0.0000000000	0.0058736941	-2.3373299507
54	1.2842032930	0.0058736941	-20.4490621673
55	0.0000000000	0.0058736941	-2.7496679380
56	0.6849775134	0.0058736941	-12.4097158324
57	0.0000000000	0.0058736941	-3.0629625864
58	1.9049125547	0.0058736941	-21.8835626986
59	0.7327003830	0.0058736941	-12.4717781521
60	1.2587409190	0.0058736941	-11.0536715982
61	0.0000000000	0.0058736941	-2.6118354635
62	3.6301216879	0.0058736941	-48.8263161967
63	0.0000000000	0.0058736941	-3.4281449289
64	1.0889412238	0.0058736941	-21.8486846924
65	0.9938601040	0.0058736941	-22.7606909096
66	0.6063629923	0.0058736941	-14.0062401468
67	0.4562765028	0.0058736941	-12.1195797573
68	0.0000000000	0.0058736941	-3.2250059670
69	6.9710214507	0.0058736941	-45.8337707836
70	2.0296579256	0.0058736941	-25.0125404748
71	0.5352452573	0.0058736941	-11.4655746226
72	0.0000000000	0.0058736941	-2.1812242360
73	0.0000000000	0.0058736941	-2.6118354635
74	0.0000000000	0.0058736941	-2.5279046492
75	1.5309477979	0.0058736941	-24.5336285949
76	1.2692008280	0.0058736941	-14.5795942925
77	0.0000000000	0.0058736941	-2.6118354635
78	0.6431372194	0.0058736941	-10.8871696600
79	0.0000000000	0.0058736941	-2.1812242360
80	1.2644776895	0.0058736941	-11.7438088224
81	0.0000000000	0.0058736941	-4.1039673258
82	1.3196258894	0.0058736941	-21.3849356805
83	1.8358681436	0.0058736941	-31.6393611885
84	0.0000000000	0.0058736941	-3.4281449289
85	0.0000000000	0.0058736941	-2.1812242360
86	5.1024848648	0.0058736941	-51.6807389282
87	1.8975279493	0.0058736941	-22.7633285387
88	0.0000000000	0.0058736941	-3.4718026555
89	0.0000000000	0.0058736941	-2.1812242360
90	1.8992030586	0.0058736941	-22.5952968753
91	0.0000000000	0.0058736941	-2.6118354635
92	4.2531152411	0.0058736941	-33.2544916522
93	0.0000000000	0.0058736941	-3.4718026555
94	0.6515169696	0.0058736941	-13.0973086271
95	0.9185861560	0.0058736941	-10.2570463711
96	0.6562763180	0.0058736941	-12.5862370479
97	2.5398890838	0.0058736941	-21.3842033633
98	0.7080421122	0.0058736941	-12.9214768770
99	0.0000000000	0.0058736941	-3.2077235258
100	0.0000000000	0.0058736941	-2.5279046492
101	0.0000000000	0.0058736941	-2.3373299507
102	3.9992664524	0.0058736941	-52.0935665861
103	0.6426307241	0.0058736941	-12.5221293126
104	0.6223766130	0.0058736941	-14.8576796717
105	1.2964137772	0.0058736941	-23.1371744594
106	0.6562421429	0.0058736941	-13.6104354879
107	0.0000000000	0.0058736941	-2.8699170662
108	0.4561578386	0.0058736941	-11.6254225497
109	1.2985544202	0.0058736941	-12.4072434811
110	0.9177596478	0.0058736941	-20.3032097582
111	0.0000000000	0.0058736941	-2.6118354635
112	4.3671520365	0.0058736941	-55.9821150481
113	1.3961703077	0.0058736941	-23.4837938882
114	1.4337962078	0.0058736941	-37.1262191881
115	0.4953167912	0.0058736941	-10.8739268711
116	0.0000000000	0.0058736941	-2.8969457386
117	1.4103772861	0.0058736941	-20.1510988668
118	1.0895432267	0.0058736941	-21.9766569577
119	0.6562533888	0.0058736941	-10.4423508513
120	0.9426236824	0.0058736941	-12.2835920196
121	0.0000000000	0.0058736941	-2.5279046492
122	0.7534188419	0.0058736941	-10.9849219898
123	1.9537866269	0.0058736941	-28.8496338778
124	0.4964130062	0.0058736941	-14.1286145302
