site	rate	t	lnL
1	1.1902404458	0.0600250606	-113.0613326223
2	0.1778845198	0.0600250606	-25.6052705617
3	1.1161187850	0.0600250606	-121.6881710413
4	1.1852000831	0.0600250606	-134.0755758318
5	0.0613351652	0.0600250606	-11.4160180100
6	1.9734990188	0.0600250606	-160.2867174367
7	0.4263737388	0.0600250606	-65.4367456264
8	0.9598780049	0.0600250606	-131.1131577108
9	1.9561638161	0.0600250606	-159.9337470018
10	1.8601508702	0.0600250606	-178.8873280811
11	0.4763987969	0.0600250606	-57.2851426916
12	1.1458383952	0.0600250606	-137.4687934991
13	0.6345529606	0.0600250606	-89.5765700649
14	1.9474260483	0.0600250606	-159.6327502032
15	0.1159568250	0.0600250606	-19.9870279153
16	1.3466588010	0.0600250606	-133.7746458171
17	0.9736324423	0.0600250606	-125.3769693839
18	1.2534695799	0.0600250606	-138.4955161741
19	1.1816273240	0.0600250606	-163.0703559488
20	0.0000000000	0.0600250606	-2.3854354178
21	1.9939577889	0.0600250606	-172.7843981123
22	1.1912963323	0.0600250606	-148.9360717254
23	1.5429654561	0.0600250606	-146.3031642120
24	0.0000000000	0.0600250606	-3.8854144482
25	2.5245897847	0.0600250606	-215.3739419417
26	0.0584950175	0.0600250606	-12.8271067133
27	0.2318073774	0.0600250606	-26.8293246349
28	0.0000000000	0.0600250606	-2.4096832286
29	1.0306275166	0.0600250606	-109.8694508820
30	2.2475437313	0.0600250606	-105.6160878237
31	2.3386344780	0.0600250606	-154.1953884558
32	0.4104920817	0.0600250606	-52.4933070041
33	0.2717474741	0.0600250606	-38.4416616046
34	0.7980059403	0.0600250606	-80.7529041870
35	1.2425743952	0.0600250606	-138.4910601404
36	1.4644733448	0.0600250606	-121.9743328852
37	1.0999739220	0.0600250606	-77.2819282223
38	1.1925487579	0.0600250606	-132.2030454130
39	1.9284379781	0.0600250606	-149.9784298958
40	3.5906141717	0.0600250606	-202.1164574292
41	1.4073170540	0.0600250606	-142.9619328621
42	1.6509188770	0.0600250606	-162.0706728676
43	1.0721792882	0.0600250606	-117.4523005269
44	2.2813637973	0.0600250606	-115.9950033109
45	0.6804392046	0.0600250606	-85.6303444587
46	1.1572629664	0.0600250606	-137.3183164733
47	0.9154484820	0.0600250606	-57.0516340576
48	0.8229852994	0.0600250606	-107.2278456954
49	1.3961101868	0.0600250606	-145.4262939247
50	1.5140365910	0.0600250606	-131.3495386367
51	0.0000000000	0.0600250606	-2.3854354178
52	0.0578153000	0.0600250606	-13.1109346632
53	1.3149435996	0.0600250606	-108.5732816622
54	0.1455553235	0.0600250606	-29.4583791341
55	0.2582451793	0.0600250606	-32.3133825190
56	0.1953753654	0.0600250606	-38.8511539670
57	1.0348502131	0.0600250606	-68.1502382043
58	1.0854615734	0.0600250606	-68.3292038936
59	2.3354594015	0.0600250606	-200.0108413027
60	0.6497926347	0.0600250606	-70.8546708479
61	0.0615573801	0.0600250606	-13.9516934775
62	1.1209705316	0.0600250606	-139.7344374455
63	1.1526734612	0.0600250606	-103.9784805419
64	1.0948055003	0.0600250606	-129.6488248009
65	1.2046391889	0.0600250606	-109.2005068666
66	0.9752396664	0.0600250606	-126.8167066871
67	2.3416015221	0.0600250606	-153.9754895539
68	0.2858226288	0.0600250606	-38.1955660671
69	1.5257397928	0.0600250606	-156.9401410613
70	0.9460284731	0.0600250606	-105.5052879101
71	0.8646958836	0.0600250606	-102.2880366564
72	0.5401542092	0.0600250606	-72.4553741792
73	0.0000000000	0.0600250606	-2.4096832286
74	0.5008620528	0.0600250606	-63.6933686927
75	0.6791065313	0.0600250606	-80.7997696404
76	1.5699823181	0.0600250606	-159.8547867933
77	0.0000000000	0.0600250606	-2.4096832286
78	2.6846423296	0.0600250606	-198.7049607209
79	0.6498154101	0.0600250606	-70.3080921575
80	0.1528495176	0.0600250606	-22.6814792199
81	1.3306493015	0.0600250606	-154.0027614532
82	2.0065425386	0.0600250606	-160.2057196327
83	2.8078382654	0.0600250606	-184.1462091179
84	0.2520112132	0.0600250606	-31.0344166737
85	0.5904856730	0.0600250606	-58.8655862646
86	2.0984054495	0.0600250606	-185.3540418929
87	1.0941279540	0.0600250606	-103.5800456915
88	0.1711395156	0.0600250606	-23.6637955625
89	0.2368116087	0.0600250606	-35.6140016753
90	2.0751150048	0.0600250606	-109.1043928985
91	0.0000000000	0.0600250606	-2.4096832286
92	0.7242456584	0.0600250606	-89.4095152467
93	1.5160767375	0.0600250606	-122.9020672174
94	0.6381366721	0.0600250606	-82.6387549324
95	0.1132897451	0.0600250606	-27.3168347192
96	2.5511413002	0.0600250606	-200.9890493066
97	1.7310459754	0.0600250606	-148.4247961970
98	0.7339207895	0.0600250606	-86.1238924865
99	2.9256148384	0.0600250606	-152.3126474784
100	0.0688170395	0.0600250606	-11.6936913850
101	0.1566293512	0.0600250606	-25.0062344334
102	1.6528260188	0.0600250606	-156.4594290507
103	0.2957223307	0.0600250606	-44.7433464614
104	0.0000000000	0.0600250606	-2.9084269210
105	2.2791428182	0.0600250606	-177.9051879159
106	0.9681846241	0.0600250606	-123.2654077719
107	0.4861251667	0.0600250606	-68.6825856071
108	2.3510698745	0.0600250606	-152.3313080383
109	1.4711637185	0.0600250606	-129.8104484079
110	0.8571796338	0.0600250606	-103.4164192718
111	0.0000000000	0.0600250606	-2.4096832286
112	1.2099329151	0.0600250606	-149.6949195823
113	3.2215646688	0.0600250606	-190.8893554826
114	0.5141433638	0.0600250606	-53.6421136270
115	1.5240999899	0.0600250606	-126.2133731596
116	2.4530022323	0.0600250606	-189.1243800144
117	1.6675650918	0.0600250606	-142.7618933426
118	1.3545029685	0.0600250606	-156.4226389073
119	0.6428400057	0.0600250606	-88.9185854356
120	0.9778243821	0.0600250606	-124.9994628846
121	0.1383661246	0.0600250606	-21.7689469012
122	0.0000000000	0.0600250606	-2.4096832286
123	2.1286489667	0.0600250606	-186.1283665803
124	1.9187778600	0.0600250606	-189.0247751131
