site	rate	t	lnL
1	2.8451776350	0.3596102424	-377.7466095307
2	0.8907605822	0.3596102424	-294.6812859477
3	1.7130339500	0.3596102424	-358.0166673961
4	2.1646159805	0.3596102424	-366.3072359177
5	0.0703954492	0.3596102424	-49.0325610903
6	2.0462068402	0.3596102424	-367.1286068120
7	0.5907612072	0.3596102424	-234.3322276169
8	0.5612972776	0.3596102424	-221.1358520530
9	1.7568198962	0.3596102424	-359.9613355009
10	1.8648910888	0.3596102424	-365.9284580250
11	0.5262647762	0.3596102424	-225.7078096703
12	2.4888007612	0.3596102424	-372.6226743584
13	1.1002808063	0.3596102424	-324.1554813501
14	1.0286472870	0.3596102424	-317.5530296205
15	0.4246965507	0.3596102424	-188.7671130103
16	1.8788358580	0.3596102424	-362.9963338940
17	1.2334554724	0.3596102424	-334.7750975940
18	0.8504008779	0.3596102424	-289.8318294955
19	2.0910057118	0.3596102424	-367.7654227299
20	0.3942367490	0.3596102424	-178.8321328012
21	1.0583041836	0.3596102424	-310.5924707933
22	1.8859169572	0.3596102424	-368.0868368527
23	0.9183544786	0.3596102424	-301.4884694072
24	0.3361232199	0.3596102424	-165.3750145410
25	1.6825637676	0.3596102424	-360.0237352420
26	0.4264975332	0.3596102424	-188.0479882403
27	0.7967708921	0.3596102424	-281.8221165335
28	0.0825336474	0.3596102424	-53.6473377540
29	0.3655995603	0.3596102424	-173.4105104531
30	0.5594788008	0.3596102424	-226.9704765794
31	1.8033412573	0.3596102424	-365.6941477622
32	1.2062874680	0.3596102424	-331.7369651113
33	0.3539191347	0.3596102424	-166.7989575397
34	1.5325588508	0.3596102424	-349.6807612777
35	0.9342896882	0.3596102424	-303.5540591467
36	2.2015681503	0.3596102424	-369.3411681563
37	1.2180791781	0.3596102424	-336.1079147204
38	3.0287849330	0.3596102424	-377.4977007677
39	3.1821742464	0.3596102424	-379.3961456990
40	1.0152348413	0.3596102424	-314.4124360776
41	1.1758177931	0.3596102424	-333.5529746518
42	2.3740122304	0.3596102424	-371.2997738541
43	1.6308098492	0.3596102424	-357.0105013786
44	1.9139476223	0.3596102424	-363.9531901771
45	1.3157526526	0.3596102424	-342.7126320346
46	0.2709053496	0.3596102424	-135.0333250589
47	0.5964184922	0.3596102424	-228.5689361543
48	1.3548060869	0.3596102424	-349.1867695868
49	0.9301676419	0.3596102424	-298.1340742268
50	0.8210002559	0.3596102424	-285.4238029351
51	0.0000000000	0.3596102424	-2.9957322736
52	0.5442337782	0.3596102424	-225.5042207216
53	0.7314254378	0.3596102424	-267.1358058464
54	1.2220893904	0.3596102424	-336.9132002189
55	0.4947255096	0.3596102424	-210.9165000854
56	1.1577018702	0.3596102424	-329.9419491558
57	0.1187088756	0.3596102424	-74.5051412366
58	1.2361338253	0.3596102424	-334.0670908635
59	1.6320882188	0.3596102424	-360.6449183083
60	0.4505947071	0.3596102424	-199.4913697307
61	0.1187320345	0.3596102424	-72.3051508401
62	2.0810517241	0.3596102424	-368.1051418311
63	0.4849774212	0.3596102424	-203.3101077616
64	1.0925481116	0.3596102424	-320.3321966532
65	2.4001865879	0.3596102424	-375.5681732110
66	0.5210813256	0.3596102424	-214.0138835133
67	3.1714842239	0.3596102424	-378.8057928696
68	0.9775008481	0.3596102424	-306.1585672492
69	1.9235408446	0.3596102424	-362.1678875536
70	2.1075803500	0.3596102424	-366.4569635262
71	1.5073763710	0.3596102424	-350.5089602384
72	1.1628135824	0.3596102424	-327.8410594865
73	0.0232462513	0.3596102424	-20.5563231793
74	0.9341931774	0.3596102424	-302.4436500016
75	1.0739929876	0.3596102424	-312.0078942757
76	2.0339582626	0.3596102424	-372.7617304171
77	0.0467344729	0.3596102424	-35.3249244418
78	1.9184743710	0.3596102424	-359.6145533310
79	2.0904652078	0.3596102424	-369.3183489825
80	0.5953674472	0.3596102424	-236.4211685228
81	1.2505891640	0.3596102424	-336.3428778688
82	1.8544563887	0.3596102424	-360.0233746689
83	1.9526481314	0.3596102424	-364.8489114957
84	0.7260613335	0.3596102424	-261.2640090822
85	0.9180636611	0.3596102424	-305.8256344418
86	1.3769156125	0.3596102424	-344.4094637606
87	2.0142455490	0.3596102424	-366.1948552433
88	0.6767150077	0.3596102424	-254.1076743787
89	0.3795856926	0.3596102424	-174.1977738000
90	1.6973976624	0.3596102424	-360.3408268857
91	0.1309768493	0.3596102424	-79.4777520991
92	0.7979024437	0.3596102424	-278.0117154512
93	1.4483412085	0.3596102424	-342.4431761561
94	0.5385861016	0.3596102424	-222.6592484123
95	0.6104196830	0.3596102424	-241.9014788343
96	3.2286008802	0.3596102424	-379.4611443582
97	1.5203888070	0.3596102424	-359.3300633423
98	1.0344081011	0.3596102424	-319.3793550343
99	1.8574450249	0.3596102424	-362.8981228438
100	0.2326341693	0.3596102424	-117.4460023594
101	0.2444634080	0.3596102424	-128.3137712874
102	2.6524165880	0.3596102424	-375.2245206333
103	1.1514649807	0.3596102424	-331.7338146191
104	0.3257056874	0.3596102424	-154.6614734813
105	1.3577539695	0.3596102424	-352.1325279362
106	1.7703034511	0.3596102424	-366.4379349993
107	0.7563715169	0.3596102424	-273.3366079683
108	2.3828656811	0.3596102424	-373.4679273666
109	2.2121062223	0.3596102424	-370.4276526983
110	1.6940970527	0.3596102424	-353.7125006735
111	0.0115963329	0.3596102424	-12.4713721414
112	2.7172998974	0.3596102424	-374.6768732819
113	2.6662257545	0.3596102424	-377.2135180372
114	1.1132984834	0.3596102424	-325.5862064024
115	1.7056491766	0.3596102424	-361.5182100931
116	2.2300844007	0.3596102424	-370.5508945169
117	2.8465240052	0.3596102424	-377.7002230195
118	1.2166019002	0.3596102424	-331.4526509256
119	1.1072768896	0.3596102424	-330.1367481453
120	2.3885325641	0.3596102424	-371.5847329811
121	0.8190156603	0.3596102424	-286.5381260778
122	0.4235805802	0.3596102424	-190.5954366818
123	1.8134517339	0.3596102424	-362.2017202108
124	1.9926005142	0.3596102424	-368.7120743753
