site	rate	t	lnL
1	1.4282562548	0.0612406566	-131.2545490514
2	0.1408627601	0.0612406566	-19.6911493713
3	1.1283316618	0.0612406566	-106.5596746659
4	1.5260758801	0.0612406566	-138.0236945539
5	0.1407001895	0.0612406566	-20.5390532082
6	1.1856383398	0.0612406566	-109.5772220809
7	0.8493794723	0.0612406566	-82.2698883297
8	0.9654018134	0.0612406566	-96.9247257644
9	0.9136663019	0.0612406566	-88.7097008881
10	0.7063922706	0.0612406566	-71.6240619933
11	0.4367910179	0.0612406566	-46.6755440741
12	1.4649451368	0.0612406566	-129.6218688668
13	2.1345611298	0.0612406566	-173.3634346515
14	0.4273479498	0.0612406566	-49.7005987458
15	0.8517974689	0.0612406566	-82.7432158807
16	2.1369159484	0.0612406566	-173.0678635095
17	1.2239163049	0.0612406566	-114.9244539579
18	0.6343576373	0.0612406566	-67.2214245783
19	0.8990885574	0.0612406566	-91.7266207187
20	0.0705755816	0.0612406566	-11.4836040013
21	0.2118165882	0.0612406566	-27.4584522722
22	2.1673149677	0.0612406566	-176.9927602597
23	1.5663217524	0.0612406566	-142.9403802659
24	0.0677347663	0.0612406566	-12.7912367811
25	1.3470161644	0.0612406566	-123.0708530876
26	0.7180567271	0.0612406566	-73.6519634126
27	0.4087532136	0.0612406566	-50.2441219588
28	0.0000000000	0.0612406566	-2.5494451709
29	0.1421123726	0.0612406566	-19.4587120693
30	0.3536793287	0.0612406566	-42.2523676004
31	2.3152727928	0.0612406566	-192.5099681620
32	0.9117080035	0.0612406566	-88.8844359507
33	0.2033002241	0.0612406566	-29.6289811472
34	1.1749576959	0.0612406566	-107.9403551223
35	1.0781706541	0.0612406566	-102.6870579863
36	1.6458133023	0.0612406566	-148.2041861007
37	1.8865063725	0.0612406566	-159.1891324334
38	1.6582196472	0.0612406566	-149.7661311403
39	0.9873615594	0.0612406566	-97.8634164114
40	0.7530771833	0.0612406566	-78.7736983623
41	1.1986843006	0.0612406566	-111.6802152892
42	1.5814040711	0.0612406566	-140.0608675784
43	1.2174688913	0.0612406566	-112.5015602090
44	1.4729531060	0.0612406566	-131.0157822104
45	1.1947118827	0.0612406566	-109.0474984371
46	1.4759754343	0.0612406566	-128.8795671611
47	0.9062116026	0.0612406566	-89.0641791310
48	1.4356911365	0.0612406566	-132.0712500713
49	1.4284861019	0.0612406566	-135.1839637646
50	0.5724944228	0.0612406566	-59.6419818876
51	0.0000000000	0.0612406566	-2.4899597176
52	0.1384847510	0.0612406566	-21.6566536346
53	0.0719626823	0.0612406566	-12.4108529928
54	1.5807784659	0.0612406566	-141.6088483243
55	0.4918078735	0.0612406566	-52.3301883478
56	0.6949033422	0.0612406566	-73.9895640761
57	0.3412909134	0.0612406566	-41.9976917172
58	1.7322098951	0.0612406566	-147.2425975147
59	0.5525884682	0.0612406566	-63.5889444650
60	0.3474706440	0.0612406566	-40.7132390605
61	0.0701923414	0.0612406566	-11.4891321640
62	1.6536418194	0.0612406566	-151.5385087043
63	0.0668488233	0.0612406566	-12.2921345561
64	0.2127451193	0.0612406566	-27.5396715273
65	1.2650753007	0.0612406566	-118.0598910807
66	0.5088215824	0.0612406566	-60.1560133437
67	1.6688143006	0.0612406566	-145.6362923763
68	0.2844233624	0.0612406566	-34.0539644561
69	0.9792547600	0.0612406566	-98.7736575617
70	1.4259259045	0.0612406566	-129.9415873907
71	0.9217322945	0.0612406566	-94.7054702044
72	1.2937872830	0.0612406566	-121.4687781475
73	0.0702205430	0.0612406566	-11.4887326172
74	0.0705315357	0.0612406566	-12.4333069549
75	0.5651389532	0.0612406566	-61.1098845936
76	1.6792573800	0.0612406566	-142.2935315496
77	0.0701297763	0.0612406566	-12.2045799277
78	2.2262093853	0.0612406566	-183.6510161624
79	1.4584123177	0.0612406566	-127.4326426807
80	2.4012355845	0.0612406566	-185.0137651720
81	1.0701346684	0.0612406566	-104.9638769171
82	1.7265311910	0.0612406566	-153.5358884779
83	1.2802136551	0.0612406566	-118.2662030748
84	1.6067733290	0.0612406566	-142.4442633649
85	0.4367807208	0.0612406566	-46.3555002978
86	1.6012452578	0.0612406566	-143.1456819845
87	1.3690114784	0.0612406566	-129.7666420928
88	0.6947836817	0.0612406566	-74.9630849220
89	0.4338504340	0.0612406566	-49.8433236828
90	1.2779881626	0.0612406566	-121.3960745447
91	0.7907076246	0.0612406566	-76.0276929683
92	0.6460297033	0.0612406566	-69.5499185573
93	0.9049242931	0.0612406566	-92.4662168468
94	1.1255815839	0.0612406566	-99.9581409892
95	0.6793286214	0.0612406566	-74.1277008398
96	1.8266673736	0.0612406566	-151.5928814656
97	1.4575530485	0.0612406566	-125.2762667825
98	1.2271482906	0.0612406566	-114.1473034104
99	1.1503922197	0.0612406566	-109.6143981683
100	0.0705612447	0.0612406566	-11.9813762511
101	1.2467615926	0.0612406566	-109.6683244729
102	2.3943488850	0.0612406566	-187.7823358638
103	0.1441612241	0.0612406566	-19.6155196323
104	0.1384094755	0.0612406566	-22.0628925228
105	1.1303122579	0.0612406566	-110.1888530234
106	0.9998874426	0.0612406566	-94.5215552657
107	1.0384392394	0.0612406566	-95.7593548011
108	0.5555531669	0.0612406566	-59.8017195312
109	0.9086152285	0.0612406566	-93.0096824547
110	1.4868574128	0.0612406566	-134.2736179825
111	0.0000000000	0.0612406566	-2.5494451709
112	1.6862423207	0.0612406566	-145.8383067011
113	1.0963379017	0.0612406566	-101.8962040012
114	0.3369511515	0.0612406566	-42.0749302719
115	1.6665985647	0.0612406566	-140.7419910198
116	1.3444944446	0.0612406566	-126.2816943896
117	1.7473730447	0.0612406566	-152.7468588930
118	0.8663825681	0.0612406566	-86.6798145114
119	1.4426769652	0.0612406566	-132.1464993204
120	1.8848578790	0.0612406566	-163.4698566859
121	1.7362130450	0.0612406566	-146.0282298722
122	0.0000000000	0.0612406566	-2.5494451709
123	1.9736104733	0.0612406566	-157.0934530831
124	1.9948377457	0.0612406566	-159.8055081091
