site	rate	t	lnL
1	0.0000000000	0.0005705962	-2.9957322736
2	0.0000000000	0.0005705962	-2.9957322736
3	0.0000000000	0.0005705962	-2.9957322736
4	0.0000000000	0.0005705962	-2.9957322736
5	7.3099644778	0.0005705962	-12.4711623680
6	7.3099648311	0.0005705962	-12.4711623680
7	0.0000000000	0.0005705962	-2.9957322736
8	0.0000000000	0.0005705962	-2.9957322736
9	7.3099639560	0.0005705962	-12.4711624560
10	0.0000000000	0.0005705962	-2.9957322736
11	0.0000000000	0.0005705962	-2.9957322736
12	7.3099651021	0.0005705962	-12.4711623680
13	0.0000000000	0.0005705962	-2.9957322736
14	0.0000000000	0.0005705962	-2.9957322736
15	7.3099638196	0.0005705962	-12.4711624560
16	0.0000000000	0.0005705962	-2.9957322736
17	0.0000000000	0.0005705962	-2.9957322736
18	0.0000000000	0.0005705962	-2.9957322736
19	0.0000000000	0.0005705962	-2.9957322736
20	0.0000000000	0.0005705962	-2.9957322736
21	0.0000000000	0.0005705962	-2.9957322736
22	0.0000000000	0.0005705962	-2.9957322736
23	0.0000000000	0.0005705962	-2.9957322736
24	0.0000000000	0.0005705962	-2.9957322736
25	7.3099637444	0.0005705962	-12.4711624560
26	0.0000000000	0.0005705962	-2.9957322736
27	0.0000000000	0.0005705962	-2.9957322736
28	0.0000000000	0.0005705962	-2.9957322736
29	0.0000000000	0.0005705962	-2.9957322736
30	0.0000000000	0.0005705962	-2.9957322736
31	0.0000000000	0.0005705962	-2.9957322736
32	0.0000000000	0.0005705962	-2.9957322736
33	0.0000000000	0.0005705962	-2.9957322736
34	0.0000000000	0.0005705962	-2.9957322736
35	7.3099652278	0.0005705962	-12.4711623680
36	0.0000000000	0.0005705962	-2.9957322736
37	0.0000000000	0.0005705962	-2.9957322736
38	0.0000000000	0.0005705962	-2.9957322736
39	0.0000000000	0.0005705962	-2.9957322736
40	0.0000000000	0.0005705962	-2.9957322736
41	0.0000000000	0.0005705962	-2.9957322736
42	0.0000000000	0.0005705962	-2.9957322736
43	0.0000000000	0.0005705962	-2.9957322736
44	0.0000000000	0.0005705962	-2.9957322736
45	0.0000000000	0.0005705962	-2.9957322736
46	0.0000000000	0.0005705962	-2.9957322736
47	7.3087276844	0.0005705962	-12.4713721423
48	0.0000000000	0.0005705962	-2.9957322736
49	7.3099640534	0.0005705962	-12.4711623680
50	0.0000000000	0.0005705962	-2.9957322736
51	0.0000000000	0.0005705962	-2.9957322736
52	0.0000000000	0.0005705962	-2.9957322736
53	0.0000000000	0.0005705962	-2.9957322736
54	0.0000000000	0.0005705962	-2.9957322736
55	0.0000000000	0.0005705962	-2.9957322736
56	7.3099639840	0.0005705962	-12.4711624560
57	0.0000000000	0.0005705962	-2.9957322736
58	0.0000000000	0.0005705962	-2.9957322736
59	0.0000000000	0.0005705962	-2.9957322736
60	0.0000000000	0.0005705962	-2.9957322736
61	0.0000000000	0.0005705962	-2.9957322736
62	14.6537552020	0.0005705962	-20.5559004992
63	0.0000000000	0.0005705962	-2.9957322736
64	0.0000000000	0.0005705962	-2.9957322736
65	0.0000000000	0.0005705962	-2.9957322736
66	0.0000000000	0.0005705962	-2.9957322736
67	0.0000000000	0.0005705962	-2.9957322736
68	0.0000000000	0.0005705962	-2.9957322736
69	0.0000000000	0.0005705962	-2.9957322736
70	0.0000000000	0.0005705962	-2.9957322736
71	0.0000000000	0.0005705962	-2.9957322736
72	7.3084225433	0.0005705962	-12.4713721414
73	0.0000000000	0.0005705962	-2.9957322736
74	0.0000000000	0.0005705962	-2.9957322736
75	0.0000000000	0.0005705962	-2.9957322736
76	7.3099646921	0.0005705962	-12.4711624560
77	0.0000000000	0.0005705962	-2.9957322736
78	0.0000000000	0.0005705962	-2.9957322736
79	0.0000000000	0.0005705962	-2.9957322736
80	0.0000000000	0.0005705962	-2.9957322736
81	0.0000000000	0.0005705962	-2.9957322736
82	0.0000000000	0.0005705962	-2.9957322736
83	0.0000000000	0.0005705962	-2.9957322736
84	0.0000000000	0.0005705962	-2.9957322736
85	0.0000000000	0.0005705962	-2.9957322736
86	0.0000000000	0.0005705962	-2.9957322736
87	0.0000000000	0.0005705962	-2.9957322736
88	0.0000000000	0.0005705962	-2.9957322736
89	0.0000000000	0.0005705962	-2.9957322736
90	0.0000000000	0.0005705962	-2.9957322736
91	0.0000000000	0.0005705962	-2.9957322736
92	0.0000000000	0.0005705962	-2.9957322736
93	7.3099637597	0.0005705962	-12.4711624560
94	0.0000000000	0.0005705962	-2.9957322736
95	0.0000000000	0.0005705962	-2.9957322736
96	0.0000000000	0.0005705962	-2.9957322736
97	0.0000000000	0.0005705962	-2.9957322736
98	0.0000000000	0.0005705962	-2.9957322736
99	0.0000000000	0.0005705962	-2.9957322736
100	0.0000000000	0.0005705962	-2.9957322736
101	0.0000000000	0.0005705962	-2.9957322736
102	0.0000000000	0.0005705962	-2.9957322736
103	0.0000000000	0.0005705962	-2.9957322736
104	0.0000000000	0.0005705962	-2.9957322736
105	0.0000000000	0.0005705962	-2.9957322736
106	0.0000000000	0.0005705962	-2.9957322736
107	0.0000000000	0.0005705962	-2.9957322736
108	0.0000000000	0.0005705962	-2.9957322736
109	0.0000000000	0.0005705962	-2.9957322736
110	7.3099652983	0.0005705962	-12.4711623680
111	0.0000000000	0.0005705962	-2.9957322736
112	0.0000000000	0.0005705962	-2.9957322736
113	0.0000000000	0.0005705962	-2.9957322736
114	0.0000000000	0.0005705962	-2.9957322736
115	0.0000000000	0.0005705962	-2.9957322736
116	0.0000000000	0.0005705962	-2.9957322736
117	0.0000000000	0.0005705962	-2.9957322736
118	0.0000000000	0.0005705962	-2.9957322736
119	0.0000000000	0.0005705962	-2.9957322736
120	0.0000000000	0.0005705962	-2.9957322736
121	0.0000000000	0.0005705962	-2.9957322736
122	0.0000000000	0.0005705962	-2.9957322736
123	0.0000000000	0.0005705962	-2.9957322736
124	7.3084224833	0.0005705962	-12.4713721414
