site	rate	t	lnL
1	2.4453537587	0.3736538182	-376.0395514189
2	0.7680461186	0.3736538182	-285.2171575108
3	1.7730746594	0.3736538182	-372.5184287764
4	1.9149009596	0.3736538182	-368.2086496802
5	0.2212748774	0.3736538182	-121.3984987523
6	1.8923428463	0.3736538182	-373.7311457454
7	0.5822832157	0.3736538182	-224.1905261352
8	0.9915813548	0.3736538182	-296.0646732590
9	1.9365335545	0.3736538182	-359.9116988274
10	1.6083311755	0.3736538182	-375.0486669044
11	0.5444600721	0.3736538182	-209.2988431272
12	2.3393772603	0.3736538182	-371.5090371865
13	1.3457203535	0.3736538182	-347.1869374401
14	0.7661782330	0.3736538182	-266.5552189247
15	0.3075222319	0.3736538182	-140.1938736601
16	1.2818121017	0.3736538182	-366.3428602676
17	1.6092229056	0.3736538182	-348.6297734241
18	1.4750806108	0.3736538182	-341.4393489290
19	2.4192412904	0.3736538182	-367.8069547019
20	0.2962200754	0.3736538182	-147.0338449109
21	1.1716214436	0.3736538182	-323.7272897353
22	1.2093021093	0.3736538182	-347.3177711868
23	0.6832895520	0.3736538182	-244.0963209862
24	0.1637052466	0.3736538182	-101.9203402884
25	1.4674107320	0.3736538182	-357.7059129680
26	0.5507346870	0.3736538182	-227.6803989262
27	0.6390073885	0.3736538182	-237.8655944152
28	0.0000000000	0.3736538182	-2.3971395101
29	0.4697818277	0.3736538182	-195.5115925635
30	0.6915879668	0.3736538182	-258.8762686390
31	1.9433946881	0.3736538182	-364.9961246130
32	1.1335701131	0.3736538182	-318.6754800731
33	0.1248065534	0.3736538182	-79.9181188618
34	1.7518495328	0.3736538182	-361.3204478517
35	1.0984310359	0.3736538182	-301.1987653761
36	2.0831223349	0.3736538182	-366.7268041219
37	0.8855761260	0.3736538182	-304.0109525252
38	1.9980996592	0.3736538182	-365.9747890184
39	2.0859781118	0.3736538182	-365.6241039269
40	0.8062277965	0.3736538182	-285.7682463269
41	1.0683070589	0.3736538182	-333.2879492541
42	2.9949703147	0.3736538182	-383.8842522763
43	1.4380332194	0.3736538182	-349.5975529084
44	1.8558430227	0.3736538182	-382.4115611877
45	1.3887896157	0.3736538182	-346.8026954939
46	0.6609167212	0.3736538182	-250.6106977366
47	0.5646081126	0.3736538182	-235.3675893943
48	1.4216450820	0.3736538182	-348.5683431089
49	1.2762764434	0.3736538182	-347.7369403171
50	0.8444489278	0.3736538182	-291.6985272216
51	0.0000000000	0.3736538182	-2.5310667072
52	0.7543464153	0.3736538182	-258.9620319198
53	0.9958739303	0.3736538182	-295.9104166622
54	1.0051537467	0.3736538182	-312.2151682590
55	0.6958874085	0.3736538182	-244.5357937755
56	1.2644894422	0.3736538182	-350.7863505800
57	0.2939204298	0.3736538182	-148.5306321851
58	1.3657304471	0.3736538182	-348.6809591804
59	2.0109426966	0.3736538182	-364.9313262403
60	0.6950535035	0.3736538182	-249.9561140339
61	0.0233945417	0.3736538182	-20.5660682659
62	1.7089422936	0.3736538182	-373.4387227057
63	1.0094926232	0.3736538182	-323.4139244670
64	0.8343356012	0.3736538182	-291.0262103645
65	2.3500053731	0.3736538182	-377.6225622994
66	0.4132922542	0.3736538182	-190.5794525361
67	2.3785568215	0.3736538182	-377.0280101552
68	0.4804372100	0.3736538182	-208.7540795782
69	1.6527647073	0.3736538182	-374.9990231470
70	2.1005924199	0.3736538182	-370.7439795187
71	1.4406271915	0.3736538182	-347.4052344489
72	1.5527971279	0.3736538182	-351.0345555627
73	0.0116643163	0.3736538182	-11.9700611192
74	0.6695586472	0.3736538182	-248.3269477449
75	1.0306154237	0.3736538182	-306.3520223797
76	1.6349794304	0.3736538182	-377.8541280610
77	0.0947485511	0.3736538182	-60.1074589397
78	2.8787403552	0.3736538182	-391.7744231264
79	1.7641630526	0.3736538182	-357.7207172827
80	0.8856308445	0.3736538182	-281.6341116230
81	1.4557626668	0.3736538182	-336.9191080448
82	2.3267057393	0.3736538182	-378.9981503946
83	2.5061879910	0.3736538182	-390.6561144072
84	0.6891615168	0.3736538182	-281.9754979962
85	0.6815886017	0.3736538182	-243.1863592448
86	1.3511269522	0.3736538182	-361.7790933404
87	1.8524734910	0.3736538182	-371.1445017438
88	0.9218787085	0.3736538182	-312.0867914865
89	0.2629419220	0.3736538182	-133.7740965288
90	2.2124046852	0.3736538182	-367.1080130310
91	0.0470360273	0.3736538182	-34.4445157089
92	0.6763701408	0.3736538182	-235.5586993866
93	1.8073436919	0.3736538182	-353.7937144847
94	0.5838664423	0.3736538182	-222.9881777434
95	0.9301172206	0.3736538182	-298.4214426869
96	2.2882244930	0.3736538182	-369.5789875331
97	1.7908512879	0.3736538182	-355.0385935273
98	1.0406010005	0.3736538182	-316.3984471554
99	1.8597522178	0.3736538182	-382.4970256057
100	0.1303040891	0.3736538182	-75.1282577168
101	0.4223193185	0.3736538182	-173.2948194734
102	1.7968076800	0.3736538182	-381.8320464907
103	1.3026204756	0.3736538182	-332.9576849403
104	0.3271979472	0.3736538182	-163.3868666339
105	1.4233813939	0.3736538182	-384.1249730253
106	2.1353976053	0.3736538182	-367.6165030479
107	0.6349131964	0.3736538182	-244.6838201350
108	1.3940069758	0.3736538182	-345.3362959629
109	2.3463893705	0.3736538182	-374.5618047852
110	1.7338413985	0.3736538182	-358.8444414966
111	0.0116669393	0.3736538182	-11.3638322129
112	2.7465080714	0.3736538182	-385.3226672877
113	3.0432520152	0.3736538182	-394.3346518315
114	0.9565097094	0.3736538182	-331.0284394968
115	1.5969950449	0.3736538182	-364.0496222783
116	2.4114198240	0.3736538182	-373.0963650138
117	2.4297552998	0.3736538182	-367.6382072230
118	1.2553771322	0.3736538182	-342.7575436284
119	0.7927820531	0.3736538182	-279.9479278617
120	2.4500779005	0.3736538182	-378.3703246992
121	0.5106038070	0.3736538182	-210.4677285781
122	0.1319791645	0.3736538182	-76.7410879448
123	1.6150288150	0.3736538182	-373.2364346675
124	2.2733719002	0.3736538182	-376.6199026202
