site	rate	t	lnL
1	2.7451319456	0.4950448609	-389.0059074679
2	0.8288076535	0.4950448609	-334.5624425794
3	78.3091144573	0.4950448609	-396.6886511603
4	2.4652173315	0.4950448609	-382.1556974244
5	0.1469379594	0.4950448609	-108.8158044273
6	4.1525364000	0.4950448609	-387.8605209146
7	0.7835392387	0.4950448609	-295.8171871898
8	0.9017484274	0.4950448609	-335.3661409588
9	3.1321553207	0.4950448609	-384.1883972364
10	2.8950125549	0.4950448609	-375.7907920310
11	0.7553469808	0.4950448609	-296.4917877291
12	90.9081355170	0.4950448609	-392.8061670320
13	1.4153389553	0.4950448609	-362.5680289340
14	0.6889988178	0.4950448609	-313.7722071239
15	0.6039157895	0.4950448609	-255.6921770271
16	4.3522750968	0.4950448609	-401.8266394775
17	2.5115743849	0.4950448609	-368.4686944257
18	1.1780450856	0.4950448609	-354.0556964493
19	129.1206580273	0.4950448609	-387.2324863152
20	0.2713499571	0.4950448609	-177.0338124755
21	1.3452970811	0.4950448609	-368.1410569809
22	1.2012705575	0.4950448609	-389.4210826079
23	1.2056744222	0.4950448609	-337.5114436349
24	0.2975663476	0.4950448609	-189.4927059096
25	2.8369476563	0.4950448609	-384.8147998208
26	0.4698173861	0.4950448609	-243.2573093425
27	0.7445039890	0.4950448609	-308.0389388414
28	0.0000000000	0.4950448609	-2.4047864017
29	0.2841313612	0.4950448609	-172.4546637989
30	0.9049144280	0.4950448609	-334.3575733888
31	3.9776143161	0.4950448609	-384.5437052158
32	1.4703851656	0.4950448609	-356.2938759725
33	0.4797003466	0.4950448609	-270.4269519747
34	3.1023350859	0.4950448609	-380.1724792044
35	1.1536727585	0.4950448609	-358.8335311641
36	3.8805102143	0.4950448609	-390.7155317536
37	0.8586338098	0.4950448609	-350.5687979619
38	6.3574591509	0.4950448609	-392.8106408475
39	5.8456728499	0.4950448609	-387.2452872913
40	0.9583406380	0.4950448609	-355.4756542191
41	1.0068477594	0.4950448609	-374.7918678118
42	736.2487516580	0.4950448609	-394.3583003303
43	3.2965110829	0.4950448609	-389.1510836385
44	125.7827325802	0.4950448609	-394.0430584653
45	3.8312158745	0.4950448609	-380.1488138341
46	0.5502570341	0.4950448609	-272.3130045351
47	0.8140109819	0.4950448609	-342.0231884242
48	2.7794731641	0.4950448609	-378.1322692951
49	1.0554915761	0.4950448609	-373.2001372830
50	0.9099516819	0.4950448609	-344.9361161727
51	0.0086309456	0.4950448609	-11.4826567994
52	0.8701482976	0.4950448609	-312.1714563595
53	1.1846595458	0.4950448609	-338.4928081498
54	1.0429616015	0.4950448609	-351.4957336443
55	0.8301264449	0.4950448609	-317.3389339391
56	0.9997677417	0.4950448609	-373.7214162127
57	0.2396518675	0.4950448609	-172.9267908204
58	2.1108103568	0.4950448609	-367.6442329149
59	4.3967124809	0.4950448609	-381.4189337125
60	0.6745582360	0.4950448609	-288.5927162478
61	0.0444648720	0.4950448609	-40.8499187805
62	380.5837543072	0.4950448609	-378.6515682751
63	0.5028799960	0.4950448609	-281.8770542948
64	0.7085624678	0.4950448609	-317.3185889345
65	151.4916675286	0.4950448609	-391.1864859875
66	0.5899297540	0.4950448609	-298.0402545414
67	2.6380583292	0.4950448609	-394.6122468681
68	0.7816727755	0.4950448609	-329.6086716700
69	4.1261375223	0.4950448609	-388.8786622863
70	293.4979857361	0.4950448609	-375.8314533368
71	2.7633165674	0.4950448609	-370.0851580234
72	1.9245430832	0.4950448609	-377.2644424885
73	0.0995347713	0.4950448609	-80.7397635918
74	0.6748894816	0.4950448609	-312.5132254759
75	3.1081698549	0.4950448609	-359.4987787285
76	3.8693833991	0.4950448609	-391.9982547707
77	0.0994357669	0.4950448609	-80.3817947920
78	2899.9649657735	0.4950448609	-388.9479885461
79	5.6756498380	0.4950448609	-381.3109989899
80	0.6984217599	0.4950448609	-300.4526575331
81	82.7047784270	0.4950448609	-360.9483062656
82	4.5713404098	0.4950448609	-389.4147784733
83	2111.0487341103	0.4950448609	-392.2950579409
84	0.7331575548	0.4950448609	-337.3859040542
85	0.9881828281	0.4950448609	-332.8752190114
86	1.0330479864	0.4950448609	-384.7493911776
87	504.4568692005	0.4950448609	-390.8261599173
88	0.9397062076	0.4950448609	-363.2065614649
89	0.6355897076	0.4950448609	-271.5040079573
90	3.6480386435	0.4950448609	-387.0926410767
91	0.1663613831	0.4950448609	-117.5963154315
92	1.0303809934	0.4950448609	-332.5697170913
93	124.9699583681	0.4950448609	-382.2359200156
94	0.7993813283	0.4950448609	-304.8145010798
95	0.6763930832	0.4950448609	-316.5615105023
96	3.8798324446	0.4950448609	-384.5362486995
97	40.1413714348	0.4950448609	-374.6670740020
98	1.0359798841	0.4950448609	-357.9654910662
99	3.2866452109	0.4950448609	-404.0031101184
100	0.1816611088	0.4950448609	-127.0534965029
101	0.6213454124	0.4950448609	-255.2652313899
102	171.4642605004	0.4950448609	-383.9215703402
103	2.5547178490	0.4950448609	-353.8300778752
104	0.4070213696	0.4950448609	-233.8586546282
105	1.2338428197	0.4950448609	-389.7414262335
106	2.5284410202	0.4950448609	-380.3740144514
107	0.7352663688	0.4950448609	-321.0965335743
108	256.7455617668	0.4950448609	-381.0345189561
109	3.1125650029	0.4950448609	-380.8669552458
110	1284.4801330603	0.4950448609	-381.3579808325
111	0.0265356919	0.4950448609	-27.8107087201
112	66.1928922465	0.4950448609	-385.4147117299
113	2.9481929394	0.4950448609	-394.7936289618
114	0.8073509515	0.4950448609	-356.9496832387
115	1.4438077625	0.4950448609	-386.2271615363
116	3.9611790791	0.4950448609	-388.8392942161
117	5.3501888080	0.4950448609	-374.9078578869
118	2.4706552740	0.4950448609	-376.9176569577
119	1.3563173948	0.4950448609	-386.1993511814
120	3.7215033737	0.4950448609	-379.4526846926
121	0.5579298293	0.4950448609	-286.3166026061
122	0.2565190524	0.4950448609	-156.4968001117
123	3.7368821258	0.4950448609	-389.1349373150
124	3.0584479650	0.4950448609	-394.5804883465
