site	rate	t	lnL
1	0.0000000000	0.0004771370	-2.8754881112
2	0.0000000000	0.0004771370	-2.8754881112
3	0.0000000000	0.0004771370	-3.2108436532
4	0.0000000000	0.0004771370	-3.0259213147
5	0.0000000000	0.0004771370	-2.4245192478
6	0.0000000000	0.0004771370	-3.0259213147
7	0.0000000000	0.0004771370	-2.8754881112
8	0.0000000000	0.0004771370	-2.1784379427
9	0.0000000000	0.0004771370	-3.0259213147
10	0.0000000000	0.0004771370	-2.8766060544
11	0.0000000000	0.0004771370	-2.1784379427
12	6.8973519517	0.0004771370	-12.2590283994
13	0.0000000000	0.0004771370	-2.8923899221
14	0.0000000000	0.0004771370	-3.4339872045
15	0.0000000000	0.0004771370	-2.1784379427
16	0.0000000000	0.0004771370	-3.4013233977
17	0.0000000000	0.0004771370	-3.4013233977
18	0.0000000000	0.0004771370	-3.0233272795
19	0.0000000000	0.0004771370	-3.4379011038
20	0.0000000000	0.0004771370	-2.7408400239
21	0.0000000000	0.0004771370	-2.7427950588
22	0.0000000000	0.0004771370	-2.7427950588
23	0.0000000000	0.0004771370	-3.0259213147
24	0.0000000000	0.0004771370	-3.7216692769
25	0.0000000000	0.0004771370	-3.2108436532
26	0.0000000000	0.0004771370	-2.6282789322
27	0.0000000000	0.0004771370	-2.7408400239
28	0.0000000000	0.0004771370	-2.4245192478
29	0.0000000000	0.0004771370	-2.1784379427
30	0.0000000000	0.0004771370	-3.0285220964
31	0.0000000000	0.0004771370	-2.8754881112
32	0.0000000000	0.0004771370	-2.1784379427
33	0.0000000000	0.0004771370	-3.4379011038
34	0.0000000000	0.0004771370	-3.0233272795
35	0.0000000000	0.0004771370	-2.1784379427
36	0.0000000000	0.0004771370	-2.8766060544
37	11.0275446985	0.0004771370	-12.2011493095
38	0.0000000000	0.0004771370	-2.8923899221
39	6.9092251280	0.0004771370	-13.4858400059
40	0.0000000000	0.0004771370	-3.0259213147
41	0.0000000000	0.0004771370	-3.4379011038
42	6.7364192245	0.0004771370	-15.2970962992
43	0.0000000000	0.0004771370	-2.8754881112
44	0.0000000000	0.0004771370	-2.1784379427
45	9.5303129837	0.0004771370	-13.6321516445
46	0.0000000000	0.0004771370	-2.7408400239
47	0.0000000000	0.0004771370	-3.4339872045
48	6.7662601167	0.0004771370	-14.4224002887
49	0.0000000000	0.0004771370	-2.8923899221
50	0.0000000000	0.0004771370	-2.8754881112
51	0.0000000000	0.0004771370	-2.7408400239
52	0.0000000000	0.0004771370	-2.6282789322
53	0.0000000000	0.0004771370	-3.0259213147
54	0.0000000000	0.0004771370	-2.1784379427
55	9.9810061848	0.0004771370	-13.3719172277
56	0.0000000000	0.0004771370	-3.0285220964
57	0.0000000000	0.0004771370	-3.4379011038
58	10.0063099801	0.0004771370	-10.6712609034
59	0.0000000000	0.0004771370	-4.1001577973
60	0.0000000000	0.0004771370	-3.0233272795
61	0.0000000000	0.0004771370	-2.4245192478
62	0.0000000000	0.0004771370	-2.6282789322
63	0.0000000000	0.0004771370	-3.0311296598
64	0.0000000000	0.0004771370	-2.7408400239
65	18.7557221518	0.0004771370	-11.4700044228
66	0.0000000000	0.0004771370	-3.0285220964
67	0.0000000000	0.0004771370	-3.7190684952
68	0.0000000000	0.0004771370	-3.0233272795
69	0.0000000000	0.0004771370	-2.8766060544
70	0.0000000000	0.0004771370	-3.4379011038
71	0.0000000000	0.0004771370	-2.6282789322
72	0.0000000000	0.0004771370	-4.1001577973
73	0.0000000000	0.0004771370	-2.4245192478
74	0.0000000000	0.0004771370	-2.7408400239
75	6.9102462142	0.0004771370	-12.4197235972
76	0.0000000000	0.0004771370	-3.0285220964
77	0.0000000000	0.0004771370	-2.4245192478
78	0.0000000000	0.0004771370	-3.7216692769
79	0.0000000000	0.0004771370	-3.7216692769
80	0.0000000000	0.0004771370	-2.1784379427
81	0.0000000000	0.0004771370	-2.1784379427
82	0.0000000000	0.0004771370	-2.4245192478
83	0.0000000000	0.0004771370	-2.8923899221
84	14.1038865724	0.0004771370	-11.7685720185
85	0.0000000000	0.0004771370	-3.0311296598
86	0.0000000000	0.0004771370	-3.4339872045
87	0.0000000000	0.0004771370	-3.0233272795
88	0.0000000000	0.0004771370	-3.0311296598
89	0.0000000000	0.0004771370	-2.1784379427
90	0.0000000000	0.0004771370	-3.4339872045
91	0.0000000000	0.0004771370	-2.4245192478
92	0.0000000000	0.0004771370	-3.0285220964
93	0.0000000000	0.0004771370	-2.8923899221
94	0.0000000000	0.0004771370	-2.6282789322
95	0.0000000000	0.0004771370	-2.8766060544
96	0.0000000000	0.0004771370	-2.8766060544
97	0.0000000000	0.0004771370	-2.6282789322
98	0.0000000000	0.0004771370	-2.7427950588
99	0.0000000000	0.0004771370	-3.0311296598
100	0.0000000000	0.0004771370	-2.7408400239
101	0.0000000000	0.0004771370	-2.1784379427
102	0.0000000000	0.0004771370	-2.7427950588
103	0.0000000000	0.0004771370	-2.8923899221
104	0.0000000000	0.0004771370	-3.0233272795
105	0.0000000000	0.0004771370	-2.7427950588
106	18.7987464977	0.0004771370	-11.2494217166
107	0.0000000000	0.0004771370	-2.8766060544
108	0.0000000000	0.0004771370	-2.6282789322
109	0.0000000000	0.0004771370	-3.2108436532
110	0.0000000000	0.0004771370	-3.7190684952
111	0.0000000000	0.0004771370	-2.4245192478
112	0.0000000000	0.0004771370	-3.4013233977
113	0.0000000000	0.0004771370	-3.4013233977
114	0.0000000000	0.0004771370	-3.2108436532
115	0.0000000000	0.0004771370	-3.7190684952
116	5.5207687091	0.0004771370	-14.8869453855
117	18.5470174572	0.0004771370	-13.8263599994
118	0.0000000000	0.0004771370	-3.4379011038
119	0.0000000000	0.0004771370	-2.1784379427
120	0.0000000000	0.0004771370	-2.1784379427
121	0.0000000000	0.0004771370	-2.7408400239
122	0.0000000000	0.0004771370	-2.4245192478
123	0.0000000000	0.0004771370	-2.7427950588
124	11.0291628555	0.0004771370	-13.3359102479
