site	rate	t	lnL
1	1.6185432268	0.0006347238	-47.1802302278
2	0.4080486171	0.0006347238	-15.5576191517
3	1.6469001902	0.0006347238	-47.1568025679
4	1.2244632039	0.0006347238	-37.6559669048
5	0.0000000000	0.0006347238	-2.6201856804
6	1.6327667941	0.0006347238	-48.2350106674
7	0.0000000000	0.0006347238	-2.0472656885
8	0.4080483930	0.0006347238	-14.1788008929
9	0.4420543993	0.0006347238	-14.1028827955
10	2.0409216135	0.0006347238	-56.1131977282
11	0.4115435714	0.0006347238	-15.4166051995
12	1.9902951099	0.0006347238	-56.5391415127
13	0.7956424831	0.0006347238	-26.8003554884
14	1.2241559334	0.0006347238	-37.6657432374
15	0.4115435714	0.0006347238	-15.2014625664
16	1.2244240609	0.0006347238	-36.0490202572
17	1.9900120653	0.0006347238	-56.9500854570
18	0.4420544409	0.0006347238	-14.4368684417
19	0.8373402495	0.0006347238	-25.7610151517
20	0.0000000000	0.0006347238	-2.5190157018
21	0.0000000000	0.0006347238	-2.8738135365
22	0.8090569570	0.0006347238	-26.2670294909
23	0.8161941233	0.0006347238	-24.0986638076
24	0.0000000000	0.0006347238	-4.1278670753
25	2.7870163944	0.0006347238	-76.9347082388
26	0.4080535306	0.0006347238	-14.1797638271
27	0.8093299039	0.0006347238	-25.6673693224
28	0.0000000000	0.0006347238	-2.6201856804
29	0.4420544623	0.0006347238	-14.1028827955
30	1.2243897242	0.0006347238	-36.2864064821
31	0.0000000000	0.0006347238	-2.7403518618
32	0.7829187308	0.0006347238	-26.2496249250
33	0.0000000000	0.0006347238	-2.8769556680
34	3.9831207707	0.0006347238	-103.4291261257
35	0.4186940504	0.0006347238	-14.6287775874
36	0.3979203897	0.0006347238	-15.7426754535
37	1.2242281390	0.0006347238	-35.9601257458
38	0.4011509587	0.0006347238	-15.9278998620
39	2.0242355276	0.0006347238	-56.5882445332
40	1.6053466188	0.0006347238	-46.5743100983
41	4.6105780198	0.0006347238	-111.1267259672
42	1.2244983725	0.0006347238	-36.5473013324
43	0.7828727252	0.0006347238	-28.1996409905
44	0.4115530946	0.0006347238	-14.6106836061
45	0.8842645336	0.0006347238	-24.2773448529
46	0.4187048622	0.0006347238	-14.6287518329
47	1.6468340694	0.0006347238	-46.4108249060
48	0.8232088984	0.0006347238	-26.0163850822
49	1.2244699730	0.0006347238	-35.6437297392
50	1.7688219632	0.0006347238	-44.8631887861
51	0.0000000000	0.0006347238	-2.5190157018
52	0.0000000000	0.0006347238	-2.0472656885
53	0.4420402452	0.0006347238	-14.2521235906
54	4.0528469466	0.0006347238	-104.5200614587
55	0.0000000000	0.0006347238	-2.8732559675
56	1.2248621350	0.0006347238	-36.9600131227
57	0.0000000000	0.0006347238	-2.8769556680
58	1.6608407831	0.0006347238	-47.1130191947
59	1.1938763330	0.0006347238	-37.0418030152
60	0.7960310021	0.0006347238	-26.3540447992
61	0.0000000000	0.0006347238	-2.6201856804
62	0.4046005800	0.0006347238	-15.0336986098
63	0.0000000000	0.0006347238	-3.4412154136
64	0.0000000000	0.0006347238	-2.5190157018
65	1.2244087867	0.0006347238	-37.2030264913
66	0.0000000000	0.0006347238	-3.0327628465
67	0.7957485821	0.0006347238	-27.9410437637
68	0.0000000000	0.0006347238	-2.5190157018
69	0.8160135334	0.0006347238	-26.0924719972
70	2.3887682431	0.0006347238	-65.3191239632
71	1.2241414588	0.0006347238	-37.8961582210
72	1.2137217819	0.0006347238	-38.2981476131
73	0.0000000000	0.0006347238	-2.6201856804
74	0.0000000000	0.0006347238	-2.5190157018
75	0.4419351522	0.0006347238	-14.1000100057
76	1.5660211066	0.0006347238	-47.0844981491
77	0.0000000000	0.0006347238	-2.6201856804
78	1.2244593301	0.0006347238	-36.6485807044
79	1.6052963194	0.0006347238	-46.8269024316
80	0.0000000000	0.0006347238	-2.8732559675
81	0.8842645955	0.0006347238	-24.0560086929
82	1.2241891574	0.0006347238	-35.4901024395
83	2.8585604220	0.0006347238	-73.7152122513
84	0.7955264239	0.0006347238	-27.9503924443
85	0.0000000000	0.0006347238	-3.0261648508
86	1.1941660849	0.0006347238	-37.4885692393
87	0.8231741598	0.0006347238	-26.1649375924
88	0.0000000000	0.0006347238	-2.8768158079
89	0.0000000000	0.0006347238	-2.0472656885
90	2.0408408407	0.0006347238	-56.1935303227
91	0.0000000000	0.0006347238	-2.6201856804
92	0.0000000000	0.0006347238	-2.0472656885
93	0.7955454106	0.0006347238	-28.1644126732
94	1.5919196775	0.0006347238	-47.3219285080
95	0.7957398037	0.0006347238	-27.0775965518
96	0.8161937368	0.0006347238	-25.4001038004
97	2.0068398233	0.0006347238	-56.4872106910
98	1.6052181435	0.0006347238	-46.8220108972
99	0.4079514057	0.0006347238	-15.1619158042
100	0.0000000000	0.0006347238	-2.5190157018
101	0.0000000000	0.0006347238	-2.8732559675
102	1.6185638133	0.0006347238	-47.6611672795
103	1.6053003279	0.0006347238	-44.7610148061
104	0.0000000000	0.0006347238	-2.8738135365
105	0.8024508006	0.0006347238	-26.6788121354
106	1.6328532080	0.0006347238	-46.2939359888
107	1.9901504643	0.0006347238	-57.8360278095
108	2.4097356211	0.0006347238	-63.2114186144
109	0.8093021378	0.0006347238	-26.6328443254
110	1.9907078340	0.0006347238	-57.8290687379
111	0.0000000000	0.0006347238	-2.6201856804
112	0.8835517280	0.0006347238	-25.8893988805
113	1.2037299565	0.0006347238	-37.4867024519
114	0.8842645990	0.0006347238	-25.1027321400
115	3.2668650329	0.0006347238	-84.1570695826
116	1.6329147462	0.0006347238	-47.1718782644
117	2.0418793719	0.0006347238	-55.9044109812
118	0.4420371311	0.0006347238	-14.4379818803
119	2.0241435813	0.0006347238	-56.5422524898
120	2.4084878988	0.0006347238	-66.4956015438
121	1.5923850237	0.0006347238	-46.7353618020
122	0.0000000000	0.0006347238	-2.6201856804
123	0.4420541167	0.0006347238	-14.0997406639
124	2.3883794551	0.0006347238	-66.0487580992
