site	rate	t	lnL
1	1.5273505879	0.0634911712	-2220.6400487894
2	1.0323517763	0.0634911712	-1604.4819796296
3	1.6754343774	0.0634911712	-2403.2376488857
4	1.0356491131	0.0634911712	-1581.6524185203
5	1.5537441711	0.0634911712	-2159.5706441849
6	1.5932253803	0.0634911712	-2334.2687793297
7	0.3435932918	0.0634911712	-609.3323201142
8	1.6554234121	0.0634911712	-2288.7843421682
9	1.4110074891	0.0634911712	-2093.3376594954
10	1.5208903647	0.0634911712	-2200.6975714938
11	0.5604523956	0.0634911712	-952.4218507728
12	1.2812594852	0.0634911712	-1951.2778189600
13	1.6536051957	0.0634911712	-2297.7647565160
14	0.3574274594	0.0634911712	-651.2445385274
15	0.3587186852	0.0634911712	-628.1664971729
16	1.4945717621	0.0634911712	-2222.2746939962
17	0.6592645708	0.0634911712	-1082.9710739799
18	1.3403746702	0.0634911712	-1953.6464314029
19	1.3737718084	0.0634911712	-2064.3767058391
20	0.1437140316	0.0634911712	-296.5892231511
21	0.9265692187	0.0634911712	-1465.8599789258
22	1.2695607997	0.0634911712	-1917.9390924367
23	0.5278620675	0.0634911712	-881.5430029750
24	0.1518124755	0.0634911712	-346.7117728288
25	1.4050678503	0.0634911712	-2074.1780366261
26	0.4826350724	0.0634911712	-858.3615542097
27	0.1650181705	0.0634911712	-332.9331666096
28	0.0126324574	0.0634911712	-34.1502175360
29	0.6443545273	0.0634911712	-1094.5411220958
30	0.5189883697	0.0634911712	-900.6133384716
31	1.3053193336	0.0634911712	-1935.3847529596
32	0.4786110656	0.0634911712	-819.4311383049
33	0.1458126466	0.0634911712	-316.2496527997
34	0.8408280398	0.0634911712	-1357.9742840284
35	1.5086778135	0.0634911712	-2189.6730471122
36	1.5212258694	0.0634911712	-2157.2847814408
37	1.4492894886	0.0634911712	-2125.1148222085
38	1.5104923546	0.0634911712	-2237.6944733297
39	1.5257979632	0.0634911712	-2194.4313952162
40	1.0082102856	0.0634911712	-1538.5966108496
41	1.1425478648	0.0634911712	-1783.4813937352
42	1.3153505621	0.0634911712	-1975.8932259888
43	0.9473606278	0.0634911712	-1518.4609989063
44	1.4361878979	0.0634911712	-2090.2925092275
45	0.9021748192	0.0634911712	-1475.4123670278
46	1.9377055843	0.0634911712	-2623.7759993637
47	0.3710880972	0.0634911712	-718.3861585269
48	1.0877608558	0.0634911712	-1682.2245060356
49	0.5231183291	0.0634911712	-957.8578802033
50	1.0305609921	0.0634911712	-1541.1480043830
51	0.0000000000	0.0634911712	-2.4639428285
52	0.3480577189	0.0634911712	-634.2036562959
53	1.4635413812	0.0634911712	-2069.3621053165
54	0.6203929868	0.0634911712	-1058.4276676218
55	0.3099199489	0.0634911712	-560.0003935347
56	1.4232403367	0.0634911712	-2151.0812814479
57	0.0767787743	0.0634911712	-184.7925179319
58	1.4741796217	0.0634911712	-2086.5146974719
59	1.0559053335	0.0634911712	-1666.7996657194
60	0.2602136204	0.0634911712	-493.6832134871
61	0.0252826325	0.0634911712	-63.7857091775
62	1.8707861762	0.0634911712	-2544.2846965349
63	1.4230088182	0.0634911712	-2101.1296929394
64	1.2138023537	0.0634911712	-1832.8584547793
65	1.7324899723	0.0634911712	-2457.9562398293
66	0.3353028547	0.0634911712	-636.6677548221
67	1.5960905695	0.0634911712	-2304.7975938622
68	0.4166118378	0.0634911712	-757.3320426208
69	1.5436406337	0.0634911712	-2277.0705003484
70	1.4559628191	0.0634911712	-2125.8271748188
71	1.1733712951	0.0634911712	-1816.1401774265
72	1.0225268065	0.0634911712	-1614.0080083697
73	0.0210609687	0.0634911712	-52.1382638784
74	1.4241762195	0.0634911712	-2107.6004479145
75	0.9141040230	0.0634911712	-1445.0922261847
76	1.2821153165	0.0634911712	-1978.9217347251
77	0.0463600451	0.0634911712	-110.9197452676
78	1.4534757950	0.0634911712	-2180.9168337983
79	1.3674473419	0.0634911712	-2038.5148426735
80	1.3943120673	0.0634911712	-2087.7206134078
81	1.4763721015	0.0634911712	-2101.0048714519
82	1.5299044429	0.0634911712	-2207.0936759139
83	1.4176907475	0.0634911712	-2126.8821576083
84	1.5740577623	0.0634911712	-2284.0144199440
85	0.3330100538	0.0634911712	-606.1710041491
86	0.5863586860	0.0634911712	-1045.3979354649
87	1.6457518959	0.0634911712	-2359.1741932756
88	0.5438528636	0.0634911712	-977.4666076966
89	1.3683045862	0.0634911712	-1988.5277649652
