site	rate	t	lnL
1	1.7664690156	0.0604137887	-2351.3626439551
2	0.9695274884	0.0604137887	-1460.1673221148
3	1.6652630524	0.0604137887	-2239.4733994516
4	1.4574937173	0.0604137887	-2062.4059077828
5	0.0575287353	0.0604137887	-128.1373088641
6	1.4900273153	0.0604137887	-2080.1560430767
7	0.6160847925	0.0604137887	-992.5696270796
8	1.0900365082	0.0604137887	-1627.6436247249
9	1.4695996870	0.0604137887	-2091.7296080143
10	1.2624646084	0.0604137887	-1770.9918125549
11	0.4120331858	0.0604137887	-687.8214657388
12	1.4631490815	0.0604137887	-2087.1535985057
13	0.8930284846	0.0604137887	-1386.3563342663
14	1.5098871313	0.0604137887	-2104.3046569581
15	0.2508946692	0.0604137887	-451.8871037729
16	1.4920108871	0.0604137887	-2110.1021283880
17	1.4628332169	0.0604137887	-2066.4655071045
18	1.8079524740	0.0604137887	-2408.2535128258
19	1.2078310765	0.0604137887	-1774.5006919269
20	0.0961021362	0.0604137887	-203.9689482083
21	0.7932624333	0.0604137887	-1246.6322644793
22	1.5762062950	0.0604137887	-2197.6637618545
23	0.5056533104	0.0604137887	-854.4186269564
24	0.0638697065	0.0604137887	-143.8205415315
25	1.3295729583	0.0604137887	-1937.3756062858
26	0.1209207614	0.0604137887	-244.8714761804
27	0.2961706145	0.0604137887	-534.2981906696
28	0.0044178931	0.0604137887	-15.2967414204
29	0.5080622660	0.0604137887	-841.8022423953
30	0.4485827970	0.0604137887	-747.2593810005
31	1.3835888515	0.0604137887	-1954.6684589860
32	0.6009365859	0.0604137887	-951.7484492336
33	0.1412461794	0.0604137887	-291.9995701359
34	1.2607256517	0.0604137887	-1870.6663791993
35	1.2815544678	0.0604137887	-1843.9181999096
36	1.3246312170	0.0604137887	-1845.6978220942
37	0.5038582866	0.0604137887	-847.7724894909
38	1.4320704018	0.0604137887	-2020.2218922035
39	1.3571775305	0.0604137887	-1915.8633747418
40	1.6293081757	0.0604137887	-2246.4688366084
41	1.7656266542	0.0604137887	-2411.4540825314
42	1.7129531914	0.0604137887	-2331.3455048867
43	1.9466196094	0.0604137887	-2562.2119281883
44	1.4063017971	0.0604137887	-2007.9999758385
45	1.8211637839	0.0604137887	-2433.2802705743
46	0.2149726150	0.0604137887	-411.6179878266
47	0.3413595873	0.0604137887	-614.3454200310
48	1.0697267912	0.0604137887	-1601.3221763197
49	0.6980597766	0.0604137887	-1161.0154539210
50	0.3604888935	0.0604137887	-649.4652616288
51	0.0000000000	0.0604137887	-2.6359434831
52	0.9151171740	0.0604137887	-1379.6467396279
53	0.5431011850	0.0604137887	-872.1217609331
54	0.8791192083	0.0604137887	-1382.1899291543
55	1.2455143952	0.0604137887	-1807.3114606050
56	1.0199878147	0.0604137887	-1559.9662611292
57	0.1330136036	0.0604137887	-283.8373309608
58	0.9566515430	0.0604137887	-1446.2555003855
59	1.7311381618	0.0604137887	-2270.9144933632
60	1.1489184258	0.0604137887	-1661.1341741373
61	0.0398085661	0.0604137887	-93.9058149392
62	1.5994774437	0.0604137887	-2248.5241506004
63	0.4477964292	0.0604137887	-790.1879325346
64	0.6205250391	0.0604137887	-1015.0647880339
65	1.4742954562	0.0604137887	-2012.5815955132
66	0.2819420790	0.0604137887	-527.9634952670
67	1.3947369616	0.0604137887	-2001.4487195206
68	0.6820262951	0.0604137887	-1090.4326758844
69	1.6618695591	0.0604137887	-2295.7709292290
70	1.4255238203	0.0604137887	-2062.5409077329
71	0.9842307237	0.0604137887	-1449.8017140579
72	1.2412731014	0.0604137887	-1761.6563739350
73	0.0309519765	0.0604137887	-75.4369330113
74	1.1439256622	0.0604137887	-1689.0480086385
75	0.6856672809	0.0604137887	-1052.9723447813
76	1.6946746593	0.0604137887	-2325.0736144055
77	0.0530541686	0.0604137887	-120.9218900541
78	1.6848818032	0.0604137887	-2308.0828174296
79	1.2424148587	0.0604137887	-1812.8367450057
80	0.2646059737	0.0604137887	-484.7203764049
81	1.1082145610	0.0604137887	-1657.8624325203
82	1.3872342196	0.0604137887	-1999.2490911571
83	1.4830424998	0.0604137887	-2098.5280077730
84	0.8982069437	0.0604137887	-1403.4521496733
85	0.4302669695	0.0604137887	-700.0998378209
86	0.9920058670	0.0604137887	-1538.3667821581
87	1.0931701859	0.0604137887	-1616.4121633615
88	0.3499929556	0.0604137887	-627.2112159163
89	0.4425501346	0.0604137887	-742.8935448377
90	1.7281679190	0.0604137887	-2346.3303692868
91	0.0707401601	0.0604137887	-150.2954122435
92	0.7499512213	0.0604137887	-1171.6481894759
93	1.9374712741	0.0604137887	-2527.5400050941
94	1.3493696259	0.0604137887	-1895.5167109451
95	0.2719145148	0.0604137887	-519.2495992300
96	1.6120729814	0.0604137887	-2228.2319659895
97	1.4131026686	0.0604137887	-2020.0592908689
98	1.6472955880	0.0604137887	-2271.0324362296
99	1.4114186128	0.0604137887	-1986.5573380757
100	0.0742532769	0.0604137887	-162.4630093496
101	0.2281772782	0.0604137887	-409.1838221480
102	1.7175217087	0.0604137887	-2341.6028384198
103	1.3519971115	0.0604137887	-1913.6884377893
104	0.1251925231	0.0604137887	-258.0951554215
105	0.8054090887	0.0604137887	-1269.1146027268
106	1.2842109697	0.0604137887	-1896.2569377857
107	0.3873636313	0.0604137887	-684.7005301117
108	1.8344621559	0.0604137887	-2462.2309728813
109	1.5340806423	0.0604137887	-2136.1446510921
110	1.6695764333	0.0604137887	-2264.9605797557
111	0.0044178862	0.0604137887	-15.2967414204
112	1.6636483681	0.0604137887	-2259.1681766266
113	1.4779287264	0.0604137887	-2090.1380946406
114	1.4868781213	0.0604137887	-2110.5412791298
115	1.2733050208	0.0604137887	-1855.1861807818
116	1.6328988598	0.0604137887	-2258.4711085524
117	1.4780956828	0.0604137887	-2087.0149812384
118	1.3618130393	0.0604137887	-1969.2396274962
119	0.8847373127	0.0604137887	-1355.3223213918
120	1.5929406586	0.0604137887	-2215.1245063519
121	0.2370109908	0.0604137887	-446.8867190020
122	0.4042903698	0.0604137887	-683.7185789980
123	1.0226111941	0.0604137887	-1538.3503861259
124	1.4948800975	0.0604137887	-2088.0112940204
