site	rate	t	lnL
1	1.4772493308	0.0061904003	-311.7637895446
2	0.3331805739	0.0061904003	-83.9168444378
3	1.7412207023	0.0061904003	-350.5683973459
4	1.7428079308	0.0061904003	-367.5644216353
5	0.0000000000	0.0061904003	-2.3495537380
6	1.2528955859	0.0061904003	-257.7211171256
7	0.4367675000	0.0061904003	-109.0384636725
8	1.4830510303	0.0061904003	-317.5346579884
9	1.0792308820	0.0061904003	-237.1483661519
10	1.7108993734	0.0061904003	-363.9292054013
11	0.3845466865	0.0061904003	-94.1384026728
12	1.5883312638	0.0061904003	-341.2444550150
13	0.9574832934	0.0061904003	-214.2925611560
14	1.6918634530	0.0061904003	-362.6673959695
15	0.2569453030	0.0061904003	-68.8100381222
16	1.9225559793	0.0061904003	-368.8225129895
17	0.8004515838	0.0061904003	-185.2203357341
18	2.3642996949	0.0061904003	-466.0498114607
19	2.2378947245	0.0061904003	-434.0517288784
20	0.1664572679	0.0061904003	-44.5323955250
21	0.6261232567	0.0061904003	-151.3680271047
22	1.9678476350	0.0061904003	-381.3549709425
23	0.4016872999	0.0061904003	-91.8260786567
24	0.2049186760	0.0061904003	-56.7287471028
25	1.3373134002	0.0061904003	-298.7378336260
26	0.2083669725	0.0061904003	-60.1515457975
27	0.2230568779	0.0061904003	-54.0190812126
28	0.0000000000	0.0061904003	-2.3495537380
29	0.1284121825	0.0061904003	-37.3777277703
30	0.2939347009	0.0061904003	-72.7993688468
31	1.1109904054	0.0061904003	-242.6377322502
32	1.0513415905	0.0061904003	-216.7232982060
33	0.1649584643	0.0061904003	-45.8357101532
34	1.8848064151	0.0061904003	-373.2972674148
35	0.4583160950	0.0061904003	-111.8257672670
36	1.2947743667	0.0061904003	-257.7036560943
37	0.5867734090	0.0061904003	-141.1512033151
38	1.2582926341	0.0061904003	-287.7975202492
39	1.3062668908	0.0061904003	-278.1487103084
40	1.6941261660	0.0061904003	-373.5606907994
41	1.9002207212	0.0061904003	-401.6511123353
42	1.2979198539	0.0061904003	-277.9258505752
43	1.9722505247	0.0061904003	-381.6438243999
44	1.5821320009	0.0061904003	-331.0215246381
45	0.3774024953	0.0061904003	-95.1142807185
46	1.3302992152	0.0061904003	-289.6066390077
47	0.4126192642	0.0061904003	-112.1992629747
48	0.8487292158	0.0061904003	-180.1022548284
49	0.9728394466	0.0061904003	-207.8059176604
50	1.1160192844	0.0061904003	-240.3388250418
51	0.0000000000	0.0061904003	-2.9752004243
52	0.2225923023	0.0061904003	-55.1036563788
53	1.1390659650	0.0061904003	-244.7540494562
54	0.3365120392	0.0061904003	-82.8208679521
55	0.4605929353	0.0061904003	-109.2959971888
56	0.7948983238	0.0061904003	-183.9015459421
57	0.1649118697	0.0061904003	-51.7562095655
58	1.6269295965	0.0061904003	-338.1870330480
59	1.2277912000	0.0061904003	-249.7046136556
60	0.2084067792	0.0061904003	-54.7893060624
61	0.5783504430	0.0061904003	-131.6343710289
62	1.0931661233	0.0061904003	-234.8559889787
63	0.1257225128	0.0061904003	-35.9897158229
64	1.6968586439	0.0061904003	-362.2049674926
65	1.4219662304	0.0061904003	-318.6072831558
66	1.5174054332	0.0061904003	-324.8367846758
67	1.0708271731	0.0061904003	-256.6397120555
68	1.1300107176	0.0061904003	-241.7696235370
69	1.8796076186	0.0061904003	-390.4631396607
70	2.7079726562	0.0061904003	-540.5937823747
71	1.3440729035	0.0061904003	-294.7224065957
72	0.8581536986	0.0061904003	-190.7180348540
73	0.0000000000	0.0061904003	-2.3495537380
74	0.1664772898	0.0061904003	-48.6945630500
75	1.3260275306	0.0061904003	-285.0504065200
76	1.3066331744	0.0061904003	-279.5153250923
77	0.0436439922	0.0061904003	-14.8848668310
78	0.9038123949	0.0061904003	-207.9602129304
79	1.4612283094	0.0061904003	-303.6487256512
80	1.4564754146	0.0061904003	-311.2626171057
81	1.5123402012	0.0061904003	-309.8979724786
82	1.5008369389	0.0061904003	-326.3292696847
83	1.6294781577	0.0061904003	-347.1846581517
84	0.1257166591	0.0061904003	-36.8299500949
85	0.0856001578	0.0061904003	-25.8121704125
86	0.4196296551	0.0061904003	-107.0302765131
87	0.9012855928	0.0061904003	-201.0224981686
88	0.4541046785	0.0061904003	-109.7109400770
89	0.3345504531	0.0061904003	-80.0224164339
90	1.8320918186	0.0061904003	-384.0550505939
91	0.0000000000	0.0061904003	-2.3495537380
92	0.2997839614	0.0061904003	-75.1208846530
93	2.1207094690	0.0061904003	-421.5049419538
94	0.2507919298	0.0061904003	-63.5391980168
95	0.4541029257	0.0061904003	-112.3509533242
96	1.0095071334	0.0061904003	-220.9435958538
97	1.3376410560	0.0061904003	-287.1399820332
98	2.0288905165	0.0061904003	-423.5343370310
99	1.4609229587	0.0061904003	-318.0369647087
100	0.1248241109	0.0061904003	-38.4799293323
101	0.2230648902	0.0061904003	-52.6696969117
102	1.0734021895	0.0061904003	-222.0508131259
103	1.9086267197	0.0061904003	-398.4177291628
104	0.2501062834	0.0061904003	-68.2518727262
105	0.7805618652	0.0061904003	-183.2424442288
106	1.0407567816	0.0061904003	-231.0833061841
107	0.2048667318	0.0061904003	-57.8220183177
108	2.1131137092	0.0061904003	-425.6847328182
109	1.4772215806	0.0061904003	-296.1587171004
110	1.4779889819	0.0061904003	-314.3520289774
111	0.0000000000	0.0061904003	-2.3495537380
112	1.5137965682	0.0061904003	-320.3834321311
113	1.2656428148	0.0061904003	-271.7864877004
114	0.2095926433	0.0061904003	-60.1317259861
115	0.7002882701	0.0061904003	-165.2718005878
116	1.2081028119	0.0061904003	-262.2765125742
117	2.0826563365	0.0061904003	-426.2290733954
118	1.3893826006	0.0061904003	-302.0368741220
119	1.8441662509	0.0061904003	-364.0714466866
120	1.7919007165	0.0061904003	-357.8493209564
121	0.1664574130	0.0061904003	-44.5701845466
122	0.0436440161	0.0061904003	-14.1232998429
123	1.7731671261	0.0061904003	-380.4854972766
124	1.5538795232	0.0061904003	-329.9664000469
