site	rate	t	lnL
1	2.3334779066	0.0006550810	-68.4794391468
2	0.4022182865	0.0006550810	-14.4953167946
3	3.5026591146	0.0006550810	-92.5999288631
4	1.5575333804	0.0006550810	-46.0518277759
5	0.0000000000	0.0006550810	-2.5144789980
6	1.2018785466	0.0006550810	-36.9962954010
7	0.0000000000	0.0006550810	-2.6312283036
8	0.3953869753	0.0006550810	-14.7547606792
9	1.6088982828	0.0006550810	-51.5077371738
10	1.5685798682	0.0006550810	-47.3239056492
11	1.9793991610	0.0006550810	-54.9380135577
12	0.7839036446	0.0006550810	-26.8991881410
13	1.5683289279	0.0006550810	-48.4209845783
14	1.1761502556	0.0006550810	-36.2871630327
15	0.4022360064	0.0006550810	-14.1269844673
16	1.9778143449	0.0006550810	-57.5063471404
17	0.8328120676	0.0006550810	-25.1210745251
18	1.9451478246	0.0006550810	-64.4538543140
19	1.6085123698	0.0006550810	-46.3573945675
20	2.0111385986	0.0006550810	-55.5594623903
21	1.2063496308	0.0006550810	-41.7513016233
22	0.8045381613	0.0006550810	-27.8988134000
23	0.0000000000	0.0006550810	-2.6312283036
24	0.0000000000	0.0006550810	-3.2165238173
25	2.2956226343	0.0006550810	-64.9649204226
26	0.0000000000	0.0006550810	-2.6310095330
27	0.0000000000	0.0006550810	-2.6312283036
28	0.0000000000	0.0006550810	-2.5144789980
29	1.1665721578	0.0006550810	-36.2023293228
30	0.4163506638	0.0006550810	-15.5594703991
31	1.2069373465	0.0006550810	-36.8957501403
32	1.2063012213	0.0006550810	-35.1672114924
33	0.0000000000	0.0006550810	-3.2068477412
34	0.4022028611	0.0006550810	-15.0469776251
35	0.8040495534	0.0006550810	-25.1734913609
36	1.9445003926	0.0006550810	-56.8735643035
37	0.7773226153	0.0006550810	-25.8742025412
38	1.1665986832	0.0006550810	-36.9970547122
39	0.4022182990	0.0006550810	-15.0469393485
40	1.5559007723	0.0006550810	-45.1901456081
41	0.0000000000	0.0006550810	-3.0305586740
42	3.2197988687	0.0006550810	-84.2258985809
43	1.2063295537	0.0006550810	-35.9214587625
44	1.5560643475	0.0006550810	-47.3484208692
45	0.8040242804	0.0006550810	-26.1158781421
46	0.0000000000	0.0006550810	-3.2081130098
47	1.2492344946	0.0006550810	-34.8245817192
48	0.7910050820	0.0006550810	-24.8855106613
49	2.4944347270	0.0006550810	-72.3424656564
50	0.8040577054	0.0006550810	-24.9742906758
51	0.0000000000	0.0006550810	-3.2081130098
52	0.0000000000	0.0006550810	-2.2627212186
53	0.4163463096	0.0006550810	-14.3392948424
54	0.3823109193	0.0006550810	-15.2769922594
55	1.9469549242	0.0006550810	-55.9728103407
56	0.3953562904	0.0006550810	-15.3362770595
57	0.0000000000	0.0006550810	-2.8733256466
58	0.7776939710	0.0006550810	-26.4207951985
59	0.8045422918	0.0006550810	-25.5331513508
60	0.4019604683	0.0006550810	-14.5044004520
61	0.0000000000	0.0006550810	-2.5144789980
62	0.8040958470	0.0006550810	-25.5334411080
63	0.0000000000	0.0006550810	-3.0284407195
64	0.3887296133	0.0006550810	-15.5121817673
65	1.5556436757	0.0006550810	-47.4672585195
66	1.1565507533	0.0006550810	-37.4572872972
67	0.7908268969	0.0006550810	-26.6538322111
68	1.2061699521	0.0006550810	-36.6867464249
69	2.8437236537	0.0006550810	-74.0763877989
70	1.5572571473	0.0006550810	-46.0941393800
71	1.1761340991	0.0006550810	-36.7716343308
72	0.8327608852	0.0006550810	-25.6797782687
73	0.0000000000	0.0006550810	-2.5144789980
74	1.5423293797	0.0006550810	-47.0975163966
75	0.0000000000	0.0006550810	-2.2627212186
76	1.9784533673	0.0006550810	-55.2420926174
77	0.4058540958	0.0006550810	-14.9551159508
78	1.2070104927	0.0006550810	-35.9266616996
79	1.6085321272	0.0006550810	-51.6214216238
80	0.8328191112	0.0006550810	-24.4350461317
81	0.8326976948	0.0006550810	-24.4353375494
82	1.9612292982	0.0006550810	-55.2601592615
83	1.6240937554	0.0006550810	-45.6270868217
84	0.3919817670	0.0006550810	-15.5089286709
85	0.0000000000	0.0006550810	-2.6312283036
86	1.2494420655	0.0006550810	-36.2608504233
87	0.7910069262	0.0006550810	-26.4246364324
88	2.3146479008	0.0006550810	-65.8689625881
89	0.0000000000	0.0006550810	-2.8695699042
90	1.2069075288	0.0006550810	-35.1821493311
91	0.0000000000	0.0006550810	-2.5144789980
92	0.0000000000	0.0006550810	-2.2627212186
93	1.2062448010	0.0006550810	-37.4018718777
94	0.3954561294	0.0006550810	-14.7592726165
95	0.0000000000	0.0006550810	-4.0897558123
96	1.2179431330	0.0006550810	-36.8423519589
97	0.7774270942	0.0006550810	-26.2134792696
98	2.3143093242	0.0006550810	-71.9213464972
99	0.4019603347	0.0006550810	-15.0812851583
100	0.3887296131	0.0006550810	-15.3570666945
101	1.1472789010	0.0006550810	-36.1949627779
102	0.4019792041	0.0006550810	-14.9009648061
103	1.1864118828	0.0006550810	-34.9996170266
104	0.4019604808	0.0006550810	-14.3876511465
105	0.3885924167	0.0006550810	-15.5209455186
106	1.5568628322	0.0006550810	-46.8408498269
107	0.4020190315	0.0006550810	-14.1357477402
108	1.1677817722	0.0006550810	-36.1709244796
109	2.0089766173	0.0006550810	-55.0529632235
110	2.3344487867	0.0006550810	-67.9486212463
111	0.0000000000	0.0006550810	-2.5144789980
112	1.1761794381	0.0006550810	-37.3172675426
113	1.5552286493	0.0006550810	-46.5248993967
114	0.0000000000	0.0006550810	-3.0284407195
115	1.1662856312	0.0006550810	-36.7752543226
116	1.5688343955	0.0006550810	-45.6781287414
117	3.1128044555	0.0006550810	-85.6999244585
118	0.8291987140	0.0006550810	-25.7196182062
119	1.1383738832	0.0006550810	-44.9254504742
120	1.1677812413	0.0006550810	-35.8075732830
121	0.3887296131	0.0006550810	-15.1149693514
122	1.1867673618	0.0006550810	-35.6973036491
123	1.1864213578	0.0006550810	-35.2773303176
124	1.6019849603	0.0006550810	-45.6140476577
