site	rate	t	lnL
1	1.6418192797	0.0062380353	-344.7663832783
2	0.6440120713	0.0062380353	-147.6837463278
3	1.7220432740	0.0062380353	-352.4490056555
4	0.8540794179	0.0062380353	-197.5273459749
5	0.0000000000	0.0062380353	-2.5113203589
6	0.5326894426	0.0062380353	-132.7501217987
7	0.3619938999	0.0062380353	-83.2913119812
8	1.0061972785	0.0062380353	-240.1751701127
9	1.0583572643	0.0062380353	-231.1216640429
10	1.0837336611	0.0062380353	-222.2759564890
11	0.7564382894	0.0062380353	-167.3186048288
12	1.2905525055	0.0062380353	-286.7077856008
13	0.6719586955	0.0062380353	-154.8450524263
14	0.2080440011	0.0062380353	-56.1713660161
15	0.2261009503	0.0062380353	-52.4270523814
16	0.4828917566	0.0062380353	-121.1581721473
17	0.6668201661	0.0062380353	-151.8186872002
18	0.5358039727	0.0062380353	-124.4985355121
19	1.3487373687	0.0062380353	-291.9277951478
20	0.0000000000	0.0062380353	-2.8476664573
21	0.3431658551	0.0062380353	-82.9862743283
22	2.1880403943	0.0062380353	-437.3338166457
23	2.0872918519	0.0062380353	-432.6849562671
24	0.0000000000	0.0062380353	-3.3770458281
25	2.2797780919	0.0062380353	-463.1503656594
26	0.6302341079	0.0062380353	-150.3592690640
27	0.1692958593	0.0062380353	-46.2434007204
28	0.0000000000	0.0062380353	-2.5113203589
29	0.0904065933	0.0062380353	-28.7475533723
30	0.5354327357	0.0062380353	-122.8023166430
31	0.9024827226	0.0062380353	-205.5799124482
32	1.7135253161	0.0062380353	-336.2786334021
33	0.1622534820	0.0062380353	-54.7994307620
34	1.0586366124	0.0062380353	-243.2677560162
35	0.5150706852	0.0062380353	-115.9430867465
36	1.1282005487	0.0062380353	-253.8897852615
37	0.4073114836	0.0062380353	-110.5726767464
38	0.9707821741	0.0062380353	-226.4370885782
39	1.4757931173	0.0062380353	-314.1605134363
40	1.5054314786	0.0062380353	-328.8022580755
41	1.5308365009	0.0062380353	-325.4873518607
42	1.5887220074	0.0062380353	-335.4165919341
43	1.1791986696	0.0062380353	-257.1018616616
44	1.4501345964	0.0062380353	-307.7586311806
45	1.6872146906	0.0062380353	-354.1249946931
46	1.7240218239	0.0062380353	-365.2714004681
47	0.7233287325	0.0062380353	-168.9284459944
48	0.7984416703	0.0062380353	-183.5996312139
49	0.3841331077	0.0062380353	-94.0084005480
50	0.2935697021	0.0062380353	-73.4330146411
51	0.0000000000	0.0062380353	-2.8476664573
52	0.1690199137	0.0062380353	-46.5929234781
53	1.4034103572	0.0062380353	-284.8892472295
54	0.6741527704	0.0062380353	-154.9657708285
55	0.6918656130	0.0062380353	-166.8874647695
56	0.5983913906	0.0062380353	-141.6001569601
57	0.1216804175	0.0062380353	-41.5175382189
58	1.2479662134	0.0062380353	-263.7403224694
59	1.5892396882	0.0062380353	-347.3640195457
60	0.1234337598	0.0062380353	-34.7597104215
61	0.0000000000	0.0062380353	-2.5113203589
62	1.1136478136	0.0062380353	-241.3010183016
63	0.5129409325	0.0062380353	-131.6805641747
64	0.2497208568	0.0062380353	-66.2082723289
65	1.5086458545	0.0062380353	-324.0032035228
66	0.9742317379	0.0062380353	-237.2843561022
67	1.8855012957	0.0062380353	-388.2900869004
68	1.5647309116	0.0062380353	-337.7243061567
69	2.2059195648	0.0062380353	-460.3172687522
70	1.8760794478	0.0062380353	-379.8122933136
71	1.0709550417	0.0062380353	-232.0111253082
72	1.0867211429	0.0062380353	-233.9518298343
73	0.0852828878	0.0062380353	-26.7446576662
74	0.2913958974	0.0062380353	-77.5923378195
75	0.4969904140	0.0062380353	-106.5151518813
76	1.5121553236	0.0062380353	-333.0891210253
77	0.0426322490	0.0062380353	-14.5912321616
78	1.0646207921	0.0062380353	-240.4215871156
79	2.2080222823	0.0062380353	-460.5545022253
80	0.1689438463	0.0062380353	-50.8047649846
81	0.8653082159	0.0062380353	-198.2519986877
82	1.6367287836	0.0062380353	-342.9182243591
83	1.5138733384	0.0062380353	-324.8062290837
84	0.7383521362	0.0062380353	-173.3861072231
85	0.4227153851	0.0062380353	-109.1691239399
86	1.2874623309	0.0062380353	-288.4612708730
87	1.5085392190	0.0062380353	-333.4931727784
88	1.5154650438	0.0062380353	-336.2094221673
89	0.5689779084	0.0062380353	-147.3424702202
90	1.6445219163	0.0062380353	-347.3052560718
91	0.0852686062	0.0062380353	-25.5983181650
92	0.5881385930	0.0062380353	-127.8332722915
93	2.2465017184	0.0062380353	-463.6722994188
94	0.3619305572	0.0062380353	-91.1342375418
95	2.2202259939	0.0062380353	-416.6888620392
96	0.9259298552	0.0062380353	-208.4212250105
97	1.3885133907	0.0062380353	-297.6860836790
98	2.1669214904	0.0062380353	-410.8020604507
99	1.0177937855	0.0062380353	-230.4304677149
100	1.4564795122	0.0062380353	-303.5964274662
101	0.3165366162	0.0062380353	-71.5086283870
102	1.2849493494	0.0062380353	-275.5462589988
103	1.5172984027	0.0062380353	-330.2405359202
104	0.0411235547	0.0062380353	-14.7735715803
105	1.6921370313	0.0062380353	-363.6792869254
106	0.7247360215	0.0062380353	-157.2118900779
107	0.4194954109	0.0062380353	-102.8535572066
108	1.6119701736	0.0062380353	-346.2794825958
109	2.1721581163	0.0062380353	-441.9712620423
110	1.2034754641	0.0062380353	-253.2138246836
111	0.0000000000	0.0062380353	-2.5113203589
112	1.5086768741	0.0062380353	-320.4314355546
113	1.5213682183	0.0062380353	-324.9880445723
114	0.4916331250	0.0062380353	-121.6780140571
115	1.1409502885	0.0062380353	-262.5075920384
116	1.8973851631	0.0062380353	-371.1111872412
117	1.2732225281	0.0062380353	-287.1303419440
118	1.2217532238	0.0062380353	-256.0456050116
119	0.9316033627	0.0062380353	-214.5004938282
120	1.5501640416	0.0062380353	-333.8702279219
121	1.9901822730	0.0062380353	-372.4371503168
122	0.5885772655	0.0062380353	-131.1189949249
123	1.5843039607	0.0062380353	-329.1577911665
124	1.8194068848	0.0062380353	-394.9191225217
