site	rate	t	lnL
1	3.5042059090	0.0006609359	-94.4057567016
2	0.7771562256	0.0006609359	-25.1468389587
3	1.1757748703	0.0006609359	-36.5501109329
4	1.5532836399	0.0006609359	-45.0025891312
5	0.0000000000	0.0006609359	-2.3353342265
6	0.7770231148	0.0006609359	-26.8430868140
7	1.2060016423	0.0006609359	-35.2804953059
8	0.4134915533	0.0006609359	-14.3270682942
9	2.7445511445	0.0006609359	-73.2941805938
10	0.8042875160	0.0006609359	-27.4196094757
11	0.0000000000	0.0006609359	-2.7249753255
12	3.4448307723	0.0006609359	-96.2614067906
13	0.3852417775	0.0006609359	-15.5114532930
14	1.6381179659	0.0006609359	-45.5122049788
15	0.4132445296	0.0006609359	-15.1727978395
16	1.1661668963	0.0006609359	-37.3808122043
17	0.7705276948	0.0006609359	-27.2043973176
18	0.7773139603	0.0006609359	-25.4407233742
19	0.7913908423	0.0006609359	-26.8171595350
20	0.7579194949	0.0006609359	-26.8488423456
21	1.2067929745	0.0006609359	-34.1360082923
22	1.5546916540	0.0006609359	-47.3032009157
23	0.7697522537	0.0006609359	-26.8579045848
24	0.0000000000	0.0006609359	-3.4288733494
25	0.7837313619	0.0006609359	-25.1286844799
26	0.3956453456	0.0006609359	-15.0317446735
27	1.9599357432	0.0006609359	-56.2499375251
28	0.0000000000	0.0006609359	-2.3353342265
29	0.0000000000	0.0006609359	-2.2450561616
30	0.3915190769	0.0006609359	-16.2400979456
31	1.5833341006	0.0006609359	-47.2732444855
32	0.4135187745	0.0006609359	-14.8621097364
33	0.3917298013	0.0006609359	-15.1609255003
34	1.1731480463	0.0006609359	-38.2216858095
35	0.0000000000	0.0006609359	-2.2450561616
36	1.1658143749	0.0006609359	-37.3680245507
37	1.8957707073	0.0006609359	-56.9854529216
38	2.2751754247	0.0006609359	-66.7320309546
39	1.1658824596	0.0006609359	-37.2379821843
40	2.3528022534	0.0006609359	-65.4562664585
41	0.0000000000	0.0006609359	-2.8770256054
42	2.2756266642	0.0006609359	-65.1628766666
43	1.1280471861	0.0006609359	-37.9692434034
44	1.9115560350	0.0006609359	-56.2230866433
45	1.5678272600	0.0006609359	-47.6661253011
46	0.4019994067	0.0006609359	-15.8558217732
47	0.0000000000	0.0006609359	-3.4288733494
48	1.1873338617	0.0006609359	-34.8183380356
49	0.0000000000	0.0006609359	-3.0248666762
50	0.0000000000	0.0006609359	-3.0288476702
51	0.0000000000	0.0006609359	-2.8877840680
52	0.8271384688	0.0006609359	-25.5286975894
53	0.0000000000	0.0006609359	-2.2450561616
54	0.7772698724	0.0006609359	-25.2962259605
55	0.7773381642	0.0006609359	-26.2864365445
56	2.0477559976	0.0006609359	-55.9260644092
57	0.0000000000	0.0006609359	-3.7270548469
58	0.8271596612	0.0006609359	-25.5040470225
59	1.1660839989	0.0006609359	-36.6391088200
60	0.0000000000	0.0006609359	-3.0576700130
61	0.0000000000	0.0006609359	-2.3353342265
62	2.3512231308	0.0006609359	-68.6953227397
63	0.0000000000	0.0006609359	-3.4121330296
64	0.3915173212	0.0006609359	-15.1762177870
65	0.0000000000	0.0006609359	-3.2108436532
66	0.0000000000	0.0006609359	-2.8770256054
67	1.5290390678	0.0006609359	-46.8307178382
68	0.7837094528	0.0006609359	-26.0891951900
69	1.1642079587	0.0006609359	-36.1901175716
70	2.8666370400	0.0006609359	-76.0497225108
71	1.5299086258	0.0006609359	-47.3279535012
72	1.1756110501	0.0006609359	-36.9783989157
73	0.0000000000	0.0006609359	-2.3353342265
74	0.3915231035	0.0006609359	-15.0243808363
75	0.0000000000	0.0006609359	-2.5191623903
76	1.6379855220	0.0006609359	-47.5782636189
77	0.0000000000	0.0006609359	-2.3353342265
78	1.9792054967	0.0006609359	-54.1973294314
79	1.6091604936	0.0006609359	-45.7050792618
80	0.3954809386	0.0006609359	-15.2115535476
81	0.4021101960	0.0006609359	-13.9971121624
82	1.1560718536	0.0006609359	-36.8191752465
83	1.1872334184	0.0006609359	-36.2798987886
84	2.3292793118	0.0006609359	-66.9593743041
85	0.3848466813	0.0006609359	-14.7588886164
86	0.7836480931	0.0006609359	-26.4554860055
87	0.3885625328	0.0006609359	-16.3955178273
88	0.3886343770	0.0006609359	-14.5352787065
89	0.7763374997	0.0006609359	-26.0443199283
90	0.7519216576	0.0006609359	-27.9228447297
91	0.4093310962	0.0006609359	-14.4290678051
92	0.0000000000	0.0006609359	-2.2450561616
93	1.5162700730	0.0006609359	-46.0810593506
94	0.8043661734	0.0006609359	-24.8666164456
95	0.0000000000	0.0006609359	-2.8786355172
96	1.5551466925	0.0006609359	-48.1587320540
97	1.2066171281	0.0006609359	-37.1111805430
98	0.0000000000	0.0006609359	-2.8877840680
99	3.1348455119	0.0006609359	-86.8920475133
100	0.7835952927	0.0006609359	-25.7733693846
101	0.0000000000	0.0006609359	-2.5191623903
102	1.9587139533	0.0006609359	-57.1451880093
103	0.0000000000	0.0006609359	-2.2450561616
104	0.3879432176	0.0006609359	-15.5634891575
105	1.9278968490	0.0006609359	-56.7537157579
106	0.7579290592	0.0006609359	-26.8469544162
107	3.5306910003	0.0006609359	-90.6334985962
108	3.1351932085	0.0006609359	-85.3493667422
109	1.9442923014	0.0006609359	-55.8076568835
110	2.3528169409	0.0006609359	-64.4428037850
111	0.0000000000	0.0006609359	-2.3353342265
112	1.9444841409	0.0006609359	-53.9743901775
113	0.4135106586	0.0006609359	-13.9691587277
114	0.7647770237	0.0006609359	-27.2581356459
115	1.1660806107	0.0006609359	-37.5156618039
116	0.7583245282	0.0006609359	-26.8818296268
117	0.8266836385	0.0006609359	-25.0336957633
118	1.6549368695	0.0006609359	-44.5585001630
119	0.3849891281	0.0006609359	-15.2384375769
120	2.3107490308	0.0006609359	-67.6603665421
121	1.9601740438	0.0006609359	-56.1507520030
122	0.0000000000	0.0006609359	-2.3353342265
123	0.3788812460	0.0006609359	-15.7395221997
124	1.5680138068	0.0006609359	-46.1665662894
