site	rate	t	lnL
1	1.4116060731	0.0060320277	-290.7166822963
2	0.2960612476	0.0060320277	-75.2098840145
3	1.2815795395	0.0060320277	-269.1790964041
4	1.3563144424	0.0060320277	-277.4701291308
5	0.0438335498	0.0060320277	-15.2330473647
6	2.0861829670	0.0060320277	-432.6918542205
7	0.2835736714	0.0060320277	-62.7484819647
8	0.1417508571	0.0060320277	-35.7776555619
9	1.6300621476	0.0060320277	-325.0719920960
10	1.3099211518	0.0060320277	-269.6873414091
11	0.4725392501	0.0060320277	-99.1330511622
12	1.1026169601	0.0060320277	-240.0804437563
13	0.7089523762	0.0060320277	-146.1156135684
14	0.2598653735	0.0060320277	-65.9673260517
15	0.8216473748	0.0060320277	-173.5788377553
16	0.8061900742	0.0060320277	-182.4966340651
17	1.1534503624	0.0060320277	-245.0060747478
18	1.4502757971	0.0060320277	-302.2033642371
19	1.1935673765	0.0060320277	-254.8147897261
20	0.0866078195	0.0060320277	-24.9716772669
21	3.2002767646	0.0060320277	-603.5288372834
22	1.5264848071	0.0060320277	-317.0534214914
23	0.9174966443	0.0060320277	-195.5856581063
24	0.0000000000	0.0060320277	-4.0671993392
25	1.1097019216	0.0060320277	-247.0545180580
26	0.1251868763	0.0060320277	-38.8051508980
27	0.4339555320	0.0060320277	-97.0979472425
28	0.0000000000	0.0060320277	-2.5791667888
29	0.0472371718	0.0060320277	-13.7765758853
30	0.8060704502	0.0060320277	-178.4711879423
31	0.9328421935	0.0060320277	-207.2060629466
32	0.6383097550	0.0060320277	-144.3444071926
33	0.2128775774	0.0060320277	-54.6585598191
34	1.5317246763	0.0060320277	-313.4447021241
35	1.3655172886	0.0060320277	-284.2767894935
36	1.0826372682	0.0060320277	-209.1178241082
37	0.8678492993	0.0060320277	-193.3349506472
38	1.8744153901	0.0060320277	-377.9224683422
39	1.6822212498	0.0060320277	-331.8622308689
40	1.2762701810	0.0060320277	-258.9396178279
41	1.3558122914	0.0060320277	-279.4240325280
42	2.0368854026	0.0060320277	-410.2212751143
43	0.7140698173	0.0060320277	-163.9359591691
44	1.8186484161	0.0060320277	-366.0665005466
45	1.0650173389	0.0060320277	-227.3877631646
46	0.3464145080	0.0060320277	-83.4494466217
47	0.5507816871	0.0060320277	-129.0970422642
48	0.8069135410	0.0060320277	-179.6437895724
49	1.1806873278	0.0060320277	-225.0525712520
50	0.4310386043	0.0060320277	-105.3093343170
51	0.0000000000	0.0060320277	-2.7465324647
52	0.2836480915	0.0060320277	-65.6867766225
53	0.1417369193	0.0060320277	-34.4500400639
54	0.7908982299	0.0060320277	-173.0834516670
55	0.5506508985	0.0060320277	-119.7069973376
56	1.5401130645	0.0060320277	-318.7843510255
57	0.1268938065	0.0060320277	-36.8089017835
58	0.5670790930	0.0060320277	-126.9582751519
59	1.7010482974	0.0060320277	-360.9370810635
60	0.8252579551	0.0060320277	-182.1774981523
61	0.0000000000	0.0060320277	-2.5791667888
62	1.2178682314	0.0060320277	-252.9695933952
63	0.1269436108	0.0060320277	-37.0077861099
64	0.3032995388	0.0060320277	-73.0882582695
65	0.6725272834	0.0060320277	-154.0479478821
66	0.6741815513	0.0060320277	-155.7508517336
67	1.7871674251	0.0060320277	-363.0080756380
68	1.2370244776	0.0060320277	-264.3628516934
69	1.2583496383	0.0060320277	-277.2675371251
70	1.2791606554	0.0060320277	-248.3066580755
71	0.8347339292	0.0060320277	-177.1194642748
72	1.0876497580	0.0060320277	-212.5664612276
73	0.0876826457	0.0060320277	-25.5750529070
74	1.6749917304	0.0060320277	-330.5667669486
75	0.5620947342	0.0060320277	-131.1441571816
76	1.2792417932	0.0060320277	-274.1228125495
77	0.0000000000	0.0060320277	-2.5791667888
78	1.7857188678	0.0060320277	-365.5155106763
79	1.7533167411	0.0060320277	-353.7737480015
80	0.0866566966	0.0060320277	-24.8359371325
81	1.4047480933	0.0060320277	-282.1500993017
82	1.4930343302	0.0060320277	-312.0194512063
83	1.7408398019	0.0060320277	-351.2488129801
84	0.2963347546	0.0060320277	-77.6573919266
85	1.7943402282	0.0060320277	-360.6657326196
86	1.1874153261	0.0060320277	-249.5839180166
87	1.5639032866	0.0060320277	-323.1335301827
88	0.8357056721	0.0060320277	-177.2387476915
89	0.0944862827	0.0060320277	-24.7867903710
90	1.3638028364	0.0060320277	-280.1611123716
91	1.1865495952	0.0060320277	-249.8004689271
92	0.3310160267	0.0060320277	-72.3111876332
93	1.3559140004	0.0060320277	-278.5988487392
94	0.2363239547	0.0060320277	-55.6094562856
95	0.3796395966	0.0060320277	-94.4308129689
96	2.9973412719	0.0060320277	-571.0803328974
97	1.1665243501	0.0060320277	-242.3192592943
98	1.4090576168	0.0060320277	-295.6349319615
99	1.3165374274	0.0060320277	-287.6724291615
100	0.2165590434	0.0060320277	-56.4475917200
101	0.2833122513	0.0060320277	-63.0210550275
102	1.6266538628	0.0060320277	-323.6937358163
103	2.0133387431	0.0060320277	-397.1674552459
104	0.0834517618	0.0060320277	-26.4044538873
105	1.7156946605	0.0060320277	-342.6031989341
106	1.2228050328	0.0060320277	-239.0055057874
107	0.2582330557	0.0060320277	-69.4346182071
108	1.3122748749	0.0060320277	-270.6911789566
109	2.0953566971	0.0060320277	-421.0392276197
110	1.7903100421	0.0060320277	-355.8789080499
111	0.0000000000	0.0060320277	-2.5791667888
112	1.6075884256	0.0060320277	-332.0290207038
113	1.2876819904	0.0060320277	-285.0804707403
114	2.2244311569	0.0060320277	-432.3551288921
115	1.6274164331	0.0060320277	-323.6880709617
116	1.8757074442	0.0060320277	-386.6664568660
117	1.7623585184	0.0060320277	-347.3322385416
118	0.5603742944	0.0060320277	-129.4170653088
119	0.8024574965	0.0060320277	-186.0874996882
120	0.8828175123	0.0060320277	-198.0838243707
121	0.2162922253	0.0060320277	-55.7542019192
122	0.7025276036	0.0060320277	-141.8280095468
123	1.2620838597	0.0060320277	-280.4786389756
124	1.6629377593	0.0060320277	-332.9265001873
