site	rate	t	lnL
1	1.7948090720	0.0005725319	-45.3719551291
2	0.0000000000	0.0005725319	-3.0273834220
3	2.6259232256	0.0005725319	-66.5828120370
4	2.6480617906	0.0005725319	-69.8108653665
5	0.0000000000	0.0005725319	-2.7401078701
6	0.8682240852	0.0005725319	-26.9661553597
7	1.7949949948	0.0005725319	-43.9868812413
8	0.4338370817	0.0005725319	-17.5233888962
9	1.4551149223	0.0005725319	-38.0114101774
10	1.3227428970	0.0005725319	-36.6887987240
11	0.9707519498	0.0005725319	-25.1591424677
12	2.6929815015	0.0005725319	-68.2243830953
13	0.4854220182	0.0005725319	-15.4047878789
14	0.8680788832	0.0005725319	-27.5502083252
15	0.4811868305	0.0005725319	-13.8011174716
16	0.4562596629	0.0005725319	-16.0857141602
17	0.4487868177	0.0005725319	-14.4080950811
18	0.0000000000	0.0005725319	-3.0289290802
19	0.4602131405	0.0005725319	-15.0691530720
20	1.3807118649	0.0005725319	-37.0254788139
21	0.4484820175	0.0005725319	-14.4105643430
22	1.3344699800	0.0005725319	-37.0062323450
23	1.3340340244	0.0005725319	-35.6370738830
24	0.0000000000	0.0005725319	-3.2122117761
25	2.1715861088	0.0005725319	-56.9758057365
26	0.4487517705	0.0005725319	-14.4097188521
27	0.0000000000	0.0005725319	-2.1140559447
28	0.0000000000	0.0005725319	-2.7401078701
29	0.8748641858	0.0005725319	-27.6747726816
30	1.7627340483	0.0005725319	-47.1587697830
31	0.4602132786	0.0005725319	-15.9667858285
32	0.4811815145	0.0005725319	-14.1174285415
33	0.4450971374	0.0005725319	-14.6601670640
34	0.8677818956	0.0005725319	-28.4663103798
35	2.2439638047	0.0005725319	-53.4209155266
36	0.4854224102	0.0005725319	-13.4826035126
37	0.4410133740	0.0005725319	-15.7478967081
38	0.8917497682	0.0005725319	-24.9196519957
39	2.1883724023	0.0005725319	-58.5269191541
40	1.3123351427	0.0005725319	-38.4657625013
41	0.8681757397	0.0005725319	-27.7529909355
42	0.8895243714	0.0005725319	-27.9480549392
43	1.8739804166	0.0005725319	-45.8861342538
44	1.4564113050	0.0005725319	-35.2699414217
45	1.4527026717	0.0005725319	-35.3640114331
46	0.0000000000	0.0005725319	-3.2049042949
47	0.0000000000	0.0005725319	-3.4504798860
48	2.2436603200	0.0005725319	-56.7246060015
49	0.9367180181	0.0005725319	-26.8097653133
50	0.4602131369	0.0005725319	-13.9783047219
51	0.0000000000	0.0005725319	-3.2049042949
52	0.4810513210	0.0005725319	-14.5993343513
53	0.9701788480	0.0005725319	-25.1641475336
54	1.9256469657	0.0005725319	-46.9956755658
55	0.4484792279	0.0005725319	-15.5089707255
56	0.0000000000	0.0005725319	-3.4343534825
57	1.3234253060	0.0005725319	-38.1032182394
58	1.9414800698	0.0005725319	-45.9772751871
59	0.9205653925	0.0005725319	-25.9587841796
60	0.4853931767	0.0005725319	-13.9250424480
61	0.0000000000	0.0005725319	-2.7401078701
62	0.9365895225	0.0005725319	-25.8319526818
63	0.0000000000	0.0005725319	-2.7396810279
64	0.0000000000	0.0005725319	-3.2049042949
65	2.8107832612	0.0005725319	-64.4209233439
66	0.4562499859	0.0005725319	-15.0196908887
67	0.8895891820	0.0005725319	-27.1279525061
68	1.3458425602	0.0005725319	-37.2886938655
69	0.9209452328	0.0005725319	-25.0446314701
70	0.9621366927	0.0005725319	-24.9573512810
71	1.4053367895	0.0005725319	-34.4599799061
72	2.2247294952	0.0005725319	-55.5691525568
73	0.4853626021	0.0005725319	-14.5145856169
74	1.7946860250	0.0005725319	-48.3563567385
75	0.9622421192	0.0005725319	-27.0077912044
76	0.9126946396	0.0005725319	-26.1996641347
77	0.0000000000	0.0005725319	-2.7401078701
78	0.9126647016	0.0005725319	-27.4063893363
79	0.4601338842	0.0005725319	-15.5880454829
80	0.0000000000	0.0005725319	-2.1140559447
81	0.0000000000	0.0005725319	-2.1803526851
82	0.9126480962	0.0005725319	-26.0872421556
83	2.1888760420	0.0005725319	-55.9507966342
84	0.4562689808	0.0005725319	-15.7132653470
85	0.4484764377	0.0005725319	-14.4108210891
86	2.6922245325	0.0005725319	-69.6056219242
87	1.3124367276	0.0005725319	-39.5497867168
88	0.0000000000	0.0005725319	-3.0294176796
89	0.0000000000	0.0005725319	-2.1803526851
90	2.2437026105	0.0005725319	-56.4169712564
91	0.0000000000	0.0005725319	-2.7401078701
92	0.0000000000	0.0005725319	-2.1140559447
93	0.9205419491	0.0005725319	-26.8689792294
94	0.0000000000	0.0005725319	-2.1803526851
95	1.3459837255	0.0005725319	-35.8828579632
96	0.4811517834	0.0005725319	-14.1170639254
97	0.0000000000	0.0005725319	-2.1803526851
98	0.9366917935	0.0005725319	-26.9326273139
99	2.2436747310	0.0005725319	-57.3258848037
100	0.0000000000	0.0005725319	-3.2049042949
101	0.0000000000	0.0005725319	-2.1140559447
102	1.7796050852	0.0005725319	-43.3668453321
103	0.9624979000	0.0005725319	-26.5053782054
104	0.0000000000	0.0005725319	-3.0289290802
105	2.2428300465	0.0005725319	-59.8103854365
106	3.1155428852	0.0005725319	-75.2078022504
107	0.4602131407	0.0005725319	-15.9845704838
108	0.4682850660	0.0005725319	-13.7619957684
109	1.8258844923	0.0005725319	-48.4649642222
110	0.9709728107	0.0005725319	-25.5833300697
111	0.0000000000	0.0005725319	-2.7401078701
112	2.6471378035	0.0005725319	-68.3108402275
113	0.9126886788	0.0005725319	-25.8151714579
114	1.4440336901	0.0005725319	-37.4192545791
115	0.8972480859	0.0005725319	-25.2216777407
116	1.4052991125	0.0005725319	-34.1233174393
117	2.2434971349	0.0005725319	-56.2124865236
118	2.8114846872	0.0005725319	-65.3061362553
119	1.8739869306	0.0005725319	-45.6459562558
120	1.3461398202	0.0005725319	-36.5819349941
121	0.4809311664	0.0005725319	-14.4067705335
122	0.0000000000	0.0005725319	-2.7401078701
123	3.7500732071	0.0005725319	-86.1762979427
124	0.0000000000	0.0005725319	-3.2217426761
