site	rate	t	lnL
1	1.4750381228	0.0628366357	-2150.1390857179
2	0.7771493184	0.0628366357	-1264.8195902680
3	1.1224956021	0.0628366357	-1750.3872054358
4	1.5499282745	0.0628366357	-2237.3098426573
5	0.0728156219	0.0628366357	-160.0272579534
6	1.4822840406	0.0628366357	-2141.1174762704
7	0.7306443748	0.0628366357	-1195.9123318931
8	1.3297879004	0.0628366357	-1914.3279571849
9	1.0357161201	0.0628366357	-1537.3215022317
10	1.3313704462	0.0628366357	-1989.2032401142
11	0.3015589528	0.0628366357	-536.8919684147
12	1.7444766403	0.0628366357	-2394.6675712337
13	0.8981567325	0.0628366357	-1414.8799541092
14	1.2460754990	0.0628366357	-1884.5785419427
15	0.2933639300	0.0628366357	-511.1217733715
16	1.7338722793	0.0628366357	-2407.5933192549
17	1.3038575966	0.0628366357	-1924.5473882443
18	0.6500895625	0.0628366357	-1089.4318675279
19	1.6105218666	0.0628366357	-2298.0934457055
20	0.2585175427	0.0628366357	-504.0306000721
21	1.3691016245	0.0628366357	-2009.6412234571
22	0.6469302494	0.0628366357	-1124.7377600691
23	0.6869971256	0.0628366357	-1132.3731311650
24	0.0687700518	0.0628366357	-161.2458501713
25	1.2694104976	0.0628366357	-1855.5092845390
26	0.7246841381	0.0628366357	-1194.6734283438
27	0.2372495946	0.0628366357	-451.3496916739
28	0.0085416575	0.0628366357	-25.0689552707
29	0.0749838061	0.0628366357	-158.4214787689
30	0.5438514053	0.0628366357	-938.1109581358
31	1.3937651320	0.0628366357	-2046.0007253645
32	0.5581158152	0.0628366357	-926.8146401718
33	0.2575768888	0.0628366357	-530.4119310783
34	1.2841122894	0.0628366357	-1949.4784782031
35	1.4259775796	0.0628366357	-1997.8355958714
36	1.4723189536	0.0628366357	-2067.8600658021
37	0.9081787406	0.0628366357	-1447.6345791351
38	1.4888804385	0.0628366357	-2179.8198562898
39	1.6335085827	0.0628366357	-2306.8324151623
40	0.6383114639	0.0628366357	-1102.0282812538
41	1.4802441646	0.0628366357	-2150.8665293848
42	1.4158183056	0.0628366357	-2007.5671498864
43	0.9405795237	0.0628366357	-1473.3843189449
44	1.4726471117	0.0628366357	-2158.8446364219
45	1.1067928426	0.0628366357	-1730.0365219395
46	1.2576968005	0.0628366357	-1867.8740792535
47	0.5678947478	0.0628366357	-1011.7519191262
48	1.1630844410	0.0628366357	-1736.5513937877
49	0.5356022240	0.0628366357	-944.0058707407
50	1.0632185068	0.0628366357	-1635.0475481867
51	0.0041343155	0.0628366357	-15.2644874292
52	0.3679011878	0.0628366357	-645.1907370236
53	0.3638248582	0.0628366357	-630.5446304407
54	1.1667568969	0.0628366357	-1721.9534102044
55	0.7314092876	0.0628366357	-1139.3888087144
56	1.2998759924	0.0628366357	-1943.5436519256
57	0.2163783054	0.0628366357	-455.1455932879
58	0.6916598136	0.0628366357	-1145.9434879431
59	1.3386252527	0.0628366357	-1987.1605987202
60	0.6448025479	0.0628366357	-1069.7982121682
61	0.5579352525	0.0628366357	-918.7532260580
62	1.2835838634	0.0628366357	-1897.5233348582
63	0.9966781389	0.0628366357	-1620.3429771118
64	1.3444372533	0.0628366357	-1995.9530136914
65	1.6039687815	0.0628366357	-2280.1289073475
66	0.2501929014	0.0628366357	-498.6945163379
67	1.4263796185	0.0628366357	-2097.3597362247
68	0.4672769043	0.0628366357	-830.6051287058
69	1.5292785878	0.0628366357	-2093.0504596867
70	1.4183430869	0.0628366357	-2045.2850395795
71	1.4006024700	0.0628366357	-2055.2597158830
72	1.1555844461	0.0628366357	-1760.1708440901
73	0.0170950592	0.0628366357	-46.5201922321
74	1.2922952035	0.0628366357	-1923.6618609736
75	1.3431219412	0.0628366357	-1962.7745985814
76	1.4721207140	0.0628366357	-2120.7303669586
77	0.0640266844	0.0628366357	-146.2972832348
78	1.3992190686	0.0628366357	-2068.5647167065
79	1.2165027105	0.0628366357	-1801.9092988614
80	1.3840090138	0.0628366357	-2004.8749165665
81	1.2429361015	0.0628366357	-1855.1565483849
82	1.6016582241	0.0628366357	-2282.5689537855
83	1.4658453919	0.0628366357	-2141.7124444254
84	0.1895966004	0.0628366357	-397.6448492680
85	1.2085953595	0.0628366357	-1798.2492733030
86	1.6222567902	0.0628366357	-2324.4302079090
87	0.8455230180	0.0628366357	-1388.5802472646
88	0.9598058348	0.0628366357	-1524.5019502891
89	0.2034027670	0.0628366357	-378.2979188904
90	1.1735218294	0.0628366357	-1712.9342733871
91	0.0728029771	0.0628366357	-155.7497370594
92	0.7392361547	0.0628366357	-1158.2535112871
93	1.6569038559	0.0628366357	-2271.1974642046
94	0.2646902951	0.0628366357	-474.1498804782
95	0.4528336679	0.0628366357	-819.5058304894
96	1.7736731300	0.0628366357	-2443.6034793714
97	1.5382024332	0.0628366357	-2146.1256552722
98	0.5828201887	0.0628366357	-1010.5518042924
99	1.3085867737	0.0628366357	-1931.3458762204
100	0.1538547284	0.0628366357	-319.7662229736
101	0.1420452994	0.0628366357	-272.7522068778
102	1.3537839541	0.0628366357	-2022.7883832494
103	0.8863275642	0.0628366357	-1339.0069297717
104	1.1743076681	0.0628366357	-1781.6264841501
105	1.7423178213	0.0628366357	-2475.3569895150
106	1.9948735976	0.0628366357	-2694.3622829472
107	0.9952277121	0.0628366357	-1580.4032938282
108	1.3733416760	0.0628366357	-1968.4080588495
109	1.2112181296	0.0628366357	-1756.9410335788
110	1.3243868114	0.0628366357	-1972.0413334996
111	0.0042713989	0.0628366357	-15.2044067055
112	1.4659407700	0.0628366357	-2105.9788342127
113	1.6139589133	0.0628366357	-2315.5319272171
114	1.4350305548	0.0628366357	-2161.6585143930
115	1.7924243429	0.0628366357	-2417.6906462873
116	1.2798940369	0.0628366357	-1946.1274240748
117	1.4246651667	0.0628366357	-2025.8795580120
118	1.0085739553	0.0628366357	-1535.8332079129
119	0.8526220822	0.0628366357	-1346.4098445852
120	1.3137010424	0.0628366357	-1944.8910689997
121	1.2998131519	0.0628366357	-1923.1918635468
122	0.1115365857	0.0628366357	-226.4482480488
123	1.4943927726	0.0628366357	-2172.6619955601
124	1.4408386053	0.0628366357	-2118.7416746723
