site	rate	t	lnL
1	1.8782173371	0.0062335542	-391.8628827289
2	1.3345272529	0.0062335542	-293.6818569785
3	2.2226305118	0.0062335542	-449.9142698858
4	2.2267916806	0.0062335542	-448.6334767204
5	0.1275122045	0.0062335542	-36.3731841227
6	0.8268058135	0.0062335542	-190.9502649960
7	0.1692563810	0.0062335542	-45.4485386465
8	1.1293589228	0.0062335542	-247.6966583587
9	1.0589132138	0.0062335542	-222.8414030403
10	0.8858079191	0.0062335542	-187.7408192475
11	0.3536806476	0.0062335542	-84.0217984283
12	1.0771678185	0.0062335542	-236.7765788146
13	1.3015604430	0.0062335542	-275.5219643888
14	0.0831552221	0.0062335542	-26.0251940940
15	0.2209927336	0.0062335542	-54.5989026907
16	2.3898685510	0.0062335542	-489.6724548649
17	1.5926909671	0.0062335542	-339.2056071330
18	0.3302573033	0.0062335542	-86.1578905228
19	1.1681347538	0.0062335542	-243.7943871379
20	0.0831621153	0.0062335542	-25.3698164854
21	0.7856286831	0.0062335542	-183.9924408915
22	1.8074290919	0.0062335542	-373.3191476216
23	2.1724483398	0.0062335542	-437.4921012080
24	0.0811070758	0.0062335542	-26.3128798035
25	1.4368960059	0.0062335542	-309.5727027056
26	0.0412499662	0.0062335542	-14.8778904812
27	0.6453903871	0.0062335542	-155.8159536439
28	0.0000000000	0.0062335542	-2.5493947690
29	0.0000000000	0.0062335542	-2.6071789400
30	0.2862529916	0.0062335542	-76.0003810069
31	1.1716459737	0.0062335542	-249.3235641077
32	0.7857739514	0.0062335542	-178.4199829049
33	0.1622332845	0.0062335542	-47.9721973334
34	1.2238460287	0.0062335542	-270.4256980827
35	0.7523479815	0.0062335542	-161.5769950512
36	1.5092801144	0.0062335542	-326.0439957563
37	2.1373461663	0.0062335542	-429.7827443648
38	1.6449554146	0.0062335542	-332.6218366395
39	1.4611689276	0.0062335542	-291.6466404243
40	0.3867551483	0.0062335542	-93.6555742335
41	1.7580489975	0.0062335542	-369.9993675560
42	1.7303333308	0.0062335542	-337.3239719116
43	0.7445392362	0.0062335542	-171.0734340146
44	1.7675427510	0.0062335542	-375.0202700884
45	1.2628763446	0.0062335542	-277.9656874188
46	0.8804677106	0.0062335542	-197.4308867513
47	0.3652761741	0.0062335542	-95.1563909228
48	1.5604227142	0.0062335542	-315.2782253113
49	1.5918815686	0.0062335542	-328.5753862140
50	0.2919130300	0.0062335542	-75.7159237008
51	0.0000000000	0.0062335542	-2.8639626070
52	0.2117036327	0.0062335542	-55.8101220372
53	0.2540993840	0.0062335542	-65.3895714468
54	0.9130513152	0.0062335542	-194.9068309502
55	0.3094242376	0.0062335542	-75.5458045763
56	1.0375316870	0.0062335542	-222.8430673583
57	0.0810938536	0.0062335542	-26.8202635294
58	0.5175614880	0.0062335542	-119.4213663727
59	1.5901420940	0.0062335542	-336.6731632549
60	0.7522004807	0.0062335542	-169.7931475580
61	0.0425289811	0.0062335542	-15.2043804789
62	1.6587701614	0.0062335542	-344.9963467598
63	0.4093765818	0.0062335542	-104.3783024659
64	1.2323350836	0.0062335542	-269.2270284171
65	0.9457310716	0.0062335542	-206.1079548024
66	0.1226203447	0.0062335542	-36.3089213311
67	1.4716142307	0.0062335542	-307.2616834343
68	1.5931195993	0.0062335542	-316.9224564385
69	1.4064415332	0.0062335542	-294.5237593552
70	1.3741336373	0.0062335542	-271.0513983255
71	1.1237482832	0.0062335542	-233.0689645163
72	1.8437962231	0.0062335542	-382.6352431059
73	0.0000000000	0.0062335542	-2.5493947690
74	1.0995222736	0.0062335542	-242.8101767849
75	1.2187787278	0.0062335542	-254.9301772651
76	1.0238078609	0.0062335542	-230.9029751156
77	0.0850580790	0.0062335542	-26.3665457076
78	1.9456716050	0.0062335542	-383.7495660010
79	1.3044186652	0.0062335542	-284.2298056000
80	0.2652406677	0.0062335542	-66.0672915528
81	0.5935096404	0.0062335542	-139.1574714427
82	1.5367056104	0.0062335542	-328.2599339409
83	1.8240942320	0.0062335542	-389.1602384644
84	0.2045112915	0.0062335542	-55.9093597880
85	0.2652823661	0.0062335542	-64.0821481009
86	1.6041635306	0.0062335542	-336.7937258991
87	1.1309874988	0.0062335542	-255.8592377759
88	0.8952338089	0.0062335542	-210.9785067427
89	0.2540427639	0.0062335542	-65.9173370070
90	1.8315074464	0.0062335542	-386.1346456480
91	0.0000000000	0.0062335542	-2.5493947690
92	0.2117237672	0.0062335542	-55.8903062479
93	0.7129266577	0.0062335542	-163.7410990960
94	2.9159695589	0.0062335542	-562.1846135093
95	0.1207528259	0.0062335542	-38.1690257634
96	1.6012361881	0.0062335542	-317.1645285007
97	1.5928081131	0.0062335542	-329.1080955813
98	1.1829954486	0.0062335542	-258.8946283584
99	1.5035520557	0.0062335542	-320.9514373346
100	0.1663840465	0.0062335542	-44.8887048599
101	1.5657046067	0.0062335542	-320.8558265454
102	1.3033187135	0.0062335542	-273.8650881905
103	1.3827736523	0.0062335542	-288.9159956734
104	0.5010203825	0.0062335542	-119.7824298613
105	0.3247079229	0.0062335542	-86.5616411022
106	1.0991132252	0.0062335542	-242.5411915601
107	1.1467815506	0.0062335542	-248.9978355278
108	1.4287396356	0.0062335542	-303.5055480076
109	1.5397596154	0.0062335542	-305.6118513340
110	1.7140143608	0.0062335542	-362.3982200744
111	0.0000000000	0.0062335542	-2.5493947690
112	1.0574892052	0.0062335542	-230.7709093653
113	1.9588230869	0.0062335542	-413.5801090069
114	1.8898674348	0.0062335542	-401.5568209577
115	0.9511398954	0.0062335542	-212.8282049932
116	1.4178266616	0.0062335542	-286.2927116674
117	1.6250739216	0.0062335542	-348.2183839587
118	0.2889349180	0.0062335542	-74.8814892822
119	0.6906433694	0.0062335542	-167.0753409970
120	1.6589295838	0.0062335542	-347.1169801750
121	0.0831544922	0.0062335542	-25.1577568334
122	0.0425283682	0.0062335542	-15.1949361731
123	1.6861594634	0.0062335542	-352.9870480054
124	1.5144599821	0.0062335542	-319.5234924586
