site	rate	t	lnL
1	1.2447777823	0.0061755900	-272.7955474195
2	0.5788382625	0.0061755900	-138.6805770910
3	0.8577645455	0.0061755900	-200.9654941456
4	0.9795467562	0.0061755900	-215.1732782191
5	0.0877335484	0.0061755900	-25.1759262725
6	1.1215089724	0.0061755900	-223.4852763275
7	0.2332814019	0.0061755900	-53.9825184767
8	0.3231789254	0.0061755900	-81.2252614518
9	1.2128460316	0.0061755900	-231.4216750994
10	1.2351286797	0.0061755900	-268.8728242067
11	0.2064693128	0.0061755900	-53.2529817583
12	1.3423674023	0.0061755900	-283.0684665774
13	1.1101421074	0.0061755900	-220.7161825472
14	1.0045195509	0.0061755900	-218.7742042498
15	1.3196890480	0.0061755900	-272.1409092649
16	2.2207526173	0.0061755900	-424.2815311407
17	1.5015051442	0.0061755900	-325.1227359365
18	0.7965327563	0.0061755900	-173.4456938020
19	2.0594028639	0.0061755900	-428.4107097464
20	0.0839511824	0.0061755900	-26.2730750358
21	1.9851539851	0.0061755900	-388.6976049619
22	1.8426877543	0.0061755900	-394.0795515924
23	2.1387950936	0.0061755900	-423.8528879271
24	0.0818602430	0.0061755900	-26.4122956077
25	0.7363951319	0.0061755900	-172.1547240307
26	0.7947276938	0.0061755900	-170.3205622911
27	0.3332481932	0.0061755900	-81.4697978163
28	0.0000000000	0.0061755900	-2.3248510593
29	0.0466167231	0.0061755900	-15.6170770827
30	1.5084058797	0.0061755900	-299.1271750881
31	0.9181720395	0.0061755900	-202.8508415668
32	0.4863522229	0.0061755900	-113.2219966014
33	0.1669949491	0.0061755900	-48.9385116203
34	1.0387195152	0.0061755900	-222.9743468649
35	2.2018314279	0.0061755900	-419.4414193458
36	1.3106260524	0.0061755900	-252.6525376322
37	0.2047125335	0.0061755900	-58.4385506276
38	1.9927500953	0.0061755900	-415.1442386232
39	1.6689868453	0.0061755900	-353.2792238078
40	1.9253276813	0.0061755900	-400.4996755922
41	1.9531874917	0.0061755900	-377.8828294594
42	2.0728548534	0.0061755900	-419.1565729397
43	1.3539260178	0.0061755900	-263.3208411805
44	1.7952010138	0.0061755900	-385.6057893258
45	1.9792323364	0.0061755900	-390.6338761827
46	0.2099586836	0.0061755900	-54.7698989273
47	0.4508162008	0.0061755900	-111.5933345966
48	1.5424821946	0.0061755900	-295.9672374761
49	0.5536681901	0.0061755900	-127.4874182956
50	0.2084344117	0.0061755900	-55.8859525175
51	0.0000000000	0.0061755900	-2.8618937834
52	0.5000294002	0.0061755900	-116.2205751739
53	0.7521273770	0.0061755900	-162.2320966256
54	0.6813026787	0.0061755900	-152.6947145942
55	0.2208361568	0.0061755900	-56.9947296666
56	0.6972023256	0.0061755900	-165.9256383630
57	0.0407845046	0.0061755900	-15.7632093536
58	0.6387366204	0.0061755900	-142.8478671774
59	1.6848380702	0.0061755900	-350.8011864259
60	0.4662253061	0.0061755900	-101.5401686164
61	0.0000000000	0.0061755900	-2.3248510593
62	1.4508356348	0.0061755900	-312.2336907721
63	0.9165849388	0.0061755900	-212.7763716352
64	1.3213768671	0.0061755900	-267.3296564906
65	1.6992819547	0.0061755900	-357.1730478226
66	0.0399852487	0.0061755900	-18.3239198254
67	1.4936620623	0.0061755900	-318.9682197825
68	1.5500217147	0.0061755900	-314.5009838291
69	1.1308546262	0.0061755900	-247.3778838698
70	1.1522188820	0.0061755900	-242.0548142949
71	1.8250369212	0.0061755900	-371.3842214055
72	1.3696251698	0.0061755900	-292.9113128466
73	0.0000000000	0.0061755900	-2.3248510593
74	1.8618895625	0.0061755900	-354.1598074463
75	1.6287397168	0.0061755900	-344.8731727518
76	1.4520261772	0.0061755900	-307.6213027587
77	0.0000000000	0.0061755900	-2.3248510593
78	1.4634493391	0.0061755900	-315.5666099520
79	1.1938016356	0.0061755900	-269.3836746923
80	0.4420921885	0.0061755900	-100.3067265208
81	0.7466112895	0.0061755900	-154.0742795945
82	1.1938959788	0.0061755900	-264.6652330357
83	1.5801347185	0.0061755900	-331.2959541286
84	0.2031145938	0.0061755900	-56.8968017252
85	0.4167538819	0.0061755900	-102.4833837375
86	0.7867044581	0.0061755900	-188.9097505594
87	1.4218303313	0.0061755900	-312.9883423378
88	0.7942420032	0.0061755900	-178.1790107664
89	0.0466235329	0.0061755900	-13.3072423568
90	1.2125674121	0.0061755900	-261.4622929993
91	0.7999759629	0.0061755900	-179.8686134943
92	0.3266724446	0.0061755900	-72.6290076465
93	1.2018973023	0.0061755900	-264.6813070019
94	0.2785537353	0.0061755900	-65.6721907586
95	0.5417597269	0.0061755900	-138.9792790235
96	1.1694428762	0.0061755900	-226.1536925966
97	1.3486566197	0.0061755900	-291.2383351908
98	0.4202103876	0.0061755900	-102.9605178669
99	1.3066558946	0.0061755900	-282.7716319260
100	1.8593653886	0.0061755900	-363.9468641044
101	0.1859580463	0.0061755900	-43.5001709733
102	0.9216439117	0.0061755900	-200.0392594666
103	0.7467574198	0.0061755900	-152.8419269584
104	0.1211677044	0.0061755900	-38.0188639772
105	1.2768752952	0.0061755900	-287.5168423033
106	0.9377850226	0.0061755900	-207.4215543186
107	0.3750665855	0.0061755900	-96.4407666828
108	1.0063731162	0.0061755900	-227.9995361924
109	1.8642918213	0.0061755900	-384.2714831790
110	1.1738682434	0.0061755900	-255.2881312350
111	0.0000000000	0.0061755900	-2.3248510593
112	1.5537783348	0.0061755900	-327.2008358334
113	1.6664700187	0.0061755900	-354.0071576444
114	1.2943987617	0.0061755900	-291.2154906969
115	1.5865208798	0.0061755900	-335.9571935999
116	2.0988853527	0.0061755900	-432.4669041228
117	1.9633134556	0.0061755900	-411.3880875905
118	1.2589813756	0.0061755900	-271.0662886441
119	0.6251102403	0.0061755900	-154.6141218315
120	1.6962755136	0.0061755900	-358.2949769993
121	0.2099846954	0.0061755900	-53.1325557418
122	0.1316175651	0.0061755900	-35.7178211644
123	1.2144787037	0.0061755900	-237.8475722882
124	1.4098933631	0.0061755900	-294.5298979270
