site	rate	t	lnL
1	1.4064014810	0.0060591030	-291.7912013276
2	0.5521048454	0.0060591030	-128.8309270833
3	1.1150105052	0.0060591030	-237.7787965046
4	0.6963069421	0.0060591030	-153.9148121152
5	0.0453792053	0.0060591030	-14.2843967027
6	1.2048359496	0.0060591030	-258.7199529886
7	0.4103579079	0.0060591030	-93.6728148618
8	0.2751030153	0.0060591030	-67.3336354731
9	1.4736657048	0.0060591030	-314.5616072613
10	1.5126503430	0.0060591030	-316.9829391284
11	0.2126367577	0.0060591030	-56.7115333305
12	1.8103770102	0.0060591030	-370.2070310712
13	0.4295112611	0.0060591030	-101.8748867003
14	2.1113673942	0.0060591030	-415.2793795277
15	0.5536889217	0.0060591030	-124.0007055040
16	0.5879714820	0.0060591030	-139.5918387796
17	1.2583984455	0.0060591030	-271.8772854587
18	1.2575226550	0.0060591030	-274.3278266149
19	0.8861711322	0.0060591030	-194.4037223554
20	0.1695500198	0.0060591030	-46.9659185090
21	1.5983258840	0.0060591030	-329.7459334706
22	1.1933905963	0.0060591030	-238.4984268609
23	0.3210722003	0.0060591030	-73.0166378390
24	0.0000000000	0.0060591030	-3.2042249800
25	1.1946304996	0.0060591030	-252.6099992081
26	0.1696460664	0.0060591030	-47.2764142713
27	0.7767664997	0.0060591030	-163.8588633367
28	0.0000000000	0.0060591030	-2.1964766842
29	0.1830764042	0.0060591030	-46.9821956337
30	0.5351841260	0.0060591030	-131.3807657143
31	1.0049583838	0.0060591030	-221.0745792675
32	0.3435913703	0.0060591030	-81.9861006990
33	0.2515557283	0.0060591030	-67.2547345351
34	1.8208703537	0.0060591030	-346.4050968600
35	1.7026352967	0.0060591030	-338.2434168780
36	1.3506767083	0.0060591030	-292.6944414363
37	0.5476263987	0.0060591030	-129.4102064910
38	1.7200049430	0.0060591030	-348.1418538238
39	1.6037890712	0.0060591030	-333.0185960476
40	0.1735765930	0.0060591030	-46.3111378098
41	0.5216651174	0.0060591030	-122.3031253393
42	1.5751474535	0.0060591030	-334.3727455356
43	0.9031170872	0.0060591030	-197.9293505846
44	1.7284954444	0.0060591030	-359.2714531751
45	0.7600153313	0.0060591030	-172.9328896010
46	1.4581247513	0.0060591030	-305.9075757467
47	2.0675359861	0.0060591030	-413.2119584792
48	0.8097224677	0.0060591030	-182.9321597321
49	1.1332279231	0.0060591030	-243.9706940298
50	0.5535899157	0.0060591030	-134.1943600873
51	0.0000000000	0.0060591030	-3.0328445759
52	0.3313816870	0.0060591030	-85.3613630013
53	0.3670021884	0.0060591030	-82.7454697218
54	0.2504039888	0.0060591030	-66.1553533266
55	0.3313950146	0.0060591030	-82.8788123048
56	0.6847189041	0.0060591030	-154.5868395494
57	0.0419686592	0.0060591030	-15.5557493503
58	1.1307833873	0.0060591030	-243.7669749152
59	1.6379743387	0.0060591030	-341.9874316623
60	0.1696545115	0.0060591030	-46.2786932190
61	0.0000000000	0.0060591030	-2.1964766842
62	1.5958489887	0.0060591030	-307.1088978708
63	0.2517121404	0.0060591030	-67.7811869076
64	0.2119878136	0.0060591030	-55.2553236633
65	1.0437074330	0.0060591030	-221.3298989708
66	0.1272667157	0.0060591030	-36.8407941863
67	1.7083932438	0.0060591030	-346.8283095419
68	0.2544645746	0.0060591030	-67.2935220764
69	1.7893671885	0.0060591030	-350.8914955073
70	0.8598108101	0.0060591030	-190.4812525942
71	1.6449753033	0.0060591030	-329.8235709457
72	1.0473606384	0.0060591030	-227.3004992978
73	0.0907498246	0.0060591030	-25.9309817810
74	1.8757396746	0.0060591030	-371.4768844707
75	1.9183322912	0.0060591030	-371.3181470746
76	0.6741779397	0.0060591030	-157.3222586453
77	0.0000000000	0.0060591030	-2.1964766842
78	1.0121068052	0.0060591030	-226.5275943367
79	1.9139656517	0.0060591030	-362.2391115281
80	1.5887777922	0.0060591030	-322.8818361845
81	0.9104614444	0.0060591030	-189.8698691376
82	1.6941662463	0.0060591030	-346.9708001767
83	1.6637143898	0.0060591030	-340.2154869325
84	0.9849653592	0.0060591030	-213.4723571079
85	1.3082524473	0.0060591030	-275.9530885352
86	0.3821206848	0.0060591030	-93.5579937578
87	1.2328208489	0.0060591030	-266.2530662833
88	0.3288781468	0.0060591030	-87.5688779227
89	0.2750991873	0.0060591030	-67.2908191577
90	1.5754148191	0.0060591030	-324.5338614532
91	0.0453588299	0.0060591030	-15.4311284737
92	0.9086729361	0.0060591030	-184.8862009359
93	1.4655256273	0.0060591030	-286.5608387782
94	0.4295539932	0.0060591030	-104.7568630661
95	1.9008294205	0.0060591030	-398.8768928896
96	1.4768131370	0.0060591030	-314.4871016913
97	1.3188971228	0.0060591030	-279.0038358632
98	2.3735421992	0.0060591030	-434.0290227194
99	2.2440650362	0.0060591030	-453.0846488054
100	0.0000000000	0.0060591030	-3.0328445759
101	0.1716599325	0.0060591030	-44.9496359629
102	2.0220586331	0.0060591030	-396.8732404603
103	1.9261000188	0.0060591030	-381.7389652938
104	0.0848054018	0.0060591030	-26.5645703393
105	1.4650142590	0.0060591030	-284.4934192881
106	1.8950805768	0.0060591030	-382.6266524774
107	0.4682129052	0.0060591030	-113.0592528665
108	1.5836797178	0.0060591030	-329.9436747857
109	2.6886221672	0.0060591030	-521.9260358841
110	1.4732212055	0.0060591030	-284.5488815386
111	0.0000000000	0.0060591030	-2.1964766842
112	1.6388907902	0.0060591030	-313.1496313655
113	2.8057324061	0.0060591030	-535.2811097962
114	0.7643951688	0.0060591030	-176.0433083744
115	1.7942409568	0.0060591030	-338.0201101215
116	1.2637534142	0.0060591030	-262.4984521336
117	0.5501370540	0.0060591030	-119.3347395065
118	1.3783151768	0.0060591030	-272.2407168328
119	0.8932047689	0.0060591030	-200.9836388816
120	1.5407405072	0.0060591030	-320.4358078243
121	1.2337089177	0.0060591030	-259.8335621770
122	0.0000000000	0.0060591030	-2.1964766842
123	1.5759548737	0.0060591030	-323.4565869708
124	1.5120585099	0.0060591030	-322.4842978603
