site	rate	t	lnL
1	1.2100083413	0.0006749048	-36.1883515372
2	0.0000000000	0.0006749048	-2.9931838602
3	3.0466096838	0.0006749048	-81.8236725150
4	1.5491071129	0.0006749048	-48.2274724708
5	0.4034236259	0.0006749048	-15.6114532456
6	0.7547924675	0.0006749048	-26.6658537885
7	0.0000000000	0.0006749048	-2.1141863993
8	0.0000000000	0.0006749048	-2.1141863993
9	1.2355486606	0.0006749048	-36.5678099783
10	2.3193283549	0.0006749048	-68.2493796633
11	0.3838351197	0.0006749048	-15.1210339726
12	1.4739015201	0.0006749048	-48.5264860783
13	2.2478723194	0.0006749048	-66.0519443302
14	0.8012321494	0.0006749048	-26.3845202866
15	0.8234331398	0.0006749048	-25.5292962012
16	0.7743459886	0.0006749048	-26.2760323474
17	1.1416505862	0.0006749048	-35.4318052994
18	0.7677927726	0.0006749048	-26.9757137715
19	1.9046796761	0.0006749048	-57.5101205036
20	0.0000000000	0.0006749048	-2.3421523884
21	0.4117462462	0.0006749048	-14.1718518129
22	0.7743483038	0.0006749048	-25.5884724328
23	1.2355161792	0.0006749048	-34.3939183758
24	0.0000000000	0.0006749048	-2.7375495451
25	0.7545632523	0.0006749048	-27.3068750130
26	0.0000000000	0.0006749048	-2.7630576744
27	0.0000000000	0.0006749048	-3.2123095709
28	0.0000000000	0.0006749048	-2.2748651903
29	0.8072432219	0.0006749048	-26.8601016087
30	0.3741566116	0.0006749048	-15.7457630427
31	1.1518203077	0.0006749048	-38.4055139580
32	1.2111041651	0.0006749048	-35.8550250229
33	0.3804429752	0.0006749048	-16.4249746405
34	1.2004396559	0.0006749048	-36.7040102876
35	1.1325147262	0.0006749048	-37.0219408696
36	1.9201370226	0.0006749048	-57.5228220335
37	0.0000000000	0.0006749048	-2.7375495451
38	0.3710133983	0.0006749048	-16.7358003849
39	0.3714333607	0.0006749048	-15.8793903757
40	0.7678369686	0.0006749048	-27.3185464237
41	0.3838626620	0.0006749048	-15.5537744449
42	1.1323486997	0.0006749048	-37.7630075891
43	1.2013161294	0.0006749048	-36.7159884303
44	1.1140285420	0.0006749048	-37.1946469120
45	1.1511775701	0.0006749048	-38.3023982708
46	1.5360521316	0.0006749048	-46.9433745621
47	0.3804430866	0.0006749048	-14.4112939646
48	1.1416297751	0.0006749048	-38.0751017363
49	0.0000000000	0.0006749048	-3.4271745261
50	0.0000000000	0.0006749048	-2.9931838602
51	0.0000000000	0.0006749048	-2.3421523884
52	0.0000000000	0.0006749048	-2.7375495451
53	0.4117676170	0.0006749048	-14.7166043035
54	0.3742137091	0.0006749048	-15.9233553797
55	1.8416834380	0.0006749048	-58.0467494840
56	0.0000000000	0.0006749048	-3.4187234315
57	0.3804431437	0.0006749048	-16.4249746405
58	3.4278431496	0.0006749048	-94.8315987496
59	3.8092086337	0.0006749048	-105.2225029769
60	0.4117755715	0.0006749048	-14.1706014067
61	0.0000000000	0.0006749048	-2.2748651903
62	1.1232476220	0.0006749048	-38.9350452421
63	0.7363130476	0.0006749048	-26.8833145436
64	2.2481509907	0.0006749048	-64.7866079884
65	0.7678357074	0.0006749048	-26.8527982179
66	0.0000000000	0.0006749048	-2.2748651903
67	0.4005670029	0.0006749048	-14.3210361215
68	1.1595866601	0.0006749048	-37.8710719402
69	2.2656548208	0.0006749048	-67.5725333036
70	0.3804242078	0.0006749048	-16.4050295037
71	1.6107020199	0.0006749048	-45.3705558744
72	0.7485284132	0.0006749048	-27.9422013224
73	0.0000000000	0.0006749048	-2.2748651903
74	1.5100061477	0.0006749048	-47.3637529710
75	1.5357516222	0.0006749048	-47.2818579787
76	3.1030007478	0.0006749048	-84.0704255702
77	0.0000000000	0.0006749048	-2.2748651903
78	2.2466576517	0.0006749048	-66.6428413454
79	1.8730738015	0.0006749048	-56.0258506337
80	0.3772553781	0.0006749048	-15.4812701185
81	0.3741518957	0.0006749048	-16.1346732431
82	1.5361040753	0.0006749048	-47.3725010557
83	0.0000000000	0.0006749048	-3.4141654291
84	0.0000000000	0.0006749048	-3.7198805131
85	1.5224090324	0.0006749048	-49.3123664826
86	2.8041987565	0.0006749048	-75.5568549051
87	1.5100403226	0.0006749048	-47.9031417605
88	4.0073753897	0.0006749048	-102.2424425372
89	0.0000000000	0.0006749048	-2.1141863993
90	0.7714325958	0.0006749048	-26.7123103530
91	0.0000000000	0.0006749048	-2.2748651903
92	0.7361299846	0.0006749048	-26.8296246601
93	2.2484615089	0.0006749048	-65.8444225057
94	0.0000000000	0.0006749048	-2.1141863993
95	0.0000000000	0.0006749048	-3.0298250282
96	1.1532872516	0.0006749048	-34.5371064546
97	3.1813887929	0.0006749048	-86.2563720981
98	0.0000000000	0.0006749048	-2.3421523884
99	2.6704543968	0.0006749048	-77.1765575722
100	0.0000000000	0.0006749048	-2.3421523884
101	0.4117836951	0.0006749048	-13.6445515894
102	1.1320915099	0.0006749048	-38.4624829565
103	3.4824022315	0.0006749048	-95.7513790412
104	0.0000000000	0.0006749048	-2.7630576744
105	1.6476039082	0.0006749048	-45.7731741927
106	0.7743289536	0.0006749048	-25.9251333817
107	0.7624359410	0.0006749048	-25.1211089696
108	1.5463798935	0.0006749048	-47.8013313068
109	2.2277508284	0.0006749048	-67.2053224732
110	1.1229575350	0.0006749048	-37.6843820250
111	0.0000000000	0.0006749048	-2.2748651903
112	0.7675978787	0.0006749048	-27.8303207853
113	0.3741518424	0.0006749048	-16.1301151274
114	1.6019889659	0.0006749048	-48.3502196070
115	0.0000000000	0.0006749048	-3.4141654291
116	1.5492825876	0.0006749048	-45.4834588876
117	2.2279498105	0.0006749048	-68.9626419498
118	0.0000000000	0.0006749048	-2.8693616649
119	1.2354935574	0.0006749048	-34.8996625516
120	1.2356378024	0.0006749048	-36.7902811175
121	1.5253376806	0.0006749048	-46.2445118883
122	0.8222500157	0.0006749048	-25.4902084930
123	1.5224443099	0.0006749048	-47.3635507549
124	0.4005670485	0.0006749048	-14.9898926065
