site	rate	t	lnL
1	0.0000000000	0.0005839174	-2.9957322736
2	0.0000000000	0.0005839174	-2.9957322736
3	10.6637143289	0.0005839174	-30.2201283125
4	0.0000000000	0.0005839174	-2.9957322736
5	0.0000000000	0.0005839174	-2.9957322736
6	0.0000000000	0.0005839174	-2.9957322736
7	3.5460686915	0.0005839174	-13.1714286611
8	0.0000000000	0.0005839174	-2.9957322736
9	0.0000000000	0.0005839174	-2.9957322736
10	0.0000000000	0.0005839174	-2.9957322736
11	0.0000000000	0.0005839174	-2.9957322736
12	0.0000000000	0.0005839174	-2.9957322736
13	3.5456984904	0.0005839174	-13.1715324922
14	0.0000000000	0.0005839174	-2.9957322736
15	0.0000000000	0.0005839174	-2.9957322736
16	3.5460685643	0.0005839174	-13.1714286611
17	3.5460684811	0.0005839174	-13.1714286827
18	0.0000000000	0.0005839174	-2.9957322736
19	0.0000000000	0.0005839174	-2.9957322736
20	0.0000000000	0.0005839174	-2.9957322736
21	0.0000000000	0.0005839174	-2.9957322736
22	3.5460683042	0.0005839174	-13.1714286827
23	0.0000000000	0.0005839174	-2.9957322736
24	0.0000000000	0.0005839174	-2.9957322736
25	0.0000000000	0.0005839174	-2.9957322736
26	0.0000000000	0.0005839174	-2.9957322736
27	0.0000000000	0.0005839174	-2.9957322736
28	0.0000000000	0.0005839174	-2.9957322736
29	0.0000000000	0.0005839174	-2.9957322736
30	0.0000000000	0.0005839174	-2.9957322736
31	0.0000000000	0.0005839174	-2.9957322736
32	3.5456991902	0.0005839174	-13.1715324922
33	0.0000000000	0.0005839174	-2.9957322736
34	3.5456988804	0.0005839174	-13.1715324922
35	3.5456992811	0.0005839174	-13.1715324922
36	7.1024787755	0.0005839174	-21.9580272235
37	3.5456979885	0.0005839174	-13.1715324922
38	0.0000000000	0.0005839174	-2.9957322736
39	0.0000000000	0.0005839174	-2.9957322736
40	0.0000000000	0.0005839174	-2.9957322736
41	0.0000000000	0.0005839174	-2.9957322736
42	7.1009926716	0.0005839174	-21.9584435864
43	0.0000000000	0.0005839174	-2.9957322736
44	0.0000000000	0.0005839174	-2.9957322736
45	0.0000000000	0.0005839174	-2.9957322736
46	0.0000000000	0.0005839174	-2.9957322736
47	0.0000000000	0.0005839174	-2.9957322736
48	0.0000000000	0.0005839174	-2.9957322736
49	0.0000000000	0.0005839174	-2.9957322736
50	0.0000000000	0.0005839174	-2.9957322736
51	0.0000000000	0.0005839174	-2.9957322736
52	0.0000000000	0.0005839174	-2.9957322736
53	3.5456992748	0.0005839174	-13.1715324922
54	7.1002483828	0.0005839174	-21.9586520372
55	0.0000000000	0.0005839174	-2.9957322736
56	0.0000000000	0.0005839174	-2.9957322736
57	0.0000000000	0.0005839174	-2.9957322736
58	0.0000000000	0.0005839174	-2.9957322736
59	0.0000000000	0.0005839174	-2.9957322736
60	0.0000000000	0.0005839174	-2.9957322736
61	0.0000000000	0.0005839174	-2.9957322736
62	3.5460677324	0.0005839174	-13.1714286827
63	0.0000000000	0.0005839174	-2.9957322736
64	0.0000000000	0.0005839174	-2.9957322736
65	0.0000000000	0.0005839174	-2.9957322736
66	0.0000000000	0.0005839174	-2.9957322736
67	0.0000000000	0.0005839174	-2.9957322736
68	0.0000000000	0.0005839174	-2.9957322736
69	0.0000000000	0.0005839174	-2.9957322736
70	0.0000000000	0.0005839174	-2.9957322736
71	0.0000000000	0.0005839174	-2.9957322736
72	0.0000000000	0.0005839174	-2.9957322736
73	0.0000000000	0.0005839174	-2.9957322736
74	0.0000000000	0.0005839174	-2.9957322736
75	3.5460685885	0.0005839174	-13.1714286611
76	0.0000000000	0.0005839174	-2.9957322736
77	0.0000000000	0.0005839174	-2.9957322736
78	0.0000000000	0.0005839174	-2.9957322736
79	0.0000000000	0.0005839174	-2.9957322736
80	0.0000000000	0.0005839174	-2.9957322736
81	0.0000000000	0.0005839174	-2.9957322736
82	0.0000000000	0.0005839174	-2.9957322736
83	3.5460684049	0.0005839174	-13.1714286827
84	0.0000000000	0.0005839174	-2.9957322736
85	0.0000000000	0.0005839174	-2.9957322736
86	7.1002477787	0.0005839174	-21.9586521241
87	0.0000000000	0.0005839174	-2.9957322736
88	0.0000000000	0.0005839174	-2.9957322736
89	0.0000000000	0.0005839174	-2.9957322736
90	0.0000000000	0.0005839174	-2.9957322736
91	0.0000000000	0.0005839174	-2.9957322736
92	0.0000000000	0.0005839174	-2.9957322736
93	3.5456993277	0.0005839174	-13.1715324922
94	0.0000000000	0.0005839174	-2.9957322736
95	3.5460686055	0.0005839174	-13.1714286611
96	3.5456990279	0.0005839174	-13.1715324922
97	3.5456989790	0.0005839174	-13.1715324922
98	0.0000000000	0.0005839174	-2.9957322736
99	0.0000000000	0.0005839174	-2.9957322736
100	3.5456991873	0.0005839174	-13.1715324922
101	0.0000000000	0.0005839174	-2.9957322736
102	3.5460685705	0.0005839174	-13.1714286611
103	0.0000000000	0.0005839174	-2.9957322736
104	3.5460684706	0.0005839174	-13.1714286611
105	0.0000000000	0.0005839174	-2.9957322736
106	0.0000000000	0.0005839174	-2.9957322736
107	0.0000000000	0.0005839174	-2.9957322736
108	0.0000000000	0.0005839174	-2.9957322736
109	3.5460683825	0.0005839174	-13.1714286827
110	3.5460685295	0.0005839174	-13.1714286611
111	0.0000000000	0.0005839174	-2.9957322736
112	0.0000000000	0.0005839174	-2.9957322736
113	0.0000000000	0.0005839174	-2.9957322736
114	0.0000000000	0.0005839174	-2.9957322736
115	0.0000000000	0.0005839174	-2.9957322736
116	3.5460684710	0.0005839174	-13.1714286611
117	0.0000000000	0.0005839174	-2.9957322736
118	0.0000000000	0.0005839174	-2.9957322736
119	3.5456994063	0.0005839174	-13.1715324922
120	0.0000000000	0.0005839174	-2.9957322736
121	0.0000000000	0.0005839174	-2.9957322736
122	0.0000000000	0.0005839174	-2.9957322736
123	0.0000000000	0.0005839174	-2.9957322736
124	0.0000000000	0.0005839174	-2.9957322736
