site	rate	t	lnL
1	2.3066205303	0.0063273319	-60.5582583426
2	0.3272486921	0.0063273319	-13.1714286611
3	0.9839963894	0.0063273319	-30.2204422111
4	0.9842041194	0.0063273319	-30.2198139873
5	0.0000000000	0.0063273319	-2.9957322736
6	1.3135039612	0.0063273319	-38.1402431514
7	1.3140611041	0.0063273319	-38.1385641003
8	0.9839962873	0.0063273319	-30.2204422111
9	2.3081170596	0.0063273319	-60.5538005290
10	0.9840999037	0.0063273319	-30.2201285096
11	0.3272146043	0.0063273319	-13.1715324922
12	1.9754503971	0.0063273319	-53.2646384590
13	1.3139230953	0.0063273319	-38.1389817925
14	1.6437751755	0.0063273319	-45.8051727229
15	0.0000000000	0.0063273319	-2.9957322736
16	0.6552459365	0.0063273319	-21.9586520372
17	0.9841002388	0.0063273319	-30.2201281151
18	2.9735555239	0.0063273319	-74.7201062466
19	1.3137833822	0.0063273319	-38.1394024084
20	0.0000000000	0.0063273319	-2.9957322736
21	1.3136440229	0.0063273319	-38.1398222725
22	1.9760854049	0.0063273319	-53.2627374818
23	0.6553145922	0.0063273319	-21.9584435864
24	0.0000000000	0.0063273319	-2.9957322736
25	0.9839963896	0.0063273319	-30.2204422111
26	0.0000000000	0.0063273319	-2.9957322736
27	0.3272146114	0.0063273319	-13.1715324922
28	0.0000000000	0.0063273319	-2.9957322736
29	0.0000000000	0.0063273319	-2.9957322736
30	0.3272145722	0.0063273319	-13.1715324922
31	0.6552458963	0.0063273319	-21.9586521241
32	0.3272146114	0.0063273319	-13.1715324922
33	0.0000000000	0.0063273319	-2.9957322736
34	0.9840998602	0.0063273319	-30.2201285096
35	0.0000000000	0.0063273319	-2.9957322736
36	0.9841001490	0.0063273319	-30.2201283125
37	2.6392048960	0.0063273319	-67.7044081090
38	1.3139232290	0.0063273319	-38.1389817925
39	0.9842042908	0.0063273319	-30.2198139858
40	0.6553146080	0.0063273319	-21.9584434995
41	1.6439502887	0.0063273319	-45.8046465501
42	0.9842039705	0.0063273319	-30.2198143803
43	1.6439502843	0.0063273319	-45.8046465501
44	0.3272146056	0.0063273319	-13.1715324922
45	2.6403598073	0.0063273319	-67.7009898985
46	0.0000000000	0.0063273319	-2.9957322736
47	0.6552459138	0.0063273319	-21.9586520372
48	0.6552459258	0.0063273319	-21.9586520372
49	1.3137831195	0.0063273319	-38.1394027619
50	0.0000000000	0.0063273319	-2.9957322736
51	0.0000000000	0.0063273319	-2.9957322736
52	0.6551771762	0.0063273319	-21.9588605529
53	0.9840998602	0.0063273319	-30.2201285096
54	0.9841000630	0.0063273319	-30.2201285096
55	0.0000000000	0.0063273319	-2.9957322736
56	0.9838922055	0.0063273319	-30.2207562736
57	0.0000000000	0.0063273319	-2.9957322736
58	0.0000000000	0.0063273319	-2.9957322736
59	1.9752371148	0.0063273319	-53.2652746341
60	0.0000000000	0.0063273319	-2.9957322736
61	0.0000000000	0.0063273319	-2.9957322736
62	0.6551771027	0.0063273319	-21.9588605529
63	0.6551770854	0.0063273319	-21.9588605529
64	0.3272146114	0.0063273319	-13.1715324922
65	1.9752375751	0.0063273319	-53.2652738220
66	0.3272146114	0.0063273319	-13.1715324922
67	0.6552459056	0.0063273319	-21.9586520372
68	1.9752376906	0.0063273319	-53.2652738256
69	2.3078670309	0.0063273319	-60.5545444089
70	1.9750248628	0.0063273319	-53.2659091216
71	0.3272146050	0.0063273319	-13.1715324922
72	2.3071230313	0.0063273319	-60.5567669058
73	0.0000000000	0.0063273319	-2.9957322736
74	0.0000000000	0.0063273319	-2.9957322736
75	0.3272146114	0.0063273319	-13.1715324922
76	0.9842040970	0.0063273319	-30.2198139858
77	0.0000000000	0.0063273319	-2.9957322736
78	0.6552459352	0.0063273319	-21.9586520372
79	0.0000000000	0.0063273319	-2.9957322736
80	3.6465278758	0.0063273319	-88.4164088253
81	1.3136440984	0.0063273319	-38.1398222725
82	1.3136444515	0.0063273319	-38.1398215695
83	1.3139232200	0.0063273319	-38.1389817961
84	0.9841001878	0.0063273319	-30.2201279196
85	0.0000000000	0.0063273319	-2.9957322736
86	0.9839960159	0.0063273319	-30.2204424083
87	1.9745983778	0.0063273319	-53.2671811230
88	0.9842039917	0.0063273319	-30.2198141830
89	0.0000000000	0.0063273319	-2.9957322736
90	1.6441261637	0.0063273319	-45.8041192144
91	0.0000000000	0.0063273319	-2.9957322736
92	0.9838922811	0.0063273319	-30.2207562736
93	0.9839964059	0.0063273319	-30.2204422111
94	0.0000000000	0.0063273319	-2.9957322736
95	0.3272146114	0.0063273319	-13.1715324922
96	1.9748116823	0.0063273319	-53.2665451583
97	0.9841001211	0.0063273319	-30.2201281154
98	0.6552457869	0.0063273319	-21.9586521241
99	0.3272486921	0.0063273319	-13.1714286611
100	0.9839961439	0.0063273319	-30.2204422112
101	1.3136437785	0.0063273319	-38.1398226260
102	0.3272146025	0.0063273319	-13.1715324922
103	1.6437740461	0.0063273319	-45.8051743859
104	0.0000000000	0.0063273319	-2.9957322736
105	1.6439502972	0.0063273319	-45.8046465507
106	1.3135038996	0.0063273319	-38.1402431514
107	1.3136440100	0.0063273319	-38.1398222725
108	1.3135039060	0.0063273319	-38.1402431514
109	1.3135039356	0.0063273319	-38.1402431514
110	1.6446520321	0.0063273319	-45.8025398540
111	0.0000000000	0.0063273319	-2.9957322736
112	2.3078681539	0.0063273319	-60.5545427505
113	2.6400704839	0.0063273319	-67.7018453185
114	0.6552459056	0.0063273319	-21.9586520372
115	1.3135037893	0.0063273319	-38.1402431514
116	3.3078269485	0.0063273319	-81.6247951365
117	1.9750246643	0.0063273319	-53.2659091226
118	0.3272486500	0.0063273319	-13.1714286827
119	2.3073725311	0.0063273319	-60.5560238046
120	2.3073708880	0.0063273319	-60.5560260226
121	2.3076220207	0.0063273319	-60.5552806408
122	0.3272145880	0.0063273319	-13.1715324922
123	2.3073718513	0.0063273319	-60.5560249107
124	1.3136440149	0.0063273319	-38.1398222725
