site	rate	t	lnL
1	1.3430906966	0.0064894046	-37.8268805842
2	0.0000000000	0.0064894046	-2.6037140254
3	3.0009908046	0.0064894046	-74.1207102804
4	0.3111637420	0.0064894046	-14.5100660731
5	0.0000000000	0.0064894046	-2.3600919428
6	0.9511171665	0.0064894046	-31.9518697685
7	0.3383414815	0.0064894046	-13.0407292931
8	0.6699079370	0.0064894046	-21.4948381492
9	0.3110224670	0.0064894046	-14.3585920032
10	2.3121761082	0.0064894046	-64.0154386609
11	0.6557759856	0.0064894046	-20.2539687956
12	0.9840546297	0.0064894046	-30.2492252067
13	0.3273371865	0.0064894046	-13.4142969820
14	0.6415753494	0.0064894046	-23.0509324740
15	0.0000000000	0.0064894046	-2.2631753856
16	0.0000000000	0.0064894046	-3.4136868457
17	1.5972032316	0.0064894046	-46.2927326233
18	0.6334715132	0.0064894046	-23.0314239150
19	1.6108297967	0.0064894046	-46.1144578694
20	0.0000000000	0.0064894046	-2.5243592447
21	3.1415415009	0.0064894046	-84.1259838271
22	1.0175576186	0.0064894046	-29.0407671800
23	4.2004172100	0.0064894046	-101.0189928678
24	0.6331034845	0.0064894046	-21.2282741979
25	1.3233088089	0.0064894046	-38.3515049215
26	0.0000000000	0.0064894046	-3.6561546698
27	0.0000000000	0.0064894046	-2.6894490781
28	0.0000000000	0.0064894046	-2.3600919428
29	1.6822879989	0.0064894046	-43.6575365994
30	1.3281187877	0.0064894046	-41.8880984923
31	0.9403935750	0.0064894046	-30.3972237254
32	0.0000000000	0.0064894046	-2.2631753856
33	0.0000000000	0.0064894046	-3.0475828115
34	0.3295188352	0.0064894046	-13.0858385873
35	0.9912654432	0.0064894046	-27.8965666563
36	2.0204613641	0.0064894046	-51.8399500417
37	0.0000000000	0.0064894046	-3.1899692965
38	1.3176013309	0.0064894046	-41.3143787661
39	1.2683220205	0.0064894046	-38.8083622547
40	0.9966589908	0.0064894046	-31.4356786295
41	0.0000000000	0.0064894046	-2.5689897670
42	0.3322199297	0.0064894046	-12.6950516915
43	0.3112338265	0.0064894046	-13.7650044323
44	0.6602077950	0.0064894046	-20.1558201283
45	0.6274620313	0.0064894046	-21.5591166818
46	2.6211390510	0.0064894046	-68.5317809662
47	0.6371091672	0.0064894046	-21.8037122313
48	1.6803841703	0.0064894046	-46.6151694793
49	0.9501848903	0.0064894046	-29.7339114155
50	0.0000000000	0.0064894046	-2.2631753856
51	0.0000000000	0.0064894046	-2.5243592447
52	2.5880141363	0.0064894046	-66.7992401665
53	0.0000000000	0.0064894046	-2.3654449164
54	1.3147499409	0.0064894046	-38.4214445822
55	0.3383965701	0.0064894046	-11.7498572481
56	0.9399240739	0.0064894046	-32.3079317279
57	0.3188925595	0.0064894046	-12.7524796064
58	1.2874677903	0.0064894046	-37.4899665851
59	0.6513581057	0.0064894046	-21.1830891121
60	0.6356777909	0.0064894046	-21.0089445635
61	0.0000000000	0.0064894046	-2.3600919428
62	1.2863460317	0.0064894046	-37.6245993753
63	0.3133785765	0.0064894046	-14.2776072492
64	1.6496787346	0.0064894046	-45.6032871084
65	1.9548277854	0.0064894046	-53.9313158242
66	1.3008869366	0.0064894046	-39.7423434931
67	1.6403856638	0.0064894046	-48.3818329639
68	0.3165030855	0.0064894046	-13.2599352326
69	0.9847705412	0.0064894046	-28.4340914937
70	0.3273371861	0.0064894046	-13.4142969820
71	2.2093552359	0.0064894046	-62.5028623975
72	1.9630899496	0.0064894046	-54.4742114615
73	0.0000000000	0.0064894046	-2.3600919428
74	0.0000000000	0.0064894046	-2.5243592447
75	1.2687228021	0.0064894046	-37.7811012201
76	0.6328280197	0.0064894046	-23.9950190976
77	0.0000000000	0.0064894046	-2.3600919428
78	0.6418082448	0.0064894046	-22.2535883197
79	0.6607497094	0.0064894046	-20.4370820307
80	2.3062066231	0.0064894046	-61.4836683074
81	2.6533234614	0.0064894046	-66.7674868654
82	1.3584161810	0.0064894046	-37.9796681588
83	1.5983363303	0.0064894046	-49.9846145446
84	0.0000000000	0.0064894046	-3.4136868457
85	0.9406594180	0.0064894046	-30.1928555800
86	0.9635362615	0.0064894046	-30.3529688751
87	1.2709393948	0.0064894046	-37.8982007272
88	0.3251952062	0.0064894046	-12.2158804590
89	0.0000000000	0.0064894046	-2.3654449164
90	1.3586385474	0.0064894046	-37.4556885848
91	0.0000000000	0.0064894046	-2.3600919428
92	1.6450276928	0.0064894046	-41.8469025908
93	1.6799665710	0.0064894046	-45.7008954470
94	3.3821703109	0.0064894046	-84.3804006808
95	1.0170825568	0.0064894046	-30.6540948684
96	1.3584148060	0.0064894046	-35.4764613291
97	3.1486467949	0.0064894046	-84.8864495844
98	1.6492386462	0.0064894046	-46.9803607124
99	0.9507644882	0.0064894046	-30.6053079643
100	0.0000000000	0.0064894046	-2.5243592447
101	0.3345531439	0.0064894046	-13.1469558766
102	1.0136884474	0.0064894046	-30.3588728627
103	0.3346228978	0.0064894046	-11.8579758775
104	0.0000000000	0.0064894046	-3.1605664999
105	1.5440711360	0.0064894046	-48.6847037166
106	2.3116402193	0.0064894046	-63.7487232012
107	3.7920661591	0.0064894046	-93.2524440342
108	1.3138482836	0.0064894046	-40.7493779676
109	1.3054989415	0.0064894046	-37.8868828074
110	1.3164703123	0.0064894046	-38.6688886634
111	0.0000000000	0.0064894046	-2.3600919428
112	0.3272347934	0.0064894046	-12.9190214932
113	1.7006565578	0.0064894046	-46.2915568992
114	0.0000000000	0.0064894046	-3.1953394666
115	0.9353001656	0.0064894046	-30.8794836533
116	1.2429464320	0.0064894046	-43.2356018517
117	3.6659382239	0.0064894046	-92.0849166589
118	1.2489116138	0.0064894046	-40.3586791330
119	0.6480582294	0.0064894046	-22.7319027544
120	1.2480191484	0.0064894046	-41.2075775519
121	0.0000000000	0.0064894046	-2.5243592447
122	0.0000000000	0.0064894046	-2.3600919428
123	1.5635030796	0.0064894046	-47.3659859575
124	0.6338700111	0.0064894046	-21.1003625652
