site	rate	t	lnL
1	2.2514557074	0.0064602911	-60.2279686915
2	0.9976733246	0.0064602911	-28.8057167698
3	2.2747850272	0.0064602911	-61.3338061438
4	2.6154333608	0.0064602911	-68.0353706698
5	4.1145374225	0.0064602911	-92.1266900833
6	1.9313023611	0.0064602911	-55.4854515024
7	0.6641834411	0.0064602911	-19.9422288423
8	0.6801813334	0.0064602911	-21.6052344553
9	0.3224803418	0.0064602911	-13.4267512385
10	1.9695645031	0.0064602911	-52.5614718442
11	0.6346720698	0.0064602911	-22.8548214057
12	1.6441645308	0.0064602911	-45.7708567826
13	1.9419333495	0.0064602911	-53.0599813222
14	0.0000000000	0.0064602911	-2.7219761030
15	0.3396314576	0.0064602911	-12.1144506445
16	1.3317108470	0.0064602911	-37.7277114563
17	0.0000000000	0.0064602911	-2.9264874177
18	0.6438242729	0.0064602911	-21.7637375562
19	2.2680712820	0.0064602911	-62.4477456942
20	0.0000000000	0.0064602911	-2.7219761030
21	1.3026737777	0.0064602911	-37.1513100432
22	1.3316848399	0.0064602911	-37.5910082364
23	0.6433067350	0.0064602911	-21.4830373396
24	0.3258982843	0.0064602911	-13.1158649616
25	0.6313280345	0.0064602911	-21.3951904792
26	0.0000000000	0.0064602911	-2.7234146072
27	0.3142531239	0.0064602911	-13.7223852407
28	0.0000000000	0.0064602911	-2.4552353030
29	0.3392976302	0.0064602911	-13.1494762984
30	0.0000000000	0.0064602911	-3.5058441064
31	0.9802835126	0.0064602911	-29.9976691589
32	1.3300085544	0.0064602911	-37.6742110629
33	0.0000000000	0.0064602911	-3.7792873552
34	1.2922345102	0.0064602911	-37.2499375549
35	0.6786093974	0.0064602911	-21.4583204472
36	1.3021907174	0.0064602911	-37.5193512601
37	0.9625730830	0.0064602911	-31.3448192911
38	1.3082121134	0.0064602911	-37.2135810721
39	1.5713295593	0.0064602911	-45.1205463194
40	2.0025628026	0.0064602911	-52.5047750074
41	1.5673211449	0.0064602911	-46.4827025180
42	1.9089913170	0.0064602911	-54.8270275620
43	1.2724297895	0.0064602911	-38.8545775641
44	1.9684739762	0.0064602911	-51.4471141395
45	2.0033502104	0.0064602911	-51.2114920044
46	0.0000000000	0.0064602911	-2.7219761030
47	1.0018546735	0.0064602911	-30.3086081572
48	3.1607700964	0.0064602911	-79.4016716482
49	0.3217712457	0.0064602911	-12.8908764873
50	0.6525156449	0.0064602911	-21.4669081079
51	0.0000000000	0.0064602911	-2.7219761030
52	0.3396385733	0.0064602911	-12.4078860825
53	0.6643937275	0.0064602911	-20.9096153909
54	0.6441390330	0.0064602911	-22.4581824997
55	0.3202250471	0.0064602911	-12.6991587037
56	0.0000000000	0.0064602911	-3.2305681585
57	0.0000000000	0.0064602911	-3.0609430636
58	3.9040036670	0.0064602911	-93.9425227879
59	1.5838553638	0.0064602911	-45.1106817467
60	0.3396680247	0.0064602911	-11.8923518352
61	0.0000000000	0.0064602911	-2.4552353030
62	0.6801813334	0.0064602911	-22.1187829125
63	0.6444554110	0.0064602911	-20.8819395493
64	1.6290777241	0.0064602911	-46.5483840641
65	1.0017976896	0.0064602911	-29.5968269898
66	0.6398427647	0.0064602911	-21.3241884132
67	0.9531221474	0.0064602911	-30.8497817230
68	1.8890932592	0.0064602911	-54.6147486737
69	2.2411147484	0.0064602911	-61.1354096046
70	0.6256624389	0.0064602911	-23.2064949075
71	0.0000000000	0.0064602911	-2.4552353030
72	1.0213527751	0.0064602911	-30.1694755102
73	0.0000000000	0.0064602911	-2.4552353030
74	1.3517734553	0.0064602911	-37.1595747713
75	1.9422882507	0.0064602911	-54.0531151439
76	1.2548007999	0.0064602911	-38.1952064095
77	0.0000000000	0.0064602911	-2.4552353030
78	1.2948943652	0.0064602911	-38.9525285006
79	1.9493417898	0.0064602911	-52.3649634047
80	0.0000000000	0.0064602911	-2.5014233510
81	0.3316761735	0.0064602911	-12.5736764012
82	0.6313891546	0.0064602911	-21.5732685556
83	0.6461709819	0.0064602911	-22.0605357742
84	0.0000000000	0.0064602911	-3.6416265693
85	1.2752237133	0.0064602911	-35.7353924021
86	0.3194000649	0.0064602911	-14.0018421605
87	0.6793219916	0.0064602911	-22.3901876904
88	1.0198626633	0.0064602911	-29.2194194045
89	0.0000000000	0.0064602911	-2.2689460926
90	0.9479817146	0.0064602911	-30.6395215596
91	0.0000000000	0.0064602911	-2.4552353030
92	0.3195588601	0.0064602911	-12.5128333987
93	0.3216979528	0.0064602911	-12.9776963576
94	0.3201215459	0.0064602911	-13.7039022346
95	0.6285065341	0.0064602911	-23.3151085967
96	2.2213038490	0.0064602911	-61.3440111249
97	1.2824186554	0.0064602911	-39.1739920923
98	1.5858053643	0.0064602911	-46.2953926009
99	0.9533976949	0.0064602911	-29.6958842192
100	0.0000000000	0.0064602911	-2.7219761030
101	0.9375243212	0.0064602911	-29.6684083895
102	0.9666842687	0.0064602911	-30.1642748001
103	2.2917844778	0.0064602911	-61.8559050713
104	0.0000000000	0.0064602911	-2.9223806357
105	1.2953309939	0.0064602911	-39.9564214663
106	1.5929023637	0.0064602911	-46.7835412902
107	1.9581108236	0.0064602911	-54.1189369762
108	1.3062446011	0.0064602911	-38.9617182632
109	0.6310731584	0.0064602911	-22.1904597139
110	0.9710505824	0.0064602911	-28.7826088624
111	0.0000000000	0.0064602911	-2.4552353030
112	2.8825643285	0.0064602911	-75.5561232194
113	1.8895182613	0.0064602911	-54.8870994731
114	2.2032355872	0.0064602911	-62.0326475102
115	0.9476750919	0.0064602911	-31.5320135107
116	1.9148362111	0.0064602911	-52.5293814293
117	0.0000000000	0.0064602911	-2.7234146072
118	0.9799389499	0.0064602911	-30.4287666776
119	1.2850743017	0.0064602911	-37.7133439538
120	0.9416161589	0.0064602911	-31.5461518796
121	0.0000000000	0.0064602911	-2.7219761030
122	0.0000000000	0.0064602911	-2.4552353030
123	0.9680292291	0.0064602911	-30.0116541593
124	0.6498934557	0.0064602911	-20.9580589615
