site	rate	t	lnL
1	1.5286883528	0.0054372505	-38.1398222728
2	1.5286880272	0.0054372505	-38.1398226260
3	1.5285261179	0.0054372505	-38.1402420954
4	0.7625100557	0.0054372505	-21.9586520372
5	0.0000000000	0.0054372505	-2.9957322736
6	0.7625899612	0.0054372505	-21.9584435864
7	0.3807798197	0.0054372505	-13.1715324922
8	0.0000000000	0.0054372505	-2.9957322736
9	1.5285256700	0.0054372505	-38.1402427983
10	1.9128609257	0.0054372505	-45.8051743859
11	0.3807798410	0.0054372505	-13.1715324922
12	2.6845076567	0.0054372505	-60.5575132083
13	0.0000000000	0.0054372505	-2.9957322736
14	0.3807797918	0.0054372505	-13.1715324922
15	0.7625100928	0.0054372505	-21.9586520372
16	0.3807799015	0.0054372505	-13.1715324922
17	1.5286878412	0.0054372505	-38.1398226260
18	0.3807798460	0.0054372505	-13.1715324922
19	0.7625899538	0.0054372505	-21.9584436734
20	0.0000000000	0.0054372505	-2.9957322736
21	0.7625900815	0.0054372505	-21.9584434995
22	1.9128607670	0.0054372505	-45.8051743852
23	1.9128609195	0.0054372505	-45.8051743859
24	0.0000000000	0.0054372505	-2.9957322736
25	2.2988348478	0.0054372505	-53.2646360475
26	1.1449559564	0.0054372505	-30.2207562736
27	0.0000000000	0.0054372505	-2.9957322736
28	0.0000000000	0.0054372505	-2.9957322736
29	0.0000000000	0.0054372505	-2.9957322736
30	2.2980889161	0.0054372505	-53.2665459655
31	1.9128609018	0.0054372505	-45.8051743859
32	0.3807798460	0.0054372505	-13.1715324922
33	0.0000000000	0.0054372505	-2.9957322736
34	2.2985839778	0.0054372505	-53.2652754417
35	0.0000000000	0.0054372505	-2.9957322736
36	0.7624301896	0.0054372505	-21.9588605529
37	1.1451979922	0.0054372505	-30.2201281151
38	2.2993227038	0.0054372505	-53.2633746706
39	1.9132715132	0.0054372505	-45.8041181004
40	0.0000000000	0.0054372505	-2.9957322736
41	2.2992117346	0.0054372505	-52.1650111124
42	1.5285256621	0.0054372505	-38.1402427980
43	1.9134758059	0.0054372505	-45.8035912703
44	1.5290130639	0.0054372505	-38.1389817928
45	3.0715819537	0.0054372505	-67.7035515123
46	0.7625899197	0.0054372505	-21.9584436734
47	0.3808195201	0.0054372505	-13.1714286611
48	1.1450768823	0.0054372505	-30.2204422111
49	1.1449559099	0.0054372505	-30.2207562736
50	0.7625101197	0.0054372505	-21.9586520372
51	0.0000000000	0.0054372505	-2.9957322736
52	3.0712443890	0.0054372505	-67.7044081090
53	0.0000000000	0.0054372505	-2.9957322736
54	0.0000000000	0.0054372505	-2.9957322736
55	0.7625899603	0.0054372505	-21.9584435864
56	0.7625900531	0.0054372505	-21.9584434995
57	0.0000000000	0.0054372505	-2.9957322736
58	0.7625100072	0.0054372505	-21.9586521241
59	1.5286880921	0.0054372505	-38.1398226257
60	0.0000000000	0.0054372505	-2.9957322736
61	0.0000000000	0.0054372505	-2.9957322736
62	2.6850908330	0.0054372505	-60.5560238229
63	0.0000000000	0.0054372505	-2.9957322736
64	2.6856649919	0.0054372505	-60.5545460740
65	1.5285254144	0.0054372505	-38.1402431514
66	0.0000000000	0.0054372505	-2.9957322736
67	1.1451979545	0.0054372505	-30.2201283124
68	0.0000000000	0.0054372505	-2.9957322736
69	1.5286877896	0.0054372505	-38.1398229792
70	0.3807798409	0.0054372505	-13.1715324922
71	0.3807798460	0.0054372505	-13.1715324922
72	1.1451980117	0.0054372505	-30.2201281152
73	0.0000000000	0.0054372505	-2.9957322736
74	1.9130673344	0.0054372505	-45.8046448866
75	0.3807798404	0.0054372505	-13.1715324922
76	1.1451978527	0.0054372505	-30.2201283125
77	0.0000000000	0.0054372505	-2.9957322736
78	0.3808194284	0.0054372505	-13.1714286611
79	1.5286886022	0.0054372505	-38.1398219227
80	1.1449563654	0.0054372505	-30.2207558810
81	0.0000000000	0.0054372505	-2.9957322736
82	0.7625100557	0.0054372505	-21.9586520372
83	0.7625100353	0.0054372505	-21.9586521241
84	1.1456807109	0.0054372505	-30.2188734533
85	1.1450767304	0.0054372505	-30.2204424083
86	0.7625102201	0.0054372505	-21.9586520372
87	1.5288505084	0.0054372505	-38.1394024087
88	0.3808195171	0.0054372505	-13.1714286611
89	0.0000000000	0.0054372505	-2.9957322736
90	1.9140867755	0.0054372505	-45.8020131256
91	0.0000000000	0.0054372505	-2.9957322736
92	0.3807798460	0.0054372505	-13.1715324922
93	1.5286888841	0.0054372505	-38.1398215692
94	0.0000000000	0.0054372505	-2.9957322736
95	0.7625100316	0.0054372505	-21.9586521241
96	0.3808194451	0.0054372505	-13.1714286827
97	1.1453186012	0.0054372505	-30.2198143803
98	1.1450771362	0.0054372505	-30.2204422112
99	2.6864038020	0.0054372505	-59.4539981430
100	0.0000000000	0.0054372505	-2.9957322736
101	0.3807798403	0.0054372505	-13.1715324922
102	0.7625098128	0.0054372505	-21.9586521241
103	2.2990805435	0.0054372505	-53.2640030228
104	0.3807798117	0.0054372505	-13.1715324922
105	2.2983370510	0.0054372505	-53.2659099299
106	1.1451981828	0.0054372505	-30.2201277223
107	0.0000000000	0.0054372505	-2.9957322736
108	1.1453189468	0.0054372505	-30.2198141846
109	1.5285252700	0.0054372505	-38.1402431514
110	3.8497455261	0.0054372505	-81.6237203723
111	0.0000000000	0.0054372505	-2.9957322736
112	1.9128609213	0.0054372505	-45.8051743859
113	2.6850832876	0.0054372505	-60.5560335916
114	0.0000000000	0.0054372505	-2.9957322736
115	0.7624301508	0.0054372505	-21.9588605529
116	2.2983382929	0.0054372505	-53.2659083256
117	1.9128608395	0.0054372505	-45.8051743859
118	1.1450774052	0.0054372505	-30.2204418185
119	0.7625100967	0.0054372505	-21.9586520372
120	1.5286883029	0.0054372505	-38.1398222725
121	0.3808195056	0.0054372505	-13.1714286611
122	0.0000000000	0.0054372505	-2.9957322736
123	1.1450767487	0.0054372505	-30.2204424083
124	1.9128612968	0.0054372505	-45.8051738298
