site	rate	t	lnL
1	3.7846002273	0.4948021315	-784.8878463738
2	0.7440396796	0.4948021315	-639.7161109428
3	4.4285779389	0.4948021315	-785.4319036452
4	2.9053296612	0.4948021315	-759.8409519461
5	0.1504600014	0.4948021315	-222.5052076104
6	5.8949277593	0.4948021315	-785.9376662612
7	1.0108138829	0.4948021315	-640.1088768311
8	1.2007812149	0.4948021315	-707.9032969209
9	3.9617476830	0.4948021315	-768.3082871947
10	3.2178118853	0.4948021315	-766.5974543939
11	0.7928873972	0.4948021315	-609.7665880569
12	6.2441583138	0.4948021315	-774.2160127581
13	3.0959172848	0.4948021315	-733.8049924123
14	0.6179623787	0.4948021315	-586.1709790816
15	0.8684106595	0.4948021315	-611.6514072020
16	4.4465982656	0.4948021315	-795.2213150580
17	75.2979874041	0.4948021315	-755.2631094961
18	3.0314054194	0.4948021315	-719.2543065323
19	5.5542497667	0.4948021315	-761.2497045451
20	0.3158586305	0.4948021315	-386.3837511525
21	1.2156429169	0.4948021315	-746.0867867599
22	1.1545411661	0.4948021315	-772.1605849861
23	1.3622971778	0.4948021315	-682.7870158515
24	0.2045782053	0.4948021315	-283.5077414638
25	3.2067461811	0.4948021315	-771.2456148246
26	0.2961107740	0.4948021315	-368.3761966516
27	0.7742296927	0.4948021315	-633.5605289309
28	0.0131222761	0.4948021315	-30.4979713190
29	0.2774526324	0.4948021315	-343.7082302497
30	1.0197476815	0.4948021315	-703.2759306774
31	3.7869771290	0.4948021315	-760.0306413888
32	0.9982699587	0.4948021315	-667.9281107285
33	0.4897422788	0.4948021315	-549.4102149310
34	2.8117928470	0.4948021315	-755.0339658502
35	1.1831481253	0.4948021315	-714.2229688995
36	58.7672203218	0.4948021315	-778.6302037917
37	0.8706518517	0.4948021315	-708.1023801056
38	3.0557677970	0.4948021315	-777.8512506301
39	3.8281498616	0.4948021315	-771.6660648538
40	1.0013336693	0.4948021315	-725.5096157997
41	1.2575716222	0.4948021315	-786.2521210537
42	3.4981595686	0.4948021315	-779.0996481236
43	4.1594887702	0.4948021315	-766.1095497081
44	5.0219009052	0.4948021315	-796.3705932928
45	1.1789151342	0.4948021315	-746.3760448551
46	0.4706559284	0.4948021315	-501.2573072621
47	0.6963500713	0.4948021315	-642.0580875304
48	55.0884653489	0.4948021315	-752.6383409334
49	0.9971788361	0.4948021315	-735.8564984311
50	0.9257594481	0.4948021315	-691.1158354556
51	0.0042866263	0.4948021315	-13.1004443466
52	0.9537599497	0.4948021315	-642.8464152346
53	1.0820365040	0.4948021315	-660.3231931534
54	0.9604243149	0.4948021315	-707.4586793918
55	0.7731672125	0.4948021315	-626.3676277217
56	1.0631884941	0.4948021315	-763.6425872544
57	0.3165325813	0.4948021315	-413.0329044508
58	2.4973332231	0.4948021315	-737.9232136826
59	5.0094653887	0.4948021315	-768.9043884777
60	0.7370575355	0.4948021315	-608.2558579932
61	0.0849689461	0.4948021315	-140.1870356940
62	4.1944909801	0.4948021315	-777.9395978386
63	0.5456368496	0.4948021315	-584.7713224912
64	0.8725948622	0.4948021315	-694.4608640559
65	3.1887326508	0.4948021315	-779.8426958939
66	0.5792929715	0.4948021315	-591.3873030955
67	3.3232344012	0.4948021315	-801.6409800691
68	0.7271889271	0.4948021315	-635.2633254847
69	4.9511413862	0.4948021315	-784.3272372301
70	4.6813126759	0.4948021315	-774.5924482498
71	3.0883117472	0.4948021315	-736.2138170025
72	3.0889376992	0.4948021315	-748.1559323944
73	0.0621267152	0.4948021315	-105.3723895600
74	0.8720677242	0.4948021315	-691.4980907398
75	3.4269534233	0.4948021315	-717.3413252145
76	3.3647013267	0.4948021315	-803.2915373267
77	0.1173909499	0.4948021315	-185.8924159212
78	5.0554882896	0.4948021315	-788.3961770821
79	3.6506643920	0.4948021315	-756.0165471279
80	0.7328267156	0.4948021315	-601.5155079636
81	75.6806237756	0.4948021315	-722.1017504364
82	79.9390773099	0.4948021315	-774.9483375737
83	3.4952761667	0.4948021315	-780.1582573091
84	0.6665739687	0.4948021315	-661.5919824524
85	0.8411125117	0.4948021315	-627.4988744715
86	1.2742257270	0.4948021315	-778.8427834096
87	3.1793937907	0.4948021315	-766.8854199725
88	0.9043065887	0.4948021315	-711.0326367415
89	0.5882300124	0.4948021315	-527.5546567594
90	140.3272579967	0.4948021315	-768.6136350613
91	0.1745803685	0.4948021315	-250.9383017955
92	2.0084527960	0.4948021315	-687.0654771370
93	3.6475566044	0.4948021315	-753.5442476341
94	0.9503829068	0.4948021315	-640.3535850888
95	0.5818742660	0.4948021315	-579.4662951724
96	4.8499932707	0.4948021315	-752.2531607892
97	3.8742037219	0.4948021315	-742.5072199405
98	0.9322193463	0.4948021315	-699.1296887981
99	2.9702645801	0.4948021315	-788.2792114474
100	0.1428558381	0.4948021315	-214.0184831486
101	0.5485584401	0.4948021315	-472.2646274511
102	3.3466562967	0.4948021315	-769.1283459601
103	2.7852748149	0.4948021315	-709.9092937391
104	0.3066829596	0.4948021315	-377.0657767375
105	5.2247466900	0.4948021315	-794.1482659230
106	4.5853593326	0.4948021315	-756.8463295721
107	0.7012464945	0.4948021315	-627.3917709709
108	3.8766682395	0.4948021315	-755.5907556065
109	74.5926163410	0.4948021315	-767.2238602350
110	2.7687898971	0.4948021315	-761.2039470434
111	0.0131222458	0.4948021315	-29.7917794687
112	102.0330675293	0.4948021315	-775.0827787224
113	3.5090333382	0.4948021315	-786.4600280852
114	0.7598193994	0.4948021315	-683.8929337431
115	1.2733698673	0.4948021315	-752.3487095202
116	3.7793818600	0.4948021315	-784.7964345078
117	4.8446141472	0.4948021315	-752.0229217915
118	39.3470150390	0.4948021315	-758.1304391488
119	1.1724276212	0.4948021315	-768.7191264557
120	75.8628318443	0.4948021315	-766.7048054258
121	0.6198721786	0.4948021315	-583.5625913491
122	0.3023176377	0.4948021315	-355.9605283964
123	2.7098056267	0.4948021315	-772.1038214258
124	889.5557368032	0.4948021315	-776.3979091345
