site	rate	t	lnL
1	1.6613894201	0.0062602453	-45.8051743859
2	1.9966198957	0.0062602453	-53.2646384567
3	0.9946457461	0.0062602453	-30.2201285096
4	1.3274387971	0.0062602453	-38.1406632784
5	0.0000000000	0.0062602453	-2.9957322736
6	0.3307555596	0.0062602453	-13.1714286827
7	0.9945407846	0.0062602453	-30.2204424083
8	0.0000000000	0.0062602453	-2.9957322736
9	0.9945407426	0.0062602453	-30.2204424083
10	1.6617446179	0.0062602453	-45.8041197708
11	0.3307210624	0.0062602453	-13.1715324922
12	1.3277210362	0.0062602453	-38.1398229792
13	0.3307555801	0.0062602453	-13.1714286611
14	1.9964048135	0.0062602453	-53.2652738266
15	0.0000000000	0.0062602453	-2.9957322736
16	0.3307211343	0.0062602453	-13.1715324922
17	0.3307555588	0.0062602453	-13.1714286827
18	0.9945407866	0.0062602453	-30.2204424083
19	1.3278620916	0.0062602453	-38.1394024084
20	2.3323504609	0.0062602453	-60.5552817471
21	0.0000000000	0.0062602453	-2.9957322736
22	1.3277212694	0.0062602453	-38.1398226260
23	0.0000000000	0.0062602453	-2.9957322736
24	0.0000000000	0.0062602453	-2.9957322736
25	3.6831584160	0.0062602453	-88.4235144653
26	0.6622676699	0.0062602453	-21.9586521241
27	0.3307555492	0.0062602453	-13.1714286827
28	0.0000000000	0.0062602453	-2.9957322736
29	0.3307211227	0.0062602453	-13.1715324922
30	0.3307555502	0.0062602453	-13.1714286827
31	1.3275798322	0.0062602453	-38.1402431514
32	0.9945407866	0.0062602453	-30.2204424083
33	0.0000000000	0.0062602453	-2.9957322736
34	0.0000000000	0.0062602453	-2.9957322736
35	0.9947507283	0.0062602453	-30.2198145775
36	0.0000000000	0.0062602453	-2.9957322736
37	0.9946458781	0.0062602453	-30.2201283124
38	0.9946458137	0.0062602453	-30.2201285096
39	1.3278622273	0.0062602453	-38.1394024087
40	1.6613890318	0.0062602453	-45.8051743859
41	0.6621982366	0.0062602453	-21.9588605529
42	2.3313381866	0.0062602453	-60.5582594517
43	1.6619228868	0.0062602453	-45.8035918210
44	0.6621982609	0.0062602453	-21.9588605529
45	1.6617450947	0.0062602453	-45.8041192137
46	3.3432726736	0.0062602453	-81.6247974590
47	0.0000000000	0.0062602453	-2.9957322736
48	0.9946457461	0.0062602453	-30.2201285096
49	0.3307211202	0.0062602453	-13.1715324922
50	1.6613892321	0.0062602453	-45.8051743859
51	0.0000000000	0.0062602453	-2.9957322736
52	0.3307555236	0.0062602453	-13.1714286827
53	1.6617455399	0.0062602453	-45.8041186581
54	0.0000000000	0.0062602453	-2.9957322736
55	0.6623370673	0.0062602453	-21.9584436734
56	0.3307555883	0.0062602453	-13.1714286611
57	0.0000000000	0.0062602453	-2.9957322736
58	0.9946460827	0.0062602453	-30.2201283125
59	1.9961892472	0.0062602453	-53.2659099310
60	0.3307556053	0.0062602453	-13.1714286827
61	0.3307555948	0.0062602453	-13.1714286827
62	0.6622677479	0.0062602453	-21.9586520372
63	1.6617450662	0.0062602453	-45.8041192139
64	1.3275798154	0.0062602453	-38.1402431514
65	1.6615678045	0.0062602453	-45.8046459931
66	1.3278622092	0.0062602453	-38.1394024084
67	0.0000000000	0.0062602453	-2.9957322736
68	0.0000000000	0.0062602453	-2.9957322736
69	3.0064189621	0.0062602453	-74.7172031052
70	0.6622677555	0.0062602453	-21.9586521241
71	1.3277210813	0.0062602453	-38.1398226260
72	1.3281433267	0.0062602453	-38.1385637464
73	0.0000000000	0.0062602453	-2.9957322736
74	1.3277210441	0.0062602453	-38.1398226260
75	1.9964042415	0.0062602453	-53.2652746341
76	1.6615668666	0.0062602453	-45.8046471070
77	0.0000000000	0.0062602453	-2.9957322736
78	1.3277211586	0.0062602453	-38.1398226260
79	1.9968307332	0.0062602453	-53.2640093670
80	0.6623372020	0.0062602453	-21.9584434995
81	1.3275797826	0.0062602453	-38.1402431514
82	0.3307555801	0.0062602453	-13.1714286611
83	2.6686558495	0.0062602453	-67.7009884361
84	0.6621982367	0.0062602453	-21.9588605529
85	0.0000000000	0.0062602453	-2.9957322736
86	1.9970912198	0.0062602453	-52.1645891508
87	0.6621982366	0.0062602453	-21.9588605529
88	0.6621982367	0.0062602453	-21.9588605529
89	0.0000000000	0.0062602453	-2.9957322736
90	2.3331057950	0.0062602453	-60.5530543358
91	0.9946460354	0.0062602453	-30.2201283124
92	0.3307210879	0.0062602453	-13.1715324922
93	1.3278627020	0.0062602453	-38.1394017015
94	0.3307211572	0.0062602453	-13.1715324922
95	0.3307210684	0.0062602453	-13.1715324922
96	0.9945408599	0.0062602453	-30.2204424083
97	2.3318453374	0.0062602453	-60.5567691005
98	1.3277216390	0.0062602453	-38.1398219231
99	1.6621007191	0.0062602453	-45.8030643697
100	0.0000000000	0.0062602453	-2.9957322736
101	0.0000000000	0.0062602453	-2.9957322736
102	0.9946459643	0.0062602453	-30.2201283125
103	1.9964053279	0.0062602453	-53.2652730180
104	0.3307555801	0.0062602453	-13.1714286611
105	2.3323943228	0.0062602453	-59.4564817015
106	0.0000000000	0.0062602453	-2.9957322736
107	0.3307211343	0.0062602453	-13.1715324922
108	3.0057515035	0.0062602453	-74.7191416785
109	1.9961886924	0.0062602453	-53.2659107371
110	1.6621988444	0.0062602453	-44.7041310632
111	0.0000000000	0.0062602453	-2.9957322736
112	1.3277211375	0.0062602453	-38.1398226260
113	1.6613892176	0.0062602453	-45.8051743859
114	2.3320997066	0.0062602453	-60.5560227131
115	0.9945410268	0.0062602453	-30.2204422111
116	0.9945409207	0.0062602453	-30.2204424083
117	1.9966209605	0.0062602453	-53.2646368540
118	1.9968360811	0.0062602453	-53.2640014070
119	1.6619224270	0.0062602453	-45.8035923775
120	0.3307555801	0.0062602453	-13.1714286611
121	0.0000000000	0.0062602453	-2.9957322736
122	0.0000000000	0.0062602453	-2.9957322736
123	0.3307555571	0.0062602453	-13.1714286827
124	1.6617451081	0.0062602453	-45.8041192139
