site	rate	t	lnL
1	1.4164443255	0.0592036778	-253.7589463058
2	0.8856104356	0.0592036778	-165.0016402446
3	0.9122315143	0.0592036778	-174.7989843570
4	1.3425651709	0.0592036778	-237.9593582151
5	0.0000000000	0.0592036778	-2.2448702983
6	1.7390440085	0.0592036778	-282.8336926043
7	0.7013521042	0.0592036778	-136.0718978934
8	0.9232050882	0.0592036778	-180.9123421548
9	1.2752442412	0.0592036778	-235.9744188284
10	1.3889113791	0.0592036778	-238.7329289344
11	0.3284193046	0.0592036778	-73.8034724084
12	1.7037603827	0.0592036778	-288.8589118827
13	1.1196086139	0.0592036778	-209.5368546841
14	1.3443815462	0.0592036778	-243.9821262002
15	0.2265407391	0.0592036778	-52.1897903246
16	1.5849647354	0.0592036778	-273.4611900120
17	1.1668944910	0.0592036778	-213.0559364857
18	0.4347253010	0.0592036778	-94.3755373336
19	1.7781175401	0.0592036778	-293.1424856927
20	0.0717407467	0.0592036778	-22.3292017566
21	0.6482539611	0.0592036778	-128.7835028205
22	1.6408901695	0.0592036778	-275.9400060432
23	0.5309250249	0.0592036778	-107.7955695145
24	0.0000000000	0.0592036778	-3.2022866192
25	1.2531242017	0.0592036778	-235.7252238254
26	0.1433475193	0.0592036778	-37.2848167491
27	0.3559682571	0.0592036778	-76.9163612682
28	0.0000000000	0.0592036778	-2.2448702983
29	1.3234433141	0.0592036778	-220.0951704869
30	0.7025160872	0.0592036778	-152.0937923893
31	1.3838927963	0.0592036778	-240.1847317062
32	1.6041373595	0.0592036778	-269.1355397320
33	0.0343842320	0.0592036778	-13.2143159004
34	1.3861133443	0.0592036778	-244.9075063496
35	1.5715825787	0.0592036778	-263.4092975808
36	1.3633445393	0.0592036778	-242.1130668783
37	0.3498472437	0.0592036778	-84.6517229522
38	1.8818432676	0.0592036778	-312.5979358581
39	1.2628883036	0.0592036778	-223.0096124214
40	1.1926743569	0.0592036778	-223.3644073293
41	2.1391883942	0.0592036778	-323.9823261044
42	1.4512868400	0.0592036778	-251.4626414569
43	1.7709539600	0.0592036778	-294.1265896974
44	1.8336277137	0.0592036778	-308.3477915750
45	2.0870001815	0.0592036778	-341.6428098249
46	0.1077296806	0.0592036778	-29.2807883805
47	1.1250992249	0.0592036778	-195.0875592548
48	0.7928956573	0.0592036778	-160.4960069373
49	1.5992493301	0.0592036778	-272.1694133396
50	0.9537771782	0.0592036778	-173.3238693217
51	0.0000000000	0.0592036778	-2.6226230547
52	0.1479890884	0.0592036778	-36.1695441282
53	0.5703289608	0.0592036778	-117.5614296469
54	1.4081751142	0.0592036778	-230.6373795240
55	0.5602509939	0.0592036778	-122.5855076265
56	0.8721829835	0.0592036778	-166.0683563137
57	0.0688359296	0.0592036778	-23.2941925876
58	0.6053444405	0.0592036778	-124.9843371388
59	1.3051687373	0.0592036778	-239.5412246455
60	0.4942088133	0.0592036778	-98.2077395214
61	0.0742513540	0.0592036778	-22.2866283014
62	1.5412350069	0.0592036778	-263.6492580217
63	1.0722098053	0.0592036778	-200.9671799038
64	1.7276160847	0.0592036778	-284.9923894613
65	1.0172382593	0.0592036778	-194.2149464529
66	0.2396065491	0.0592036778	-63.0858300558
67	1.7044238340	0.0592036778	-294.1666460028
68	0.6230302385	0.0592036778	-122.4760965800
69	1.3516775598	0.0592036778	-244.6620748864
70	0.8605477243	0.0592036778	-169.5119500395
71	0.8394043269	0.0592036778	-148.9587430617
72	0.7686224151	0.0592036778	-138.9823518217
73	0.0000000000	0.0592036778	-2.2448702983
74	0.3622779025	0.0592036778	-82.6916527728
75	1.1066649030	0.0592036778	-204.7221321190
76	0.7855999490	0.0592036778	-157.4978063210
77	0.0000000000	0.0592036778	-2.2448702983
78	2.1981476928	0.0592036778	-349.1035433459
79	1.3298756277	0.0592036778	-235.0400788992
80	0.3192094022	0.0592036778	-73.2967911649
81	0.7207856974	0.0592036778	-141.3503153485
82	1.4612143413	0.0592036778	-252.1478220819
83	1.6238790575	0.0592036778	-273.5492532449
84	0.3801428934	0.0592036778	-91.3589764383
85	0.5718425816	0.0592036778	-122.1415074726
86	1.6413201980	0.0592036778	-285.3709982754
87	1.9576973426	0.0592036778	-318.4027574253
88	0.2829971691	0.0592036778	-67.8538560073
89	0.1880865503	0.0592036778	-43.6636909701
90	1.7056133719	0.0592036778	-292.2034189323
91	0.2238749662	0.0592036778	-50.4564376412
92	0.8422768516	0.0592036778	-152.9911859917
93	1.2027925246	0.0592036778	-222.5558063385
94	0.3403032887	0.0592036778	-74.7054217462
95	0.2075469285	0.0592036778	-56.7791414003
96	0.9609426966	0.0592036778	-188.0561243604
97	1.1783106530	0.0592036778	-207.6837847738
98	0.3991914010	0.0592036778	-84.3968430448
99	1.4302803568	0.0592036778	-251.9639587520
100	0.0357851531	0.0592036778	-13.2264572289
101	0.7758200121	0.0592036778	-148.0352738929
102	1.6229274453	0.0592036778	-275.5763664769
103	1.5855061745	0.0592036778	-272.6650794661
104	0.1794966423	0.0592036778	-45.6154596801
105	0.8110417087	0.0592036778	-165.7910345031
106	1.4775182634	0.0592036778	-246.4217089177
107	0.1732827477	0.0592036778	-45.8363710157
108	1.8698498832	0.0592036778	-307.9898003915
109	1.5301358405	0.0592036778	-267.0462719495
110	1.5561605939	0.0592036778	-272.2373492077
111	0.0371717157	0.0592036778	-11.9867408508
112	1.8646225513	0.0592036778	-298.2021670648
113	1.7367622310	0.0592036778	-291.9916538482
114	2.2798329980	0.0592036778	-360.8328789710
115	0.8603371519	0.0592036778	-169.0152726758
116	1.8641450747	0.0592036778	-304.5229709881
117	1.9052076806	0.0592036778	-314.2352230020
118	1.6755609089	0.0592036778	-284.4274846047
119	1.2996720436	0.0592036778	-237.5772846944
120	1.9452590620	0.0592036778	-318.6933303643
121	0.3245125009	0.0592036778	-76.0877182604
122	0.1118889069	0.0592036778	-26.8961738429
123	1.6225750998	0.0592036778	-273.2697057820
124	2.0812015280	0.0592036778	-332.9530747777
