site	rate	t	lnL
1	0.0000000000	0.0005672271	-2.9957322736
2	0.0000000000	0.0005672271	-2.9957322736
3	0.0000000000	0.0005672271	-2.9957322736
4	0.0000000000	0.0005672271	-2.9957322736
5	0.0000000000	0.0005672271	-2.9957322736
6	0.0000000000	0.0005672271	-2.9957322736
7	0.0000000000	0.0005672271	-2.9957322736
8	3.6500291334	0.0005672271	-13.1715324922
9	0.0000000000	0.0005672271	-2.9957322736
10	0.0000000000	0.0005672271	-2.9957322736
11	0.0000000000	0.0005672271	-2.9957322736
12	0.0000000000	0.0005672271	-2.9957322736
13	0.0000000000	0.0005672271	-2.9957322736
14	0.0000000000	0.0005672271	-2.9957322736
15	0.0000000000	0.0005672271	-2.9957322736
16	0.0000000000	0.0005672271	-2.9957322736
17	0.0000000000	0.0005672271	-2.9957322736
18	3.6504090402	0.0005672271	-13.1714286611
19	0.0000000000	0.0005672271	-2.9957322736
20	3.6500292521	0.0005672271	-13.1715324922
21	0.0000000000	0.0005672271	-2.9957322736
22	0.0000000000	0.0005672271	-2.9957322736
23	0.0000000000	0.0005672271	-2.9957322736
24	0.0000000000	0.0005672271	-2.9957322736
25	0.0000000000	0.0005672271	-2.9957322736
26	0.0000000000	0.0005672271	-2.9957322736
27	0.0000000000	0.0005672271	-2.9957322736
28	0.0000000000	0.0005672271	-2.9957322736
29	0.0000000000	0.0005672271	-2.9957322736
30	0.0000000000	0.0005672271	-2.9957322736
31	0.0000000000	0.0005672271	-2.9957322736
32	0.0000000000	0.0005672271	-2.9957322736
33	0.0000000000	0.0005672271	-2.9957322736
34	3.6500290473	0.0005672271	-13.1715324922
35	3.6504091607	0.0005672271	-13.1714286611
36	3.6500290252	0.0005672271	-13.1715324922
37	0.0000000000	0.0005672271	-2.9957322736
38	3.6504089849	0.0005672271	-13.1714286611
39	0.0000000000	0.0005672271	-2.9957322736
40	0.0000000000	0.0005672271	-2.9957322736
41	0.0000000000	0.0005672271	-2.9957322736
42	3.6500289495	0.0005672271	-13.1715324922
43	0.0000000000	0.0005672271	-2.9957322736
44	0.0000000000	0.0005672271	-2.9957322736
45	0.0000000000	0.0005672271	-2.9957322736
46	0.0000000000	0.0005672271	-2.9957322736
47	0.0000000000	0.0005672271	-2.9957322736
48	0.0000000000	0.0005672271	-2.9957322736
49	0.0000000000	0.0005672271	-2.9957322736
50	0.0000000000	0.0005672271	-2.9957322736
51	0.0000000000	0.0005672271	-2.9957322736
52	0.0000000000	0.0005672271	-2.9957322736
53	3.6504090231	0.0005672271	-13.1714286827
54	0.0000000000	0.0005672271	-2.9957322736
55	0.0000000000	0.0005672271	-2.9957322736
56	0.0000000000	0.0005672271	-2.9957322736
57	0.0000000000	0.0005672271	-2.9957322736
58	0.0000000000	0.0005672271	-2.9957322736
59	0.0000000000	0.0005672271	-2.9957322736
60	0.0000000000	0.0005672271	-2.9957322736
61	0.0000000000	0.0005672271	-2.9957322736
62	3.6500290320	0.0005672271	-13.1715324922
63	0.0000000000	0.0005672271	-2.9957322736
64	7.3087057164	0.0005672271	-21.9588605546
65	0.0000000000	0.0005672271	-2.9957322736
66	0.0000000000	0.0005672271	-2.9957322736
67	0.0000000000	0.0005672271	-2.9957322736
68	0.0000000000	0.0005672271	-2.9957322736
69	3.6500291411	0.0005672271	-13.1715324922
70	0.0000000000	0.0005672271	-2.9957322736
71	0.0000000000	0.0005672271	-2.9957322736
72	3.6500294392	0.0005672271	-13.1715324922
73	0.0000000000	0.0005672271	-2.9957322736
74	3.6500292484	0.0005672271	-13.1715324922
75	7.3099337960	0.0005672271	-21.9584435864
76	0.0000000000	0.0005672271	-2.9957322736
77	0.0000000000	0.0005672271	-2.9957322736
78	0.0000000000	0.0005672271	-2.9957322736
79	0.0000000000	0.0005672271	-2.9957322736
80	0.0000000000	0.0005672271	-2.9957322736
81	0.0000000000	0.0005672271	-2.9957322736
82	3.6504083447	0.0005672271	-13.1714286611
83	0.0000000000	0.0005672271	-2.9957322736
84	0.0000000000	0.0005672271	-2.9957322736
85	0.0000000000	0.0005672271	-2.9957322736
86	3.6500290539	0.0005672271	-13.1715324922
87	0.0000000000	0.0005672271	-2.9957322736
88	0.0000000000	0.0005672271	-2.9957322736
89	3.6500290083	0.0005672271	-13.1715324922
90	3.6500289527	0.0005672271	-13.1715324922
91	0.0000000000	0.0005672271	-2.9957322736
92	0.0000000000	0.0005672271	-2.9957322736
93	0.0000000000	0.0005672271	-2.9957322736
94	7.3099340343	0.0005672271	-21.9584436734
95	0.0000000000	0.0005672271	-2.9957322736
96	0.0000000000	0.0005672271	-2.9957322736
97	3.6500290839	0.0005672271	-13.1715324922
98	10.9797923877	0.0005672271	-30.2195019777
99	0.0000000000	0.0005672271	-2.9957322736
100	0.0000000000	0.0005672271	-2.9957322736
101	0.0000000000	0.0005672271	-2.9957322736
102	0.0000000000	0.0005672271	-2.9957322736
103	7.3091683730	0.0005672271	-21.9586520372
104	0.0000000000	0.0005672271	-2.9957322736
105	0.0000000000	0.0005672271	-2.9957322736
106	0.0000000000	0.0005672271	-2.9957322736
107	0.0000000000	0.0005672271	-2.9957322736
108	0.0000000000	0.0005672271	-2.9957322736
109	0.0000000000	0.0005672271	-2.9957322736
110	7.3099345921	0.0005672271	-21.9584435864
111	0.0000000000	0.0005672271	-2.9957322736
112	0.0000000000	0.0005672271	-2.9957322736
113	0.0000000000	0.0005672271	-2.9957322736
114	0.0000000000	0.0005672271	-2.9957322736
115	3.6504089122	0.0005672271	-13.1714286827
116	0.0000000000	0.0005672271	-2.9957322736
117	0.0000000000	0.0005672271	-2.9957322736
118	3.6504091970	0.0005672271	-13.1714286611
119	0.0000000000	0.0005672271	-2.9957322736
120	0.0000000000	0.0005672271	-2.9957322736
121	0.0000000000	0.0005672271	-2.9957322736
122	0.0000000000	0.0005672271	-2.9957322736
123	3.6504087999	0.0005672271	-13.1714286827
124	0.0000000000	0.0005672271	-2.9957322736
