site	rate	t	lnL
1	1.3710668881	0.0061266004	-36.8285244199
2	0.3409384786	0.0061266004	-13.2188347005
3	0.6826753579	0.0061266004	-21.5311572998
4	1.0078290510	0.0061266004	-29.7775778494
5	2.0000297240	0.0061266004	-52.2149941516
6	0.0000000000	0.0061266004	-2.8889866289
7	2.5041015909	0.0061266004	-57.7518817204
8	0.0000000000	0.0061266004	-2.0862692329
9	1.3118800751	0.0061266004	-39.9266299835
10	2.0387019578	0.0061266004	-55.6060866321
11	0.0000000000	0.0061266004	-2.4486515191
12	0.6761424833	0.0061266004	-22.1035020296
13	1.3489724959	0.0061266004	-37.6275307696
14	0.9972112402	0.0061266004	-30.6467366375
15	0.3400825147	0.0061266004	-12.1427875482
16	1.7078410495	0.0061266004	-46.6513895928
17	1.0578060607	0.0061266004	-29.6813882169
18	0.6711747748	0.0061266004	-21.8820633115
19	2.0343772182	0.0061266004	-53.6529754459
20	0.0000000000	0.0061266004	-2.4270134589
21	0.3513700364	0.0061266004	-13.3324984125
22	0.6614107034	0.0061266004	-23.9316392296
23	0.3666418192	0.0061266004	-12.1947127731
24	0.0000000000	0.0061266004	-2.4270134589
25	2.1213876314	0.0061266004	-53.3426381767
26	1.0039562381	0.0061266004	-28.9463285937
27	0.3400825201	0.0061266004	-12.1427875482
28	0.0000000000	0.0061266004	-2.3564283250
29	0.0000000000	0.0061266004	-2.0862692329
30	0.3665748473	0.0061266004	-11.5415061267
31	1.0074136302	0.0061266004	-30.7253815765
32	0.6741059928	0.0061266004	-21.8758457351
33	1.0592362158	0.0061266004	-30.6956524920
34	0.6699105747	0.0061266004	-21.0518167187
35	3.3791778685	0.0061266004	-84.2236147347
36	1.6953513137	0.0061266004	-46.6645566896
37	0.6662220624	0.0061266004	-23.1628030932
38	0.3367012233	0.0061266004	-14.9678985780
39	0.7331722948	0.0061266004	-21.9053057515
40	1.3688095839	0.0061266004	-39.5838817293
41	2.0154897489	0.0061266004	-56.5310021560
42	1.1030372192	0.0061266004	-27.9858224263
43	0.3349583216	0.0061266004	-13.7187260991
44	1.3195921724	0.0061266004	-37.4606976501
45	2.3570650399	0.0061266004	-63.4708309046
46	0.3521781065	0.0061266004	-12.4486201913
47	1.3428136297	0.0061266004	-40.4588933735
48	1.7661108467	0.0061266004	-44.3959441126
49	0.0000000000	0.0061266004	-3.2871174305
50	1.0152750250	0.0061266004	-30.2084717514
51	0.0000000000	0.0061266004	-2.4270134589
52	0.7343178395	0.0061266004	-21.5941869959
53	0.0000000000	0.0061266004	-2.0862692329
54	0.0000000000	0.0061266004	-2.8889866289
55	0.0000000000	0.0061266004	-2.8827771819
56	1.0223696593	0.0061266004	-30.5009425359
57	0.0000000000	0.0061266004	-3.5037476696
58	0.3514471405	0.0061266004	-12.8766740141
59	1.0044169275	0.0061266004	-30.5846850550
60	0.0000000000	0.0061266004	-2.0862692329
61	0.0000000000	0.0061266004	-2.3564283250
62	0.6742695331	0.0061266004	-21.3777979792
63	0.3239513838	0.0061266004	-15.2885180659
64	3.2115563649	0.0061266004	-75.9339532301
65	2.4843120748	0.0061266004	-58.6132569175
66	0.6664183896	0.0061266004	-21.7180477696
67	3.5262543195	0.0061266004	-84.6183142166
68	2.0550620440	0.0061266004	-51.3057878257
69	2.3049643665	0.0061266004	-63.9230222794
70	2.3530779291	0.0061266004	-62.5419833955
71	3.0931458487	0.0061266004	-73.1414025887
72	0.0000000000	0.0061266004	-2.0862692329
73	0.0000000000	0.0061266004	-2.3564283250
74	0.0000000000	0.0061266004	-2.4270134589
75	1.3213839994	0.0061266004	-38.3346851215
76	2.4725423692	0.0061266004	-60.6736273526
77	0.0000000000	0.0061266004	-2.3564283250
78	2.4046653644	0.0061266004	-63.6108470567
79	1.4111660509	0.0061266004	-37.9772968424
80	0.3400825109	0.0061266004	-12.5051698344
81	0.3334849527	0.0061266004	-13.6865958224
82	1.7115933742	0.0061266004	-49.8007249309
83	1.0056763777	0.0061266004	-32.7789155176
84	0.6882964723	0.0061266004	-20.5185548695
85	0.0000000000	0.0061266004	-2.0862692329
86	0.7020391114	0.0061266004	-21.5945457518
87	0.3303511058	0.0061266004	-14.8301568234
88	0.6662319511	0.0061266004	-22.3719954429
89	0.3666417637	0.0061266004	-12.0676720479
90	2.0316478036	0.0061266004	-56.2342299541
91	0.0000000000	0.0061266004	-2.3564283250
92	0.0000000000	0.0061266004	-3.2061671053
93	1.0047973889	0.0061266004	-30.8924494261
94	0.3376510983	0.0061266004	-13.5404735480
95	0.0000000000	0.0061266004	-3.3497465896
96	2.3295946949	0.0061266004	-60.0253028143
97	1.7499638777	0.0061266004	-45.0400445796
98	0.3521781137	0.0061266004	-12.5756609165
99	0.0000000000	0.0061266004	-2.8827771819
100	0.7037859964	0.0061266004	-21.4108812444
101	0.3545625304	0.0061266004	-12.3712950138
102	1.6687285731	0.0061266004	-47.2825309997
103	0.3666418479	0.0061266004	-12.0263324608
104	0.0000000000	0.0061266004	-3.1800719945
105	1.6796373324	0.0061266004	-47.3061701763
106	1.4002856160	0.0061266004	-37.9003287198
107	0.7037860204	0.0061266004	-20.2695294488
108	1.4242170720	0.0061266004	-38.7075609307
109	1.4724579422	0.0061266004	-37.6571018028
110	0.7341855640	0.0061266004	-20.6192695761
111	0.0000000000	0.0061266004	-2.3564283250
112	1.3808349767	0.0061266004	-37.5532829817
113	1.3656015244	0.0061266004	-38.9199186220
114	1.6748828273	0.0061266004	-49.3108930008
115	2.8335568535	0.0061266004	-68.4816028028
116	0.0000000000	0.0061266004	-3.2871174305
117	1.7124703268	0.0061266004	-48.1895653346
118	0.0000000000	0.0061266004	-3.1800719945
119	1.0152672024	0.0061266004	-30.1867231366
120	1.9836884971	0.0061266004	-54.0106867004
121	2.0616126593	0.0061266004	-52.9635485223
122	0.0000000000	0.0061266004	-2.3564283250
123	2.7076002144	0.0061266004	-69.0075848190
124	2.3538784951	0.0061266004	-61.7943057695
