site	rate	t	lnL
1	1.4091847663	0.0634158108	-257.9541620414
2	0.6290159622	0.0634158108	-137.6489547203
3	1.6002426631	0.0634158108	-289.3557976270
4	1.5611969376	0.0634158108	-289.8937690866
5	0.0339631137	0.0634158108	-12.7396518681
6	1.3188043268	0.0634158108	-241.4262076903
7	0.2386125639	0.0634158108	-56.7929839447
8	0.4781663004	0.0634158108	-108.0426045981
9	1.6552082808	0.0634158108	-295.0791118731
10	1.5849637258	0.0634158108	-283.9329473910
11	0.7697590849	0.0634158108	-151.5459976125
12	2.0732615271	0.0634158108	-327.2477334863
13	0.7055175212	0.0634158108	-152.9314287862
14	1.5698134497	0.0634158108	-272.2672206245
15	1.6487759742	0.0634158108	-278.5317196809
16	1.1633893041	0.0634158108	-234.3662854058
17	1.4511725133	0.0634158108	-265.2646024091
18	1.2788438458	0.0634158108	-239.6774207288
19	1.0116589927	0.0634158108	-198.3640188392
20	0.1013981448	0.0634158108	-30.5896145541
21	0.9413944455	0.0634158108	-190.5546073185
22	1.7767405675	0.0634158108	-298.9585786577
23	0.4771859469	0.0634158108	-106.7839164745
24	0.1323040515	0.0634158108	-37.9276224938
25	1.4676703737	0.0634158108	-275.0844262900
26	0.0656733707	0.0634158108	-22.0785074902
27	0.3951259191	0.0634158108	-90.0919694380
28	0.0000000000	0.0634158108	-2.4471943240
29	0.1359305347	0.0634158108	-34.8761855157
30	0.4109264104	0.0634158108	-96.3532164574
31	1.7266796309	0.0634158108	-307.1080811285
32	0.6657875925	0.0634158108	-144.3383235147
33	0.1291028349	0.0634158108	-37.4452640478
34	1.2309555368	0.0634158108	-235.2041411001
35	1.2838187350	0.0634158108	-240.0349373612
36	1.6890134710	0.0634158108	-297.8725687052
37	1.6414082196	0.0634158108	-297.6925362974
38	1.8489697419	0.0634158108	-322.4886790041
39	1.5587800735	0.0634158108	-264.0314148252
40	1.4166330530	0.0634158108	-265.2267655180
41	1.2226163246	0.0634158108	-236.1565668892
42	1.5195974126	0.0634158108	-285.9471771567
43	0.7751518317	0.0634158108	-163.7511736559
44	1.5621925060	0.0634158108	-288.4430059661
45	1.0527628704	0.0634158108	-208.4754679983
46	1.7163491347	0.0634158108	-311.7241736160
47	0.5250768257	0.0634158108	-118.4282530129
48	1.1322880492	0.0634158108	-231.5373546655
49	1.6656696888	0.0634158108	-297.6112537023
50	1.4419758836	0.0634158108	-270.1918848413
51	0.0000000000	0.0634158108	-2.5259334284
52	0.2878529277	0.0634158108	-67.6441356831
53	0.5639166510	0.0634158108	-120.2980228864
54	1.0185103016	0.0634158108	-199.3539750596
55	0.2120850046	0.0634158108	-54.6083808471
56	1.1368315791	0.0634158108	-229.9538874733
57	0.1615310803	0.0634158108	-46.4207324341
58	1.4311616840	0.0634158108	-253.1540385650
59	1.2684738860	0.0634158108	-247.1309552561
60	0.8818786734	0.0634158108	-164.7478215221
61	0.0000000000	0.0634158108	-2.4471943240
62	1.1283070598	0.0634158108	-218.7234661941
63	0.1641630831	0.0634158108	-46.2729889964
64	0.2712880508	0.0634158108	-69.2547308284
65	2.1110592984	0.0634158108	-321.0882154568
66	1.0555672109	0.0634158108	-211.3391630901
67	1.7817704661	0.0634158108	-304.6354789181
68	1.7077293900	0.0634158108	-284.6355619178
69	1.5987524532	0.0634158108	-291.2074019191
70	1.3379028466	0.0634158108	-251.1933207522
71	1.3873808612	0.0634158108	-253.2261624185
72	1.3380857346	0.0634158108	-252.4915146015
73	0.0000000000	0.0634158108	-2.4471943240
74	0.5483567089	0.0634158108	-120.5911728080
75	0.5081653716	0.0634158108	-103.2824868848
76	1.8003227421	0.0634158108	-321.4884729028
77	0.6200201804	0.0634158108	-134.6752993821
78	1.5456574209	0.0634158108	-279.5969467814
79	1.2104549436	0.0634158108	-245.5955133722
80	0.2518877547	0.0634158108	-57.6574114421
81	0.5805045413	0.0634158108	-120.8141948486
82	1.5938601291	0.0634158108	-288.2053381259
83	2.2271554547	0.0634158108	-367.2648881020
84	0.3638381276	0.0634158108	-89.9163338927
85	1.0017560348	0.0634158108	-198.5124426330
86	0.6913740762	0.0634158108	-151.6001835157
87	0.8006057357	0.0634158108	-162.6665841499
88	0.7842133119	0.0634158108	-176.1394948978
89	1.7886968927	0.0634158108	-308.1041652372
90	1.4051183432	0.0634158108	-265.8748916355
91	0.0000000000	0.0634158108	-2.4471943240
92	0.9678261625	0.0634158108	-196.9299446678
93	0.8032506751	0.0634158108	-156.9490638734
94	0.1356440030	0.0634158108	-39.3455151861
95	0.0963136993	0.0634158108	-31.0135249802
96	1.7966213069	0.0634158108	-322.4709981447
97	1.1534221112	0.0634158108	-221.1916573977
98	0.5154291164	0.0634158108	-114.1722549197
99	1.4025687972	0.0634158108	-254.7308334895
100	0.2029750187	0.0634158108	-54.2720056497
101	0.1795168727	0.0634158108	-42.3893231333
102	1.5125474501	0.0634158108	-278.3471956006
103	0.7677879713	0.0634158108	-152.3010865916
104	0.0328073651	0.0634158108	-13.1094784634
105	1.5332010026	0.0634158108	-277.1757743270
106	1.1954213838	0.0634158108	-225.0027820506
107	0.3623134446	0.0634158108	-90.8137629260
108	0.8312951016	0.0634158108	-163.7675353222
109	1.4427328868	0.0634158108	-269.9380653325
110	1.5221145285	0.0634158108	-277.0151661642
111	0.0000000000	0.0634158108	-2.4471943240
112	1.9225519393	0.0634158108	-322.6277235891
113	1.8310442804	0.0634158108	-313.1179661249
114	0.3300330998	0.0634158108	-82.5427895345
115	1.1991273138	0.0634158108	-236.7152405547
116	1.8881098948	0.0634158108	-318.2897045278
117	1.4264281575	0.0634158108	-266.0450211532
118	1.6554807621	0.0634158108	-280.5112395359
119	0.6154086244	0.0634158108	-127.2428692779
120	1.6294369775	0.0634158108	-291.4057106244
121	1.2594847380	0.0634158108	-237.4692418728
122	0.1365279353	0.0634158108	-33.7708614634
123	1.1594282691	0.0634158108	-227.2708839447
124	1.3968384457	0.0634158108	-264.1280728596
