site	rate	t	lnL
1	0.8655049009	0.0609947963	-175.5284490602
2	0.3414915802	0.0609947963	-78.9057060982
3	1.9570297463	0.0609947963	-334.0568192466
4	1.4463372398	0.0609947963	-254.6764855302
5	0.1411262300	0.0609947963	-38.3782386004
6	1.4154949240	0.0609947963	-254.3148977544
7	0.3222724024	0.0609947963	-71.5517515017
8	1.3494858284	0.0609947963	-242.3616206083
9	1.2419536804	0.0609947963	-226.1675551871
10	1.9519867798	0.0609947963	-317.9849511260
11	0.7852054453	0.0609947963	-154.2964545577
12	1.4599881401	0.0609947963	-264.5882518425
13	1.3186689078	0.0609947963	-239.6578204543
14	1.5842369911	0.0609947963	-277.0525361971
15	0.4951264981	0.0609947963	-102.3044579294
16	1.0984586864	0.0609947963	-216.4173156834
17	1.2351475034	0.0609947963	-233.4540736736
18	1.6783018207	0.0609947963	-294.9676491303
19	1.3910616893	0.0609947963	-251.1734507985
20	0.1758588832	0.0609947963	-45.3867601319
21	2.1705644191	0.0609947963	-349.6695434481
22	0.8643911445	0.0609947963	-174.0759906948
23	0.4587502573	0.0609947963	-98.2500602894
24	0.1404542095	0.0609947963	-40.6793278373
25	1.2292553962	0.0609947963	-232.8127393041
26	0.1017794814	0.0609947963	-29.2188506495
27	0.2075391482	0.0609947963	-50.9285464073
28	0.0000000000	0.0609947963	-2.4831440911
29	0.0355890695	0.0609947963	-12.7096364415
30	0.2028786796	0.0609947963	-53.3444024562
31	1.5779501670	0.0609947963	-278.2853640270
32	2.1180171455	0.0609947963	-341.2419736469
33	0.1699620301	0.0609947963	-48.6562266305
34	1.6641573019	0.0609947963	-294.7141849974
35	0.3825208000	0.0609947963	-86.9283875228
36	1.4972568647	0.0609947963	-266.4716402174
37	0.6760698903	0.0609947963	-138.4982588903
38	1.3452210680	0.0609947963	-244.5526633585
39	1.0168598804	0.0609947963	-196.4465800215
40	0.8869362112	0.0609947963	-171.9608092445
41	2.3919184304	0.0609947963	-378.9371861011
42	1.7216544138	0.0609947963	-291.7842926804
43	1.0633935280	0.0609947963	-202.2777011327
44	2.1206487242	0.0609947963	-349.5635908376
45	1.5060146574	0.0609947963	-259.1642894706
46	1.5500674816	0.0609947963	-265.4796849248
47	1.0096671605	0.0609947963	-196.0800910885
48	1.4032019389	0.0609947963	-255.2281936636
49	0.9805689490	0.0609947963	-192.8228573491
50	0.4805054327	0.0609947963	-106.8056905904
51	0.0350191968	0.0609947963	-12.7443240190
52	0.1056621539	0.0609947963	-29.1414771324
53	0.1070511402	0.0609947963	-29.8467826371
54	0.9056108994	0.0609947963	-176.3326642484
55	0.2074210000	0.0609947963	-51.5485340550
56	0.8700392866	0.0609947963	-173.4193128418
57	0.0677483438	0.0609947963	-23.2261150838
58	1.0003886203	0.0609947963	-191.5491379800
59	0.9967318877	0.0609947963	-190.5544397670
60	0.2036518002	0.0609947963	-51.7101803773
61	0.0000000000	0.0609947963	-2.4831440911
62	1.3035813908	0.0609947963	-245.2840010908
63	1.6729149783	0.0609947963	-303.2047677870
64	0.5726642659	0.0609947963	-119.0348748073
65	1.5577670444	0.0609947963	-271.2096123034
66	1.6657488944	0.0609947963	-280.7813677021
67	1.4057540463	0.0609947963	-263.2051969118
68	1.5621166457	0.0609947963	-264.2102028306
69	1.8281023220	0.0609947963	-306.0598388877
70	1.5463420857	0.0609947963	-277.5798266004
71	1.0356221621	0.0609947963	-196.4085897233
72	0.7334796959	0.0609947963	-148.0232826858
73	0.0351930905	0.0609947963	-13.2230747578
74	0.3176452902	0.0609947963	-72.8771310446
75	0.7277674034	0.0609947963	-139.2776796984
76	1.3858670093	0.0609947963	-254.8697532329
77	0.1058296373	0.0609947963	-29.5252606995
78	1.2704210071	0.0609947963	-235.9946504700
79	1.6863663357	0.0609947963	-281.5038332861
80	1.3125431753	0.0609947963	-235.6976515771
81	0.9554264610	0.0609947963	-190.6955547248
82	1.6897791486	0.0609947963	-292.0920789209
83	1.1816212462	0.0609947963	-224.8019353511
84	0.3053142845	0.0609947963	-75.8973669080
85	0.7151821974	0.0609947963	-144.7708153163
86	1.9537900447	0.0609947963	-315.6948279886
87	1.7182802826	0.0609947963	-300.8588816904
88	0.3825885540	0.0609947963	-86.0134738716
89	0.1429124068	0.0609947963	-36.6034611725
90	1.1808269921	0.0609947963	-222.2960898014
91	0.1768756458	0.0609947963	-43.7978294630
92	0.5454663338	0.0609947963	-121.5976384480
93	1.5045328850	0.0609947963	-257.5272513954
94	0.2148323321	0.0609947963	-51.9753514494
95	0.3035735709	0.0609947963	-75.6935477772
96	1.8443049114	0.0609947963	-314.4622482061
97	1.7986660287	0.0609947963	-298.4382528676
98	0.3538109431	0.0609947963	-82.1301537132
99	1.1631046752	0.0609947963	-224.5496375945
100	0.8924511647	0.0609947963	-171.5588295324
101	0.2104787000	0.0609947963	-51.2558712639
102	1.7292932566	0.0609947963	-289.7001514253
103	1.9040844327	0.0609947963	-321.6400266047
104	0.0675500010	0.0609947963	-22.5788383022
105	1.4914160338	0.0609947963	-277.0574228378
106	1.2620242727	0.0609947963	-232.5439536658
107	0.4549964464	0.0609947963	-99.7208470224
108	1.7678349973	0.0609947963	-299.8155584257
109	1.7080864433	0.0609947963	-287.3453230851
110	1.0100557761	0.0609947963	-191.2887643579
111	0.0000000000	0.0609947963	-2.4831440911
112	1.7258479428	0.0609947963	-296.0862189724
113	1.3525862178	0.0609947963	-251.2542547291
114	1.3285541687	0.0609947963	-244.2463245003
115	0.7793659376	0.0609947963	-156.0559184766
116	1.6596863074	0.0609947963	-282.2802968380
117	1.8263264697	0.0609947963	-309.8884822649
118	0.9617661276	0.0609947963	-186.0104104645
119	0.7736291747	0.0609947963	-158.7574790731
120	1.7354235946	0.0609947963	-294.1920537154
121	0.2108957595	0.0609947963	-54.4154563126
122	0.1771055959	0.0609947963	-43.0785906725
123	1.2673775166	0.0609947963	-235.2742422702
124	1.4259059008	0.0609947963	-262.4044862313
