site	rate	t	lnL
1	1.4317563196	0.0610254583	-258.2783999937
2	0.6604566351	0.0610254583	-135.7946610254
3	1.7849663386	0.0610254583	-295.2523558941
4	1.7088672856	0.0610254583	-288.4807630472
5	1.5878656811	0.0610254583	-279.6260909187
6	1.8570537280	0.0610254583	-309.5076491001
7	0.6597588610	0.0610254583	-138.8751109192
8	0.2048300711	0.0610254583	-53.2646384629
9	1.1685002110	0.0610254583	-221.4002820884
10	1.0598528793	0.0610254583	-201.7960501833
11	0.4127591031	0.0610254583	-95.1296163687
12	1.6286700278	0.0610254583	-274.7124864878
13	0.8770551335	0.0610254583	-174.3378832627
14	1.9785984749	0.0610254583	-326.7761660719
15	0.2394893270	0.0610254583	-59.4502789286
16	1.8986869676	0.0610254583	-313.7370362625
17	1.6238017075	0.0610254583	-279.4490644478
18	0.8398026197	0.0610254583	-166.3094179385
19	1.2417537864	0.0610254583	-232.1480275430
20	0.1704323938	0.0610254583	-45.8051716159
21	0.6944924269	0.0610254583	-146.1578106146
22	1.4369838271	0.0610254583	-255.6565001572
23	0.8379765754	0.0610254583	-168.4994402309
24	0.0679381700	0.0610254583	-21.9586521241
25	1.6734463187	0.0610254583	-286.4835967275
26	0.1020303947	0.0610254583	-30.2204424139
27	0.1705456640	0.0610254583	-44.7032522473
28	0.0000000000	0.0610254583	-2.9957322736
29	0.0679447244	0.0610254583	-21.9586520033
30	0.3780013746	0.0610254583	-86.6269159905
31	1.5502477609	0.0610254583	-271.9983978785
32	0.6241037347	0.0610254583	-133.7629966414
33	0.1705052827	0.0610254583	-45.8030632549
34	1.3567028845	0.0610254583	-245.2407208584
35	0.9861182960	0.0610254583	-189.3530189706
36	1.3194313790	0.0610254583	-239.8957639104
37	1.2420941425	0.0610254583	-228.8391049518
38	1.1687519902	0.0610254583	-218.9040913188
39	1.2896065018	0.0610254583	-232.9817102858
40	1.4319618380	0.0610254583	-257.1725055095
41	2.4353137843	0.0610254583	-376.2126714688
42	1.8199181765	0.0610254583	-306.0528450914
43	1.0586283374	0.0610254583	-198.7821872245
44	1.1314216130	0.0610254583	-210.9463122620
45	0.9482846057	0.0610254583	-185.6771322934
46	0.6241954034	0.0610254583	-131.6805645875
47	0.2738808605	0.0610254583	-67.6975800929
48	0.9841645194	0.0610254583	-191.3816920464
49	0.9839981556	0.0610254583	-192.3034403708
50	0.3782363736	0.0610254583	-86.3324550023
51	0.0000000000	0.0610254583	-2.9957322736
52	0.4829182553	0.0610254583	-108.2897224462
53	0.6596983788	0.0610254583	-137.0847169895
54	0.2392361755	0.0610254583	-60.5560271307
55	0.2047995375	0.0610254583	-53.2652734306
56	1.2085840730	0.0610254583	-220.9950913740
57	0.5178052593	0.0610254583	-114.0722732524
58	0.9125171607	0.0610254583	-182.0266970355
59	1.2073775936	0.0610254583	-223.3443324310
60	0.5530455127	0.0610254583	-121.1644558055
61	0.0339267480	0.0610254583	-13.1715324922
62	0.9479504010	0.0610254583	-184.5865925077
63	1.2421544662	0.0610254583	-233.2379692373
64	1.4293279816	0.0610254583	-258.4583220686
65	1.8630960669	0.0610254583	-309.2444688368
66	0.8020859517	0.0610254583	-164.3259807001
67	1.4330263248	0.0610254583	-254.9436020634
68	1.4324945319	0.0610254583	-253.9750290825
69	1.5872722899	0.0610254583	-272.1729639431
70	2.1063108660	0.0610254583	-340.4003356428
71	0.7669425895	0.0610254583	-154.7116161955
72	1.4324131445	0.0610254583	-257.5681348548
73	0.0679375928	0.0610254583	-21.9588605621
74	0.3084095526	0.0610254583	-74.7172231188
75	0.5177409950	0.0610254583	-114.7671375516
76	0.6950138834	0.0610254583	-144.7571522010
77	0.0679447023	0.0610254583	-21.9586521333
78	1.0953162918	0.0610254583	-204.4660671512
79	2.1380547390	0.0610254583	-342.1283883455
80	1.6240444749	0.0610254583	-278.7524995304
81	0.8754727413	0.0610254583	-170.9123765621
82	1.6215962530	0.0610254583	-283.0937578197
83	1.9373409768	0.0610254583	-319.1547297788
84	0.7326522446	0.0610254583	-148.0534727626
85	1.0935402531	0.0610254583	-208.6595514417
86	0.6950750627	0.0610254583	-146.1420466214
87	1.0959854333	0.0610254583	-206.3965848418
88	0.6955340404	0.0610254583	-144.3373377746
89	0.2048079373	0.0610254583	-53.2652746380
90	1.6253536940	0.0610254583	-283.8129174163
91	0.0000000000	0.0610254583	-2.9957322736
92	0.5885222629	0.0610254583	-127.4945928736
93	0.8032162960	0.0610254583	-164.2951663998
94	0.3429666665	0.0610254583	-81.6247997802
95	0.2047994559	0.0610254583	-53.2652746318
96	1.3946723543	0.0610254583	-248.6969133525
97	1.9385388707	0.0610254583	-320.5155034625
98	0.5898370131	0.0610254583	-125.2601708431
99	1.8274327382	0.0610254583	-302.1225495907
100	0.1706183665	0.0610254583	-44.7011461632
101	0.2048215082	0.0610254583	-53.2646392667
102	1.0572316145	0.0610254583	-199.6657922158
103	1.9686619492	0.0610254583	-331.0173555246
104	1.0572404078	0.0610254583	-201.8649197640
105	1.1706295248	0.0610254583	-216.5385512140
106	1.1681876011	0.0610254583	-217.8186588786
107	2.1894435785	0.0610254583	-351.3760871376
108	1.3181484111	0.0610254583	-239.1164953414
109	1.2439147817	0.0610254583	-231.3994769653
110	0.9844920279	0.0610254583	-192.5774896498
111	0.0000000000	0.0610254583	-2.9957322736
112	1.6621148090	0.0610254583	-286.8984992701
113	1.7817635095	0.0610254583	-300.4576694721
114	0.3431178243	0.0610254583	-81.6205062213
115	1.6339713277	0.0610254583	-280.7091185492
116	1.5847347352	0.0610254583	-277.5030895717
117	1.3913188746	0.0610254583	-255.1486008531
118	0.7686794040	0.0610254583	-152.8710237926
119	0.9114856510	0.0610254583	-180.9547306986
120	0.8411718130	0.0610254583	-165.6389913348
121	1.3550114957	0.0610254583	-245.5379207782
122	1.2842356880	0.0610254583	-234.3486206208
123	1.7033420469	0.0610254583	-287.0688331128
124	2.0369945367	0.0610254583	-329.1341691893
