site	rate	t	lnL
1	2.2297376797	0.0064180005	-62.5736464218
2	0.3196594776	0.0064180005	-12.9630885386
3	1.0363313291	0.0064180005	-29.2155421663
4	0.9664208705	0.0064180005	-32.2155747170
5	0.0000000000	0.0064180005	-2.5859920426
6	1.3004277117	0.0064180005	-39.1662727204
7	1.3344849332	0.0064180005	-36.7285629243
8	0.9592057146	0.0064180005	-31.0967092048
9	2.3107429311	0.0064180005	-60.8368510978
10	1.0087921296	0.0064180005	-29.1095477178
11	0.3322147947	0.0064180005	-12.7304472315
12	2.0230464085	0.0064180005	-52.9402692445
13	1.2731122109	0.0064180005	-37.4975753830
14	1.6048556564	0.0064180005	-45.4542453599
15	0.0000000000	0.0064180005	-2.1975396471
16	0.6288227410	0.0064180005	-22.7230999628
17	0.9595579716	0.0064180005	-32.3250148784
18	2.8772899684	0.0064180005	-73.8930971571
19	1.2834267524	0.0064180005	-37.4943252118
20	0.0000000000	0.0064180005	-2.4515722952
21	1.2756062238	0.0064180005	-36.5383342149
22	1.9604652331	0.0064180005	-57.1676416747
23	0.6481435970	0.0064180005	-22.7614561912
24	0.0000000000	0.0064180005	-2.4515722952
25	0.9533980279	0.0064180005	-31.1385795925
26	0.0000000000	0.0064180005	-2.5583557200
27	0.3448304974	0.0064180005	-12.1660430057
28	0.0000000000	0.0064180005	-2.5859920426
29	0.0000000000	0.0064180005	-2.1975396471
30	0.3173539434	0.0064180005	-12.7645703282
31	0.6392570690	0.0064180005	-21.8853944512
32	0.3448304876	0.0064180005	-12.6816235762
33	0.0000000000	0.0064180005	-3.3706090243
34	0.9971424867	0.0064180005	-29.1317514740
35	0.0000000000	0.0064180005	-2.5583557200
36	0.9601492459	0.0064180005	-30.3486173844
37	2.6821210726	0.0064180005	-66.7502578274
38	1.2951163878	0.0064180005	-37.7823573187
39	0.9703223254	0.0064180005	-30.0418930154
40	0.6718902453	0.0064180005	-20.4633962257
41	1.6054642211	0.0064180005	-46.9887335630
42	0.9687210533	0.0064180005	-32.0448134007
43	1.6750687364	0.0064180005	-46.4049137505
44	0.3238933833	0.0064180005	-12.5489024596
45	2.5501205430	0.0064180005	-71.7582767136
46	0.0000000000	0.0064180005	-2.4515722952
47	0.6900064040	0.0064180005	-21.6259515495
48	0.6502298103	0.0064180005	-21.7423887930
49	1.3158733939	0.0064180005	-37.7416084821
50	0.0000000000	0.0064180005	-3.0213861595
51	0.0000000000	0.0064180005	-2.4515722952
52	0.6905988536	0.0064180005	-20.3412340482
53	0.9860308807	0.0064180005	-28.5327714844
54	0.9746494865	0.0064180005	-28.3522605725
55	0.0000000000	0.0064180005	-2.7330578835
56	0.9526075923	0.0064180005	-31.1688108319
57	0.0000000000	0.0064180005	-3.2069450128
58	0.0000000000	0.0064180005	-3.2178997389
59	2.0822115422	0.0064180005	-51.7281476779
60	0.0000000000	0.0064180005	-2.5583557200
61	0.0000000000	0.0064180005	-2.5859920426
62	0.6391351915	0.0064180005	-22.6370625752
63	0.6343805426	0.0064180005	-24.2397625391
64	0.3354321675	0.0064180005	-12.1499095539
65	2.0232948825	0.0064180005	-52.3340947081
66	0.3192132631	0.0064180005	-13.7806694306
67	0.6410783051	0.0064180005	-21.6791183831
68	1.9189104656	0.0064180005	-52.0975980856
69	2.2134482988	0.0064180005	-63.3448821601
70	1.9506154388	0.0064180005	-52.9945953690
71	0.3448304876	0.0064180005	-11.7625868472
72	2.2463639245	0.0064180005	-63.2410382845
73	0.0000000000	0.0064180005	-2.5859920426
74	0.0000000000	0.0064180005	-2.4515722952
75	0.3277907759	0.0064180005	-13.3771047929
76	0.9622689740	0.0064180005	-30.5826282149
77	0.0000000000	0.0064180005	-2.5859920426
78	0.6875271573	0.0064180005	-21.6955641175
79	0.0000000000	0.0064180005	-2.5583557200
80	3.6992250034	0.0064180005	-89.3532627567
81	1.3483324681	0.0064180005	-37.6094266293
82	1.2536831452	0.0064180005	-37.9749486046
83	1.3467849328	0.0064180005	-38.3046111439
84	0.9381590522	0.0064180005	-30.8649807520
85	0.0000000000	0.0064180005	-2.8550284537
86	0.9603571845	0.0064180005	-31.3285650159
87	1.9785871782	0.0064180005	-55.1183287585
88	0.9794933653	0.0064180005	-31.0560303150
89	0.0000000000	0.0064180005	-2.1975396471
90	1.6693429556	0.0064180005	-43.8488583365
91	0.0000000000	0.0064180005	-2.5859920426
92	0.9857250113	0.0064180005	-28.7755543626
93	0.9771357620	0.0064180005	-29.9663033093
94	0.0000000000	0.0064180005	-2.8550284537
95	0.3164117086	0.0064180005	-14.0277047749
96	2.0250022472	0.0064180005	-51.9526025136
97	1.0365403381	0.0064180005	-28.9449302641
98	0.6715717693	0.0064180005	-21.9690231564
99	0.3279645591	0.0064180005	-12.4549817721
100	0.9552671617	0.0064180005	-28.7548721582
101	1.3474791985	0.0064180005	-36.1772235723
102	0.3354321809	0.0064180005	-13.0715031740
103	1.5888159939	0.0064180005	-47.9676774252
104	0.0000000000	0.0064180005	-3.2155421740
105	1.6039727182	0.0064180005	-44.5305787315
106	1.2814413210	0.0064180005	-38.6325166882
107	1.2942260962	0.0064180005	-37.8880553733
108	1.3470374994	0.0064180005	-36.5479368186
109	1.3467078679	0.0064180005	-37.8160106049
110	1.7163763639	0.0064180005	-43.7599798488
111	0.0000000000	0.0064180005	-2.5859920426
112	2.3187411443	0.0064180005	-59.5838580376
113	2.5682053041	0.0064180005	-69.3153415941
114	0.6290490936	0.0064180005	-23.1848387415
115	1.3053377664	0.0064180005	-37.5349327726
116	3.1988111921	0.0064180005	-82.9016011881
117	2.0214831749	0.0064180005	-52.1375277133
118	0.3321706145	0.0064180005	-13.1891435059
119	2.1868321619	0.0064180005	-62.6666128283
120	2.2850593842	0.0064180005	-60.4474740759
121	2.2563304099	0.0064180005	-57.5875420429
122	0.3314541016	0.0064180005	-11.9365270921
123	2.4089535857	0.0064180005	-60.8171733597
124	1.3464544889	0.0064180005	-36.8482300410
