site	rate	t	lnL
1	1.1305841077	0.0054917964	-32.4794946751
2	0.3865223632	0.0054917964	-12.2945596114
3	0.7359021574	0.0054917964	-22.2796257417
4	1.5619361975	0.0054917964	-38.8180792783
5	0.0000000000	0.0054917964	-2.3405968598
6	0.7742192390	0.0054917964	-20.9213311517
7	0.0000000000	0.0054917964	-2.5041172145
8	1.1127648706	0.0054917964	-30.3323861281
9	0.7737330833	0.0054917964	-21.7648253530
10	0.3895295455	0.0054917964	-13.0671221739
11	0.4059518353	0.0054917964	-12.2714948700
12	2.3279159884	0.0054917964	-53.0698810406
13	3.9267471662	0.0054917964	-84.4239616804
14	2.6097116121	0.0054917964	-62.8146906549
15	0.3865223848	0.0054917964	-12.2719553754
16	1.8171320919	0.0054917964	-47.3998538228
17	1.5659680336	0.0054917964	-37.7829659524
18	1.5070449854	0.0054917964	-38.8013572814
19	1.1322016886	0.0054917964	-30.5246043322
20	0.0000000000	0.0054917964	-2.8506592496
21	0.0000000000	0.0054917964	-2.6126942012
22	2.7080938911	0.0054917964	-63.1701601712
23	0.0000000000	0.0054917964	-2.1394205806
24	0.0000000000	0.0054917964	-3.7087324859
25	0.4060331902	0.0054917964	-12.6609757266
26	0.3765804657	0.0054917964	-12.8197903356
27	0.3749974688	0.0054917964	-13.1162668090
28	0.0000000000	0.0054917964	-2.3405968598
29	0.3672919661	0.0054917964	-14.3362899942
30	1.1043067828	0.0054917964	-32.5962287721
31	1.9909801494	0.0054917964	-45.5485307811
32	1.9924757186	0.0054917964	-44.1995640452
33	0.0000000000	0.0054917964	-2.6489982099
34	1.1226507459	0.0054917964	-31.1249924513
35	0.8131499463	0.0054917964	-19.9522300849
36	0.7795640967	0.0054917964	-21.2796955837
37	0.8122185699	0.0054917964	-22.3772510555
38	0.3854313460	0.0054917964	-13.5156982657
39	1.8747992675	0.0054917964	-47.8127549956
40	1.4860337780	0.0054917964	-37.8984586122
41	1.1709419744	0.0054917964	-30.6577221337
42	2.3897455663	0.0054917964	-54.0095295144
43	1.5552729906	0.0054917964	-37.3766091095
44	1.1158222670	0.0054917964	-31.5033957435
45	0.3703524540	0.0054917964	-13.2759489095
46	0.0000000000	0.0054917964	-2.8506592496
47	0.3854312936	0.0054917964	-11.9463863604
48	1.6183107212	0.0054917964	-39.0740930776
49	1.6290443284	0.0054917964	-38.1119540409
50	1.8903545114	0.0054917964	-47.6962906712
51	0.0000000000	0.0054917964	-2.8506592496
52	0.4060331117	0.0054917964	-12.9541056575
53	0.0000000000	0.0054917964	-2.5041172145
54	0.7936743424	0.0054917964	-21.3060270175
55	0.4060331569	0.0054917964	-11.7494903860
56	0.0000000000	0.0054917964	-3.4291162743
57	2.2345968954	0.0054917964	-54.2818174383
58	0.7814455692	0.0054917964	-20.7453098942
59	1.1624086870	0.0054917964	-29.6347123266
60	0.0000000000	0.0054917964	-3.2038370071
61	0.0000000000	0.0054917964	-2.3405968598
62	0.3760091986	0.0054917964	-13.6577556553
63	0.0000000000	0.0054917964	-3.4156025551
64	1.1572725185	0.0054917964	-31.2184341775
65	1.9904598531	0.0054917964	-46.4956125756
66	1.1159094489	0.0054917964	-30.9025181114
67	2.5880418305	0.0054917964	-62.9659216925
68	0.3701254103	0.0054917964	-13.6744821137
69	1.4989533268	0.0054917964	-39.9151882782
70	2.6514703382	0.0054917964	-62.4262271626
71	1.4732484953	0.0054917964	-40.0780764983
72	1.1589141288	0.0054917964	-31.1949171308
73	0.0000000000	0.0054917964	-2.3405968598
74	2.2542428142	0.0054917964	-53.9946428131
75	0.3900742605	0.0054917964	-11.7895441180
76	2.7194310726	0.0054917964	-60.6678021945
77	0.0000000000	0.0054917964	-2.3405968598
78	0.7475567300	0.0054917964	-22.9223406210
79	2.9873223609	0.0054917964	-70.2257907066
80	0.4060331769	0.0054917964	-12.9541056575
81	1.1305445014	0.0054917964	-31.2726322368
82	0.7411281667	0.0054917964	-23.3343247553
83	0.7810165687	0.0054917964	-22.5321263640
84	0.0000000000	0.0054917964	-3.4156025551
85	1.1682390514	0.0054917964	-31.2676005243
86	0.7719278530	0.0054917964	-21.2146486319
87	1.5633281273	0.0054917964	-39.1763782559
88	0.3671162680	0.0054917964	-13.4194512961
89	0.0000000000	0.0054917964	-2.5267214505
90	1.8518828487	0.0054917964	-46.2152070727
91	0.0000000000	0.0054917964	-2.3405968598
92	0.8132104500	0.0054917964	-20.8707671041
93	2.2540892902	0.0054917964	-52.9976933019
94	0.7797848939	0.0054917964	-21.0011122640
95	0.3708904393	0.0054917964	-13.2495452924
96	1.2196432780	0.0054917964	-30.4924482566
97	1.4867061090	0.0054917964	-38.6807857614
98	2.3552132007	0.0054917964	-54.1118975436
99	0.0000000000	0.0054917964	-3.4156025551
100	0.0000000000	0.0054917964	-2.8506592496
101	0.0000000000	0.0054917964	-2.5041172145
102	1.5073592513	0.0054917964	-40.7443965123
103	0.4060332108	0.0054917964	-11.7494903860
104	0.3732951278	0.0054917964	-13.0427632407
105	2.2915021309	0.0054917964	-55.1753393163
106	0.7516555498	0.0054917964	-24.4043698985
107	0.0000000000	0.0054917964	-2.6126942012
108	1.1712022439	0.0054917964	-30.3012068601
109	0.3701376302	0.0054917964	-13.2755568924
110	0.7477825738	0.0054917964	-21.8282673736
111	0.0000000000	0.0054917964	-2.3405968598
112	1.4840410115	0.0054917964	-40.4477547281
113	1.6264151216	0.0054917964	-37.0720412034
114	1.9088344108	0.0054917964	-45.4917513171
115	1.8949117792	0.0054917964	-43.7703764775
116	0.3854159059	0.0054917964	-13.0061990180
117	0.7746258566	0.0054917964	-20.8760243197
118	1.5093700465	0.0054917964	-39.8711566726
119	0.0000000000	0.0054917964	-2.5267214505
120	2.6113622310	0.0054917964	-62.1534939261
121	0.3801550835	0.0054917964	-13.0483175824
122	0.0000000000	0.0054917964	-2.3405968598
123	2.5997878577	0.0054917964	-60.7346178994
124	2.2715494425	0.0054917964	-54.7082627398
