site	rate	t	lnL
1	2.3352550842	0.3761426539	-744.3877094254
2	0.8213312226	0.3761426539	-561.3666156597
3	1.7061660446	0.3761426539	-755.8438235413
4	1.7837131848	0.3761426539	-734.3982903390
5	0.1863242944	0.3761426539	-202.5079520535
6	1.9864106072	0.3761426539	-754.9814726956
7	0.7338470611	0.3761426539	-517.3752364147
8	1.0267099997	0.3761426539	-614.6647005216
9	2.3448376744	0.3761426539	-771.8097505844
10	2.2962894796	0.3761426539	-739.1219423737
11	0.3849186528	0.3761426539	-336.9438083474
12	1.8833997201	0.3761426539	-739.6383210128
13	1.3852403864	0.3761426539	-679.8814899197
14	0.6911243652	0.3761426539	-510.1235571770
15	0.5356769223	0.3761426539	-417.1476567448
16	1.4262122796	0.3761426539	-738.9254168409
17	1.7254442272	0.3761426539	-718.7941201939
18	1.2952209588	0.3761426539	-666.8019045193
19	1.5767597178	0.3761426539	-708.7874294068
20	0.3036290799	0.3761426539	-295.6237036590
21	0.9841446879	0.3761426539	-612.2651624035
22	1.5225458484	0.3761426539	-734.2338363609
23	1.0431611697	0.3761426539	-606.0920118527
24	0.2856045605	0.3761426539	-305.1070436547
25	1.6645909116	0.3761426539	-709.4591411467
26	0.1947792626	0.3761426539	-220.8973263416
27	0.5946813920	0.3761426539	-474.4238707122
28	0.0000000000	0.3761426539	-2.4241634392
29	0.4564149549	0.3761426539	-377.2090151666
30	0.8253351502	0.3761426539	-554.2342804248
31	2.0091788935	0.3761426539	-743.7596902799
32	1.0750707115	0.3761426539	-618.8446837299
33	0.2945107301	0.3761426539	-305.7659742261
34	1.6791372687	0.3761426539	-724.4850924368
35	1.1259903317	0.3761426539	-618.4008470877
36	1.7474772360	0.3761426539	-733.4808024134
37	0.9232168740	0.3761426539	-624.4247160646
38	2.5430629264	0.3761426539	-756.1695265375
39	2.0911259619	0.3761426539	-748.7570356591
40	1.2107463769	0.3761426539	-669.9924321056
41	1.3097935773	0.3761426539	-720.0598150328
42	3.0996730691	0.3761426539	-762.8564694144
43	1.7478244000	0.3761426539	-728.6628219024
44	1.5848808064	0.3761426539	-762.1945527821
45	1.6380567219	0.3761426539	-721.5080504179
46	0.4942894095	0.3761426539	-406.7714435877
47	0.5812071696	0.3761426539	-469.6936629786
48	1.1069604454	0.3761426539	-643.0202208039
49	1.1178882009	0.3761426539	-673.2182157973
50	0.8288587836	0.3761426539	-564.1678860575
51	0.0226550754	0.3761426539	-37.6007859615
52	0.5427122152	0.3761426539	-425.9719389046
53	0.7176955072	0.3761426539	-493.9139321034
54	0.9408051721	0.3761426539	-596.4072990413
55	0.6200914557	0.3761426539	-473.3418127565
56	1.0811809412	0.3761426539	-668.7514494434
57	0.1700218922	0.3761426539	-202.9763553816
58	1.3529415016	0.3761426539	-682.1946526128
59	1.6328690005	0.3761426539	-719.5252468418
60	0.5421000401	0.3761426539	-440.2127935514
61	0.0997889409	0.3761426539	-124.7359785011
62	2.3777390211	0.3761426539	-750.8841172115
63	0.6167579349	0.3761426539	-503.1234399292
64	1.0172266330	0.3761426539	-645.4455185418
65	1.5205407419	0.3761426539	-737.3979203480
66	0.4048590387	0.3761426539	-375.5524386405
67	2.6928939872	0.3761426539	-776.5426743404
68	0.9860200232	0.3761426539	-630.3226712700
69	2.2951473475	0.3761426539	-759.9813370107
70	1.6809861415	0.3761426539	-713.6143781152
71	1.3732951362	0.3761426539	-697.1740675239
72	1.6545088965	0.3761426539	-705.3868986429
73	0.2784086308	0.3761426539	-272.6977168398
74	0.8559852987	0.3761426539	-598.3893210874
75	1.2229442722	0.3761426539	-638.9922546470
76	1.6461088435	0.3761426539	-744.9142178926
77	0.1664146036	0.3761426539	-187.9583597094
78	2.3945071841	0.3761426539	-761.0170952479
79	2.4454579037	0.3761426539	-746.5919838166
80	0.6115024200	0.3761426539	-476.0868836574
81	1.3546127778	0.3761426539	-662.8168499976
82	1.8604378307	0.3761426539	-740.9445656933
83	2.7254858967	0.3761426539	-762.3510780060
84	0.6739866518	0.3761426539	-543.6750528093
85	0.6732180647	0.3761426539	-499.2875415454
86	1.2379048008	0.3761426539	-711.4329202790
87	1.3040936267	0.3761426539	-702.7935003476
88	0.7214054518	0.3761426539	-541.8120963794
89	0.4370666060	0.3761426539	-371.4317927563
90	2.7233948631	0.3761426539	-754.2532945785
91	0.1921431604	0.3761426539	-202.9582977325
92	0.9329908026	0.3761426539	-569.7675227715
93	1.5938584622	0.3761426539	-718.3214700997
94	0.4736323062	0.3761426539	-391.5546740800
95	0.6875763041	0.3761426539	-527.8985796147
96	1.7092553984	0.3761426539	-722.5330800445
97	1.7956648866	0.3761426539	-711.7107011667
98	1.0916843601	0.3761426539	-641.6418629201
99	1.6122796902	0.3761426539	-730.6019574432
100	0.1580149140	0.3761426539	-183.7684317278
101	0.2804964230	0.3761426539	-257.9883345912
102	2.4220733459	0.3761426539	-750.9506782703
103	1.4746449328	0.3761426539	-691.2850503478
104	0.2572565215	0.3761426539	-270.1520247301
105	1.3092519064	0.3761426539	-723.3120324339
106	1.9654186517	0.3761426539	-732.8736013377
107	0.5952535400	0.3761426539	-470.9262034927
108	2.3967399966	0.3761426539	-747.7080160248
109	2.0990264555	0.3761426539	-738.9714195096
110	1.9822272417	0.3761426539	-733.2381065017
111	0.0057375467	0.3761426539	-12.1732646682
112	2.0838434526	0.3761426539	-746.3286401779
113	2.0431789792	0.3761426539	-758.9253751178
114	0.9157567932	0.3761426539	-634.1471795299
115	1.6006494670	0.3761426539	-727.1795902313
116	2.0372994037	0.3761426539	-751.1702077972
117	1.8286743862	0.3761426539	-699.1466766447
118	1.3418755442	0.3761426539	-689.5307786215
119	1.5567899796	0.3761426539	-719.0049192532
120	2.3758620677	0.3761426539	-750.6972529572
121	0.7080623690	0.3761426539	-523.5924099866
122	0.2174009478	0.3761426539	-221.7611645836
123	1.8870384857	0.3761426539	-743.8657058572
124	2.5057388497	0.3761426539	-767.9614769730
