site	rate	t	lnL
1	1.2393265272	0.0630259541	-240.6419342426
2	1.4094998361	0.0630259541	-261.0059948049
3	2.0032732974	0.0630259541	-319.7775632989
4	2.0451170291	0.0630259541	-339.5065003664
5	0.0000000000	0.0630259541	-2.5200429735
6	1.6799629410	0.0630259541	-297.1745228321
7	0.9706696387	0.0630259541	-187.1519625032
8	0.5864643103	0.0630259541	-120.8957793971
9	1.7995985006	0.0630259541	-320.4337975404
10	1.5341716359	0.0630259541	-285.8909682004
11	0.4314439374	0.0630259541	-98.9806796850
12	1.1268199513	0.0630259541	-229.1533970949
13	1.6824127838	0.0630259541	-291.3656824269
14	0.2713635772	0.0630259541	-69.0415981589
15	0.2168857650	0.0630259541	-52.0168792506
16	1.3313388120	0.0630259541	-254.8945748347
17	1.5264298806	0.0630259541	-257.9000092019
18	0.6621873334	0.0630259541	-132.8091664329
19	0.7365269463	0.0630259541	-157.5122837183
20	0.0336277222	0.0630259541	-12.9307853513
21	1.1182387890	0.0630259541	-221.5099466051
22	1.7365517416	0.0630259541	-303.4769976978
23	1.3758781101	0.0630259541	-253.9428612333
24	0.0652196263	0.0630259541	-21.8725026336
25	0.9572020558	0.0630259541	-185.5096073673
26	1.1591822323	0.0630259541	-213.0095764944
27	0.6114060744	0.0630259541	-130.0201777118
28	0.0000000000	0.0630259541	-2.5200429735
29	0.1083870749	0.0630259541	-29.6728539330
30	0.6358815630	0.0630259541	-138.4338228678
31	0.8078388939	0.0630259541	-158.1710609902
32	1.9982075007	0.0630259541	-332.9802267147
33	0.0985106719	0.0630259541	-32.1691022115
34	1.7662968620	0.0630259541	-302.2861832335
35	0.4700762726	0.0630259541	-98.6467047249
36	1.3136848793	0.0630259541	-246.6161643751
37	0.7351849764	0.0630259541	-154.2078133391
38	1.7484651185	0.0630259541	-307.1261126915
39	1.2066918506	0.0630259541	-230.8149637975
40	1.2731703334	0.0630259541	-237.4921194960
41	1.8297445570	0.0630259541	-319.8114674424
42	1.3031581577	0.0630259541	-250.1867158975
43	0.9750106177	0.0630259541	-194.7122997045
44	1.8526207386	0.0630259541	-336.3215244594
45	2.1594081841	0.0630259541	-355.0437413237
46	1.2523422964	0.0630259541	-239.5725351156
47	0.1317164376	0.0630259541	-37.6403015575
48	1.1478456300	0.0630259541	-225.4920428629
49	0.7730058398	0.0630259541	-160.8113745787
50	1.6548803385	0.0630259541	-294.9292996633
51	0.0000000000	0.0630259541	-2.6339669808
52	0.1801911468	0.0630259541	-44.7751708444
53	0.3036727376	0.0630259541	-74.2451288104
54	0.6693718189	0.0630259541	-143.9864206299
55	0.1005739362	0.0630259541	-31.1753788551
56	1.3281466180	0.0630259541	-243.9550798204
57	0.1984636176	0.0630259541	-53.0102722698
58	1.0448861786	0.0630259541	-204.9815182591
59	1.3392419967	0.0630259541	-260.4781879722
60	0.4025061466	0.0630259541	-89.3429912718
61	0.0000000000	0.0630259541	-2.5200429735
62	1.8699190597	0.0630259541	-314.8151958344
63	0.1988347659	0.0630259541	-53.3324017455
64	0.4090145492	0.0630259541	-90.3971520174
65	1.3923455677	0.0630259541	-259.0209786765
66	1.1626280331	0.0630259541	-217.8503606848
67	1.1965159541	0.0630259541	-233.2982977632
68	0.7660622800	0.0630259541	-165.3252826287
69	1.7502126466	0.0630259541	-314.4274224410
70	1.6747108012	0.0630259541	-287.9689084504
71	0.9475180636	0.0630259541	-185.2859595631
72	0.9832466894	0.0630259541	-188.2511202566
73	0.6889598603	0.0630259541	-141.4267404065
74	1.8414622622	0.0630259541	-318.1574009356
75	1.0971534316	0.0630259541	-212.3147506435
76	1.6553823708	0.0630259541	-298.2880325474
77	0.6380074264	0.0630259541	-134.3330095190
78	1.4070751846	0.0630259541	-258.3694027828
79	1.4215881497	0.0630259541	-261.3197804784
80	0.3380792409	0.0630259541	-76.3530023809
81	0.7732327669	0.0630259541	-149.9490805882
82	1.0592137482	0.0630259541	-213.4961698332
83	1.7114568191	0.0630259541	-295.6040796693
84	0.5364346579	0.0630259541	-125.0719445621
85	0.6848648566	0.0630259541	-133.4654367733
86	1.1336022716	0.0630259541	-223.8960601576
87	0.5980453708	0.0630259541	-133.6267972361
88	0.8479108290	0.0630259541	-161.4331361089
89	0.3385582212	0.0630259541	-78.1810629762
90	1.2271171027	0.0630259541	-240.6447836233
91	0.7149880231	0.0630259541	-148.4502371596
92	0.4840861257	0.0630259541	-102.7909743607
93	1.9349148942	0.0630259541	-338.9632004460
94	0.2539479444	0.0630259541	-57.2433937851
95	0.3376666200	0.0630259541	-82.9614150173
96	1.4175267755	0.0630259541	-263.8107356090
97	0.7562756876	0.0630259541	-159.2619626311
98	1.2025377895	0.0630259541	-224.7983741533
99	1.2778764988	0.0630259541	-240.9249675708
100	1.2018273341	0.0630259541	-222.2640603567
101	0.9404550368	0.0630259541	-184.3818024195
102	1.0363101203	0.0630259541	-208.4312919463
103	1.2369752283	0.0630259541	-233.2932636271
104	0.5331491497	0.0630259541	-124.4675836430
105	0.9864997629	0.0630259541	-201.7455251192
106	1.1160085195	0.0630259541	-222.1512244051
107	0.6995464489	0.0630259541	-151.5569920526
108	1.2966694150	0.0630259541	-250.5082046161
109	1.3664007189	0.0630259541	-254.5426670549
110	1.4751578086	0.0630259541	-272.9181443894
111	0.0000000000	0.0630259541	-2.5200429735
112	1.0851973112	0.0630259541	-208.6005270304
113	1.7372261878	0.0630259541	-300.6817085016
114	0.4708078666	0.0630259541	-107.8424758030
115	1.1791188865	0.0630259541	-222.0149174143
116	1.3742765564	0.0630259541	-260.6747217962
117	1.2147095186	0.0630259541	-222.7409214545
118	0.7052446928	0.0630259541	-150.3545176149
119	0.5112707974	0.0630259541	-113.0115462420
120	1.6087622170	0.0630259541	-285.8019887854
121	0.1689566094	0.0630259541	-44.4867789459
122	2.0434400880	0.0630259541	-347.6127763097
123	1.5622965306	0.0630259541	-289.2266269046
124	1.5674773285	0.0630259541	-284.1874947858
