site	rate	t	lnL
1	37.6722595214	0.4907509460	-776.4134155263
2	0.7249947778	0.4907509460	-639.0550816803
3	4.1276849819	0.4907509460	-786.9358745340
4	6.5817082623	0.4907509460	-769.6279273707
5	0.1373308762	0.4907509460	-205.6660791140
6	3.3531377221	0.4907509460	-773.8268763180
7	0.8547141577	0.4907509460	-596.1903731642
8	0.9723012015	0.4907509460	-680.8649344058
9	3.0745704756	0.4907509460	-781.6285442396
10	152.2168910282	0.4907509460	-760.4505635805
11	0.8368654440	0.4907509460	-623.5800192148
12	3.2800196910	0.4907509460	-773.6294630582
13	4.8838469653	0.4907509460	-738.1190486630
14	0.7791301080	0.4907509460	-657.2821071602
15	0.6482537708	0.4907509460	-538.8300756217
16	2.9024638987	0.4907509460	-792.1497998847
17	2.4928888685	0.4907509460	-749.5011321542
18	3.4093856503	0.4907509460	-737.6321960975
19	3.1206897254	0.4907509460	-772.2510213443
20	0.3021221819	0.4907509460	-375.6344645838
21	1.1037367465	0.4907509460	-718.2650602772
22	1.2915484973	0.4907509460	-772.6682775695
23	1.2173272813	0.4907509460	-673.1543024492
24	0.2542763501	0.4907509460	-333.2326987071
25	1.7703100453	0.4907509460	-759.9270587449
26	0.4147902198	0.4907509460	-461.1189997502
27	0.6993887071	0.4907509460	-597.8470682663
28	0.0088060239	0.4907509460	-21.2605500679
29	0.3591784211	0.4907509460	-393.5645850640
30	1.0353958154	0.4907509460	-697.8852272054
31	4.3515467609	0.4907509460	-752.6735872499
32	1.3074588025	0.4907509460	-691.0537680777
33	0.5192005193	0.4907509460	-569.6280027244
34	3.0760328971	0.4907509460	-757.9980655084
35	1.1542215873	0.4907509460	-703.3360941969
36	159.8237120306	0.4907509460	-766.2567892546
37	0.9442122347	0.4907509460	-711.0833791613
38	2.6991631385	0.4907509460	-779.5027594847
39	4.1859883578	0.4907509460	-770.1019750634
40	2.3901168547	0.4907509460	-763.6734099577
41	1.1216042269	0.4907509460	-767.8722484578
42	3.0724296156	0.4907509460	-777.5827762227
43	3.4306534687	0.4907509460	-766.5584439083
44	4.3542396512	0.4907509460	-792.7474628822
45	1.2176064695	0.4907509460	-756.1177944248
46	0.4841531864	0.4907509460	-509.7653478983
47	0.7397231796	0.4907509460	-644.2854139714
48	3.8055222193	0.4907509460	-754.5645846571
49	1.0387248596	0.4907509460	-731.6063437399
50	0.8705546904	0.4907509460	-681.6045204043
51	0.0129724746	0.4907509460	-29.8418158779
52	1.0221708800	0.4907509460	-655.7622245026
53	0.9854237107	0.4907509460	-643.9097149165
54	0.9325287215	0.4907509460	-697.3169558344
55	0.7607879709	0.4907509460	-621.2627349861
56	1.0278058540	0.4907509460	-750.3507785027
57	0.3399299281	0.4907509460	-427.7399851077
58	1.9879649583	0.4907509460	-736.8042329971
59	40.1852930779	0.4907509460	-765.1897312513
60	0.7250353613	0.4907509460	-601.1030418814
61	0.0855798568	0.4907509460	-133.8637804584
62	4.5284715858	0.4907509460	-781.1440906682
63	0.4507749938	0.4907509460	-525.3450605559
64	0.8765262746	0.4907509460	-689.3460136579
65	2.7898429149	0.4907509460	-775.9248761133
66	0.6088536143	0.4907509460	-598.3842653660
67	3.7391184550	0.4907509460	-805.3176663520
68	0.8227064895	0.4907509460	-689.8570675598
69	167.3924015608	0.4907509460	-789.4974560262
70	4.1175739445	0.4907509460	-766.8480072833
71	2.8026672581	0.4907509460	-734.1740033405
72	3.8334628892	0.4907509460	-741.2394750491
73	0.0490031907	0.4907509460	-87.2179918259
74	0.6750613071	0.4907509460	-627.8001354842
75	3.6105946861	0.4907509460	-696.4703928100
76	3.5902646897	0.4907509460	-795.5626743815
77	0.1613419134	0.4907509460	-233.7654539599
78	2.3462391475	0.4907509460	-775.2680658666
79	5.4069638308	0.4907509460	-745.8194139361
80	0.6906297455	0.4907509460	-589.5951217303
81	2.4660416900	0.4907509460	-726.7330575849
82	161.9896486784	0.4907509460	-778.6634241588
83	4.8465232443	0.4907509460	-790.7522247354
84	0.6009303319	0.4907509460	-613.1019944932
85	0.9455391202	0.4907509460	-656.1491267466
86	1.0871151138	0.4907509460	-775.8716799333
87	1.2420574396	0.4907509460	-757.9057179498
88	0.9809305512	0.4907509460	-728.1293820903
89	0.6138677792	0.4907509460	-548.9911826063
90	4.1714768893	0.4907509460	-749.4803126511
91	0.1614487952	0.4907509460	-230.9932238281
92	1.3101868315	0.4907509460	-678.6118634713
93	4.6036870351	0.4907509460	-749.5613725361
94	0.9190513139	0.4907509460	-631.7753278468
95	0.7229060161	0.4907509460	-651.0039275297
96	2.7987737288	0.4907509460	-767.4714502552
97	365.7515036692	0.4907509460	-738.7586662607
98	1.0202381362	0.4907509460	-717.3418309643
99	3.0894124853	0.4907509460	-794.2563286586
100	0.1963449414	0.4907509460	-271.6598730042
101	0.5756295218	0.4907509460	-489.9920247387
102	50.6665501336	0.4907509460	-774.1855036674
103	2.6281405919	0.4907509460	-715.9459974234
104	0.3186365114	0.4907509460	-393.5646199540
105	2.8598108455	0.4907509460	-800.1805216884
106	2.7932793219	0.4907509460	-772.3858460273
107	0.8292497980	0.4907509460	-672.2581403712
108	3.0509369295	0.4907509460	-757.4225470739
109	1440.6791164638	0.4907509460	-758.1538923726
110	788.9107463379	0.4907509460	-773.4058718019
111	0.0132259656	0.4907509460	-29.1326092857
112	3.3035316398	0.4907509460	-767.1377737049
113	4.4290628459	0.4907509460	-785.4823173829
114	0.7681770077	0.4907509460	-683.3445585017
115	1.3565200492	0.4907509460	-758.6277610917
116	7.2227644004	0.4907509460	-785.9694008781
117	4.9622294840	0.4907509460	-754.8074305847
118	2.5828382990	0.4907509460	-744.3892998619
119	1.9784419718	0.4907509460	-763.7422965294
120	3.3355121934	0.4907509460	-779.4996471891
121	0.5479218669	0.4907509460	-546.8874504892
122	0.2260155046	0.4907509460	-290.8170662824
123	66.3821922143	0.4907509460	-771.4662591120
124	1347.4555548504	0.4907509460	-779.8390000249
