site	rate	t	lnL
1	2.6685080727	0.0054710355	-60.5560260185
2	0.3784678355	0.0054710355	-13.1714286827
3	2.6682178051	0.0054710355	-60.5567713200
4	0.7578807406	0.0054710355	-21.9584436734
5	0.0000000000	0.0054710355	-2.9957322736
6	0.0000000000	0.0054710355	-2.9957322736
7	0.3784284371	0.0054710355	-13.1715324922
8	0.7578808069	0.0054710355	-21.9584435864
9	4.2160737301	0.0054710355	-87.3206885106
10	1.9010486892	0.0054710355	-45.8051743859
11	0.0000000000	0.0054710355	-2.9957322736
12	1.1382461706	0.0054710355	-30.2198141830
13	1.1381257651	0.0054710355	-30.2201285096
14	1.1380060822	0.0054710355	-30.2204422112
15	0.3784284371	0.0054710355	-13.1715324922
16	0.3784284818	0.0054710355	-13.1715324922
17	1.1381257625	0.0054710355	-30.2201285096
18	1.9012518961	0.0054710355	-45.8046471070
19	0.3784284371	0.0054710355	-13.1715324922
20	0.0000000000	0.0054710355	-2.9957322736
21	1.5194094864	0.0054710355	-38.1394024084
22	2.2843915434	0.0054710355	-53.2652730190
23	0.7578809071	0.0054710355	-21.9584434995
24	0.0000000000	0.0054710355	-2.9957322736
25	3.0526132115	0.0054710355	-67.7035529706
26	0.0000000000	0.0054710355	-2.9957322736
27	0.0000000000	0.0054710355	-2.9957322736
28	0.0000000000	0.0054710355	-2.9957322736
29	0.0000000000	0.0054710355	-2.9957322736
30	0.3784678453	0.0054710355	-13.1714286611
31	0.7578013947	0.0054710355	-21.9586520372
32	0.0000000000	0.0054710355	-2.9957322736
33	0.0000000000	0.0054710355	-2.9957322736
34	2.2848856318	0.0054710355	-53.2639998118
35	1.1380058977	0.0054710355	-30.2204422112
36	1.9014562434	0.0054710355	-45.8041186581
37	1.1381261626	0.0054710355	-30.2201281154
38	1.9020637125	0.0054710355	-45.8025401352
39	2.2843914386	0.0054710355	-53.2652730180
40	1.1378855285	0.0054710355	-30.2207562736
41	1.1380056370	0.0054710355	-30.2204424083
42	1.5192480530	0.0054710355	-38.1398226254
43	1.5189249939	0.0054710355	-38.1406632784
44	1.1380056776	0.0054710355	-30.2204424083
45	2.2841456008	0.0054710355	-53.2659083259
46	0.3784678230	0.0054710355	-13.1714286611
47	0.0000000000	0.0054710355	-2.9957322736
48	1.9016599948	0.0054710355	-45.8035907074
49	1.5189249977	0.0054710355	-38.1406632784
50	0.7578809069	0.0054710355	-21.9584434995
51	0.0000000000	0.0054710355	-2.9957322736
52	0.3784678116	0.0054710355	-13.1714286611
53	0.3784678066	0.0054710355	-13.1714286827
54	1.5192480457	0.0054710355	-38.1398226260
55	0.0000000000	0.0054710355	-2.9957322736
56	0.3784284039	0.0054710355	-13.1715324922
57	0.3784284321	0.0054710355	-13.1715324922
58	0.7578808930	0.0054710355	-21.9584435864
59	1.1381257850	0.0054710355	-30.2201285096
60	0.7577218990	0.0054710355	-21.9588605529
61	0.0000000000	0.0054710355	-2.9957322736
62	2.6685080780	0.0054710355	-60.5560260189
63	0.0000000000	0.0054710355	-2.9957322736
64	1.5190863065	0.0054710355	-38.1402431514
65	1.1378855371	0.0054710355	-30.2207562736
66	0.7578014553	0.0054710355	-21.9586520372
67	0.3784678519	0.0054710355	-13.1714286611
68	0.0000000000	0.0054710355	-2.9957322736
69	1.9016595978	0.0054710355	-45.8035912639
70	1.5192477671	0.0054710355	-38.1398229792
71	1.9014558975	0.0054710355	-45.8041192144
72	1.5194093354	0.0054710355	-38.1394027619
73	0.0000000000	0.0054710355	-2.9957322736
74	0.7578013698	0.0054710355	-21.9586520372
75	1.5190866218	0.0054710355	-38.1402427983
76	1.5190866905	0.0054710355	-38.1402427976
77	0.0000000000	0.0054710355	-2.9957322736
78	2.2841442644	0.0054710355	-53.2659099310
79	1.5192479783	0.0054710355	-38.1398229792
80	0.0000000000	0.0054710355	-2.9957322736
81	0.7578014002	0.0054710355	-21.9586520372
82	1.5194094787	0.0054710355	-38.1394024087
83	2.6676391708	0.0054710355	-60.5582594497
84	0.3784284520	0.0054710355	-13.1715324922
85	0.3784678353	0.0054710355	-13.1714286611
86	0.0000000000	0.0054710355	-2.9957322736
87	0.0000000000	0.0054710355	-2.9957322736
88	0.0000000000	0.0054710355	-2.9957322736
89	0.0000000000	0.0054710355	-2.9957322736
90	1.9012535749	0.0054710355	-45.8046448887
91	0.0000000000	0.0054710355	-2.9957322736
92	1.1381260804	0.0054710355	-30.2201283122
93	1.1378855285	0.0054710355	-30.2207562736
94	0.0000000000	0.0054710355	-2.9957322736
95	1.1380056029	0.0054710355	-30.2204424083
96	0.3784284368	0.0054710355	-13.1715324922
97	1.1381257330	0.0054710355	-30.2201285096
98	0.0000000000	0.0054710355	-2.9957322736
99	0.7578808068	0.0054710355	-21.9584435865
100	0.0000000000	0.0054710355	-2.9957322736
101	0.3784678355	0.0054710355	-13.1714286827
102	1.9021784973	0.0054710355	-44.7036035237
103	1.5190863924	0.0054710355	-38.1402431514
104	2.2843909121	0.0054710355	-53.2652738256
105	2.6688459921	0.0054710355	-59.4564838993
106	1.1380057748	0.0054710355	-30.2204424083
107	0.7578014061	0.0054710355	-21.9586520372
108	0.0000000000	0.0054710355	-2.9957322736
109	2.6682186586	0.0054710355	-60.5567702121
110	1.9012527426	0.0054710355	-45.8046459945
111	0.0000000000	0.0054710355	-2.9957322736
112	1.9014557546	0.0054710355	-45.8041192139
113	1.1381261104	0.0054710355	-30.2201281150
114	0.0000000000	0.0054710355	-2.9957322736
115	1.9014561177	0.0054710355	-45.8041186575
116	1.1386787970	0.0054710355	-29.1200614035
117	1.9014573695	0.0054710355	-45.8041169944
118	1.1381262344	0.0054710355	-30.2201281154
119	0.3784284308	0.0054710355	-13.1715324922
120	0.7578808731	0.0054710355	-21.9584434995
121	0.3784678356	0.0054710355	-13.1714286827
122	0.0000000000	0.0054710355	-2.9957322736
123	2.2856191048	0.0054710355	-53.2620998102
124	2.2836517738	0.0054710355	-53.2671811230
