site	rate	t	lnL
1	0.3408233432	0.0060753199	-13.1714286827
2	0.3408233796	0.0060753199	-13.1714286611
3	1.7123270127	0.0060753199	-45.8041186581
4	0.6824978041	0.0060753199	-21.9584436734
5	0.3408233796	0.0060753199	-13.1714286611
6	0.0000000000	0.0060753199	-2.9957322736
7	1.0248134970	0.0060753199	-30.2204424083
8	0.3408233559	0.0060753199	-13.1714286827
9	0.3408233796	0.0060753199	-13.1714286611
10	2.4042589788	0.0060753199	-59.4540003611
11	0.6824262599	0.0060753199	-21.9586521241
12	1.7128737784	0.0060753199	-45.8025406904
13	1.7121441653	0.0060753199	-45.8046454445
14	2.0573945652	0.0060753199	-53.2646384600
15	0.0000000000	0.0060753199	-2.9957322736
16	0.3407878852	0.0060753199	-13.1715324922
17	0.0000000000	0.0060753199	-2.9957322736
18	2.0569507982	0.0060753199	-53.2659099299
19	1.3681351255	0.0060753199	-38.1398229792
20	0.3408233350	0.0060753199	-13.1714286611
21	1.7119610837	0.0060753199	-45.8051727242
22	1.3681354587	0.0060753199	-38.1398222725
23	1.0248133977	0.0060753199	-30.2204424083
24	0.0000000000	0.0060753199	-2.9957322736
25	0.0000000000	0.0060753199	-2.9957322736
26	0.0000000000	0.0060753199	-2.9957322736
27	1.3684262034	0.0060753199	-38.1389821459
28	0.0000000000	0.0060753199	-2.9957322736
29	0.0000000000	0.0060753199	-2.9957322736
30	0.3407878429	0.0060753199	-13.1715324922
31	1.7119602680	0.0060753199	-45.8051738285
32	0.3407878704	0.0060753199	-13.1715324922
33	0.6823547878	0.0060753199	-21.9588605529
34	1.0250298656	0.0060753199	-30.2198143803
35	0.3408233796	0.0060753199	-13.1714286611
36	2.0569524208	0.0060753199	-53.2659075183
37	2.0569502676	0.0060753199	-53.2659107383
38	1.7123276961	0.0060753199	-45.8041175507
39	2.7495849553	0.0060753199	-67.7018438626
40	1.3681350181	0.0060753199	-38.1398229792
41	1.3682807765	0.0060753199	-38.1394024084
42	1.7121437961	0.0060753199	-45.8046459945
43	0.3408233796	0.0060753199	-13.1714286611
44	1.0248134220	0.0060753199	-30.2204424083
45	2.0569513934	0.0060753199	-53.2659091226
46	0.0000000000	0.0060753199	-2.9957322736
47	1.0247052665	0.0060753199	-30.2207562736
48	1.0248133977	0.0060753199	-30.2204424083
49	2.7492827216	0.0060753199	-67.7027006536
50	0.3408233171	0.0060753199	-13.1714286827
51	0.0000000000	0.0060753199	-2.9957322736
52	0.3408233796	0.0060753199	-13.1714286611
53	0.3408233796	0.0060753199	-13.1714286611
54	1.3681352731	0.0060753199	-38.1398226257
55	1.0248136281	0.0060753199	-30.2204422111
56	1.0248134649	0.0060753199	-30.2204424083
57	0.0000000000	0.0060753199	-2.9957322736
58	0.0000000000	0.0060753199	-2.9957322736
59	0.6823547760	0.0060753199	-21.9588605529
60	0.3407878071	0.0060753199	-13.1715324922
61	0.0000000000	0.0060753199	-2.9957322736
62	4.1442461749	0.0060753199	-95.1347956334
63	0.0000000000	0.0060753199	-2.9957322736
64	0.3408233410	0.0060753199	-13.1714286611
65	2.4033460016	0.0060753199	-60.5552795307
66	0.3407878852	0.0060753199	-13.1715324922
67	1.3679897684	0.0060753199	-38.1402431514
68	2.0571724477	0.0060753199	-53.2652746341
69	1.7125101842	0.0060753199	-45.8035912633
70	1.7119602830	0.0060753199	-45.8051738298
71	1.0248133977	0.0060753199	-30.2204424083
72	2.0567293198	0.0060753199	-53.2665451560
73	0.0000000000	0.0060753199	-2.9957322736
74	0.0000000000	0.0060753199	-2.9957322736
75	0.3407878852	0.0060753199	-13.1715324922
76	0.6824263328	0.0060753199	-21.9586520372
77	0.0000000000	0.0060753199	-2.9957322736
78	2.0571729573	0.0060753199	-53.2652738245
79	1.3682810038	0.0060753199	-38.1394020554
80	1.3679902280	0.0060753199	-38.1402427980
81	1.3679900010	0.0060753199	-38.1402427983
82	2.4028231019	0.0060753199	-60.5567702084
83	0.3408234024	0.0060753199	-13.1714286611
84	0.3407878694	0.0060753199	-13.1715324922
85	2.7510838355	0.0060753199	-67.6975779176
86	0.0000000000	0.0060753199	-2.9957322736
87	2.7516752251	0.0060753199	-67.6958832395
88	0.6824979423	0.0060753199	-21.9584434995
89	0.0000000000	0.0060753199	-2.9957322736
90	1.0249219109	0.0060753199	-30.2201283124
91	2.0571724858	0.0060753199	-53.2652746341
92	0.6824263575	0.0060753199	-21.9586519940
93	1.3681351599	0.0060753199	-38.1398229792
94	0.6824978490	0.0060753199	-21.9584435865
95	0.6824262683	0.0060753199	-21.9586521241
96	1.0252455216	0.0060753199	-30.2191876830
97	0.6824978366	0.0060753199	-21.9584435865
98	2.4028238778	0.0060753199	-60.5567691025
99	1.3681351167	0.0060753199	-38.1398229792
100	0.0000000000	0.0060753199	-2.9957322736
101	0.0000000000	0.0060753199	-2.9957322736
102	0.6823547689	0.0060753199	-21.9588605529
103	0.3408233882	0.0060753199	-13.1714286611
104	0.0000000000	0.0060753199	-2.9957322736
105	0.6823547704	0.0060753199	-21.9588605529
106	1.0248135335	0.0060753199	-30.2204422112
107	0.0000000000	0.0060753199	-2.9957322736
108	1.0249216880	0.0060753199	-30.2201283125
109	1.0249218241	0.0060753199	-30.2201281151
110	1.0249218301	0.0060753199	-30.2201283124
111	0.0000000000	0.0060753199	-2.9957322736
112	1.0247053725	0.0060753199	-30.2207562736
113	1.3682810921	0.0060753199	-38.1394017052
114	2.4025624828	0.0060753199	-60.5575143189
115	0.3407878831	0.0060753199	-13.1715324922
116	1.7123269449	0.0060753199	-45.8041186581
117	1.0247054021	0.0060753199	-30.2207562736
118	1.3681353625	0.0060753199	-38.1398226260
119	0.3407878852	0.0060753199	-13.1715324922
120	1.0249217439	0.0060753199	-30.2201283125
121	1.3682809886	0.0060753199	-38.1394020548
122	1.3682806334	0.0060753199	-38.1394024087
123	3.0982633224	0.0060753199	-74.7162500034
124	2.0569508304	0.0060753199	-53.2659099300
