site	rate	t	lnL
1	3.6316464231	0.4948689716	-779.6178055041
2	0.7285001407	0.4948689716	-627.3136748026
3	3.0279312220	0.4948689716	-804.8690732449
4	3.1886279221	0.4948689716	-759.2306576710
5	0.1599676686	0.4948689716	-228.6094056370
6	3.9884941176	0.4948689716	-771.4980245644
7	0.8247910850	0.4948689716	-601.4610021511
8	0.9968128855	0.4948689716	-684.7993689524
9	106.8854570116	0.4948689716	-784.5791939412
10	4.5292007103	0.4948689716	-750.9644281825
11	0.8703802634	0.4948689716	-614.9983546906
12	37.3680868151	0.4948689716	-787.2076911695
13	2.5832871784	0.4948689716	-732.6139751591
14	0.7170847490	0.4948689716	-640.0648104662
15	0.9101295009	0.4948689716	-616.0273210209
16	3.7368441682	0.4948689716	-785.0465504222
17	2.5742391757	0.4948689716	-746.5499286747
18	2.2654078191	0.4948689716	-715.7483531417
19	4.2816526418	0.4948689716	-772.1006623202
20	0.2798075987	0.4948689716	-352.8317067521
21	1.8951364230	0.4948689716	-721.7300561535
22	1.2075626651	0.4948689716	-781.5476609835
23	1.0293716901	0.4948689716	-653.1595623191
24	0.2706108927	0.4948689716	-351.5042253494
25	3.4887665874	0.4948689716	-781.9611622796
26	0.3541247663	0.4948689716	-414.4821409292
27	0.7731402944	0.4948689716	-623.1611028501
28	0.0000000000	0.4948689716	-2.4266567619
29	0.2733380421	0.4948689716	-340.2847528567
30	1.0730123517	0.4948689716	-690.0150739424
31	37.7283152426	0.4948689716	-752.0887213277
32	2.6353894485	0.4948689716	-695.5879128503
33	0.4758510790	0.4948689716	-534.1110099940
34	3.3959106073	0.4948689716	-765.4290730609
35	4.3911421879	0.4948689716	-712.9135662248
36	2947.0699692011	0.4948689716	-768.1681690058
37	0.9715892915	0.4948689716	-728.2521009751
38	3.6298139658	0.4948689716	-791.2598920829
39	3.7065052765	0.4948689716	-764.4054968915
40	1.1094088536	0.4948689716	-747.0887860982
41	1.1022027982	0.4948689716	-758.3016523732
42	4003.6517874868	0.4948689716	-781.7714438073
43	3.3378311064	0.4948689716	-762.6132184855
44	4.8872888907	0.4948689716	-784.0593090045
45	2.5556797723	0.4948689716	-746.8971217002
46	0.5441757285	0.4948689716	-546.8377241830
47	0.6677396338	0.4948689716	-636.7483754331
48	4.1488843406	0.4948689716	-754.7212981667
49	1.0117817911	0.4948689716	-732.7931247325
50	0.8247882905	0.4948689716	-681.2931693611
51	0.0042838708	0.4948689716	-13.0727070306
52	0.8241747627	0.4948689716	-609.6102701980
53	1.1092714731	0.4948689716	-664.6405135526
54	0.9242874913	0.4948689716	-710.9090951702
55	0.7488731809	0.4948689716	-619.8260176155
56	1.0851510636	0.4948689716	-770.9931362357
57	0.2776930498	0.4948689716	-373.8658605486
58	99.1190399736	0.4948689716	-744.1239234446
59	89.3707835339	0.4948689716	-773.9191512353
60	0.7872291870	0.4948689716	-624.6642797052
61	0.0848426853	0.4948689716	-137.1681781825
62	2.9885531775	0.4948689716	-768.0260893871
63	0.5538663455	0.4948689716	-587.8216752078
64	0.7244876294	0.4948689716	-642.7730944137
65	3.7457376253	0.4948689716	-772.6454648382
66	0.5924825062	0.4948689716	-611.0128478789
67	3.7157209130	0.4948689716	-795.0746078241
68	0.7961172389	0.4948689716	-686.0014287392
69	3.7033714143	0.4948689716	-774.6845787918
70	1195.9478761833	0.4948689716	-759.9161342223
71	2.7988921384	0.4948689716	-737.1302740593
72	2.6280253831	0.4948689716	-756.2548367081
73	0.0666171917	0.4948689716	-113.3744759229
74	0.7181935477	0.4948689716	-631.7913763779
75	1.2751036936	0.4948689716	-701.5517593559
76	3.7902388994	0.4948689716	-801.2540022967
77	0.1173308622	0.4948689716	-183.9883281054
78	4.1200762002	0.4948689716	-782.5707924221
79	3.7610940613	0.4948689716	-758.0668589321
80	0.7015095314	0.4948689716	-591.3226986429
81	2.6633142528	0.4948689716	-720.8973663421
82	5.9000140596	0.4948689716	-770.5550235614
83	4.7107785543	0.4948689716	-781.4316687733
84	0.6533787471	0.4948689716	-646.8111753063
85	0.8325231282	0.4948689716	-633.0701774709
86	1.2218388065	0.4948689716	-792.6410884283
87	1.3453738738	0.4948689716	-772.5719972057
88	0.8846874053	0.4948689716	-720.2944565126
89	0.6753582251	0.4948689716	-564.6475495386
90	3.3432658757	0.4948689716	-777.5030661997
91	0.1648415285	0.4948689716	-235.1359009206
92	0.9889174421	0.4948689716	-638.9410274562
93	2.7159162886	0.4948689716	-758.3683595428
94	0.8738660258	0.4948689716	-623.5475011037
95	0.6763311242	0.4948689716	-629.2429388248
96	4.2431161588	0.4948689716	-751.4961926115
97	4.2789759311	0.4948689716	-753.9580702415
98	1.2419672731	0.4948689716	-735.8351103686
99	4.7953443289	0.4948689716	-778.9393825546
100	0.1948028175	0.4948689716	-274.1761694240
101	0.4952705007	0.4948689716	-448.0181310674
102	3.8812776630	0.4948689716	-765.8276688227
103	2.5780245529	0.4948689716	-723.7047282925
104	0.3272388029	0.4948689716	-397.9445886125
105	1.3850227665	0.4948689716	-788.0861994120
106	4.3323593447	0.4948689716	-762.4671045079
107	0.7649395683	0.4948689716	-653.7347065309
108	3.6977558854	0.4948689716	-757.6448442252
109	3.8127505315	0.4948689716	-777.2583357720
110	48.0525891477	0.4948689716	-772.5326225737
111	0.0087316245	0.4948689716	-21.9163192183
112	164.6857980861	0.4948689716	-775.2278277103
113	3.8488640760	0.4948689716	-792.8776103559
114	0.6824441491	0.4948689716	-662.3452246133
115	2.6862229109	0.4948689716	-777.6525564862
116	3.8080983685	0.4948689716	-781.8960674606
117	5.4466810129	0.4948689716	-750.6773566896
118	1.0893700347	0.4948689716	-726.3126862080
119	2.8685647025	0.4948689716	-771.6556582823
120	37.4574953226	0.4948689716	-774.2746135036
121	0.5778407504	0.4948689716	-565.7723626524
122	0.3181087878	0.4948689716	-364.5003790905
123	96.0204641821	0.4948689716	-780.1933585951
124	5.8921477688	0.4948689716	-787.1431257946
