site	rate	t	lnL
1	0.0000000000	0.0007518074	-2.9957322736
2	0.0000000000	0.0007518074	-2.9957322736
3	0.0000000000	0.0007518074	-2.9957322736
4	0.0000000000	0.0007518074	-2.9957322736
5	0.0000000000	0.0007518074	-2.9957322736
6	0.0000000000	0.0007518074	-2.9957322736
7	0.0000000000	0.0007518074	-2.9957322736
8	0.0000000000	0.0007518074	-2.9957322736
9	0.0000000000	0.0007518074	-2.9957322736
10	0.0000000000	0.0007518074	-2.9957322736
11	5.5146541853	0.0007518074	-21.9586521241
12	2.7541776558	0.0007518074	-13.1714286611
13	0.0000000000	0.0007518074	-2.9957322736
14	2.7538918640	0.0007518074	-13.1715324922
15	0.0000000000	0.0007518074	-2.9957322736
16	0.0000000000	0.0007518074	-2.9957322736
17	0.0000000000	0.0007518074	-2.9957322736
18	0.0000000000	0.0007518074	-2.9957322736
19	2.7538906351	0.0007518074	-13.1715324922
20	0.0000000000	0.0007518074	-2.9957322736
21	0.0000000000	0.0007518074	-2.9957322736
22	0.0000000000	0.0007518074	-2.9957322736
23	0.0000000000	0.0007518074	-2.9957322736
24	2.7541780304	0.0007518074	-13.1714286827
25	0.0000000000	0.0007518074	-2.9957322736
26	0.0000000000	0.0007518074	-2.9957322736
27	2.7538903596	0.0007518074	-13.1715324922
28	0.0000000000	0.0007518074	-2.9957322736
29	0.0000000000	0.0007518074	-2.9957322736
30	0.0000000000	0.0007518074	-2.9957322736
31	2.7538906689	0.0007518074	-13.1715324922
32	2.7541776403	0.0007518074	-13.1714286611
33	0.0000000000	0.0007518074	-2.9957322736
34	0.0000000000	0.0007518074	-2.9957322736
35	0.0000000000	0.0007518074	-2.9957322736
36	0.0000000000	0.0007518074	-2.9957322736
37	0.0000000000	0.0007518074	-2.9957322736
38	0.0000000000	0.0007518074	-2.9957322736
39	0.0000000000	0.0007518074	-2.9957322736
40	5.5146563048	0.0007518074	-21.9586518638
41	2.7538908141	0.0007518074	-13.1715324922
42	8.2823423123	0.0007518074	-30.2201285096
43	0.0000000000	0.0007518074	-2.9957322736
44	0.0000000000	0.0007518074	-2.9957322736
45	0.0000000000	0.0007518074	-2.9957322736
46	0.0000000000	0.0007518074	-2.9957322736
47	0.0000000000	0.0007518074	-2.9957322736
48	0.0000000000	0.0007518074	-2.9957322736
49	0.0000000000	0.0007518074	-2.9957322736
50	2.7541778755	0.0007518074	-13.1714286611
51	0.0000000000	0.0007518074	-2.9957322736
52	0.0000000000	0.0007518074	-2.9957322736
53	0.0000000000	0.0007518074	-2.9957322736
54	0.0000000000	0.0007518074	-2.9957322736
55	0.0000000000	0.0007518074	-2.9957322736
56	0.0000000000	0.0007518074	-2.9957322736
57	0.0000000000	0.0007518074	-2.9957322736
58	0.0000000000	0.0007518074	-2.9957322736
59	0.0000000000	0.0007518074	-2.9957322736
60	0.0000000000	0.0007518074	-2.9957322736
61	0.0000000000	0.0007518074	-2.9957322736
62	2.7538907622	0.0007518074	-13.1715324922
63	0.0000000000	0.0007518074	-2.9957322736
64	2.7538905985	0.0007518074	-13.1715324922
65	0.0000000000	0.0007518074	-2.9957322736
66	2.7538909181	0.0007518074	-13.1715324922
67	0.0000000000	0.0007518074	-2.9957322736
68	2.7541774422	0.0007518074	-13.1714286827
69	0.0000000000	0.0007518074	-2.9957322736
70	2.7541777986	0.0007518074	-13.1714286611
71	0.0000000000	0.0007518074	-2.9957322736
72	0.0000000000	0.0007518074	-2.9957322736
73	0.0000000000	0.0007518074	-2.9957322736
74	2.7538907798	0.0007518074	-13.1715324922
75	0.0000000000	0.0007518074	-2.9957322736
76	0.0000000000	0.0007518074	-2.9957322736
77	0.0000000000	0.0007518074	-2.9957322736
78	0.0000000000	0.0007518074	-2.9957322736
79	5.5152335548	0.0007518074	-21.9584435865
80	0.0000000000	0.0007518074	-2.9957322736
81	0.0000000000	0.0007518074	-2.9957322736
82	0.0000000000	0.0007518074	-2.9957322736
83	0.0000000000	0.0007518074	-2.9957322736
84	0.0000000000	0.0007518074	-2.9957322736
85	0.0000000000	0.0007518074	-2.9957322736
86	2.7541774460	0.0007518074	-13.1714286827
87	2.7541774614	0.0007518074	-13.1714286827
88	0.0000000000	0.0007518074	-2.9957322736
89	0.0000000000	0.0007518074	-2.9957322736
90	0.0000000000	0.0007518074	-2.9957322736
91	0.0000000000	0.0007518074	-2.9957322736
92	0.0000000000	0.0007518074	-2.9957322736
93	0.0000000000	0.0007518074	-2.9957322736
94	0.0000000000	0.0007518074	-2.9957322736
95	0.0000000000	0.0007518074	-2.9957322736
96	0.0000000000	0.0007518074	-2.9957322736
97	5.5146549127	0.0007518074	-21.9586521241
98	0.0000000000	0.0007518074	-2.9957322736
99	5.5146546369	0.0007518074	-21.9586520372
100	2.7541774657	0.0007518074	-13.1714286827
101	0.0000000000	0.0007518074	-2.9957322736
102	0.0000000000	0.0007518074	-2.9957322736
103	0.0000000000	0.0007518074	-2.9957322736
104	0.0000000000	0.0007518074	-2.9957322736
105	0.0000000000	0.0007518074	-2.9957322736
106	2.7538907729	0.0007518074	-13.1715324922
107	0.0000000000	0.0007518074	-2.9957322736
108	0.0000000000	0.0007518074	-2.9957322736
109	2.7538907707	0.0007518074	-13.1715324922
110	0.0000000000	0.0007518074	-2.9957322736
111	0.0000000000	0.0007518074	-2.9957322736
112	0.0000000000	0.0007518074	-2.9957322736
113	2.7541775296	0.0007518074	-13.1714286611
114	11.0558376236	0.0007518074	-38.1398226257
115	0.0000000000	0.0007518074	-2.9957322736
116	2.7538906874	0.0007518074	-13.1715324922
117	2.7538904897	0.0007518074	-13.1715324922
118	0.0000000000	0.0007518074	-2.9957322736
119	8.2814697360	0.0007518074	-30.2204424083
120	2.7538905587	0.0007518074	-13.1715324922
121	0.0000000000	0.0007518074	-2.9957322736
122	0.0000000000	0.0007518074	-2.9957322736
123	2.7541778121	0.0007518074	-13.1714286611
124	0.0000000000	0.0007518074	-2.9957322736
