site	rate	t	lnL
1	1.9389530767	0.0064450422	-53.2659099310
2	0.0000000000	0.0064450422	-2.9957322736
3	1.2893775337	0.0064450422	-38.1406632784
4	0.9661265543	0.0064450422	-30.2201285096
5	0.0000000000	0.0064450422	-2.9957322736
6	1.9387436216	0.0064450422	-53.2665459655
7	0.3212384603	0.0064450422	-13.1715324922
8	0.9660249681	0.0064450422	-30.2204422111
9	1.6137530739	0.0064450422	-45.8051738298
10	1.2897888035	0.0064450422	-38.1394024084
11	0.0000000000	0.0064450422	-2.9957322736
12	1.9393724035	0.0064450422	-53.2646368542
13	0.0000000000	0.0064450422	-2.9957322736
14	0.6433461208	0.0064450422	-21.9584435865
15	0.3212384633	0.0064450422	-13.1715324922
16	1.6139256567	0.0064450422	-45.8046465507
17	1.9402051397	0.0064450422	-53.2620998120
18	0.3212719185	0.0064450422	-13.1714286611
19	2.2652320920	0.0064450422	-60.5560227147
20	0.6435905705	0.0064450422	-20.8590716345
21	0.6432787261	0.0064450422	-21.9586520372
22	2.9205706644	0.0064450422	-73.6174178332
23	1.9391618116	0.0064450422	-53.2652746329
24	0.0000000000	0.0064450422	-2.9957322736
25	2.2644931190	0.0064450422	-60.5582583443
26	0.0000000000	0.0064450422	-2.9957322736
27	0.3212384526	0.0064450422	-13.1715324922
28	0.0000000000	0.0064450422	-2.9957322736
29	0.3212384603	0.0064450422	-13.1715324922
30	0.3212384603	0.0064450422	-13.1715324922
31	0.9659227621	0.0064450422	-30.2207562736
32	2.2657169980	0.0064450422	-60.5545438608
33	0.0000000000	0.0064450422	-2.9957322736
34	0.0000000000	0.0064450422	-2.9957322736
35	2.2654770482	0.0064450422	-60.5552795323
36	1.9389540914	0.0064450422	-53.2659083272
37	0.6432787055	0.0064450422	-21.9586521241
38	2.2665866805	0.0064450422	-59.4532509062
39	1.2893775321	0.0064450422	-38.1406632784
40	0.9660246043	0.0064450422	-30.2204424082
41	1.6139256522	0.0064450422	-45.8046465494
42	1.2901985384	0.0064450422	-38.1381439250
43	1.9393709876	0.0064450422	-53.2646392677
44	1.6140987819	0.0064450422	-45.8041186575
45	0.6432786886	0.0064450422	-21.9586520372
46	0.9660245587	0.0064450422	-30.2204422111
47	0.3212384535	0.0064450422	-13.1715324922
48	1.2895147488	0.0064450422	-38.1402427976
49	1.2900614990	0.0064450422	-38.1385642781
50	0.6433455030	0.0064450422	-21.9584444052
51	0.0000000000	0.0064450422	-2.9957322736
52	0.0000000000	0.0064450422	-2.9957322736
53	0.6432112145	0.0064450422	-21.9588605529
54	0.6432787035	0.0064450422	-21.9586520372
55	0.6433460907	0.0064450422	-21.9584435865
56	0.6432111611	0.0064450422	-21.9588605529
57	0.0000000000	0.0064450422	-2.9957322736
58	1.6142713625	0.0064450422	-45.8035912625
59	1.2896513032	0.0064450422	-38.1398229792
60	0.6433460645	0.0064450422	-21.9584436734
61	0.0000000000	0.0064450422	-2.9957322736
62	0.6433461208	0.0064450422	-21.9584435864
63	0.6432784641	0.0064450422	-21.9586521241
64	1.2896519249	0.0064450422	-38.1398222725
65	1.2895147408	0.0064450422	-38.1402427983
66	0.3212719185	0.0064450422	-13.1714286611
67	0.6432786886	0.0064450422	-21.9586520372
68	0.0000000000	0.0064450422	-2.9957322736
69	0.9660247322	0.0064450422	-30.2204422112
70	0.9662288836	0.0064450422	-30.2198141830
71	2.9211755876	0.0064450422	-74.7143161256
72	1.9393713156	0.0064450422	-53.2646384590
73	0.0000000000	0.0064450422	-2.9957322736
74	1.2895142902	0.0064450422	-38.1402431514
75	0.0000000000	0.0064450422	-2.9957322736
76	1.6139267659	0.0064450422	-45.8046448875
77	0.0000000000	0.0064450422	-2.9957322736
78	0.9659226760	0.0064450422	-30.2207562736
79	0.6432786582	0.0064450422	-21.9586521241
80	0.9661267922	0.0064450422	-30.2201283124
81	2.5918558915	0.0064450422	-67.7018409721
82	0.3212719410	0.0064450422	-13.1714286827
83	2.5918568778	0.0064450422	-67.7018395113
84	0.0000000000	0.0064450422	-2.9957322736
85	0.9661266268	0.0064450422	-30.2201283125
86	0.3212384533	0.0064450422	-13.1715324922
87	0.6432786464	0.0064450422	-21.9586521241
88	0.3212384603	0.0064450422	-13.1715324922
89	0.3212384422	0.0064450422	-13.1715324922
90	1.2899259409	0.0064450422	-38.1389817928
91	0.0000000000	0.0064450422	-2.9957322736
92	1.2897887083	0.0064450422	-38.1394024080
93	1.6139252835	0.0064450422	-45.8046471070
94	0.9661268725	0.0064450422	-30.2201281154
95	0.3212719110	0.0064450422	-13.1714286611
96	1.6139267292	0.0064450422	-45.8046448887
97	1.2893775360	0.0064450422	-38.1406632784
98	2.5932639820	0.0064450422	-67.6975822780
99	1.6139263628	0.0064450422	-45.8046454442
100	0.3212719336	0.0064450422	-13.1714286611
101	0.3212384042	0.0064450422	-13.1715324922
102	1.9393711304	0.0064450422	-53.2646392667
103	2.9205318616	0.0064450422	-74.7162474387
104	0.3212384603	0.0064450422	-13.1715324922
105	0.0000000000	0.0064450422	-2.9957322736
106	0.3212384584	0.0064450422	-13.1715324922
107	0.3212719111	0.0064450422	-13.1714286611
108	0.9661267992	0.0064450422	-30.2201283124
109	1.6139256730	0.0064450422	-45.8046465507
110	2.2654792508	0.0064450422	-60.5552762441
111	0.0000000000	0.0064450422	-2.9957322736
112	1.9393706933	0.0064450422	-53.2646392667
113	1.6139247905	0.0064450422	-45.8046471070
114	2.2657164838	0.0064450422	-60.5545449617
115	2.5924221401	0.0064450422	-67.7001329093
116	0.6432112292	0.0064450422	-21.9588605529
117	0.3212719171	0.0064450422	-13.1714286611
118	0.6432787539	0.0064450422	-21.9586521241
119	0.6432786231	0.0064450422	-21.9586520372
120	1.6139256602	0.0064450422	-45.8046465507
121	0.0000000000	0.0064450422	-2.9957322736
122	0.3212384455	0.0064450422	-13.1715324922
123	1.2895145028	0.0064450422	-38.1402431514
124	2.2644930871	0.0064450422	-60.5582583426
