site	rate	t	lnL
1	33.1100265622	0.4909432283	-1571.4524468642
2	0.7653298679	0.4909432283	-1291.6093732580
3	4.1081363232	0.4909432283	-1579.3559223927
4	4.3285760535	0.4909432283	-1543.4921033329
5	0.1203604832	0.4909432283	-363.0386394492
6	53.5564792946	0.4909432283	-1565.2484782779
7	0.8398032624	0.4909432283	-1213.2902613174
8	1.1570741156	0.4909432283	-1411.7196204430
9	1537.2710177370	0.4909432283	-1577.2033325415
10	46.2842490919	0.4909432283	-1500.4489844571
11	0.7851883419	0.4909432283	-1219.4714084961
12	3.6524796946	0.4909432283	-1565.6117216532
13	3.8020950061	0.4909432283	-1470.5367837105
14	0.8150265710	0.4909432283	-1334.3933680861
15	0.7615578150	0.4909432283	-1156.1049418914
16	3.7819685412	0.4909432283	-1578.0873806551
17	2.5604672676	0.4909432283	-1480.7804911368
18	1.1421577127	0.4909432283	-1426.6455601912
19	4.2237437960	0.4909432283	-1535.5785490126
20	0.2829563948	0.4909432283	-711.5676982901
21	1.1920347898	0.4909432283	-1450.2384335568
22	1.1178528011	0.4909432283	-1529.4188185524
23	1.3063220291	0.4909432283	-1365.4615932727
24	0.2916277963	0.4909432283	-731.0784327776
25	2.7967060476	0.4909432283	-1523.2143407101
26	0.3949428686	0.4909432283	-885.8962627821
27	0.7074689943	0.4909432283	-1205.3287350683
28	0.0000000000	0.4909432283	-2.4146041524
29	0.2707278098	0.4909432283	-662.5204872386
30	1.0013857321	0.4909432283	-1391.8446604269
31	3.9252757748	0.4909432283	-1507.6620455188
32	1.1682699139	0.4909432283	-1376.0845674206
33	0.4750955177	0.4909432283	-1075.8738772862
34	2.8843500781	0.4909432283	-1532.7668978319
35	1.2728205943	0.4909432283	-1426.9801755944
36	3.1723150670	0.4909432283	-1526.0008040183
37	0.9861934996	0.4909432283	-1466.7278102204
38	86.2889401281	0.4909432283	-1556.3762831891
39	3.4408648811	0.4909432283	-1533.4976457154
40	1.1204401297	0.4909432283	-1471.1695417231
41	1.2665735207	0.4909432283	-1549.5725887563
42	3.9821246779	0.4909432283	-1554.9721926310
43	32.1017780734	0.4909432283	-1538.7671992294
44	33.4246725420	0.4909432283	-1585.9505044618
45	1.2866747491	0.4909432283	-1514.9063531182
46	0.5584452902	0.4909432283	-1112.3292088921
47	0.6389923387	0.4909432283	-1224.1043080720
48	3.5043268326	0.4909432283	-1514.0676215564
49	1.0574514771	0.4909432283	-1498.8448011272
50	0.8874624489	0.4909432283	-1377.1940678756
51	0.0107712136	0.4909432283	-50.2424077204
52	0.8021437127	0.4909432283	-1210.3812894409
53	1.0474988148	0.4909432283	-1318.3112846267
54	0.8515907697	0.4909432283	-1354.6251669836
55	0.8339619609	0.4909432283	-1282.1109699125
56	1.0940626797	0.4909432283	-1556.0439735853
57	0.2545907637	0.4909432283	-700.1636454204
58	1.2414468566	0.4909432283	-1462.7759050610
59	4.1284048374	0.4909432283	-1524.1759266087
60	0.7153538382	0.4909432283	-1200.1237236381
61	0.0670687161	0.4909432283	-222.0922760493
62	3.3350155292	0.4909432283	-1531.2359821678
63	0.5165923522	0.4909432283	-1117.6572418323
64	0.8594923355	0.4909432283	-1372.2432833987
65	3.2945767640	0.4909432283	-1556.7097854835
66	0.6056825852	0.4909432283	-1190.6243867566
67	5.1577010465	0.4909432283	-1603.4407518232
68	0.7589623530	0.4909432283	-1321.3932574778
69	5.0292210396	0.4909432283	-1559.0087572061
70	5.2278462720	0.4909432283	-1543.6576017514
71	3.0283555986	0.4909432283	-1499.3665648787
72	3.7103778556	0.4909432283	-1512.5084262278
73	0.0488915438	0.4909432283	-173.6057193981
74	0.7991358348	0.4909432283	-1325.0199795390
75	2.4394689771	0.4909432283	-1402.8426469474
76	3.4134029303	0.4909432283	-1588.3396042349
77	0.1275014832	0.4909432283	-386.1829790828
78	4.2365310446	0.4909432283	-1573.7491897607
79	4.4081481712	0.4909432283	-1514.3175731773
80	0.7149594427	0.4909432283	-1219.2500546756
81	3.5012160133	0.4909432283	-1454.1937288917
82	5.1794356197	0.4909432283	-1549.6336061323
83	3.8877570519	0.4909432283	-1572.1844715043
84	0.6780206287	0.4909432283	-1317.7638094742
85	0.8912290217	0.4909432283	-1297.6184865525
86	1.2701739501	0.4909432283	-1574.5854124568
87	3.7584986787	0.4909432283	-1544.2391124134
88	0.9130645344	0.4909432283	-1428.9905279439
89	0.5399429508	0.4909432283	-1016.4600233231
90	6.8122896615	0.4909432283	-1525.0122920632
91	0.1369171715	0.4909432283	-405.7545891575
92	1.9293970925	0.4909432283	-1375.6556410283
93	39.9355056002	0.4909432283	-1515.2331187177
94	0.7818477265	0.4909432283	-1206.8863476002
95	0.6728734309	0.4909432283	-1250.2629062560
96	7.2538046254	0.4909432283	-1531.7664889228
97	76.5738730983	0.4909432283	-1493.2457602008
98	0.9850636597	0.4909432283	-1428.0579418953
99	3.4014434674	0.4909432283	-1571.0255156645
100	0.2176796007	0.4909432283	-577.5073777260
101	0.5073432601	0.4909432283	-917.6016819075
102	4.6446117881	0.4909432283	-1546.9628688962
103	3.4290383939	0.4909432283	-1477.1653343343
104	0.3117006321	0.4909432283	-762.9448576298
105	1.2931976114	0.4909432283	-1591.4729191607
106	3.7045044938	0.4909432283	-1530.6021278195
107	0.7177751796	0.4909432283	-1274.2369254063
108	7.1751661900	0.4909432283	-1522.4411678120
109	5.8569204805	0.4909432283	-1534.8835266001
110	3.9360194806	0.4909432283	-1522.8108301681
111	0.0131956103	0.4909432283	-56.5834979883
112	7543.7029014565	0.4909432283	-1552.8120627145
113	3.8704883488	0.4909432283	-1567.8820548044
114	0.7517977306	0.4909432283	-1374.0178685469
115	1.4430641727	0.4909432283	-1548.4838591575
116	4.0326987865	0.4909432283	-1564.0199048203
117	3.4229738427	0.4909432283	-1505.2615920578
118	2.7412414926	0.4909432283	-1484.4242414235
119	1.3903704014	0.4909432283	-1541.8251147210
120	4.3291924190	0.4909432283	-1527.0054910457
121	0.5958998105	0.4909432283	-1165.6218707714
122	0.2641629934	0.4909432283	-639.6842952728
123	2.8169053045	0.4909432283	-1540.2486466016
124	101.7525439192	0.4909432283	-1552.8224054968
