site	rate	t	lnL
1	4.1907944410	0.4939910308	-1570.7682657108
2	0.7634181132	0.4939910308	-1273.9124842341
3	3.7846645646	0.4939910308	-1576.6288255233
4	5.4260517587	0.4939910308	-1547.3379725562
5	0.1174037902	0.4939910308	-362.0588734974
6	5.0708116565	0.4939910308	-1551.5691216523
7	0.8710666144	0.4939910308	-1243.8098824011
8	0.9315092249	0.4939910308	-1346.2201330755
9	4.0193416507	0.4939910308	-1564.3054491443
10	3.5633539466	0.4939910308	-1514.6620118073
11	0.8525715655	0.4939910308	-1243.3650410233
12	5.0960322745	0.4939910308	-1573.8242017683
13	2.9020682692	0.4939910308	-1471.7158579268
14	0.7148587698	0.4939910308	-1262.8905016372
15	0.7407957799	0.4939910308	-1156.9487349401
16	1.3194205183	0.4939910308	-1565.6610837859
17	5.2184151136	0.4939910308	-1508.3727747086
18	1.2949058783	0.4939910308	-1417.8167889121
19	6.9893310394	0.4939910308	-1534.7901285195
20	0.2692643712	0.4939910308	-680.5065176455
21	2.5411212743	0.4939910308	-1469.9469866389
22	1.1928498545	0.4939910308	-1532.1490872495
23	1.1545903476	0.4939910308	-1356.0552412961
24	0.2678454429	0.4939910308	-688.5668850848
25	4.3444164235	0.4939910308	-1531.8274117911
26	0.4419688449	0.4939910308	-967.3406230975
27	0.7282944039	0.4939910308	-1226.3608398211
28	0.0065483896	0.4939910308	-30.7356876929
29	0.2992953093	0.4939910308	-716.5533012189
30	1.0379114717	0.4939910308	-1394.5611101423
31	49.0142086097	0.4939910308	-1518.7588548331
32	1.9006433622	0.4939910308	-1415.8455857661
33	0.4370053227	0.4939910308	-1015.5956329956
34	2.5395119327	0.4939910308	-1532.5679883261
35	1.4177763441	0.4939910308	-1434.3730126448
36	3.5343115458	0.4939910308	-1544.0265974675
37	1.0242323269	0.4939910308	-1494.0299480152
38	3.9206376866	0.4939910308	-1550.7470727730
39	4.1654598583	0.4939910308	-1551.4390881469
40	1.0880888874	0.4939910308	-1472.1574028699
41	1.1335512764	0.4939910308	-1542.3158364623
42	5.6633429973	0.4939910308	-1550.1434788798
43	3.7471277437	0.4939910308	-1529.1323246411
44	5.4477568134	0.4939910308	-1580.0046480769
45	1.1392098155	0.4939910308	-1493.6955527665
46	0.5580267188	0.4939910308	-1116.0809691859
47	0.7995778276	0.4939910308	-1366.8033514922
48	3.5427703800	0.4939910308	-1503.8213873332
49	1.0088979548	0.4939910308	-1477.8395186432
50	0.8827046786	0.4939910308	-1380.3020219747
51	0.0215056786	0.4939910308	-87.9825643477
52	0.7948117923	0.4939910308	-1207.3212536832
53	0.9846359891	0.4939910308	-1293.8423673403
54	0.9658922339	0.4939910308	-1413.3319740592
55	0.7078850596	0.4939910308	-1215.5914044659
56	3.2215519489	0.4939910308	-1600.1821660531
57	0.2993243436	0.4939910308	-789.6852470278
58	1.3224987122	0.4939910308	-1478.9935918530
59	3.3499104863	0.4939910308	-1545.3560793094
60	0.6310080630	0.4939910308	-1135.7648839556
61	0.0757492310	0.4939910308	-254.3124120811
62	4.8265747548	0.4939910308	-1535.3736429400
63	0.4667133812	0.4939910308	-1053.4710823743
64	0.7946866190	0.4939910308	-1313.9588569801
65	2.9472900842	0.4939910308	-1548.0826822344
66	0.6033426079	0.4939910308	-1180.5690171205
67	4.4396599200	0.4939910308	-1591.4807948110
68	0.8514345006	0.4939910308	-1368.6668540593
69	4.5772194907	0.4939910308	-1561.4020961493
70	301.6421477094	0.4939910308	-1527.9036055041
71	2.7811114464	0.4939910308	-1471.9054970925
72	3.0488219945	0.4939910308	-1503.3793728041
73	0.0553584093	0.4939910308	-194.2679229558
74	0.6096061130	0.4939910308	-1173.8944372447
75	2.8348189517	0.4939910308	-1428.6512066158
76	3.1546245959	0.4939910308	-1587.9278148203
77	0.1267414935	0.4939910308	-387.0482810458
78	5.2058181031	0.4939910308	-1565.7710026657
79	3.8451737066	0.4939910308	-1500.3478150110
80	0.7374116163	0.4939910308	-1235.0821159263
81	3.6293208291	0.4939910308	-1467.8126195359
82	4.1619663226	0.4939910308	-1562.8681610479
83	332.0136718273	0.4939910308	-1567.8892858895
84	0.6449936299	0.4939910308	-1287.4205551219
85	0.7966618635	0.4939910308	-1231.8861764335
86	1.2262558282	0.4939910308	-1559.5179534302
87	2.6149430264	0.4939910308	-1548.3557361714
88	1.0259738078	0.4939910308	-1469.9052497795
89	0.5946440679	0.4939910308	-1073.7177029692
90	4.6836941052	0.4939910308	-1527.6609336160
91	0.1697430240	0.4939910308	-481.5202768718
92	1.1586626802	0.4939910308	-1339.7197430146
93	3.9405640073	0.4939910308	-1503.7472363256
94	0.8503842360	0.4939910308	-1246.9996936388
95	0.7107649039	0.4939910308	-1302.3956093375
96	128.3708418980	0.4939910308	-1547.8057252170
97	332.1014869583	0.4939910308	-1494.1582047832
98	1.0519054911	0.4939910308	-1450.3002609544
99	4.5872135893	0.4939910308	-1592.8075984150
100	0.1994470525	0.4939910308	-550.2098487960
101	0.5364815102	0.4939910308	-955.8623107119
102	6.4354870627	0.4939910308	-1566.6940557459
103	3.4604117703	0.4939910308	-1461.2438140830
104	0.3600745932	0.4939910308	-850.2625777444
105	1.1791205268	0.4939910308	-1547.0703981128
106	5.6820678112	0.4939910308	-1491.8278652181
107	0.7889849058	0.4939910308	-1334.3319129130
108	4.0604071534	0.4939910308	-1524.1079841606
109	66.0471143398	0.4939910308	-1545.7958202967
110	171.9027590202	0.4939910308	-1538.1492476617
111	0.0021799410	0.4939910308	-13.5214792343
112	687.9849000885	0.4939910308	-1534.7466113751
113	3.8345837542	0.4939910308	-1576.2400928577
114	0.6680410978	0.4939910308	-1295.7568508252
115	4.7450383663	0.4939910308	-1553.7706570346
116	3.9794038687	0.4939910308	-1572.2439158157
117	3.1434536172	0.4939910308	-1527.8796758114
118	1.1569854715	0.4939910308	-1456.5535036164
119	1.8692272995	0.4939910308	-1539.2936824854
120	5.9722143122	0.4939910308	-1531.3447372437
121	0.5400692237	0.4939910308	-1110.4364752333
122	0.2523179693	0.4939910308	-632.1353474679
123	178.8036700681	0.4939910308	-1552.5445716476
124	160.3137452785	0.4939910308	-1564.5777472204
