site	rate	t	lnL
1	1.7226039501	0.0005988410	-13.8681675434
2	0.0000000000	0.0005988410	-2.9957322736
3	0.0000000000	0.0005988410	-2.9957322736
4	1.7226941239	0.0005988410	-13.8681158879
5	0.0000000000	0.0005988410	-2.9957322736
6	0.0000000000	0.0005988410	-2.9957322736
7	0.0000000000	0.0005988410	-2.9957322736
8	0.0000000000	0.0005988410	-2.9957322736
9	1.7226937730	0.0005988410	-13.8681158933
10	5.1736942683	0.0005988410	-32.3139473161
11	1.7226939050	0.0005988410	-13.8681158879
12	1.7226936116	0.0005988410	-13.8681158933
13	3.4475247618	0.0005988410	-23.3530173177
14	3.4473462328	0.0005988410	-23.3531208237
15	0.0000000000	0.0005988410	-2.9957322736
16	3.4471665351	0.0005988410	-23.3532243457
17	1.7226048026	0.0005988410	-13.8681675434
18	0.0000000000	0.0005988410	-2.9957322736
19	3.4471673307	0.0005988410	-23.3532243457
20	0.0000000000	0.0005988410	-2.9957322736
21	0.0000000000	0.0005988410	-2.9957322736
22	1.7226936171	0.0005988410	-13.8681158933
23	0.0000000000	0.0005988410	-2.9957322736
24	0.0000000000	0.0005988410	-2.9957322736
25	0.0000000000	0.0005988410	-2.9957322736
26	0.0000000000	0.0005988410	-2.9957322736
27	0.0000000000	0.0005988410	-2.9957322736
28	0.0000000000	0.0005988410	-2.9957322736
29	0.0000000000	0.0005988410	-2.9957322736
30	0.0000000000	0.0005988410	-2.9957322736
31	1.7226939283	0.0005988410	-13.8681158879
32	5.1739636580	0.0005988410	-32.3137917638
33	0.0000000000	0.0005988410	-2.9957322736
34	0.0000000000	0.0005988410	-2.9957322736
35	1.7226048691	0.0005988410	-13.8681675434
36	1.7226045065	0.0005988410	-13.8681675434
37	0.0000000000	0.0005988410	-2.9957322736
38	1.7226936298	0.0005988410	-13.8681158879
39	0.0000000000	0.0005988410	-2.9957322736
40	0.0000000000	0.0005988410	-2.9957322736
41	0.0000000000	0.0005988410	-2.9957322736
42	0.0000000000	0.0005988410	-2.9957322736
43	3.4473462737	0.0005988410	-23.3531208237
44	5.1736946574	0.0005988410	-32.3139473161
45	0.0000000000	0.0005988410	-2.9957322736
46	0.0000000000	0.0005988410	-2.9957322736
47	0.0000000000	0.0005988410	-2.9957322736
48	0.0000000000	0.0005988410	-2.9957322736
49	0.0000000000	0.0005988410	-2.9957322736
50	0.0000000000	0.0005988410	-2.9957322736
51	0.0000000000	0.0005988410	-2.9957322736
52	0.0000000000	0.0005988410	-2.9957322736
53	0.0000000000	0.0005988410	-2.9957322736
54	0.0000000000	0.0005988410	-2.9957322736
55	3.4473464094	0.0005988410	-23.3531208451
56	0.0000000000	0.0005988410	-2.9957322736
57	0.0000000000	0.0005988410	-2.9957322736
58	1.7226936517	0.0005988410	-13.8681158879
59	0.0000000000	0.0005988410	-2.9957322736
60	0.0000000000	0.0005988410	-2.9957322736
61	0.0000000000	0.0005988410	-2.9957322736
62	0.0000000000	0.0005988410	-2.9957322736
63	0.0000000000	0.0005988410	-2.9957322736
64	0.0000000000	0.0005988410	-2.9957322736
65	0.0000000000	0.0005988410	-2.9957322736
66	0.0000000000	0.0005988410	-2.9957322736
67	0.0000000000	0.0005988410	-2.9957322736
68	3.4471672714	0.0005988410	-23.3532243457
69	5.1736948746	0.0005988410	-32.3139473161
70	0.0000000000	0.0005988410	-2.9957322736
71	1.7226045842	0.0005988410	-13.8681675434
72	1.7226044842	0.0005988410	-13.8681675434
73	0.0000000000	0.0005988410	-2.9957322736
74	0.0000000000	0.0005988410	-2.9957322736
75	1.7226935365	0.0005988410	-13.8681158933
76	1.7226936246	0.0005988410	-13.8681158879
77	0.0000000000	0.0005988410	-2.9957322736
78	3.4473462206	0.0005988410	-23.3531208451
79	3.4471669122	0.0005988410	-23.3532243457
80	0.0000000000	0.0005988410	-2.9957322736
81	1.7226936357	0.0005988410	-13.8681158933
82	5.1739638466	0.0005988410	-32.3137917154
83	1.7226936311	0.0005988410	-13.8681158879
84	0.0000000000	0.0005988410	-2.9957322736
85	1.7226933406	0.0005988410	-13.8681158879
86	1.7226939133	0.0005988410	-13.8681158879
87	0.0000000000	0.0005988410	-2.9957322736
88	0.0000000000	0.0005988410	-2.9957322736
89	0.0000000000	0.0005988410	-2.9957322736
90	0.0000000000	0.0005988410	-2.9957322736
91	0.0000000000	0.0005988410	-2.9957322736
92	0.0000000000	0.0005988410	-2.9957322736
93	3.4475251794	0.0005988410	-23.3530172962
94	0.0000000000	0.0005988410	-2.9957322736
95	0.0000000000	0.0005988410	-2.9957322736
96	8.6361094525	0.0005988410	-48.1992614262
97	1.7226045704	0.0005988410	-13.8681675434
98	0.0000000000	0.0005988410	-2.9957322736
99	0.0000000000	0.0005988410	-2.9957322736
100	0.0000000000	0.0005988410	-2.9957322736
101	0.0000000000	0.0005988410	-2.9957322736
102	0.0000000000	0.0005988410	-2.9957322736
103	0.0000000000	0.0005988410	-2.9957322736
104	0.0000000000	0.0005988410	-2.9957322736
105	0.0000000000	0.0005988410	-2.9957322736
106	0.0000000000	0.0005988410	-2.9957322736
107	0.0000000000	0.0005988410	-2.9957322736
108	1.7226938609	0.0005988410	-13.8681158879
109	1.7226047989	0.0005988410	-13.8681675434
110	0.0000000000	0.0005988410	-2.9957322736
111	0.0000000000	0.0005988410	-2.9957322736
112	1.7226052526	0.0005988410	-13.8681675434
113	0.0000000000	0.0005988410	-2.9957322736
114	0.0000000000	0.0005988410	-2.9957322736
115	1.7226936575	0.0005988410	-13.8681158879
116	0.0000000000	0.0005988410	-2.9957322736
117	3.4473461707	0.0005988410	-23.3531208451
118	1.7226935900	0.0005988410	-13.8681158933
119	1.7226044870	0.0005988410	-13.8681675434
120	0.0000000000	0.0005988410	-2.9957322736
121	3.4473458257	0.0005988410	-23.3531208451
122	0.0000000000	0.0005988410	-2.9957322736
123	0.0000000000	0.0005988410	-2.9957322736
124	1.7226939920	0.0005988410	-13.8681158879
