site	rate	t	lnL
1	0.0000000000	0.0005489213	-2.9957322736
2	3.7608530338	0.0005489213	-23.3531208237
3	0.0000000000	0.0005489213	-2.9957322736
4	1.8792597543	0.0005489213	-13.8681675434
5	0.0000000000	0.0005489213	-2.9957322736
6	1.8792597543	0.0005489213	-13.8681675434
7	1.8793576793	0.0005489213	-13.8681158879
8	0.0000000000	0.0005489213	-2.9957322736
9	1.8792604779	0.0005489213	-13.8681675434
10	0.0000000000	0.0005489213	-2.9957322736
11	0.0000000000	0.0005489213	-2.9957322736
12	0.0000000000	0.0005489213	-2.9957322736
13	0.0000000000	0.0005489213	-2.9957322736
14	0.0000000000	0.0005489213	-2.9957322736
15	0.0000000000	0.0005489213	-2.9957322736
16	3.7608525207	0.0005489213	-23.3531208451
17	1.8793577309	0.0005489213	-13.8681158879
18	0.0000000000	0.0005489213	-2.9957322736
19	0.0000000000	0.0005489213	-2.9957322736
20	1.8793576949	0.0005489213	-13.8681158933
21	3.7606571549	0.0005489213	-23.3532243457
22	0.0000000000	0.0005489213	-2.9957322736
23	0.0000000000	0.0005489213	-2.9957322736
24	0.0000000000	0.0005489213	-2.9957322736
25	0.0000000000	0.0005489213	-2.9957322736
26	0.0000000000	0.0005489213	-2.9957322736
27	0.0000000000	0.0005489213	-2.9957322736
28	0.0000000000	0.0005489213	-2.9957322736
29	0.0000000000	0.0005489213	-2.9957322736
30	0.0000000000	0.0005489213	-2.9957322736
31	0.0000000000	0.0005489213	-2.9957322736
32	0.0000000000	0.0005489213	-2.9957322736
33	0.0000000000	0.0005489213	-2.9957322736
34	1.8792600820	0.0005489213	-13.8681675434
35	0.0000000000	0.0005489213	-2.9957322736
36	0.0000000000	0.0005489213	-2.9957322736
37	1.8792597542	0.0005489213	-13.8681675434
38	3.7606578123	0.0005489213	-23.3532243457
39	0.0000000000	0.0005489213	-2.9957322736
40	0.0000000000	0.0005489213	-2.9957322736
41	0.0000000000	0.0005489213	-2.9957322736
42	3.7606573381	0.0005489213	-23.3532243457
43	0.0000000000	0.0005489213	-2.9957322736
44	0.0000000000	0.0005489213	-2.9957322736
45	0.0000000000	0.0005489213	-2.9957322736
46	3.7608521431	0.0005489213	-23.3531208237
47	0.0000000000	0.0005489213	-2.9957322736
48	0.0000000000	0.0005489213	-2.9957322736
49	3.7610477513	0.0005489213	-23.3530173391
50	0.0000000000	0.0005489213	-2.9957322736
51	0.0000000000	0.0005489213	-2.9957322736
52	0.0000000000	0.0005489213	-2.9957322736
53	0.0000000000	0.0005489213	-2.9957322736
54	0.0000000000	0.0005489213	-2.9957322736
55	0.0000000000	0.0005489213	-2.9957322736
56	0.0000000000	0.0005489213	-2.9957322736
57	0.0000000000	0.0005489213	-2.9957322736
58	3.7608531629	0.0005489213	-23.3531208451
59	0.0000000000	0.0005489213	-2.9957322736
60	0.0000000000	0.0005489213	-2.9957322736
61	0.0000000000	0.0005489213	-2.9957322736
62	1.8792596345	0.0005489213	-13.8681675434
63	3.7608526085	0.0005489213	-23.3531208451
64	1.8793576867	0.0005489213	-13.8681158879
65	3.7608526008	0.0005489213	-23.3531208237
66	0.0000000000	0.0005489213	-2.9957322736
67	1.8793576618	0.0005489213	-13.8681158933
68	0.0000000000	0.0005489213	-2.9957322736
69	1.8792604285	0.0005489213	-13.8681675434
70	0.0000000000	0.0005489213	-2.9957322736
71	5.6447855374	0.0005489213	-32.3136361066
72	0.0000000000	0.0005489213	-2.9957322736
73	0.0000000000	0.0005489213	-2.9957322736
74	3.7616328251	0.0005489213	-23.3527069060
75	0.0000000000	0.0005489213	-2.9957322736
76	0.0000000000	0.0005489213	-2.9957322736
77	0.0000000000	0.0005489213	-2.9957322736
78	0.0000000000	0.0005489213	-2.9957322736
79	0.0000000000	0.0005489213	-2.9957322736
80	3.7606572694	0.0005489213	-23.3532243457
81	0.0000000000	0.0005489213	-2.9957322736
82	3.7610477410	0.0005489213	-23.3530172962
83	1.8792604792	0.0005489213	-13.8681675434
84	5.6447851873	0.0005489213	-32.3136361066
85	1.8793576755	0.0005489213	-13.8681158933
86	0.0000000000	0.0005489213	-2.9957322736
87	1.8793578055	0.0005489213	-13.8681158879
88	0.0000000000	0.0005489213	-2.9957322736
89	0.0000000000	0.0005489213	-2.9957322736
90	1.8793576598	0.0005489213	-13.8681158879
91	0.0000000000	0.0005489213	-2.9957322736
92	0.0000000000	0.0005489213	-2.9957322736
93	0.0000000000	0.0005489213	-2.9957322736
94	0.0000000000	0.0005489213	-2.9957322736
95	0.0000000000	0.0005489213	-2.9957322736
96	1.8793577487	0.0005489213	-13.8681158933
97	0.0000000000	0.0005489213	-2.9957322736
98	5.6444909409	0.0005489213	-32.3137917638
99	1.8792601915	0.0005489213	-13.8681675434
100	1.8792604891	0.0005489213	-13.8681675434
101	0.0000000000	0.0005489213	-2.9957322736
102	0.0000000000	0.0005489213	-2.9957322736
103	0.0000000000	0.0005489213	-2.9957322736
104	0.0000000000	0.0005489213	-2.9957322736
105	0.0000000000	0.0005489213	-2.9957322736
106	0.0000000000	0.0005489213	-2.9957322736
107	0.0000000000	0.0005489213	-2.9957322736
108	0.0000000000	0.0005489213	-2.9957322736
109	1.8793576539	0.0005489213	-13.8681158933
110	1.8792606003	0.0005489213	-13.8681675434
111	0.0000000000	0.0005489213	-2.9957322736
112	0.0000000000	0.0005489213	-2.9957322736
113	1.8793572704	0.0005489213	-13.8681158933
114	0.0000000000	0.0005489213	-2.9957322736
115	3.7606574814	0.0005489213	-23.3532243457
116	3.7606571532	0.0005489213	-23.3532243457
117	1.8792601661	0.0005489213	-13.8681675434
118	0.0000000000	0.0005489213	-2.9957322736
119	0.0000000000	0.0005489213	-2.9957322736
120	1.8793578436	0.0005489213	-13.8681158933
121	0.0000000000	0.0005489213	-2.9957322736
122	0.0000000000	0.0005489213	-2.9957322736
123	3.7610477836	0.0005489213	-23.3530173177
124	1.8792605764	0.0005489213	-13.8681675434
