site	rate	t	lnL
1	1.9619636210	0.0607125877	-634.0665031329
2	0.6843370431	0.0607125877	-281.0591933183
3	1.0390496332	0.0607125877	-406.8572112027
4	1.8238994756	0.0607125877	-592.5389366123
5	0.3594378051	0.0607125877	-158.3196507554
6	1.1520504416	0.0607125877	-454.8349609521
7	0.3324331605	0.0607125877	-143.8265187743
8	0.8684497641	0.0607125877	-330.9598274865
9	1.4856715257	0.0607125877	-527.4605193483
10	1.1210283301	0.0607125877	-416.4962635282
11	1.2132082901	0.0607125877	-427.2504618011
12	1.4640346872	0.0607125877	-507.9145978604
13	1.0683658104	0.0607125877	-402.6246430494
14	1.0946567765	0.0607125877	-413.3562373388
15	0.2958524810	0.0607125877	-130.5593980861
16	1.7810133680	0.0607125877	-600.3965270980
17	0.8247545009	0.0607125877	-315.4110002173
18	0.6514456384	0.0607125877	-251.9712200468
19	1.0769966029	0.0607125877	-404.6752665374
20	0.1984919753	0.0607125877	-91.5980442476
21	0.8441116369	0.0607125877	-320.5070447529
22	1.1900956509	0.0607125877	-459.1476779143
23	0.6866626947	0.0607125877	-287.8185582111
24	0.2521418748	0.0607125877	-132.2042458744
25	1.1271798942	0.0607125877	-429.7970758998
26	0.1026728284	0.0607125877	-58.5837831399
27	0.4314991955	0.0607125877	-189.4420516733
28	0.0000000000	0.0607125877	-2.3473275755
29	0.0734312573	0.0607125877	-38.0885037508
30	0.8042143809	0.0607125877	-313.2935542262
31	1.5259754046	0.0607125877	-516.8501799266
32	2.0009441620	0.0607125877	-645.6556944223
33	0.5374223878	0.0607125877	-231.6503888898
34	1.4615651488	0.0607125877	-523.0669657482
35	1.1367662321	0.0607125877	-400.0807303678
36	1.6768898099	0.0607125877	-580.1266649326
37	0.9129326673	0.0607125877	-354.4941634514
38	1.1134092865	0.0607125877	-420.6232881533
39	1.3451894661	0.0607125877	-487.5870950802
40	0.3479776062	0.0607125877	-160.9528229805
41	1.4574600493	0.0607125877	-489.5651426117
42	1.5924621926	0.0607125877	-564.9918253262
43	1.2814198611	0.0607125877	-466.5006607506
44	2.0699536196	0.0607125877	-700.0737114500
45	0.9728169671	0.0607125877	-379.4687751940
46	0.1259374229	0.0607125877	-65.3536692527
47	1.1418004040	0.0607125877	-425.2557843994
48	1.0433915850	0.0607125877	-381.2855556943
49	1.7097592533	0.0607125877	-587.7789036915
50	0.4207158031	0.0607125877	-185.5361386732
51	0.0000000000	0.0607125877	-2.3101425607
52	0.3586032876	0.0607125877	-157.0809115723
53	0.3140319126	0.0607125877	-136.6859242481
54	1.2108716854	0.0607125877	-423.7645230765
55	0.4125240567	0.0607125877	-176.8891063445
56	2.0659886271	0.0607125877	-671.9856177960
57	0.0501774912	0.0607125877	-32.3272672841
58	1.2322352465	0.0607125877	-444.0308751094
59	1.6758902972	0.0607125877	-575.3525152961
60	0.2932655226	0.0607125877	-138.0479130413
61	0.0178432599	0.0607125877	-13.5110418408
62	1.5727356217	0.0607125877	-553.3146523852
63	0.2561773200	0.0607125877	-127.2312025251
64	0.3988255942	0.0607125877	-174.9495828298
65	1.4651902861	0.0607125877	-513.6229219476
66	0.1342705364	0.0607125877	-70.4995355626
67	1.6250669289	0.0607125877	-577.4249749032
68	1.1464752320	0.0607125877	-423.0040566803
69	1.7313236916	0.0607125877	-587.4165069828
70	1.4164137078	0.0607125877	-507.0871326547
71	1.3331196991	0.0607125877	-470.3202330940
72	1.6326426592	0.0607125877	-557.9300836991
73	0.0715316729	0.0607125877	-40.7352654763
74	0.4541090960	0.0607125877	-193.2814980331
75	1.1674813742	0.0607125877	-423.2085233282
76	1.5793982144	0.0607125877	-582.7780399048
77	0.0178477984	0.0607125877	-13.5653714636
78	1.7886711008	0.0607125877	-613.6553025298
79	1.8338245497	0.0607125877	-618.1298414295
80	0.2675640659	0.0607125877	-127.6310692397
81	1.3564770237	0.0607125877	-499.8249672340
82	1.6750259660	0.0607125877	-575.2270476993
83	1.3787527304	0.0607125877	-500.0142608319
84	1.7777562314	0.0607125877	-622.7549344781
85	0.2935021691	0.0607125877	-135.3362905948
86	0.9583840102	0.0607125877	-375.2309601038
87	1.3947706947	0.0607125877	-502.1963070086
88	0.3255437640	0.0607125877	-159.0838039225
89	0.2399944199	0.0607125877	-109.0666914919
90	1.1937459531	0.0607125877	-445.5916689134
91	0.0357286039	0.0607125877	-22.5085168859
92	0.8705849841	0.0607125877	-330.9441803206
93	1.4815900381	0.0607125877	-514.6588321516
94	0.3477536539	0.0607125877	-153.9763417691
95	0.3047703011	0.0607125877	-141.8608903262
96	1.8968920925	0.0607125877	-631.4108011296
97	1.6457216979	0.0607125877	-560.0803078969
98	0.7327236321	0.0607125877	-283.7460831412
99	1.1114792925	0.0607125877	-442.1411495787
100	0.0538347321	0.0607125877	-32.1441485912
101	0.2505512989	0.0607125877	-106.8366523021
102	1.5610291391	0.0607125877	-556.5972718288
103	1.7682747737	0.0607125877	-578.1887945161
104	1.3654049806	0.0607125877	-489.2423863403
105	1.4541100894	0.0607125877	-539.2998352420
106	1.3885534948	0.0607125877	-501.4634398699
107	0.4689471757	0.0607125877	-205.3376977434
108	0.8324467668	0.0607125877	-328.4908103808
109	1.7445473738	0.0607125877	-596.3959904125
110	1.4823366435	0.0607125877	-518.3266513374
111	0.0000000000	0.0607125877	-2.3473275755
112	1.4595011987	0.0607125877	-526.6471511992
113	1.2914817722	0.0607125877	-481.2740678774
114	1.3239600634	0.0607125877	-483.0727398130
115	1.7469363713	0.0607125877	-570.1872291792
116	1.6775474398	0.0607125877	-576.3176823262
117	1.1949175401	0.0607125877	-436.8190663325
118	0.7169490067	0.0607125877	-293.7466892534
119	0.9871484010	0.0607125877	-396.0030703899
120	1.5422117920	0.0607125877	-514.9754217808
121	0.3257675727	0.0607125877	-149.4240690235
122	0.1254771673	0.0607125877	-65.0253758238
123	1.7753787702	0.0607125877	-598.8167081509
124	2.0141718695	0.0607125877	-633.6851199160
