site	rate	t	lnL
1	3.9514745881	0.4872578610	-1545.8078026769
2	0.7994070509	0.4872578610	-1317.6717580382
3	4.4574857543	0.4872578610	-1584.2385101541
4	5.8706031354	0.4872578610	-1534.3033464736
5	0.1331603224	0.4872578610	-390.6035067718
6	5.9539180446	0.4872578610	-1559.9379260178
7	0.7875171102	0.4872578610	-1177.3046739854
8	0.9504338256	0.4872578610	-1338.3121677089
9	4.1823447624	0.4872578610	-1555.4927397599
10	3.5711997750	0.4872578610	-1518.8484895782
11	0.7483659805	0.4872578610	-1178.9855383077
12	110.7219442819	0.4872578610	-1543.7796820784
13	3.6671688154	0.4872578610	-1486.4551130795
14	0.7609771690	0.4872578610	-1299.7882023118
15	0.8112118434	0.4872578610	-1181.1223428639
16	3.0253719792	0.4872578610	-1567.9762830207
17	3.6126272158	0.4872578610	-1496.5940028460
18	1.2599554512	0.4872578610	-1440.0320094679
19	3.4019013274	0.4872578610	-1540.4277821536
20	0.2801077945	0.4872578610	-702.5291096560
21	1.4303800929	0.4872578610	-1468.7762364539
22	1.1116310730	0.4872578610	-1492.5408972958
23	1.2113867304	0.4872578610	-1346.1655403056
24	0.2883819807	0.4872578610	-728.4028921250
25	3.2851428692	0.4872578610	-1539.6565154464
26	0.3900457165	0.4872578610	-876.7324177663
27	0.7129029701	0.4872578610	-1201.8404988509
28	0.0088495398	0.4872578610	-38.5292955924
29	0.2516327737	0.4872578610	-624.5780994474
30	0.9890370296	0.4872578610	-1364.2937442484
31	3.3954670749	0.4872578610	-1516.2800439244
32	1.3634170570	0.4872578610	-1405.5015962218
33	0.5218198720	0.4872578610	-1127.5859544031
34	3.5496448298	0.4872578610	-1530.3880688687
35	1.2720291702	0.4872578610	-1440.3490829871
36	3.8237975216	0.4872578610	-1537.7156236172
37	0.9272087164	0.4872578610	-1427.5663714705
38	1027.3080121841	0.4872578610	-1550.8075298322
39	4.0205434733	0.4872578610	-1527.6552379672
40	0.9789094150	0.4872578610	-1426.1032777049
41	1.2479372487	0.4872578610	-1549.5866996618
42	5.1757881241	0.4872578610	-1562.5966651818
43	3.1770734259	0.4872578610	-1524.5917824270
44	2.9040291887	0.4872578610	-1576.1107314436
45	2.9889117026	0.4872578610	-1536.3196883393
46	0.5155994734	0.4872578610	-1052.8789143251
47	0.7053010925	0.4872578610	-1277.0856520475
48	2.6105942656	0.4872578610	-1507.4664734785
49	1.0553818516	0.4872578610	-1492.9477066339
50	0.8716029400	0.4872578610	-1363.5300132780
51	0.0108526654	0.4872578610	-50.1249863434
52	0.8423444305	0.4872578610	-1223.1946667755
53	0.9469282097	0.4872578610	-1270.5301291883
54	0.9712457580	0.4872578610	-1432.0358713892
55	0.8525711220	0.4872578610	-1278.8106723446
56	1.1842407903	0.4872578610	-1560.7319312065
57	0.3056516877	0.4872578610	-799.4530294721
58	2.2645169466	0.4872578610	-1476.5823887367
59	4.9285091481	0.4872578610	-1541.5336463597
60	0.7408986346	0.4872578610	-1217.3482173739
61	0.0629220002	0.4872578610	-214.9844627721
62	4.8891668570	0.4872578610	-1544.7556353990
63	0.4553416932	0.4872578610	-1035.5904275528
64	0.8799213838	0.4872578610	-1394.8840688954
65	4.2695047224	0.4872578610	-1573.1984759386
66	0.5834300066	0.4872578610	-1168.4213921344
67	3.7783355828	0.4872578610	-1588.1241190036
68	0.7883955563	0.4872578610	-1336.7908053294
69	3.6541930507	0.4872578610	-1567.1563865711
70	2.9956704290	0.4872578610	-1502.0629200841
71	2.5808360508	0.4872578610	-1482.3021328613
72	3.2664670724	0.4872578610	-1499.6674896134
73	0.0606373380	0.4872578610	-204.0283433695
74	0.7005944888	0.4872578610	-1261.8279457355
75	3.3414854766	0.4872578610	-1440.7454204909
76	2.3819514171	0.4872578610	-1599.6879496039
77	0.1451193205	0.4872578610	-430.8588245418
78	5.9072320626	0.4872578610	-1571.6470035152
79	5.2410939905	0.4872578610	-1510.5465706470
80	0.7457937776	0.4872578610	-1237.4773610599
81	2.7249639093	0.4872578610	-1467.0901604504
82	2.9938936065	0.4872578610	-1549.0281576056
83	5.0975520304	0.4872578610	-1558.9709513165
84	0.6214126665	0.4872578610	-1254.8367607210
85	0.9423146386	0.4872578610	-1305.8095553207
86	1.1369940085	0.4872578610	-1546.8858854111
87	1.2858589011	0.4872578610	-1530.1830262192
88	0.9447803831	0.4872578610	-1415.7132732846
89	0.5669851934	0.4872578610	-1039.3283096956
90	80.9122332501	0.4872578610	-1515.0269340067
91	0.1744085375	0.4872578610	-498.1100652230
92	1.1036840496	0.4872578610	-1323.1648544887
93	2.9040430374	0.4872578610	-1507.8587562127
94	0.8093097989	0.4872578610	-1226.4456672646
95	0.7130399506	0.4872578610	-1286.2060201651
96	3.8080294118	0.4872578610	-1534.7036100986
97	5.2275171736	0.4872578610	-1510.4597688105
98	1.0690972186	0.4872578610	-1460.3965239599
99	3.1829050784	0.4872578610	-1562.8130860156
100	0.1800779876	0.4872578610	-502.1025755551
101	0.5267698492	0.4872578610	-933.9469035027
102	3.9998315512	0.4872578610	-1547.8284825575
103	6.1468267170	0.4872578610	-1458.0762699366
104	0.3109162679	0.4872578610	-765.8108138468
105	1.3076628155	0.4872578610	-1585.8826011305
106	4.1727401128	0.4872578610	-1502.3177884401
107	0.8039019816	0.4872578610	-1331.2519698907
108	4.4381584068	0.4872578610	-1511.0179051323
109	5.3894426504	0.4872578610	-1531.4608225532
110	4.0798505733	0.4872578610	-1519.6768838929
111	0.0066328895	0.4872578610	-31.1779356303
112	5.1608110975	0.4872578610	-1534.5646155496
113	5.3273371987	0.4872578610	-1581.0754605948
114	0.7775824685	0.4872578610	-1388.3703090175
115	5.8573414070	0.4872578610	-1558.8526746120
116	4.5952102780	0.4872578610	-1569.9987621716
117	5.9238801116	0.4872578610	-1529.9943219022
118	2.8378194553	0.4872578610	-1488.3604543238
119	2.7054139168	0.4872578610	-1551.4352151300
120	3.2945164813	0.4872578610	-1517.3724130210
121	0.6087962854	0.4872578610	-1172.9939887055
122	0.2423769062	0.4872578610	-610.3176812943
123	4.5121572880	0.4872578610	-1552.7910141387
124	6.4383772842	0.4872578610	-1557.8086764437
