site	rate	t	lnL
1	1.7979548896	0.0597308169	-598.8244597422
2	0.2895912189	0.0597308169	-135.8619777405
3	2.0583697762	0.0597308169	-687.8149630211
4	0.9970824817	0.0597308169	-388.8016126289
5	0.0000000000	0.0597308169	-2.2521821268
6	1.8269125067	0.0597308169	-595.6429362719
7	0.3389941273	0.0597308169	-141.7572885369
8	0.6267181151	0.0597308169	-250.2431948338
9	1.3776334772	0.0597308169	-484.6886299149
10	1.3314710147	0.0597308169	-473.5275667534
11	0.2968126791	0.0597308169	-132.3992259425
12	1.7097362525	0.0597308169	-584.4504539108
13	0.7180033717	0.0597308169	-274.8317800892
14	0.5746429104	0.0597308169	-236.2250793941
15	0.4156283545	0.0597308169	-166.2082421877
16	0.8485297016	0.0597308169	-337.3733935877
17	1.0087241448	0.0597308169	-383.0574201394
18	1.7983155766	0.0597308169	-602.0698863485
19	1.3399737424	0.0597308169	-460.4383874888
20	1.9656580778	0.0597308169	-637.1710531284
21	1.1927788164	0.0597308169	-407.1953392541
22	1.3820139300	0.0597308169	-497.1129237537
23	0.8479902429	0.0597308169	-313.5006928491
24	0.0675021047	0.0597308169	-42.3413847290
25	1.6657564980	0.0597308169	-578.0140830093
26	0.2964240194	0.0597308169	-136.8674733312
27	0.1120461358	0.0597308169	-56.6493721912
28	0.1286677968	0.0597308169	-59.6522191437
29	0.1088787313	0.0597308169	-56.6283025115
30	0.6510266130	0.0597308169	-264.1205796184
31	1.5961811644	0.0597308169	-534.7508816514
32	0.5837129665	0.0597308169	-236.5853064654
33	0.3718744092	0.0597308169	-171.0128209911
34	0.7756750885	0.0597308169	-306.6904261539
35	0.9017084877	0.0597308169	-337.1792353784
36	1.1016233621	0.0597308169	-412.3119419869
37	1.0210636069	0.0597308169	-372.9345729426
38	1.4237274672	0.0597308169	-474.6138073553
39	1.3601795490	0.0597308169	-491.3986996881
40	0.7053961577	0.0597308169	-275.8984323377
41	1.7740985250	0.0597308169	-609.0033143358
42	1.5147547200	0.0597308169	-530.8539611971
43	1.2720453473	0.0597308169	-448.1635263954
44	1.7453652150	0.0597308169	-591.0658107686
45	1.6590102422	0.0597308169	-563.7698358936
46	1.4904741672	0.0597308169	-517.8897145163
47	0.6399860585	0.0597308169	-270.3880358357
48	0.9873321400	0.0597308169	-380.8966426220
49	1.0746808772	0.0597308169	-393.2220747342
50	0.4929528426	0.0597308169	-214.3994207109
51	0.0000000000	0.0597308169	-2.6811349424
52	0.4497328880	0.0597308169	-182.0235943084
53	0.3479006511	0.0597308169	-146.0291254199
54	1.7244757948	0.0597308169	-580.3157792115
55	0.7357905309	0.0597308169	-277.0552819588
56	0.5156327407	0.0597308169	-227.4188128337
57	0.1368351220	0.0597308169	-75.6718008773
58	1.2438736457	0.0597308169	-445.3960698727
59	1.0071363621	0.0597308169	-364.3799566077
60	0.4409111024	0.0597308169	-189.7505434490
61	0.1651259922	0.0597308169	-80.2902796482
62	1.3614648391	0.0597308169	-481.4954999578
63	0.3797181268	0.0597308169	-176.6990399765
64	1.1143294937	0.0597308169	-399.4859003564
65	1.7857940286	0.0597308169	-591.7549250416
66	0.2737182379	0.0597308169	-131.3996634936
67	1.7005528214	0.0597308169	-597.5860734153
68	0.9818540041	0.0597308169	-381.4943603007
69	1.1115745110	0.0597308169	-401.6193919520
70	1.0779451794	0.0597308169	-390.8016519931
71	1.2631903034	0.0597308169	-459.6293275906
72	0.8897170455	0.0597308169	-333.4512350786
73	0.0000000000	0.0597308169	-2.2521821268
74	0.3927793649	0.0597308169	-173.5965429432
75	0.8169488904	0.0597308169	-314.4563463563
76	1.8180807302	0.0597308169	-589.4928277870
77	0.0183367766	0.0597308169	-13.3865008817
78	1.6732766951	0.0597308169	-574.4710456489
79	1.3433994489	0.0597308169	-486.7377964297
80	0.3566665456	0.0597308169	-149.6432873552
81	0.7228236363	0.0597308169	-269.9902415045
82	1.2864494796	0.0597308169	-464.5239392464
83	1.5981991362	0.0597308169	-549.4817445306
84	0.2410713166	0.0597308169	-121.6529002399
85	1.0794091922	0.0597308169	-382.3367345199
86	1.0609519091	0.0597308169	-411.9114412072
87	1.6096958871	0.0597308169	-543.2504729831
88	0.4478849822	0.0597308169	-199.3305318866
89	0.4323226887	0.0597308169	-175.6006525831
90	1.5703755686	0.0597308169	-553.6623659607
91	0.0918817177	0.0597308169	-45.9736232559
92	0.7896213081	0.0597308169	-311.0924833044
93	1.2648484101	0.0597308169	-440.9112021852
94	0.5331277296	0.0597308169	-210.8475567419
95	0.8413494299	0.0597308169	-334.6305240511
96	1.2156417293	0.0597308169	-447.1477426389
97	1.5744216643	0.0597308169	-542.4836613032
98	0.4288535101	0.0597308169	-188.0207052224
99	1.7950310903	0.0597308169	-589.1890122514
100	1.2917108663	0.0597308169	-472.1752556135
101	0.1818803257	0.0597308169	-82.8944315314
102	1.5080139782	0.0597308169	-534.2403268117
103	1.5510069154	0.0597308169	-516.7777600207
104	1.5099958797	0.0597308169	-529.9046643362
105	1.7077281593	0.0597308169	-598.6328348240
106	1.0939241172	0.0597308169	-421.7496571455
107	1.7533710294	0.0597308169	-590.1100217440
108	1.2270092049	0.0597308169	-448.5997237410
109	1.7461492860	0.0597308169	-560.9894997324
110	1.6226894804	0.0597308169	-559.5981806380
111	0.0000000000	0.0597308169	-2.2521821268
112	1.2210950455	0.0597308169	-448.1360834665
113	1.6679269901	0.0597308169	-565.5582660216
114	1.4828730148	0.0597308169	-522.1911724152
115	0.8069048868	0.0597308169	-320.0858360090
116	1.6733451539	0.0597308169	-555.1530118165
117	1.6024020425	0.0597308169	-524.7322417574
118	0.4742311327	0.0597308169	-207.5766548332
119	1.0834733978	0.0597308169	-407.1389254679
120	1.6367248185	0.0597308169	-542.0079592057
121	0.2307892697	0.0597308169	-108.7488104423
122	0.1472032975	0.0597308169	-73.2554182490
123	1.8472661945	0.0597308169	-602.6400793954
124	1.9121978922	0.0597308169	-634.6689512288
