site	rate	t	lnL
1	2.2111413248	0.3703389858	-1486.4305123986
2	0.6685550812	0.3703389858	-993.0506255510
3	2.0357135544	0.3703389858	-1496.1196189930
4	2.1132353364	0.3703389858	-1487.9812212651
5	0.1194088079	0.3703389858	-283.2217038600
6	1.8859465777	0.3703389858	-1476.1708305327
7	0.6709422779	0.3703389858	-941.9742309123
8	0.7435706462	0.3703389858	-1046.4174688500
9	2.0662032154	0.3703389858	-1488.6586850209
10	1.8909379777	0.3703389858	-1443.8948891510
11	0.4959255553	0.3703389858	-779.1057786296
12	2.2607908499	0.3703389858	-1523.2265909426
13	1.5043170989	0.3703389858	-1377.2538564576
14	0.7595257175	0.3703389858	-1076.9032206979
15	0.6017772013	0.3703389858	-876.9683779346
16	1.4490226390	0.3703389858	-1456.8407508137
17	1.3362515619	0.3703389858	-1376.7684191160
18	1.0734268357	0.3703389858	-1223.1662361836
19	2.2541249982	0.3703389858	-1493.1943371454
20	0.3737416596	0.3703389858	-685.8697130196
21	1.1667957307	0.3703389858	-1282.0202572526
22	1.3977623626	0.3703389858	-1432.8666223386
23	0.8118964265	0.3703389858	-1067.5873695836
24	0.0892671460	0.3703389858	-233.8893969367
25	1.5327844142	0.3703389858	-1455.0395166839
26	0.2289684181	0.3703389858	-475.8176697463
27	0.5108533354	0.3703389858	-822.9755650637
28	0.0116418919	0.3703389858	-40.2383806698
29	0.3155275624	0.3703389858	-568.6911788262
30	0.7776486359	0.3703389858	-1082.7547288351
31	2.0234683369	0.3703389858	-1442.5358328168
32	1.1288733483	0.3703389858	-1229.6838014309
33	0.2991647003	0.3703389858	-618.4211138703
34	1.6042514163	0.3703389858	-1446.2580245352
35	1.2209269402	0.3703389858	-1281.6190792497
36	1.9807009297	0.3703389858	-1478.0355944164
37	1.1218549211	0.3703389858	-1332.7254633451
38	2.1375135900	0.3703389858	-1494.1842390160
39	2.1323983151	0.3703389858	-1486.4017065033
40	1.1292417800	0.3703389858	-1303.0178486091
41	1.3091785065	0.3703389858	-1432.4168593126
42	2.3026317347	0.3703389858	-1524.8377975793
43	1.7664473518	0.3703389858	-1462.8297548644
44	2.4187536435	0.3703389858	-1538.4307040242
45	1.3110510682	0.3703389858	-1381.5750755484
46	0.7997452735	0.3703389858	-1115.6069318753
47	0.7113985457	0.3703389858	-1056.7140914663
48	1.3363366519	0.3703389858	-1359.3738597105
49	1.0786935215	0.3703389858	-1273.8306829910
50	0.6073686469	0.3703389858	-942.2264153502
51	0.0000000000	0.3703389858	-2.6915384578
52	0.5832032937	0.3703389858	-877.0096575173
53	0.7738929628	0.3703389858	-1025.4265994539
54	0.8445691890	0.3703389858	-1118.8715314128
55	0.5474557555	0.3703389858	-874.9664155523
56	1.0520852765	0.3703389858	-1315.3801854558
57	0.1044608025	0.3703389858	-270.4113036682
58	1.1409377677	0.3703389858	-1273.0758699191
59	1.9549543201	0.3703389858	-1468.5747410768
60	0.6842857474	0.3703389858	-984.0623459013
61	0.1133515550	0.3703389858	-259.8982922072
62	1.8507701205	0.3703389858	-1464.3793419179
63	0.4569987715	0.3703389858	-829.9328140634
64	1.0078208442	0.3703389858	-1248.3865615950
65	1.6832419622	0.3703389858	-1503.7271502434
66	0.7472558698	0.3703389858	-1111.3385404799
67	2.3997236562	0.3703389858	-1548.0398292961
68	0.9548628669	0.3703389858	-1233.4081223500
69	2.1327624210	0.3703389858	-1508.8813369277
70	2.3700080641	0.3703389858	-1473.0003556936
71	1.3136210778	0.3703389858	-1335.0866159252
72	1.8132993279	0.3703389858	-1425.3333716359
73	0.2342508067	0.3703389858	-478.9932044118
74	1.0178924787	0.3703389858	-1281.7353779983
75	1.1380231540	0.3703389858	-1235.1352649758
76	1.6292138427	0.3703389858	-1517.7695949063
77	0.0677998032	0.3703389858	-181.3801188713
78	2.4907575473	0.3703389858	-1522.0819380971
79	2.1420138921	0.3703389858	-1468.2260242099
80	0.6987806536	0.3703389858	-990.2027961070
81	1.3088776426	0.3703389858	-1326.3293026926
82	2.0393063145	0.3703389858	-1484.5791810353
83	2.6353923816	0.3703389858	-1539.7313187431
84	0.7151485494	0.3703389858	-1103.9191952758
85	0.7547080433	0.3703389858	-1030.0844184257
86	1.0871730626	0.3703389858	-1351.4549825198
87	1.4114378923	0.3703389858	-1420.4941730401
88	0.8239479304	0.3703389858	-1147.7843568711
89	0.3611669704	0.3703389858	-646.3497385596
90	2.4534072399	0.3703389858	-1489.5547410506
91	0.1565894032	0.3703389858	-347.8378709815
92	0.8473419837	0.3703389858	-1085.3194197550
93	1.6614497373	0.3703389858	-1433.6116948218
94	0.5026947054	0.3703389858	-805.8961688726
95	0.6237034599	0.3703389858	-1000.1463918628
96	2.1621552710	0.3703389858	-1474.4119113570
97	1.7450466445	0.3703389858	-1405.1383065038
98	1.0030145447	0.3703389858	-1254.0071776420
99	1.8082753949	0.3703389858	-1518.5117743553
100	0.1680383624	0.3703389858	-371.9187281823
101	0.3446267830	0.3703389858	-601.1688905008
102	2.0255627747	0.3703389858	-1461.5788144458
103	1.2243488976	0.3703389858	-1279.4929195416
104	0.2071810750	0.3703389858	-442.9886458811
105	1.3905044317	0.3703389858	-1431.8431424564
106	1.9544545298	0.3703389858	-1437.2691861019
107	0.5472205459	0.3703389858	-909.2477506755
108	2.0880105542	0.3703389858	-1472.4884381504
109	2.3686371179	0.3703389858	-1501.6132967491
110	2.0342296468	0.3703389858	-1442.3122740457
111	0.0174908532	0.3703389858	-55.3397561709
112	2.6978651272	0.3703389858	-1521.0761464725
113	2.3683439070	0.3703389858	-1532.8695250186
114	0.7780224064	0.3703389858	-1136.8106986308
115	1.3368473795	0.3703389858	-1412.5778959348
116	2.1460781577	0.3703389858	-1501.2073726265
117	2.1840748076	0.3703389858	-1466.2133928017
118	1.4128223087	0.3703389858	-1364.1582610660
119	1.4005289256	0.3703389858	-1414.6306837680
120	1.7168749918	0.3703389858	-1417.8148877606
121	0.8771187803	0.3703389858	-1199.9290484485
122	0.2600244939	0.3703389858	-502.8129305212
123	1.6784970453	0.3703389858	-1475.3978167028
124	2.4605268596	0.3703389858	-1509.6137175159
