site	rate	t	lnL
1	4.3122245968	0.4872210665	-1556.8492234304
2	0.7812588865	0.4872210665	-1294.1146890390
3	3.7499719345	0.4872210665	-1583.8893632851
4	3.6509623155	0.4872210665	-1539.7255097650
5	0.1307306528	0.4872210665	-389.3531551312
6	4.1404468874	0.4872210665	-1560.3819607693
7	0.9300539555	0.4872210665	-1252.2498326323
8	1.0043743360	0.4872210665	-1365.5040794001
9	6.3160100252	0.4872210665	-1567.5372222849
10	50.0014131470	0.4872210665	-1502.7688098226
11	0.8078269984	0.4872210665	-1219.2974626105
12	3.9537683713	0.4872210665	-1591.3166824786
13	2.4174689938	0.4872210665	-1452.8668173711
14	0.8124162729	0.4872210665	-1320.0667097822
15	0.7217355452	0.4872210665	-1111.7022139103
16	1.3314775025	0.4872210665	-1571.0454816880
17	3.9449570135	0.4872210665	-1503.2421923479
18	1.2229771773	0.4872210665	-1465.9689462283
19	3.9520201548	0.4872210665	-1518.9850478962
20	0.2545789466	0.4872210665	-654.3881274619
21	1.3227765044	0.4872210665	-1464.3704742208
22	1.1653592508	0.4872210665	-1517.3281654209
23	1.2216431019	0.4872210665	-1359.9392058338
24	0.3078995657	0.4872210665	-760.8297855316
25	3.8381594646	0.4872210665	-1547.7274551180
26	0.3211315059	0.4872210665	-771.0041338318
27	0.7477817958	0.4872210665	-1226.7811819183
28	0.0066288974	0.4872210665	-31.8713878212
29	0.2328781920	0.4872210665	-594.4834028187
30	1.0537293287	0.4872210665	-1403.1597464883
31	5.8584694704	0.4872210665	-1513.2896185322
32	1.1312429397	0.4872210665	-1387.7035784021
33	0.4937072859	0.4872210665	-1082.0549143011
34	3.0600188400	0.4872210665	-1538.2265814776
35	1.2817535449	0.4872210665	-1418.3779537426
36	81.2116890485	0.4872210665	-1531.6984138531
37	1.0076363127	0.4872210665	-1482.3483779828
38	2.9455033807	0.4872210665	-1556.1532795929
39	7.6753515295	0.4872210665	-1524.3515932133
40	1.1905753698	0.4872210665	-1473.2458206741
41	1.0737854923	0.4872210665	-1528.6325970854
42	31.8422112012	0.4872210665	-1560.2882235129
43	3.9548613486	0.4872210665	-1531.6805304175
44	3.7807678452	0.4872210665	-1590.7801109521
45	1.2096581514	0.4872210665	-1499.8626140924
46	0.5171462716	0.4872210665	-1053.2308665701
47	0.7128682948	0.4872210665	-1280.1329687766
48	3.7946198897	0.4872210665	-1532.4629425898
49	1.1480739820	0.4872210665	-1523.8575897592
50	0.9204454817	0.4872210665	-1381.5441257802
51	0.0086870197	0.4872210665	-41.7114900631
52	0.8079362967	0.4872210665	-1211.0621067722
53	0.9660628399	0.4872210665	-1276.6520546686
54	0.9246853082	0.4872210665	-1419.4898852218
55	0.8710758838	0.4872210665	-1293.9449577912
56	1.1879680932	0.4872210665	-1542.0505415823
57	0.3052596870	0.4872210665	-794.5168452211
58	2.3030632938	0.4872210665	-1466.3912595322
59	4.0832443954	0.4872210665	-1535.8908078182
60	0.6675914152	0.4872210665	-1153.6878345083
61	0.0674857198	0.4872210665	-223.4428252027
62	7.7053611600	0.4872210665	-1541.8406564079
63	0.5429990523	0.4872210665	-1150.9930333135
64	0.9030758937	0.4872210665	-1386.5331389765
65	3.5440246707	0.4872210665	-1559.1476200366
66	0.5520698782	0.4872210665	-1117.5407919510
67	161.6844256809	0.4872210665	-1594.9173117093
68	0.8134070370	0.4872210665	-1346.2316346459
69	5.5258902799	0.4872210665	-1545.9478123543
70	3.6192862827	0.4872210665	-1523.9982547035
71	4.3412069109	0.4872210665	-1479.6224073559
72	4.1517585587	0.4872210665	-1503.4356513558
73	0.0356511998	0.4872210665	-131.1845683081
74	0.6758749436	0.4872210665	-1234.4070019132
75	1.9769438469	0.4872210665	-1410.4021037843
76	3.1441844346	0.4872210665	-1599.6580157930
77	0.1428047645	0.4872210665	-421.0325701379
78	3.3437677349	0.4872210665	-1556.8976006430
79	47.2754643408	0.4872210665	-1526.5970227760
80	0.7164879285	0.4872210665	-1199.8863283241
81	2.6618814066	0.4872210665	-1466.8274563460
82	4.6898714874	0.4872210665	-1552.0681571929
83	4.6002646128	0.4872210665	-1566.7004205057
84	0.6127760571	0.4872210665	-1246.1438748129
85	0.8725769865	0.4872210665	-1267.9570158198
86	1.1119995176	0.4872210665	-1526.1030455287
87	1.4029673900	0.4872210665	-1518.3559720886
88	0.9810288226	0.4872210665	-1449.5327199401
89	0.6098818416	0.4872210665	-1084.6540300093
90	3.4809095227	0.4872210665	-1523.2807914286
91	0.1235346123	0.4872210665	-370.9835605257
92	1.1865828417	0.4872210665	-1338.2820854278
93	3.7964861209	0.4872210665	-1510.1374000040
94	0.7905739685	0.4872210665	-1200.6437754735
95	0.6666258923	0.4872210665	-1240.6321564259
96	3.6439323827	0.4872210665	-1533.2488575125
97	3.9852308935	0.4872210665	-1501.3816238354
98	1.0494279994	0.4872210665	-1449.2911801874
99	5.4024851945	0.4872210665	-1589.6291372789
100	0.1925631367	0.4872210665	-532.0298141257
101	0.5560551953	0.4872210665	-953.6409681295
102	3.8657536561	0.4872210665	-1550.9727175014
103	2.7496689823	0.4872210665	-1426.9835428446
104	0.3327362950	0.4872210665	-811.3703980398
105	1.2342597759	0.4872210665	-1586.9015260505
106	3.8302662987	0.4872210665	-1490.4936599405
107	0.7140500770	0.4872210665	-1257.0380952097
108	4.7152522627	0.4872210665	-1528.0399659793
109	4.0806052241	0.4872210665	-1553.0064690364
110	4.8335181222	0.4872210665	-1533.2209754019
111	0.0110626868	0.4872210665	-49.3651510219
112	3.9321863523	0.4872210665	-1539.3411732021
113	4.0990437417	0.4872210665	-1577.4773215944
114	0.7287525256	0.4872210665	-1342.1610662102
115	3.1699508524	0.4872210665	-1543.5820332556
116	6.5375696707	0.4872210665	-1571.2028234159
117	4.4123356723	0.4872210665	-1529.4616359826
118	1.2933740845	0.4872210665	-1489.4791117257
119	1.3187933150	0.4872210665	-1547.2830904075
120	3.8201470199	0.4872210665	-1537.1510199285
121	0.5327265010	0.4872210665	-1068.3517025204
122	0.2972959256	0.4872210665	-693.3291858146
123	5.4684691113	0.4872210665	-1561.5122299706
124	4.8488292036	0.4872210665	-1547.1199381344
