site	rate	t	lnL
1	1.9085334025	0.0585322461	-611.1058829741
2	0.5358986984	0.0585322461	-221.5371603074
3	1.1820206776	0.0585322461	-439.8742431357
4	1.5307395766	0.0585322461	-524.2150269254
5	0.0180460037	0.0585322461	-14.1005906395
6	1.9199711987	0.0585322461	-616.8300159407
7	0.4276749013	0.0585322461	-176.2707535751
8	1.3163526991	0.0585322461	-458.2694966931
9	1.4468215629	0.0585322461	-515.6393218112
10	0.7725518069	0.0585322461	-291.4591064792
11	0.3617862964	0.0585322461	-155.4830333336
12	1.5413914489	0.0585322461	-532.3187673792
13	1.4153475180	0.0585322461	-493.4859602541
14	0.3293033585	0.0585322461	-142.6061279884
15	0.3821908024	0.0585322461	-156.1955663640
16	2.2143331028	0.0585322461	-670.0006864632
17	1.0319691837	0.0585322461	-383.5481936239
18	1.3610528614	0.0585322461	-476.3363858236
19	1.4179618081	0.0585322461	-494.2162014748
20	0.1271961167	0.0585322461	-65.8842626049
21	0.9343733627	0.0585322461	-348.6383666572
22	0.5421384576	0.0585322461	-229.3934921491
23	0.2959156664	0.0585322461	-131.8324779242
24	0.1068799934	0.0585322461	-56.6762341332
25	0.9001915117	0.0585322461	-351.8632626166
26	0.0701118298	0.0585322461	-39.6104513776
27	0.3198962791	0.0585322461	-136.2812857517
28	0.0000000000	0.0585322461	-2.6284971061
29	0.0551092746	0.0585322461	-33.0189467131
30	0.4892833213	0.0585322461	-203.7731836408
31	1.6370008467	0.0585322461	-559.1559239852
32	0.4591777405	0.0585322461	-184.8223075453
33	0.2956871640	0.0585322461	-144.2231788933
34	1.5923169511	0.0585322461	-548.8778316450
35	1.3083899920	0.0585322461	-456.9791143721
36	1.5001101557	0.0585322461	-500.0812213072
37	1.9011578173	0.0585322461	-612.3061974385
38	1.4077838200	0.0585322461	-488.5596499495
39	1.4762427145	0.0585322461	-508.2562297524
40	0.7524773554	0.0585322461	-299.7367133924
41	0.4971879502	0.0585322461	-212.6553703430
42	1.8678694898	0.0585322461	-593.1948972161
43	1.1647030171	0.0585322461	-399.0352795155
44	1.6556597622	0.0585322461	-551.1457340531
45	1.3380225270	0.0585322461	-464.7157865994
46	0.3483255575	0.0585322461	-152.7226520592
47	0.6352779825	0.0585322461	-259.3980867243
48	1.1470332363	0.0585322461	-422.1726610725
49	0.7088255176	0.0585322461	-280.3619554902
50	0.3897288530	0.0585322461	-168.8075175844
51	0.0000000000	0.0585322461	-2.5814020074
52	0.2471988634	0.0585322461	-103.3481880765
53	0.8108882283	0.0585322461	-281.5395797910
54	0.4618333956	0.0585322461	-198.6909643980
55	0.3556485357	0.0585322461	-153.3318367550
56	0.6165411968	0.0585322461	-249.0572424002
57	0.0863944310	0.0585322461	-51.0223371824
58	0.9554807540	0.0585322461	-359.9419125310
59	1.1488521172	0.0585322461	-429.1449208821
60	0.4067284175	0.0585322461	-169.8002846836
61	0.0360968926	0.0585322461	-23.0967666777
62	1.6432239912	0.0585322461	-559.3792451995
63	0.4605146404	0.0585322461	-197.4970239464
64	1.8512657911	0.0585322461	-604.1220562337
65	1.6603081484	0.0585322461	-558.0544029109
66	0.6869388951	0.0585322461	-277.2483672415
67	1.7995399359	0.0585322461	-604.5645591838
68	1.5191087481	0.0585322461	-510.9030169102
69	1.4788145643	0.0585322461	-516.4192137131
70	1.2139409094	0.0585322461	-404.3121160512
71	0.9047695326	0.0585322461	-338.7713113533
72	0.9578313401	0.0585322461	-342.0006481394
73	0.0361317474	0.0585322461	-23.1469257674
74	0.5324758612	0.0585322461	-217.7510276460
75	0.6250220688	0.0585322461	-242.9963849460
76	0.6901570760	0.0585322461	-273.3389118483
77	0.0000000000	0.0585322461	-2.6284971061
78	1.4425485543	0.0585322461	-511.9760693239
79	1.5858189991	0.0585322461	-536.3142157421
80	0.2470167379	0.0585322461	-107.6616552804
81	1.3821671567	0.0585322461	-473.0684397627
82	1.4187904225	0.0585322461	-486.9356968119
83	1.3561539370	0.0585322461	-470.5402966633
84	0.2986433909	0.0585322461	-143.3316557088
85	0.2402830654	0.0585322461	-105.4686809846
86	2.2568527480	0.0585322461	-701.7988112266
87	1.2476838700	0.0585322461	-421.1650565653
88	1.5776376671	0.0585322461	-517.6023711648
89	0.7681318449	0.0585322461	-292.8412717046
90	1.1139888457	0.0585322461	-409.2892289601
91	1.3559614642	0.0585322461	-468.3500476970
92	0.4844882093	0.0585322461	-199.9472061124
93	1.7933289956	0.0585322461	-571.6370415231
94	0.3147741619	0.0585322461	-135.0664377963
95	0.0713894574	0.0585322461	-40.2363246015
96	1.7607295251	0.0585322461	-583.5541466105
97	1.5463323814	0.0585322461	-539.9129637330
98	0.8183334471	0.0585322461	-308.3326440692
99	1.5866712644	0.0585322461	-539.4265604665
100	0.0362575681	0.0585322461	-22.2757117955
101	0.1136620481	0.0585322461	-54.7591438535
102	0.8239854871	0.0585322461	-310.3487884950
103	1.6929577151	0.0585322461	-565.0348091578
104	0.1582230111	0.0585322461	-80.9895122580
105	0.7363670583	0.0585322461	-293.1746232894
106	1.3086680887	0.0585322461	-468.4226159129
107	1.8520326684	0.0585322461	-594.6427322296
108	2.0890200286	0.0585322461	-647.0418228001
109	1.7498573342	0.0585322461	-583.0788854618
110	0.9770744323	0.0585322461	-363.5525526399
111	0.0000000000	0.0585322461	-2.6284971061
112	2.0125445407	0.0585322461	-613.9573485870
113	1.4807773290	0.0585322461	-516.7312926514
114	1.5900899381	0.0585322461	-543.1200495018
115	1.4379187974	0.0585322461	-505.2718707125
116	1.4842918411	0.0585322461	-524.2149113197
117	1.9295179701	0.0585322461	-614.1815009320
118	1.4088297584	0.0585322461	-489.4844568922
119	1.3713877783	0.0585322461	-478.9667834366
120	1.6052072142	0.0585322461	-553.3616043453
121	1.8137825283	0.0585322461	-581.5914371529
122	1.6451139015	0.0585322461	-519.6429753630
123	1.7426159778	0.0585322461	-587.1985225085
124	1.4193417832	0.0585322461	-485.8288173879
