site	rate	t	lnL
1	1.6183967441	0.0634464300	-579.1211407656
2	0.2121728448	0.0634464300	-109.9060162556
3	1.8624305187	0.0634464300	-654.0598192751
4	1.4294061844	0.0634464300	-536.4741882889
5	0.0342440036	0.0634464300	-23.4530800927
6	1.3104342129	0.0634464300	-476.5859529100
7	0.9839723879	0.0634464300	-384.5188475904
8	1.3456379743	0.0634464300	-486.8847441717
9	1.0623383794	0.0634464300	-412.1179548317
10	1.4941981757	0.0634464300	-544.0132946020
11	1.8122327712	0.0634464300	-619.1451595181
12	1.7081951887	0.0634464300	-599.6934304276
13	0.8816777039	0.0634464300	-357.6094510526
14	0.3504001627	0.0634464300	-167.2353370736
15	2.0126384595	0.0634464300	-664.2482033055
16	0.9051647742	0.0634464300	-375.0486825692
17	1.2753375299	0.0634464300	-469.7762844810
18	1.0724230972	0.0634464300	-412.1340735832
19	1.4699057734	0.0634464300	-534.2980468530
20	0.8285102129	0.0634464300	-334.1474672304
21	0.9000933594	0.0634464300	-362.4885899942
22	1.6332890048	0.0634464300	-596.4612290771
23	0.3806689093	0.0634464300	-170.3455364650
24	0.0318584571	0.0634464300	-23.5083508230
25	1.0518291497	0.0634464300	-414.7229113463
26	0.0327142801	0.0634464300	-23.7206428248
27	0.2583758923	0.0634464300	-123.1140631331
28	0.0000000000	0.0634464300	-2.3211536031
29	0.1388914454	0.0634464300	-72.6628656832
30	0.9542668657	0.0634464300	-362.9186046671
31	1.3831861184	0.0634464300	-516.8003499876
32	1.3260157575	0.0634464300	-471.5495438414
33	0.4267872820	0.0634464300	-206.4960572142
34	2.0795309538	0.0634464300	-705.1182267522
35	0.9497142103	0.0634464300	-376.1485653124
36	1.2343672445	0.0634464300	-471.5288236231
37	1.4851661266	0.0634464300	-546.0179292134
38	1.1513487658	0.0634464300	-447.1391366060
39	1.6070752960	0.0634464300	-559.1721629215
40	0.9803560065	0.0634464300	-373.6010913086
41	1.6029030238	0.0634464300	-565.1475035304
42	1.9108361683	0.0634464300	-661.5331942189
43	1.8625860626	0.0634464300	-634.7042968128
44	0.8235406869	0.0634464300	-358.7624244285
45	1.4644454923	0.0634464300	-520.5928285503
46	0.3162196849	0.0634464300	-150.1650234321
47	0.4897962844	0.0634464300	-229.0728680860
48	1.0633028270	0.0634464300	-405.4964808571
49	1.2072954487	0.0634464300	-470.9665018997
50	1.2555545965	0.0634464300	-477.9623479196
51	0.0164672560	0.0634464300	-13.7622664683
52	0.2582274238	0.0634464300	-123.7045044685
53	0.5534943132	0.0634464300	-228.1039285026
54	1.3715650346	0.0634464300	-508.1929146180
55	0.2433685541	0.0634464300	-121.8624793866
56	1.4122828601	0.0634464300	-509.1613323954
57	0.0479945095	0.0634464300	-32.7949623633
58	1.0913167805	0.0634464300	-408.7371250283
59	1.3112749512	0.0634464300	-498.6716591355
60	0.5280755036	0.0634464300	-219.2765626092
61	0.0513898318	0.0634464300	-29.5985523350
62	1.6973494549	0.0634464300	-601.6707492484
63	1.3569416311	0.0634464300	-500.9044300113
64	1.5281406662	0.0634464300	-561.8687333211
65	1.0823195564	0.0634464300	-432.3148349746
66	0.5164996265	0.0634464300	-235.6661678456
67	1.6256867628	0.0634464300	-592.1629845932
68	1.0552684416	0.0634464300	-413.8428791145
69	0.9474519983	0.0634464300	-385.7768027726
70	1.3867595966	0.0634464300	-509.3091924728
71	1.1035132072	0.0634464300	-433.6572455508
72	1.3339380151	0.0634464300	-497.7128805616
73	0.0342739866	0.0634464300	-22.9532196445
74	1.2157393258	0.0634464300	-456.6047617507
75	0.6096477429	0.0634464300	-248.6416383823
76	1.2458312156	0.0634464300	-481.4454736939
77	0.0858002308	0.0634464300	-48.7185842726
78	1.3067055702	0.0634464300	-477.7058428372
79	1.2282919253	0.0634464300	-447.0625303931
80	0.2404792720	0.0634464300	-117.6821863146
81	0.5490987768	0.0634464300	-238.4375324328
82	1.7374255110	0.0634464300	-609.4147888976
83	1.4786260045	0.0634464300	-534.3419846873
84	0.3278987638	0.0634464300	-163.4487047011
85	1.2279500981	0.0634464300	-465.2844351306
86	1.4902309023	0.0634464300	-556.8474676555
87	0.9165301837	0.0634464300	-373.4624601285
88	0.5982024771	0.0634464300	-260.9686068397
89	0.3430667211	0.0634464300	-159.7950310412
90	1.5465172671	0.0634464300	-561.8986161332
91	0.0171285316	0.0634464300	-13.6792816980
92	0.5800255891	0.0634464300	-234.0423326570
93	1.2268522365	0.0634464300	-451.0505959343
94	0.3423719902	0.0634464300	-154.4406112566
95	0.3121893274	0.0634464300	-150.2717961484
96	1.0284270604	0.0634464300	-395.4129965139
97	1.6528669721	0.0634464300	-584.8828570131
98	0.4860839466	0.0634464300	-220.2771208426
99	1.4397828979	0.0634464300	-540.6494020775
100	0.1326362064	0.0634464300	-72.0895630856
101	0.1215465380	0.0634464300	-60.3792983690
102	1.5270432405	0.0634464300	-561.2427632344
103	0.6832761806	0.0634464300	-280.1264901131
104	0.1313350474	0.0634464300	-72.5857004004
105	2.1060715938	0.0634464300	-690.2141781945
106	1.2372387354	0.0634464300	-478.2335394291
107	1.5594287938	0.0634464300	-576.7391895606
108	1.1526949445	0.0634464300	-450.7132140075
109	1.8862179104	0.0634464300	-645.8665413482
110	1.3975366560	0.0634464300	-525.2948277849
111	0.0000000000	0.0634464300	-2.3211536031
112	1.4559331798	0.0634464300	-510.5557159732
113	1.8571312366	0.0634464300	-657.3855366999
114	0.5460181704	0.0634464300	-247.0701693624
115	0.7140080658	0.0634464300	-305.4837505860
116	1.3320264254	0.0634464300	-502.8568169291
117	1.5987955217	0.0634464300	-557.7730135944
118	1.7428824084	0.0634464300	-604.9649449317
119	0.8789359892	0.0634464300	-356.4145294734
120	1.8518778340	0.0634464300	-623.2145401133
121	1.2802735700	0.0634464300	-457.2248179967
122	0.1376564907	0.0634464300	-71.1562441472
123	0.8647994341	0.0634464300	-349.9633495991
124	1.4980151481	0.0634464300	-543.6324686639
