site	rate	t	lnL
1	1.6273743956	0.0006754826	-12.4532821247
2	0.0000000000	0.0006754826	-2.9949135564
3	3.0559416470	0.0006754826	-24.9196931698
4	0.0000000000	0.0006754826	-3.2077235258
5	0.0000000000	0.0006754826	-2.5212182919
6	0.0000000000	0.0006754826	-2.8813713051
7	0.0000000000	0.0006754826	-2.3335861520
8	8.1460952250	0.0006754826	-48.4009031508
9	0.0000000000	0.0006754826	-3.4647283460
10	2.9930908976	0.0006754826	-24.9765879290
11	3.0550797459	0.0006754826	-23.1669611790
12	0.0000000000	0.0006754826	-3.7980835926
13	0.0000000000	0.0006754826	-2.3335861520
14	0.0000000000	0.0006754826	-2.2217963082
15	0.0000000000	0.0006754826	-3.4718026555
16	0.0000000000	0.0006754826	-3.3166382908
17	0.0000000000	0.0006754826	-2.7474536426
18	4.6119796273	0.0006754826	-31.4196118643
19	0.0000000000	0.0006754826	-3.4632189118
20	0.0000000000	0.0006754826	-2.2217963082
21	4.5879445869	0.0006754826	-32.9961073187
22	0.0000000000	0.0006754826	-3.4647283460
23	0.0000000000	0.0006754826	-2.4183108021
24	0.0000000000	0.0006754826	-4.1271343850
25	1.5925730538	0.0006754826	-14.0511743457
26	0.0000000000	0.0006754826	-2.9949135564
27	0.0000000000	0.0006754826	-2.3335861520
28	0.0000000000	0.0006754826	-2.5212182919
29	0.0000000000	0.0006754826	-2.4183108021
30	0.0000000000	0.0006754826	-3.4632189118
31	3.1017436278	0.0006754826	-25.0061189295
32	0.0000000000	0.0006754826	-2.6228399979
33	0.0000000000	0.0006754826	-3.6410257882
34	0.0000000000	0.0006754826	-2.6228399979
35	0.0000000000	0.0006754826	-2.6228399979
36	0.0000000000	0.0006754826	-3.4632189118
37	0.0000000000	0.0006754826	-2.3335861520
38	0.0000000000	0.0006754826	-3.4344756050
39	4.5880448477	0.0006754826	-33.3510720125
40	0.0000000000	0.0006754826	-2.7474536426
41	0.0000000000	0.0006754826	-3.2077235258
42	0.0000000000	0.0006754826	-3.0246234560
43	3.1556361400	0.0006754826	-22.9122717738
44	4.8871597054	0.0006754826	-31.7896636478
45	0.0000000000	0.0006754826	-3.3166382908
46	0.0000000000	0.0006754826	-3.0246234560
47	0.0000000000	0.0006754826	-3.6410257882
48	1.6066772062	0.0006754826	-13.1544677541
49	0.0000000000	0.0006754826	-2.6228399979
50	0.0000000000	0.0006754826	-2.9949135564
51	0.0000000000	0.0006754826	-2.2217963082
52	0.0000000000	0.0006754826	-2.3335861520
53	0.0000000000	0.0006754826	-2.3335861520
54	0.0000000000	0.0006754826	-2.6228399979
55	0.0000000000	0.0006754826	-2.8813713051
56	2.9997971376	0.0006754826	-23.4553721543
57	1.6273744793	0.0006754826	-13.6759971108
58	0.0000000000	0.0006754826	-3.2077235258
59	0.0000000000	0.0006754826	-2.7474536426
60	0.0000000000	0.0006754826	-3.0246234560
61	0.0000000000	0.0006754826	-2.2217963082
62	1.5501825653	0.0006754826	-13.0275083107
63	4.6980277533	0.0006754826	-30.9633638010
64	1.5248182642	0.0006754826	-14.7009401008
65	2.9909568842	0.0006754826	-24.6623680397
66	0.0000000000	0.0006754826	-2.4183108021
67	1.5276536602	0.0006754826	-13.8618063152
68	0.0000000000	0.0006754826	-2.2217963082
69	1.5775158243	0.0006754826	-14.0065189274
70	1.5927635983	0.0006754826	-12.5865575688
71	1.5369701938	0.0006754826	-14.1861461876
72	1.5644225166	0.0006754826	-14.5996536773
73	0.0000000000	0.0006754826	-2.5212182919
74	0.0000000000	0.0006754826	-2.2217963082
75	1.5278758983	0.0006754826	-13.2003336020
76	1.5776539733	0.0006754826	-13.3559222637
77	0.0000000000	0.0006754826	-2.9905165644
78	1.5927077459	0.0006754826	-13.2776297090
79	0.0000000000	0.0006754826	-2.5212182919
80	0.0000000000	0.0006754826	-2.3335861520
81	3.1875176078	0.0006754826	-23.0462854765
82	0.0000000000	0.0006754826	-3.0246234560
83	0.0000000000	0.0006754826	-2.4183108021
84	0.0000000000	0.0006754826	-2.6228399979
85	0.0000000000	0.0006754826	-2.8813713051
86	0.0000000000	0.0006754826	-3.4344756050
87	3.1307431166	0.0006754826	-22.2988299894
88	0.0000000000	0.0006754826	-4.1271343850
89	0.0000000000	0.0006754826	-2.4183108021
90	1.4899523661	0.0006754826	-14.5670013491
91	0.0000000000	0.0006754826	-2.5212182919
92	1.5929571131	0.0006754826	-12.5864361740
93	0.0000000000	0.0006754826	-3.4718026555
94	0.0000000000	0.0006754826	-2.8813713051
95	0.0000000000	0.0006754826	-2.9905165644
96	0.0000000000	0.0006754826	-3.2077235258
97	0.0000000000	0.0006754826	-4.1242089807
98	1.5053712803	0.0006754826	-14.4154239699
99	1.4976005083	0.0006754826	-14.2423346864
100	0.0000000000	0.0006754826	-2.2217963082
101	0.0000000000	0.0006754826	-2.3335861520
102	1.5644228217	0.0006754826	-13.6831682224
103	0.0000000000	0.0006754826	-2.8813713051
104	0.0000000000	0.0006754826	-3.4718026555
105	1.5053711932	0.0006754826	-14.6795030996
106	1.5499140893	0.0006754826	-14.0740992619
107	4.5870931233	0.0006754826	-32.8381258310
108	0.0000000000	0.0006754826	-2.3335861520
109	3.0119875473	0.0006754826	-23.4845967033
110	4.6611291534	0.0006754826	-30.8914885425
111	0.0000000000	0.0006754826	-2.5212182919
112	1.5505715748	0.0006754826	-13.0272578592
113	1.6273744405	0.0006754826	-13.3516096134
114	0.0000000000	0.0006754826	-3.7980835926
115	3.2154402570	0.0006754826	-23.2775621032
116	2.9970368427	0.0006754826	-24.8047323921
117	1.4745725721	0.0006754826	-15.5077348930
118	4.7388360641	0.0006754826	-30.5310042662
119	0.0000000000	0.0006754826	-2.4183108021
120	1.5119295738	0.0006754826	-13.5127515181
121	1.6273742853	0.0006754826	-12.3685574746
122	1.4991255412	0.0006754826	-14.8014956414
123	0.0000000000	0.0006754826	-3.0246234560
124	0.0000000000	0.0006754826	-2.3335861520
