site	rate	t	lnL
1	2.4581592787	0.0004411896	-13.8817700260
2	0.0000000000	0.0004411896	-3.0265708762
3	2.2952636664	0.0004411896	-14.5537630495
4	0.0000000000	0.0004411896	-3.4112973583
5	4.9188008249	0.0004411896	-22.8537561982
6	4.7516372874	0.0004411896	-23.7104456787
7	0.0000000000	0.0004411896	-2.0497701949
8	0.0000000000	0.0004411896	-2.0497701949
9	0.0000000000	0.0004411896	-3.2206572746
10	2.2949951516	0.0004411896	-14.7550767612
11	0.0000000000	0.0004411896	-3.4379011038
12	0.0000000000	0.0004411896	-3.0265708762
13	4.5173181527	0.0004411896	-24.5180521011
14	2.4596427463	0.0004411896	-12.3438809184
15	0.0000000000	0.0004411896	-2.3360261695
16	2.3131640417	0.0004411896	-13.1622160882
17	0.0000000000	0.0004411896	-2.1817824275
18	2.3344094827	0.0004411896	-14.3393481630
19	2.5040403770	0.0004411896	-13.2106326359
20	2.3741254908	0.0004411896	-14.3235487713
21	2.2954235901	0.0004411896	-14.5384046213
22	2.3144321372	0.0004411896	-14.5098150169
23	2.3745283553	0.0004411896	-12.9403372395
24	0.0000000000	0.0004411896	-3.2116252085
25	0.0000000000	0.0004411896	-3.4339872045
26	0.0000000000	0.0004411896	-3.2092823726
27	0.0000000000	0.0004411896	-2.0497701949
28	0.0000000000	0.0004411896	-2.5118541970
29	0.0000000000	0.0004411896	-2.0497701949
30	2.3135824039	0.0004411896	-14.8269850611
31	0.0000000000	0.0004411896	-2.5118541970
32	2.4174544134	0.0004411896	-12.6912444428
33	0.0000000000	0.0004411896	-2.1817824275
34	0.0000000000	0.0004411896	-2.8768857355
35	2.5495648394	0.0004411896	-12.8665270877
36	2.2953670377	0.0004411896	-14.3562061154
37	0.0000000000	0.0004411896	-2.3360261695
38	0.0000000000	0.0004411896	-3.2092823726
39	0.0000000000	0.0004411896	-3.2092823726
40	0.0000000000	0.0004411896	-3.4218540782
41	0.0000000000	0.0004411896	-3.4218540782
42	0.0000000000	0.0004411896	-2.8768857355
43	2.5417258776	0.0004411896	-13.2648875501
44	2.3130067094	0.0004411896	-14.5343681399
45	6.7799106651	0.0004411896	-34.3136686346
46	0.0000000000	0.0004411896	-2.1817824275
47	0.0000000000	0.0004411896	-3.7190684952
48	2.5494313981	0.0004411896	-13.2513058563
49	0.0000000000	0.0004411896	-2.7430397071
50	0.0000000000	0.0004411896	-3.0265708762
51	0.0000000000	0.0004411896	-2.1817824275
52	0.0000000000	0.0004411896	-2.0497701949
53	0.0000000000	0.0004411896	-2.3360261695
54	0.0000000000	0.0004411896	-2.8768857355
55	0.0000000000	0.0004411896	-3.4344756050
56	2.3530875083	0.0004411896	-14.1585197856
57	0.0000000000	0.0004411896	-3.2206572746
58	2.3544754923	0.0004411896	-12.7964034632
59	2.3737264490	0.0004411896	-14.0386355591
60	0.0000000000	0.0004411896	-2.0497701949
61	0.0000000000	0.0004411896	-2.5118541970
62	2.3344103079	0.0004411896	-14.3403256801
63	0.0000000000	0.0004411896	-3.4339872045
64	0.0000000000	0.0004411896	-2.1817824275
65	2.2959654175	0.0004411896	-13.3786566949
66	0.0000000000	0.0004411896	-3.4354531222
67	0.0000000000	0.0004411896	-2.0497701949
68	0.0000000000	0.0004411896	-2.1817824275
69	0.0000000000	0.0004411896	-3.2092823726
70	0.0000000000	0.0004411896	-2.7430397071
71	0.0000000000	0.0004411896	-2.0497701949
72	0.0000000000	0.0004411896	-4.1203217066
73	0.0000000000	0.0004411896	-2.5118541970
74	0.0000000000	0.0004411896	-2.1817824275
75	0.0000000000	0.0004411896	-2.3360261695
76	0.0000000000	0.0004411896	-3.2116252085
77	0.0000000000	0.0004411896	-2.5118541970
78	5.0114809213	0.0004411896	-23.2679500724
79	0.0000000000	0.0004411896	-2.3360261695
80	0.0000000000	0.0004411896	-2.3360261695
81	2.2972726480	0.0004411896	-13.6522104953
82	2.3741256572	0.0004411896	-13.8294862430
83	0.0000000000	0.0004411896	-3.2206572746
84	0.0000000000	0.0004411896	-3.4112973583
85	2.5039504532	0.0004411896	-12.7330509775
86	0.0000000000	0.0004411896	-2.8768857355
87	0.0000000000	0.0004411896	-3.2116252085
88	0.0000000000	0.0004411896	-3.4344756050
89	0.0000000000	0.0004411896	-2.0497701949
90	2.5040406181	0.0004411896	-13.4254284835
91	0.0000000000	0.0004411896	-2.5118541970
92	0.0000000000	0.0004411896	-3.4354531222
93	0.0000000000	0.0004411896	-2.8768857355
94	0.0000000000	0.0004411896	-2.3360261695
95	0.0000000000	0.0004411896	-3.4354531222
96	0.0000000000	0.0004411896	-3.7190684952
97	0.0000000000	0.0004411896	-2.0497701949
98	0.0000000000	0.0004411896	-3.0265708762
99	0.0000000000	0.0004411896	-3.2250059670
100	0.0000000000	0.0004411896	-2.1817824275
101	4.6422366644	0.0004411896	-23.5497321823
102	2.5494281529	0.0004411896	-13.2618637464
103	2.5040404343	0.0004411896	-14.1220045188
104	0.0000000000	0.0004411896	-3.2092823726
105	0.0000000000	0.0004411896	-3.2116252085
106	0.0000000000	0.0004411896	-2.0497701949
107	0.0000000000	0.0004411896	-3.4379011038
108	7.2605008292	0.0004411896	-33.7217898798
109	2.2958167627	0.0004411896	-13.5112220061
110	0.0000000000	0.0004411896	-2.7430397071
111	0.0000000000	0.0004411896	-2.5118541970
112	0.0000000000	0.0004411896	-3.4218540782
113	2.2946218638	0.0004411896	-15.4512591440
114	0.0000000000	0.0004411896	-3.4112973583
115	0.0000000000	0.0004411896	-2.3360261695
116	2.2765315760	0.0004411896	-14.8340889169
117	2.2585835523	0.0004411896	-14.0813983231
118	2.3122527727	0.0004411896	-14.5241372019
119	0.0000000000	0.0004411896	-2.3360261695
120	2.5499798192	0.0004411896	-12.1758195110
121	0.0000000000	0.0004411896	-3.4112973583
122	0.0000000000	0.0004411896	-2.5118541970
123	0.0000000000	0.0004411896	-3.2250059670
124	2.5040403545	0.0004411896	-12.3260015308
