site	rate	t	lnL
1	2.2704318890	0.0061243745	-109.8611699181
2	0.3319864008	0.0061243745	-23.3234546546
3	2.1689253251	0.0061243745	-112.6124748665
4	1.6776436554	0.0061243745	-86.2465986745
5	0.1748591820	0.0061243745	-13.6551609175
6	2.4081307969	0.0061243745	-119.7965271460
7	0.0000000000	0.0061243745	-2.2485941427
8	1.0244287430	0.0061243745	-58.2854123500
9	1.5096148098	0.0061243745	-82.0280228387
10	0.8299885227	0.0061243745	-49.0393995088
11	0.6756008599	0.0061243745	-38.5500797984
12	0.6735090713	0.0061243745	-41.1630549602
13	0.6901423178	0.0061243745	-39.8322661785
14	1.0156810358	0.0061243745	-56.9252357435
15	0.3580205929	0.0061243745	-23.6233811947
16	0.8405161834	0.0061243745	-48.8622012194
17	2.0247196387	0.0061243745	-102.1591194106
18	2.5084182679	0.0061243745	-126.1118883122
19	1.8383756211	0.0061243745	-94.6507382554
20	0.3481877604	0.0061243745	-23.3635387219
21	3.0562658051	0.0061243745	-148.0181615854
22	2.1659557113	0.0061243745	-114.7100171925
23	0.1789136582	0.0061243745	-13.4936132744
24	0.0000000000	0.0061243745	-2.9320880219
25	1.1705321159	0.0061243745	-66.8379058107
26	0.1667529569	0.0061243745	-14.4440347259
27	0.0000000000	0.0061243745	-2.2485941427
28	0.0000000000	0.0061243745	-2.4674193193
29	0.1685375353	0.0061243745	-14.0760220561
30	0.6680731001	0.0061243745	-40.9854103805
31	2.5321830038	0.0061243745	-126.0825724387
32	0.7157086120	0.0061243745	-40.6539146201
33	0.1653542561	0.0061243745	-13.8462608147
34	0.3364361394	0.0061243745	-23.9958453853
35	0.3445886967	0.0061243745	-23.8071122290
36	1.1631488666	0.0061243745	-66.6695495157
37	0.6684969250	0.0061243745	-40.1921627578
38	1.3616853370	0.0061243745	-75.1861011790
39	1.3501666764	0.0061243745	-75.6568166383
40	0.3415106639	0.0061243745	-24.1367889739
41	0.1654644597	0.0061243745	-13.5717190953
42	1.8323926630	0.0061243745	-95.5521067411
43	1.3598692010	0.0061243745	-74.3566961923
44	1.0145162243	0.0061243745	-60.0348492290
45	1.3571578656	0.0061243745	-74.3658047907
46	0.8402405620	0.0061243745	-49.7604950092
47	0.0000000000	0.0061243745	-3.4320359844
48	1.3557370309	0.0061243745	-72.5599375467
49	2.1994293704	0.0061243745	-111.5639193341
50	1.0202521681	0.0061243745	-55.2159876787
51	0.0000000000	0.0061243745	-2.5190645956
52	0.5376121221	0.0061243745	-30.8358618275
53	3.1657083757	0.0061243745	-148.0538251795
54	0.3283585327	0.0061243745	-24.0865673234
55	0.3417219133	0.0061243745	-21.6018521449
56	0.4971375093	0.0061243745	-33.0534244377
57	0.0000000000	0.0061243745	-3.1112811636
58	0.8310201329	0.0061243745	-50.5537262050
59	1.3886684731	0.0061243745	-73.1399208991
60	0.1667486960	0.0061243745	-14.0811739082
61	0.0000000000	0.0061243745	-2.4674193193
62	2.9312885503	0.0061243745	-139.4628777538
63	1.5282655688	0.0061243745	-84.0566119476
64	0.0000000000	0.0061243745	-2.5190645956
65	2.0164696717	0.0061243745	-107.4296887951
66	1.0286054637	0.0061243745	-55.6326268781
67	1.8460059154	0.0061243745	-96.0713584259
68	0.5012824827	0.0061243745	-31.5392785705
69	1.0514995266	0.0061243745	-58.7388868526
70	2.1583817261	0.0061243745	-108.4932594040
71	0.8293289591	0.0061243745	-50.5077608799
72	0.6709249799	0.0061243745	-42.6681533634
73	0.1748518297	0.0061243745	-12.5553540631
74	0.1740387974	0.0061243745	-13.3485783738
75	0.7156013426	0.0061243745	-40.4528371308
76	1.0147250176	0.0061243745	-59.2014932131
77	0.0000000000	0.0061243745	-2.4674193193
78	1.4352122958	0.0061243745	-75.5003010859
79	1.9736299944	0.0061243745	-95.9567717442
80	2.5974797248	0.0061243745	-123.1332733683
81	1.3630319511	0.0061243745	-72.6322624605
82	2.5195041667	0.0061243745	-126.0573995054
83	1.3539130286	0.0061243745	-73.7229588092
84	0.1676582996	0.0061243745	-14.2037554979
85	0.7171563089	0.0061243745	-38.6477115502
86	0.5128761609	0.0061243745	-32.3753888519
87	0.8461967049	0.0061243745	-51.1095917836
88	2.0026160495	0.0061243745	-105.0213508039
89	0.3373220210	0.0061243745	-22.3646647038
90	1.3488042299	0.0061243745	-73.5365471174
91	0.0000000000	0.0061243745	-2.4674193193
92	0.7009438856	0.0061243745	-39.4677793302
93	0.8628012402	0.0061243745	-48.1009328890
94	0.6679978977	0.0061243745	-41.6156119017
95	0.6797400369	0.0061243745	-39.3996187165
96	1.9974245674	0.0061243745	-105.8503910826
97	1.0730041033	0.0061243745	-56.0334933201
98	0.1740561297	0.0061243745	-12.8303830879
99	1.0148849165	0.0061243745	-57.6839087853
100	0.0000000000	0.0061243745	-2.5190645956
101	0.0000000000	0.0061243745	-2.2485941427
102	1.8459922111	0.0061243745	-97.3255630025
103	0.1685273480	0.0061243745	-13.7413636320
104	0.3445644313	0.0061243745	-23.0444355169
105	2.0097239806	0.0061243745	-103.1565538726
106	1.1763084740	0.0061243745	-66.9592296803
107	0.6897280227	0.0061243745	-41.8968978209
108	1.8289642241	0.0061243745	-97.7236078592
109	0.8402691896	0.0061243745	-50.5125622187
110	1.0363300933	0.0061243745	-58.7013053909
111	0.0000000000	0.0061243745	-2.4674193193
112	1.8605119660	0.0061243745	-97.2365536032
113	1.3393045186	0.0061243745	-73.7385943397
114	1.7493613128	0.0061243745	-87.2812122836
115	1.0260472777	0.0061243745	-58.3468732696
116	2.1575149137	0.0061243745	-105.2340005351
117	1.1478039556	0.0061243745	-66.6064250916
118	0.9979903427	0.0061243745	-58.6924712481
119	0.6787231930	0.0061243745	-40.2556215044
120	0.8630846198	0.0061243745	-47.6536687092
121	0.1739911082	0.0061243745	-13.7953733080
122	0.0000000000	0.0061243745	-2.4674193193
123	0.8291554203	0.0061243745	-50.2321737148
124	1.5334894396	0.0061243745	-80.5847240471
