site	rate	t	lnL
1	2.0660150177	0.0060323886	-103.5684687120
2	3.1101917189	0.0060323886	-146.4951046957
3	1.8925498591	0.0060323886	-96.1517235351
4	0.8571076713	0.0060323886	-49.2990811845
5	0.0000000000	0.0060323886	-2.9957322736
6	1.0291176255	0.0060323886	-57.4625547420
7	0.1710134479	0.0060323886	-13.8681158879
8	0.5136510744	0.0060323886	-32.3136361550
9	1.8926508270	0.0060323886	-96.1511446613
10	1.2011984745	0.0060323886	-65.4582205316
11	0.1710134478	0.0060323886	-13.8681158879
12	1.8922453216	0.0060323886	-96.1534639849
13	0.6852945624	0.0060323886	-40.9331613998
14	2.2394786720	0.0060323886	-110.9018410327
15	0.1710046008	0.0060323886	-13.8681675434
16	1.5464182373	0.0060323886	-81.0315770236
17	1.5463358750	0.0060323886	-81.0320496888
18	1.2014522637	0.0060323886	-65.4567562408
19	1.0291179961	0.0060323886	-57.4625541558
20	0.3422213424	0.0060323886	-23.3531208451
21	0.5136243794	0.0060323886	-32.3137917638
22	1.0289552772	0.0060323886	-57.4634937598
23	1.2012619121	0.0060323886	-65.4578547221
24	0.1710134478	0.0060323886	-13.8681158879
25	0.3422212901	0.0060323886	-23.3531208451
26	0.0000000000	0.0060323886	-2.9957322736
27	0.1710203388	0.0060323886	-13.8681158887
28	0.0000000000	0.0060323886	-2.9957322736
29	0.0000000000	0.0060323886	-2.9957322736
30	0.0000000000	0.0060323886	-2.9957322736
31	1.8927727981	0.0060323886	-95.0517977305
32	0.0000000000	0.0060323886	-2.9957322736
33	0.6852228987	0.0060323886	-40.9335771312
34	0.5136510950	0.0060323886	-32.3136361066
35	2.5871526403	0.0060323886	-125.3389869775
36	1.5465826242	0.0060323886	-81.0306325134
37	1.5464181099	0.0060323886	-81.0315774710
38	2.2391170719	0.0060323886	-110.9039029337
39	1.2013251961	0.0060323886	-65.4574886254
40	1.3741124015	0.0060323886	-72.2071543440
41	2.0661234061	0.0060323886	-103.5678426553
42	2.5872930206	0.0060323886	-125.3381903234
43	0.8570177438	0.0060323886	-49.2996017517
44	2.7622870394	0.0060323886	-132.4478193865
45	0.1710045803	0.0060323886	-13.8681675434
46	0.0000000000	0.0060323886	-2.9957322736
47	0.5136510703	0.0060323886	-32.3136361550
48	0.1710045674	0.0060323886	-13.8681675434
49	0.6852229711	0.0060323886	-40.9335770448
50	0.6852229092	0.0060323886	-40.9335771312
51	0.0000000000	0.0060323886	-2.9957322736
52	0.8570178053	0.0060323886	-49.2996018873
53	0.1710134479	0.0060323886	-13.8681158879
54	0.3422213338	0.0060323886	-23.3531208451
55	0.5135976134	0.0060323886	-32.3139473161
56	1.5464199066	0.0060323886	-81.0315721466
57	0.0000000000	0.0060323886	-2.9957322736
58	0.5136244063	0.0060323886	-32.3137916188
59	0.6852587286	0.0060323886	-40.9333693142
60	0.1710114920	0.0060323886	-13.8681675443
61	0.0000000000	0.0060323886	-2.9957322736
62	2.4128846461	0.0060323886	-118.1585900924
63	0.3422036597	0.0060323886	-23.3532243457
64	1.8922448931	0.0060323886	-96.1534653300
65	2.0661841018	0.0060323886	-102.4688461415
66	0.0000000000	0.0060323886	-2.9957322736
67	1.5466638207	0.0060323886	-81.0301635170
68	0.1710046009	0.0060323886	-13.8681675434
69	1.8926517974	0.0060323886	-96.1511419807
70	1.3738042826	0.0060323886	-73.3075611528
71	1.7194152574	0.0060323886	-88.6421023735
72	0.6852227970	0.0060323886	-40.9335771312
73	0.0000000000	0.0060323886	-2.9957322736
74	0.1710134593	0.0060323886	-13.8681158879
75	1.3736585479	0.0060323886	-73.3083996887
76	2.2387538637	0.0060323886	-110.9059691997
77	0.0000000000	0.0060323886	-2.9957322736
78	0.8571526450	0.0060323886	-49.2988206090
79	1.5463359370	0.0060323886	-81.0320496884
80	1.0291718410	0.0060323886	-57.4622415723
81	2.2399593807	0.0060323886	-110.8990960562
82	2.5875064541	0.0060323886	-124.2383097193
83	2.0660139041	0.0060323886	-103.5684719125
84	0.1710114650	0.0060323886	-13.8681675443
85	0.5136510784	0.0060323886	-32.3136361550
86	0.5135976067	0.0060323886	-32.3139473161
87	1.0291179200	0.0060323886	-57.4625543501
88	0.5136510861	0.0060323886	-32.3136361066
89	0.0000000000	0.0060323886	-2.9957322736
90	2.5874338524	0.0060323886	-125.3373923558
91	0.0000000000	0.0060323886	-2.9957322736
92	0.3422036043	0.0060323886	-23.3532243457
93	1.7197394112	0.0060323886	-87.5415968832
94	2.4131436556	0.0060323886	-118.1571116175
95	0.1710046009	0.0060323886	-13.8681675434
96	1.2013888383	0.0060323886	-65.4571227767
97	0.5136243309	0.0060323886	-32.3137917154
98	1.5464179547	0.0060323886	-81.0315774710
99	2.2386336276	0.0060323886	-110.9066556738
100	1.3738040857	0.0060323886	-73.3075618524
101	0.3422035924	0.0060323886	-23.3532243457
102	1.7193232641	0.0060323886	-88.6426286974
103	0.6854242027	0.0060323886	-39.8337917952
104	0.1710046008	0.0060323886	-13.8681675434
105	1.8925500787	0.0060323886	-96.1517228622
106	1.8924475690	0.0060323886	-96.1523057250
107	0.3422036854	0.0060323886	-23.3532243457
108	0.8571525513	0.0060323886	-49.2988208803
109	1.2013888906	0.0060323886	-65.4571230447
110	1.2013252910	0.0060323886	-65.4574883573
111	0.0000000000	0.0060323886	-2.9957322736
112	1.3739498683	0.0060323886	-73.3067232240
113	0.5136511133	0.0060323886	-32.3136362034
114	0.1710134419	0.0060323886	-13.8681158879
115	1.0291176645	0.0060323886	-57.4625549381
116	1.2013885815	0.0060323886	-65.4571227767
117	0.8570626748	0.0060323886	-49.2993414750
118	2.0659041229	0.0060323886	-103.5691022181
119	1.3738054934	0.0060323886	-72.6144103420
120	0.6852228987	0.0060323886	-40.9335771312
121	0.1710046052	0.0060323886	-13.8681675434
122	0.0000000000	0.0060323886	-2.9957322736
123	1.0290634280	0.0060323886	-57.4628678953
124	2.5870141775	0.0060323886	-125.3397781255
