site	rate	t	lnL
1	1.3992544919	0.0007359132	-15.0299205669
2	0.0000000000	0.0007359132	-2.3499665347
3	1.4239912814	0.0007359132	-13.0236591293
4	1.4479944162	0.0007359132	-13.2374261904
5	0.0000000000	0.0007359132	-2.4264784611
6	0.0000000000	0.0007359132	-3.7216692769
7	0.0000000000	0.0007359132	-2.5210223096
8	0.0000000000	0.0007359132	-2.3355376895
9	0.0000000000	0.0007359132	-2.8710287951
10	1.3993242976	0.0007359132	-14.3391560207
11	0.0000000000	0.0007359132	-2.3499665347
12	1.4113014067	0.0007359132	-14.8573938871
13	0.0000000000	0.0007359132	-2.8710287951
14	0.0000000000	0.0007359132	-2.5079782231
15	1.4742015162	0.0007359132	-14.2841359515
16	2.6893355179	0.0007359132	-25.3042761200
17	0.0000000000	0.0007359132	-2.5079782231
18	0.0000000000	0.0007359132	-2.8679745097
19	1.4481271560	0.0007359132	-12.7007302607
20	0.0000000000	0.0007359132	-2.5079782231
21	4.2405926792	0.0007359132	-31.2485481871
22	2.9384970582	0.0007359132	-22.9226933353
23	2.7748030830	0.0007359132	-25.3987995802
24	0.0000000000	0.0007359132	-3.7301688377
25	2.8490470019	0.0007359132	-23.3039883834
26	1.3874560196	0.0007359132	-14.5316861360
27	0.0000000000	0.0007359132	-2.5210223096
28	0.0000000000	0.0007359132	-2.4264784611
29	0.0000000000	0.0007359132	-2.7393762520
30	0.0000000000	0.0007359132	-2.3355376895
31	1.4708018608	0.0007359132	-12.9179851233
32	0.0000000000	0.0007359132	-2.5210223096
33	0.0000000000	0.0007359132	-2.7393762520
34	5.6573515412	0.0007359132	-39.4217021931
35	0.0000000000	0.0007359132	-2.3499665347
36	0.0000000000	0.0007359132	-2.3355376895
37	2.7086048824	0.0007359132	-26.4048442496
38	1.4721704735	0.0007359132	-13.0498209108
39	1.4481272108	0.0007359132	-13.2362213662
40	0.0000000000	0.0007359132	-2.3355376895
41	0.0000000000	0.0007359132	-2.3355376895
42	2.8488754873	0.0007359132	-23.1401674522
43	0.0000000000	0.0007359132	-2.8679745097
44	2.8007919587	0.0007359132	-22.2417832891
45	1.4116214585	0.0007359132	-13.6128594088
46	4.2749129376	0.0007359132	-33.0481667697
47	0.0000000000	0.0007359132	-2.7393762520
48	0.0000000000	0.0007359132	-2.3355376895
49	0.0000000000	0.0007359132	-3.0291733501
50	0.0000000000	0.0007359132	-2.7362120775
51	0.0000000000	0.0007359132	-2.5079782231
52	0.0000000000	0.0007359132	-2.8710287951
53	0.0000000000	0.0007359132	-2.7362120775
54	0.0000000000	0.0007359132	-3.0291733501
55	0.0000000000	0.0007359132	-2.7362120775
56	0.0000000000	0.0007359132	-3.0291733501
57	0.0000000000	0.0007359132	-2.5079782231
58	0.0000000000	0.0007359132	-2.8710287951
59	0.0000000000	0.0007359132	-3.4315487736
60	0.0000000000	0.0007359132	-2.3499665347
61	0.0000000000	0.0007359132	-2.4264784611
62	0.0000000000	0.0007359132	-4.1222634548
63	0.0000000000	0.0007359132	-2.8721417612
64	0.0000000000	0.0007359132	-2.5079782231
65	4.3792848669	0.0007359132	-31.2351700806
66	0.0000000000	0.0007359132	-3.2131901541
67	2.8247115271	0.0007359132	-23.8544863110
68	0.0000000000	0.0007359132	-2.5079782231
69	4.2457154681	0.0007359132	-30.7709267199
70	0.0000000000	0.0007359132	-2.8679745097
71	2.7765952439	0.0007359132	-24.7948153951
72	1.3872507700	0.0007359132	-13.5302937720
73	0.0000000000	0.0007359132	-2.4264784611
74	5.8951323193	0.0007359132	-41.1536040544
75	0.0000000000	0.0007359132	-2.7362120775
76	1.3643357610	0.0007359132	-13.9694491469
77	0.0000000000	0.0007359132	-2.4264784611
78	1.4500802646	0.0007359132	-12.7772797595
79	0.0000000000	0.0007359132	-2.5210223096
80	1.4608080744	0.0007359132	-13.9836042866
81	4.1675317085	0.0007359132	-34.5075505871
82	0.0000000000	0.0007359132	-2.3499665347
83	4.4165794480	0.0007359132	-32.5486867528
84	0.0000000000	0.0007359132	-2.8721417612
85	0.0000000000	0.0007359132	-2.7362120775
86	0.0000000000	0.0007359132	-2.7393762520
87	0.0000000000	0.0007359132	-2.3355376895
88	1.3872501385	0.0007359132	-13.6248376204
89	0.0000000000	0.0007359132	-2.3355376895
90	1.3761241265	0.0007359132	-15.4489561695
91	0.0000000000	0.0007359132	-2.4264784611
92	0.0000000000	0.0007359132	-3.2131901541
93	0.0000000000	0.0007359132	-2.3355376895
94	2.8273549812	0.0007359132	-21.8892847749
95	0.0000000000	0.0007359132	-4.1164494849
96	0.0000000000	0.0007359132	-2.8721417612
97	2.8493488682	0.0007359132	-23.3168586486
98	2.8968063388	0.0007359132	-22.7757059265
99	2.6860651216	0.0007359132	-25.0439403029
100	1.3647346435	0.0007359132	-15.0566690266
101	0.0000000000	0.0007359132	-2.5210223096
102	0.0000000000	0.0007359132	-2.5210223096
103	0.0000000000	0.0007359132	-4.1164494849
104	0.0000000000	0.0007359132	-2.8679745097
105	0.0000000000	0.0007359132	-3.7216692769
106	2.7762888103	0.0007359132	-24.1971810144
107	0.0000000000	0.0007359132	-3.4315487736
108	2.9462382485	0.0007359132	-21.9938663845
109	0.0000000000	0.0007359132	-3.2131901541
110	4.3548329621	0.0007359132	-31.6773219953
111	0.0000000000	0.0007359132	-2.4264784611
112	1.3657584295	0.0007359132	-14.5038988010
113	1.4239916618	0.0007359132	-14.7194441229
114	0.0000000000	0.0007359132	-2.8721417612
115	0.0000000000	0.0007359132	-2.3499665347
116	1.4118924617	0.0007359132	-13.6085004802
117	2.9462444154	0.0007359132	-23.2553810377
118	2.7550430176	0.0007359132	-24.2855343065
119	0.0000000000	0.0007359132	-2.7393762520
120	0.0000000000	0.0007359132	-2.3355376895
121	0.0000000000	0.0007359132	-2.5079782231
122	0.0000000000	0.0007359132	-2.4264784611
123	1.4608077363	0.0007359132	-12.5974726991
124	1.4106565730	0.0007359132	-15.5065878214
