site	rate	t	lnL
1	0.0000000000	0.0005346462	-2.8757674799
2	0.0000000000	0.0005346462	-2.9136367736
3	2.0854692013	0.0005346462	-13.1204929382
4	0.0000000000	0.0005346462	-2.9136367736
5	0.0000000000	0.0005346462	-2.5157452525
6	3.8503689375	0.0005346462	-23.8044066967
7	0.0000000000	0.0005346462	-2.7371846037
8	0.0000000000	0.0005346462	-1.9864939380
9	0.0000000000	0.0005346462	-4.1212921094
10	3.7285254840	0.0005346462	-23.5731035230
11	0.0000000000	0.0005346462	-2.8757674799
12	1.9599196665	0.0005346462	-13.6290239757
13	1.9261326112	0.0005346462	-13.6464043106
14	0.0000000000	0.0005346462	-2.1122313645
15	0.0000000000	0.0005346462	-1.9864939380
16	1.8945438524	0.0005346462	-14.3525823153
17	1.9259383815	0.0005346462	-14.6225617691
18	0.0000000000	0.0005346462	-1.9864939380
19	1.9259383935	0.0005346462	-13.9388195549
20	0.0000000000	0.0005346462	-2.1122313645
21	0.0000000000	0.0005346462	-1.9864939380
22	0.0000000000	0.0005346462	-1.9864939380
23	0.0000000000	0.0005346462	-3.2100627082
24	0.0000000000	0.0005346462	-2.1122313645
25	0.0000000000	0.0005346462	-3.7210184471
26	2.1247107620	0.0005346462	-12.8018956436
27	0.0000000000	0.0005346462	-3.0294991360
28	0.0000000000	0.0005346462	-2.5157452525
29	1.9100759666	0.0005346462	-13.2082966521
30	0.0000000000	0.0005346462	-2.5157452525
31	0.0000000000	0.0005346462	-3.7210184471
32	0.0000000000	0.0005346462	-1.9864939380
33	0.0000000000	0.0005346462	-3.0236511661
34	0.0000000000	0.0005346462	-2.1122313645
35	1.8787277647	0.0005346462	-14.8266265763
36	5.7845213071	0.0005346462	-32.3333619425
37	0.0000000000	0.0005346462	-3.0236511661
38	0.0000000000	0.0005346462	-3.0308033423
39	1.8788795539	0.0005346462	-15.0504712295
40	2.1241660516	0.0005346462	-13.8883903683
41	0.0000000000	0.0005346462	-3.2100627082
42	3.8787874309	0.0005346462	-23.5092982905
43	3.8785877205	0.0005346462	-23.0221539286
44	1.8941319713	0.0005346462	-14.3646902824
45	0.0000000000	0.0005346462	-3.7210184471
46	0.0000000000	0.0005346462	-2.1122313645
47	0.0000000000	0.0005346462	-3.0236511661
48	1.9097955282	0.0005346462	-14.1315786406
49	3.8872253943	0.0005346462	-24.5596601127
50	1.9424881290	0.0005346462	-12.7322265643
51	0.0000000000	0.0005346462	-2.1122313645
52	0.0000000000	0.0005346462	-3.2100627082
53	0.0000000000	0.0005346462	-1.9864939380
54	1.9381783410	0.0005346462	-13.8094729631
55	0.0000000000	0.0005346462	-3.0294991360
56	0.0000000000	0.0005346462	-3.2092823726
57	0.0000000000	0.0005346462	-3.0236511661
58	3.8223901087	0.0005346462	-23.3641932539
59	0.0000000000	0.0005346462	-3.2151497863
60	0.0000000000	0.0005346462	-3.0350537982
61	0.0000000000	0.0005346462	-2.5157452525
62	1.9261659655	0.0005346462	-13.9315492103
63	0.0000000000	0.0005346462	-3.6434310810
64	0.0000000000	0.0005346462	-2.1122313645
65	1.9102003910	0.0005346462	-14.1310542189
66	0.0000000000	0.0005346462	-3.2092823726
67	3.8565533465	0.0005346462	-23.1178232777
68	2.0854696805	0.0005346462	-12.9420139079
69	0.0000000000	0.0005346462	-2.5157452525
70	0.0000000000	0.0005346462	-1.9864939380
71	0.0000000000	0.0005346462	-2.1122313645
72	0.0000000000	0.0005346462	-1.9864939380
73	0.0000000000	0.0005346462	-2.5157452525
74	0.0000000000	0.0005346462	-2.1122313645
75	0.0000000000	0.0005346462	-3.2151497863
76	2.1243408312	0.0005346462	-12.9770786845
77	0.0000000000	0.0005346462	-2.5157452525
78	0.0000000000	0.0005346462	-3.2100627082
79	3.8872967268	0.0005346462	-23.1780015056
80	0.0000000000	0.0005346462	-2.7371846037
81	0.0000000000	0.0005346462	-2.7371846037
82	3.7683597302	0.0005346462	-22.5602563527
83	0.0000000000	0.0005346462	-3.0350537982
84	3.7282711118	0.0005346462	-25.3166296188
85	3.7900044138	0.0005346462	-21.8106064759
86	5.7396342686	0.0005346462	-30.8828795116
87	1.9255241275	0.0005346462	-14.5572173044
88	0.0000000000	0.0005346462	-3.0294991360
89	0.0000000000	0.0005346462	-1.9864939380
90	0.0000000000	0.0005346462	-2.8757674799
91	0.0000000000	0.0005346462	-2.5157452525
92	0.0000000000	0.0005346462	-1.9864939380
93	0.0000000000	0.0005346462	-2.7371846037
94	2.1247112474	0.0005346462	-12.7963409814
95	3.7274172969	0.0005346462	-24.8189953571
96	0.0000000000	0.0005346462	-3.6434310810
97	0.0000000000	0.0005346462	-2.1122313645
98	0.0000000000	0.0005346462	-2.1122313645
99	1.8939800396	0.0005346462	-15.0429586547
100	0.0000000000	0.0005346462	-2.1122313645
101	0.0000000000	0.0005346462	-2.7371846037
102	0.0000000000	0.0005346462	-3.0308033423
103	0.0000000000	0.0005346462	-2.7371846037
104	0.0000000000	0.0005346462	-3.0350537982
105	5.7819268806	0.0005346462	-33.2576868229
106	0.0000000000	0.0005346462	-3.7132413502
107	0.0000000000	0.0005346462	-2.7371846037
108	0.0000000000	0.0005346462	-1.9864939380
109	3.8549623415	0.0005346462	-23.5698604232
110	0.0000000000	0.0005346462	-3.2092823726
111	0.0000000000	0.0005346462	-2.5157452525
112	1.9261700402	0.0005346462	-13.9315468734
113	0.0000000000	0.0005346462	-3.4339872045
114	1.8938267612	0.0005346462	-15.4510903289
115	0.0000000000	0.0005346462	-3.4339872045
116	1.9424880721	0.0005346462	-14.4667510734
117	0.0000000000	0.0005346462	-1.9864939380
118	1.8939799309	0.0005346462	-15.4505207575
119	1.9266409745	0.0005346462	-12.8882976391
120	0.0000000000	0.0005346462	-3.0350537982
121	0.0000000000	0.0005346462	-2.1122313645
122	0.0000000000	0.0005346462	-2.5157452525
123	0.0000000000	0.0005346462	-3.2151497863
124	1.9381787885	0.0005346462	-13.6615892768
