site	rate	t	lnL
1	86.1409282525	0.4923534299	-1554.1163538349
2	0.7219489796	0.4923534299	-1256.9262159300
3	4.7359030996	0.4923534299	-1587.4650133840
4	3.1725449593	0.4923534299	-1551.4714114122
5	0.1155279647	0.4923534299	-358.8005438792
6	5.4876422535	0.4923534299	-1551.6633283933
7	0.8985263723	0.4923534299	-1228.1752387676
8	0.9499836852	0.4923534299	-1353.5776706653
9	3.4051785905	0.4923534299	-1543.8737870349
10	93.4722550348	0.4923534299	-1522.6651990221
11	0.8246990564	0.4923534299	-1224.2451995117
12	530.6224380552	0.4923534299	-1549.3711679361
13	2.7992331965	0.4923534299	-1486.8747845677
14	0.8115231205	0.4923534299	-1342.9698091120
15	0.7342063729	0.4923534299	-1145.4968098513
16	2.9435597817	0.4923534299	-1578.4283381136
17	3.0629095999	0.4923534299	-1488.2175858496
18	1.3138421569	0.4923534299	-1463.1611585555
19	83.2521754176	0.4923534299	-1522.1798409722
20	0.3269376177	0.4923534299	-793.0799600642
21	1.1827899900	0.4923534299	-1445.6370779682
22	1.2826458813	0.4923534299	-1571.5414496540
23	1.0608175214	0.4923534299	-1316.0521040321
24	0.2860681034	0.4923534299	-726.1713576409
25	3.5362660542	0.4923534299	-1546.7959732190
26	0.3845511486	0.4923534299	-873.7610142463
27	0.7074483590	0.4923534299	-1211.0403930641
28	0.0109818178	0.4923534299	-47.7003052606
29	0.2910653247	0.4923534299	-702.3488352905
30	1.0203005087	0.4923534299	-1395.0312391495
31	706.3002614252	0.4923534299	-1516.9074980582
32	1.1462561910	0.4923534299	-1381.5851711492
33	0.4528224036	0.4923534299	-1023.4477686516
34	2.8963878704	0.4923534299	-1535.2655550142
35	1.3779461569	0.4923534299	-1442.9577913640
36	3.8779338279	0.4923534299	-1536.0143244804
37	0.8874567680	0.4923534299	-1412.7163387071
38	5.4381999334	0.4923534299	-1545.8500447545
39	38.1774963673	0.4923534299	-1531.3294074633
40	1.1731682610	0.4923534299	-1483.1401262030
41	1.2885636337	0.4923534299	-1567.0396615202
42	4.5036497726	0.4923534299	-1558.9439390404
43	3.8612045311	0.4923534299	-1543.7408061097
44	3.7852592418	0.4923534299	-1583.4826390394
45	1.2562906931	0.4923534299	-1510.0778212841
46	0.4972800651	0.4923534299	-1060.2753376086
47	0.7796564899	0.4923534299	-1347.6890204654
48	2.7726470824	0.4923534299	-1479.5244479787
49	1.0837211140	0.4923534299	-1499.9967150811
50	0.8415676958	0.4923534299	-1357.5269523656
51	0.0107453571	0.4923534299	-49.6261735139
52	0.9069814544	0.4923534299	-1268.4636539841
53	1.1675464861	0.4923534299	-1325.7482743201
54	0.8515010235	0.4923534299	-1362.4391357409
55	0.8048811018	0.4923534299	-1250.2848801679
56	1.1097303785	0.4923534299	-1545.6150554254
57	0.3332698636	0.4923534299	-842.6282363587
58	4.0324086717	0.4923534299	-1488.1526233037
59	3.9689587376	0.4923534299	-1528.4327583196
60	0.7142261012	0.4923534299	-1203.9048188464
61	0.0784326857	0.4923534299	-257.7448291121
62	3.3090437185	0.4923534299	-1554.0293121045
63	0.4599493003	0.4923534299	-1029.5936826186
64	0.9008529512	0.4923534299	-1392.6950294346
65	3.2115045648	0.4923534299	-1561.0631194824
66	0.5859582302	0.4923534299	-1175.7049035200
67	36.1366319672	0.4923534299	-1599.2121075584
68	0.7242787245	0.4923534299	-1285.0995425120
69	3.6448909523	0.4923534299	-1559.4294483700
70	6.9292600835	0.4923534299	-1536.8265052751
71	4.0437865087	0.4923534299	-1490.3029884374
72	3.0985553200	0.4923534299	-1480.1765914878
73	0.0601821907	0.4923534299	-208.8047000928
74	0.7010672941	0.4923534299	-1272.2429104638
75	2.4843724095	0.4923534299	-1413.1807213477
76	2.5440073194	0.4923534299	-1606.6106794089
77	0.1273538967	0.4923534299	-393.3227237152
78	3.9563732515	0.4923534299	-1573.1936520192
79	3.2322764475	0.4923534299	-1515.8445783149
80	0.6796675715	0.4923534299	-1177.1974581506
81	3.5851008988	0.4923534299	-1460.7111331104
82	6.0402826909	0.4923534299	-1541.6541533706
83	3.9053460230	0.4923534299	-1568.3764696831
84	0.6787913346	0.4923534299	-1324.3778115385
85	0.9276781611	0.4923534299	-1298.7692728897
86	1.2190090391	0.4923534299	-1558.3722916435
87	1.2845003234	0.4923534299	-1529.4037259149
88	0.9895562780	0.4923534299	-1462.7978161205
89	0.5437134032	0.4923534299	-1027.2028468404
90	304.7742110411	0.4923534299	-1523.2880512181
91	0.1274141624	0.4923534299	-382.9052404804
92	1.8315871441	0.4923534299	-1343.8161889494
93	3.5681975613	0.4923534299	-1507.0812573985
94	0.8653984300	0.4923534299	-1252.7608253852
95	0.6943063149	0.4923534299	-1266.3891179251
96	5.9961963568	0.4923534299	-1534.5859311749
97	63.4438244812	0.4923534299	-1504.0927433437
98	1.0176394295	0.4923534299	-1446.4762696864
99	3.3510648568	0.4923534299	-1588.4056034788
100	0.1759883848	0.4923534299	-495.1260072461
101	0.4983749807	0.4923534299	-901.0480785305
102	4.2866519923	0.4923534299	-1555.8532606653
103	2.5884385193	0.4923534299	-1441.0226529642
104	0.3200827791	0.4923534299	-779.7222809517
105	1.2385503454	0.4923534299	-1583.8355870367
106	43.9703119208	0.4923534299	-1512.0692640704
107	0.6861873448	0.4923534299	-1260.7280460834
108	3.1885124308	0.4923534299	-1514.8816170784
109	3.9495789567	0.4923534299	-1553.1407398556
110	6.5687778969	0.4923534299	-1522.4440630169
111	0.0131852185	0.4923534299	-57.9863528121
112	8.5742105895	0.4923534299	-1537.4737439918
113	4.3296660752	0.4923534299	-1584.9710956440
114	0.7504947090	0.4923534299	-1363.6525244231
115	3.2224078107	0.4923534299	-1545.0428735192
116	2.9962006965	0.4923534299	-1560.6523214526
117	94.8441312309	0.4923534299	-1508.8322888067
118	1.2858145954	0.4923534299	-1486.7930997772
119	3.0871281962	0.4923534299	-1532.4596194727
120	3.2763656102	0.4923534299	-1531.6930204585
121	0.5811433701	0.4923534299	-1150.9460054043
122	0.2826165339	0.4923534299	-675.0285767188
123	4.3708416516	0.4923534299	-1570.3188861783
124	58.9527806919	0.4923534299	-1571.7483832827
