site	rate	t	lnL
1	3.8289131570	0.4897585400	-1552.6442982034
2	0.8053440365	0.4897585400	-1312.4808767195
3	3.7059437799	0.4897585400	-1579.1050478755
4	3.5936338356	0.4897585400	-1544.2983301216
5	0.1373627664	0.4897585400	-402.0953453965
6	3.5890523649	0.4897585400	-1560.5255467306
7	0.9229586836	0.4897585400	-1241.4053022423
8	0.9847754491	0.4897585400	-1361.3850505190
9	3.2132591069	0.4897585400	-1557.1955712256
10	2.6775282326	0.4897585400	-1520.0625685584
11	0.7711499240	0.4897585400	-1191.7461417108
12	3.9405754080	0.4897585400	-1566.1041179380
13	3.9662271178	0.4897585400	-1469.0356323989
14	0.7205315307	0.4897585400	-1257.7253851176
15	0.7463588741	0.4897585400	-1145.7645500655
16	3.6618797671	0.4897585400	-1577.5322420208
17	3.1420131170	0.4897585400	-1498.2583262876
18	1.1207578521	0.4897585400	-1436.8971682796
19	3.3408385303	0.4897585400	-1531.4788645095
20	0.3072251537	0.4897585400	-747.7560801581
21	1.1720563828	0.4897585400	-1445.7679752334
22	1.1909216776	0.4897585400	-1533.4736798531
23	1.1309822229	0.4897585400	-1344.4915519863
24	0.2529951207	0.4897585400	-666.1911069561
25	3.1441583346	0.4897585400	-1535.4740553783
26	0.3787065281	0.4897585400	-845.7652441050
27	0.7316893569	0.4897585400	-1231.3525793289
28	0.0154420069	0.4897585400	-62.0921245294
29	0.3394840075	0.4897585400	-778.7321322340
30	1.1021368663	0.4897585400	-1411.2228232803
31	4.1841190469	0.4897585400	-1520.7342983653
32	1.0705086971	0.4897585400	-1358.8038847045
33	0.4089014402	0.4897585400	-961.0761000693
34	3.5813669129	0.4897585400	-1550.2033071834
35	1.3804226236	0.4897585400	-1439.7659926726
36	4.6869536057	0.4897585400	-1530.9760348454
37	0.9506884156	0.4897585400	-1459.8812115258
38	4.4432967729	0.4897585400	-1564.5843123038
39	3.3417468661	0.4897585400	-1540.7271590449
40	1.0508220160	0.4897585400	-1454.1333365344
41	2.4746068430	0.4897585400	-1574.3251555410
42	153.1644694729	0.4897585400	-1558.9516153688
43	2359.2682033403	0.4897585400	-1545.1198601451
44	6.0329250789	0.4897585400	-1571.7290568907
45	2.8614626893	0.4897585400	-1531.6312482153
46	0.5179576250	0.4897585400	-1059.8598149648
47	0.8007596952	0.4897585400	-1362.3086403512
48	4.1750386909	0.4897585400	-1508.3950294859
49	1.0020780290	0.4897585400	-1457.5244691967
50	0.9010901351	0.4897585400	-1368.6444955754
51	0.0129664171	0.4897585400	-56.0267395877
52	0.8781221045	0.4897585400	-1231.6780492652
53	1.0532991802	0.4897585400	-1297.5858237252
54	0.9523191664	0.4897585400	-1409.2371854221
55	0.7690783347	0.4897585400	-1235.8119405568
56	1.0495585194	0.4897585400	-1518.8431118357
57	0.3246178333	0.4897585400	-834.4422293002
58	1.3297005781	0.4897585400	-1473.5085859065
59	3.8642278121	0.4897585400	-1543.6978095193
60	0.7529997625	0.4897585400	-1223.6596788862
61	0.0809631022	0.4897585400	-263.6497433790
62	4.4579191217	0.4897585400	-1554.9770980226
63	0.5223521133	0.4897585400	-1120.0921968384
64	0.8510100238	0.4897585400	-1366.5377557682
65	3.3072596284	0.4897585400	-1561.8314312435
66	0.5483154702	0.4897585400	-1128.4120940271
67	4.4011329245	0.4897585400	-1598.0939102790
68	0.7242624049	0.4897585400	-1297.8167152419
69	3.7998128386	0.4897585400	-1568.1673157069
70	4.3956528724	0.4897585400	-1520.4968261388
71	4.9625223490	0.4897585400	-1491.7262349813
72	3.5221435590	0.4897585400	-1497.7098937018
73	0.0535546430	0.4897585400	-186.7952679530
74	0.6971600497	0.4897585400	-1259.9987159872
75	2.2122656546	0.4897585400	-1402.8882418838
76	3.7890558712	0.4897585400	-1593.5133356227
77	0.1420667310	0.4897585400	-423.0583417921
78	3.8179587906	0.4897585400	-1576.3311044968
79	4.5446423916	0.4897585400	-1517.6648361088
80	0.8071582527	0.4897585400	-1264.1250655684
81	2.5952570878	0.4897585400	-1459.0164897447
82	56.2974287909	0.4897585400	-1554.8119184278
83	76.6932346622	0.4897585400	-1581.8950170745
84	0.6448941690	0.4897585400	-1284.5349405352
85	0.8985822725	0.4897585400	-1287.5372794570
86	1.2489290048	0.4897585400	-1564.6113900972
87	3.9283036012	0.4897585400	-1538.3530534632
88	0.9792422851	0.4897585400	-1465.8595598108
89	0.5470643136	0.4897585400	-1033.8558990200
90	43.0490845932	0.4897585400	-1515.1064100764
91	0.1348833622	0.4897585400	-394.7177539994
92	1.2011808604	0.4897585400	-1339.0020027115
93	4.7479184964	0.4897585400	-1516.3931957422
94	0.7709234485	0.4897585400	-1212.4770787552
95	0.6824427739	0.4897585400	-1257.8420932156
96	2.9461962921	0.4897585400	-1525.2750925880
97	4.4277435800	0.4897585400	-1498.6570295942
98	1.0288300608	0.4897585400	-1447.8758797527
99	2.9870435683	0.4897585400	-1571.3456928607
100	0.2107590556	0.4897585400	-564.8830026598
101	0.5641873718	0.4897585400	-969.0579293968
102	8.0032781033	0.4897585400	-1544.6536938298
103	3.7427006510	0.4897585400	-1444.3629653869
104	0.3258187668	0.4897585400	-794.8954841728
105	1.1201290951	0.4897585400	-1541.2867787690
106	4.0374098606	0.4897585400	-1526.7181444343
107	0.8178096100	0.4897585400	-1335.1526254735
108	3.5187645924	0.4897585400	-1525.6864249813
109	3.7173402946	0.4897585400	-1538.5243178160
110	3.7719015985	0.4897585400	-1530.9596137201
111	0.0066010954	0.4897585400	-31.8357319884
112	347.0378968230	0.4897585400	-1552.6552241015
113	3.6127170009	0.4897585400	-1562.4167132984
114	0.7400161229	0.4897585400	-1363.5753275990
115	2.7066641615	0.4897585400	-1549.4017407462
116	3.4002124382	0.4897585400	-1569.2259493733
117	6.2811937391	0.4897585400	-1521.0724167799
118	1.2973760435	0.4897585400	-1487.0871399004
119	2.7790386551	0.4897585400	-1554.2391134032
120	4.0481561922	0.4897585400	-1528.0860284340
121	0.5862779152	0.4897585400	-1138.8362696825
122	0.2386816664	0.4897585400	-590.4443547781
123	2.8075267870	0.4897585400	-1548.1334989553
124	4.4351203574	0.4897585400	-1548.5647831023
