site	rate	t	lnL
1	2.0151872991	0.0061832087	-103.5710049292
2	0.3338566011	0.0061832087	-23.3532243457
3	0.5011221504	0.0061832087	-32.3136362034
4	1.3402944026	0.0061832087	-73.3075618527
5	0.3338566183	0.0061832087	-23.3532243457
6	1.3403656322	0.0061832087	-73.3071422019
7	0.3338566108	0.0061832087	-23.3532243457
8	2.0154039401	0.0061832087	-103.5697372857
9	1.1720848157	0.0061832087	-65.4571222414
10	0.8362450475	0.0061832087	-49.2988208803
11	0.3339258856	0.0061832087	-23.3528104390
12	1.6774753872	0.0061832087	-88.6421023741
13	0.5010699595	0.0061832087	-32.3139473161
14	0.6685793119	0.0061832087	-40.2400130601
15	0.1668334781	0.0061832087	-13.8681675434
16	1.3402947686	0.0061832087	-73.3075611536
17	1.8461885216	0.0061832087	-96.1528852073
18	1.6772959533	0.0061832087	-88.6431555457
19	1.8462875425	0.0061832087	-96.1523050532
20	1.6776529212	0.0061832087	-88.6410542387
21	0.5010960905	0.0061832087	-32.3137917154
22	2.5236361591	0.0061832087	-125.3413773658
23	0.1668401738	0.0061832087	-13.8681675443
24	0.8362011532	0.0061832087	-49.2990811845
25	3.8890235711	0.0061832087	-179.5532452434
26	0.5010699631	0.0061832087	-32.3139473161
27	2.1849729822	0.0061832087	-110.9011486208
28	0.0000000000	0.0061832087	-2.9957322736
29	0.0000000000	0.0061832087	-2.9957322736
30	0.6685439926	0.0061832087	-40.9333693142
31	1.1720849357	0.0061832087	-65.4571219759
32	0.1668334738	0.0061832087	-13.8681675434
33	0.0000000000	0.0061832087	-2.9957322736
34	1.1721466334	0.0061832087	-65.4567566409
35	0.6685441162	0.0061832087	-40.9333692277
36	1.5086979367	0.0061832087	-81.0315774710
37	0.5010700472	0.0061832087	-32.3139473161
38	2.0151873668	0.0061832087	-103.5710049282
39	1.6776529738	0.0061832087	-88.6410551051
40	2.1841464679	0.0061832087	-110.9059691997
41	0.1668421076	0.0061832087	-13.8681158933
42	1.3402947526	0.0061832087	-73.3075611502
43	1.3402235277	0.0061832087	-73.3079804307
44	2.3544089821	0.0061832087	-118.1563721296
45	0.3338912690	0.0061832087	-23.3530172963
46	1.6772966677	0.0061832087	-88.6431533322
47	0.1668487817	0.0061832087	-13.8681158887
48	1.1721469459	0.0061832087	-65.4567558372
49	0.6685439602	0.0061832087	-40.9333693142
50	0.1668334781	0.0061832087	-13.8681675434
51	0.0000000000	0.0061832087	-2.9957322736
52	0.0000000000	0.0061832087	-2.9957322736
53	1.0040683507	0.0061832087	-57.4622417684
54	1.1723685310	0.0061832087	-64.3568171447
55	0.1668420677	0.0061832087	-13.8681158933
56	1.0039628026	0.0061832087	-57.4628675033
57	0.3338739726	0.0061832087	-23.3531208237
58	0.5011221617	0.0061832087	-32.3136361066
59	1.5086177266	0.0061832087	-81.0320501344
60	1.0042931539	0.0061832087	-56.3622857463
61	0.0000000000	0.0061832087	-2.9957322736
62	2.0155122490	0.0061832087	-103.5691038089
63	0.1668421266	0.0061832087	-13.8681158879
64	1.0039629383	0.0061832087	-57.4628675032
65	0.8362012552	0.0061832087	-49.2990810490
66	1.5084572520	0.0061832087	-81.0329949392
67	1.3403653568	0.0061832087	-73.3071429003
68	1.1721467240	0.0061832087	-65.4567563732
69	1.5086977860	0.0061832087	-81.0315779171
70	0.6685441162	0.0061832087	-40.9333692278
71	0.5011482529	0.0061832087	-32.3134806349
72	2.0155133438	0.0061832087	-103.5691006103
73	0.0000000000	0.0061832087	-2.9957322736
74	0.1668334781	0.0061832087	-13.8681675434
75	1.3402942839	0.0061832087	-73.3075615009
76	0.6685090017	0.0061832087	-40.9335770447
77	0.0000000000	0.0061832087	-2.9957322736
78	1.5091442453	0.0061832087	-79.9303129798
79	2.0149707027	0.0061832087	-103.5722724456
80	0.1668488061	0.0061832087	-13.8681158941
81	1.3403671597	0.0061832087	-72.6139906876
82	1.1720847979	0.0061832087	-65.4571225087
83	1.8463867380	0.0061832087	-96.1517241981
84	0.3338912288	0.0061832087	-23.3530173177
85	1.1720226246	0.0061832087	-65.4574888931
86	1.1722085117	0.0061832087	-65.4563907532
87	2.3539033769	0.0061832087	-118.1593298100
88	0.6685440399	0.0061832087	-40.9333692277
89	1.3404364318	0.0061832087	-73.3067235749
90	1.6776542874	0.0061832087	-88.6410507482
91	0.1668421094	0.0061832087	-13.8681158879
92	0.1668334456	0.0061832087	-13.8681675434
93	1.8462870073	0.0061832087	-96.1523063976
94	0.0000000000	0.0061832087	-2.9957322736
95	0.3338739046	0.0061832087	-23.3531208237
96	2.0151873541	0.0061832087	-103.5710049272
97	1.8462870381	0.0061832087	-96.1523063993
98	0.1668421075	0.0061832087	-13.8681158933
99	1.3400812340	0.0061832087	-73.3088192754
100	0.1668401774	0.0061832087	-13.8681675443
101	0.0000000000	0.0061832087	-2.9957322736
102	1.5089393501	0.0061832087	-81.0301588816
103	0.5010960206	0.0061832087	-32.3137917154
104	0.1668334718	0.0061832087	-13.8681675434
105	0.8362450459	0.0061832087	-49.2988208803
106	1.1721463749	0.0061832087	-65.4567569085
107	0.1668334781	0.0061832087	-13.8681675434
108	2.0150788374	0.0061832087	-103.5716390989
109	1.3405482165	0.0061832087	-72.2074327089
110	1.5087782110	0.0061832087	-81.0311052283
111	0.0000000000	0.0061832087	-2.9957322736
112	1.0039627330	0.0061832087	-57.4628676993
113	1.8466373658	0.0061832087	-95.0516046629
114	0.1668421145	0.0061832087	-13.8681158933
115	2.1854645024	0.0061832087	-109.7996112364
116	0.5010960716	0.0061832087	-32.3137917154
117	3.0346792672	0.0061832087	-145.3943575130
118	0.5010960627	0.0061832087	-32.3137917154
119	1.5086179091	0.0061832087	-81.0320496884
120	1.0041205607	0.0061832087	-57.4619306160
121	1.0040686147	0.0061832087	-57.4622409858
122	0.1668334694	0.0061832087	-13.8681675434
123	1.0039628055	0.0061832087	-57.4628676992
124	1.0040684217	0.0061832087	-57.4622417683
