site	rate	t	lnL
1	1.1537752507	0.0062970987	-67.8974807134
2	0.5078102749	0.0062970987	-31.3826276227
3	0.8449753548	0.0062970987	-47.8926094320
4	1.4891492089	0.0062970987	-79.7451479015
5	0.0000000000	0.0062970987	-2.1755206662
6	1.3639471583	0.0062970987	-72.2421494143
7	0.6605816736	0.0062970987	-40.6996538459
8	0.6904355610	0.0062970987	-39.1877793931
9	0.8090607491	0.0062970987	-51.1977217200
10	0.8348964878	0.0062970987	-48.7870673577
11	0.0000000000	0.0062970987	-2.8752088206
12	1.1347571384	0.0062970987	-70.6883790633
13	0.6892263045	0.0062970987	-40.5710110570
14	0.0000000000	0.0062970987	-2.7143388344
15	1.7873416884	0.0062970987	-96.8764833442
16	0.9877808194	0.0062970987	-60.9924396080
17	0.8259762562	0.0062970987	-51.7156720933
18	1.1600464880	0.0062970987	-64.7372111854
19	2.0689791281	0.0062970987	-104.4874912843
20	0.1666988903	0.0062970987	-12.9093067358
21	0.6776934353	0.0062970987	-39.1266514478
22	1.5174175563	0.0062970987	-82.2116467867
23	0.0000000000	0.0062970987	-2.3357004896
24	0.1572396431	0.0062970987	-15.3916515137
25	1.1970409207	0.0062970987	-66.7641412737
26	0.0000000000	0.0062970987	-2.8638245522
27	0.3194664517	0.0062970987	-22.8996437307
28	0.0000000000	0.0062970987	-2.1755206662
29	0.0000000000	0.0062970987	-2.3357004896
30	0.8791428793	0.0062970987	-48.4200229032
31	1.1334545986	0.0062970987	-68.7530650171
32	0.5174456927	0.0062970987	-30.4829656358
33	0.4853480420	0.0062970987	-33.9234552976
34	0.3330822412	0.0062970987	-23.9248883944
35	4.4318994473	0.0062970987	-204.0345836887
36	0.8231065516	0.0062970987	-49.2350155428
37	1.3248997831	0.0062970987	-76.9472922513
38	2.2147551645	0.0062970987	-109.1883601588
39	1.6591895707	0.0062970987	-92.1801679076
40	1.0064986091	0.0062970987	-57.8391548931
41	1.6627968834	0.0062970987	-88.6296364044
42	2.1575377437	0.0062970987	-117.7800550006
43	1.3582741731	0.0062970987	-73.1691457670
44	2.1572791918	0.0062970987	-117.1693602266
45	3.1694124008	0.0062970987	-154.6920496431
46	0.0000000000	0.0062970987	-2.7143388344
47	0.4847515701	0.0062970987	-32.7654196019
48	0.8468088901	0.0062970987	-50.1723344935
49	0.1646604920	0.0062970987	-13.3106057188
50	0.0000000000	0.0062970987	-2.5320569043
51	0.0000000000	0.0062970987	-2.7143388344
52	0.1678424106	0.0062970987	-12.9126860382
53	0.1704539164	0.0062970987	-13.5785650324
54	0.4767199755	0.0062970987	-32.5128248360
55	0.5123053618	0.0062970987	-29.4964320587
56	2.6250301623	0.0062970987	-130.7513420963
57	0.1607217844	0.0062970987	-14.6479774890
58	2.2804896299	0.0062970987	-115.7768725143
59	1.1746877938	0.0062970987	-66.3350666052
60	0.6831154269	0.0062970987	-39.7073162698
61	0.0000000000	0.0062970987	-2.1755206662
62	1.0226725592	0.0062970987	-58.0104518254
63	0.1642048913	0.0062970987	-14.7954866268
64	1.7597473831	0.0062970987	-97.8014704927
65	1.3485383705	0.0062970987	-72.6066597090
66	1.0361639050	0.0062970987	-60.6122859045
67	2.0115221193	0.0062970987	-105.6928987824
68	0.5008312687	0.0062970987	-31.1759886979
69	2.4954282255	0.0062970987	-128.7868356028
70	1.5159347786	0.0062970987	-80.1677368939
71	0.3498715924	0.0062970987	-23.8310692899
72	1.1164229913	0.0062970987	-67.9424460640
73	0.0000000000	0.0062970987	-2.1755206662
74	0.8257238712	0.0062970987	-50.9343490788
75	1.9415756552	0.0062970987	-95.3334305817
76	2.4122045040	0.0062970987	-131.3325539744
77	0.0000000000	0.0062970987	-2.1755206662
78	1.7623038413	0.0062970987	-88.7721469448
79	1.3780900013	0.0062970987	-75.7959050200
80	1.0375147203	0.0062970987	-58.5702380269
81	1.4115394157	0.0062970987	-73.5583957263
82	1.1568438377	0.0062970987	-65.2811300070
83	1.2827558459	0.0062970987	-77.3867224670
84	0.3286198781	0.0062970987	-23.9033281732
85	0.5039762890	0.0062970987	-33.6012773873
86	0.1615432635	0.0062970987	-15.9179767662
87	1.1564430647	0.0062970987	-66.9165391787
88	0.3358427059	0.0062970987	-24.4123810050
89	0.6727275015	0.0062970987	-41.0050888878
90	1.6060584557	0.0062970987	-92.1069660651
91	0.6347256116	0.0062970987	-40.8499191325
92	0.5270568241	0.0062970987	-33.3733352081
93	1.0255399917	0.0062970987	-57.8057267406
94	0.6401428476	0.0062970987	-40.1420304081
95	0.5112118996	0.0062970987	-33.2422329724
96	2.4427797280	0.0062970987	-129.0785234108
97	1.8212673309	0.0062970987	-98.6511423179
98	1.8267322546	0.0062970987	-97.2186528136
99	0.9924523986	0.0062970987	-58.5326068346
100	0.3335333455	0.0062970987	-24.0629995592
101	0.1704379296	0.0062970987	-13.9918558046
102	1.5396083168	0.0062970987	-79.3927448794
103	0.1723072594	0.0062970987	-14.1312585372
104	0.3302771276	0.0062970987	-22.9653409886
105	1.6607009223	0.0062970987	-91.6940097751
106	1.2611285675	0.0062970987	-76.7392766057
107	0.1650428165	0.0062970987	-13.2651278430
108	1.1980496029	0.0062970987	-68.6255192156
109	2.3166063078	0.0062970987	-118.0278926387
110	1.6262884729	0.0062970987	-90.6192245035
111	0.0000000000	0.0062970987	-2.1755206662
112	0.8467973553	0.0062970987	-49.8061780698
113	0.8249494622	0.0062970987	-51.2994792053
114	1.1211290965	0.0062970987	-64.7183871513
115	2.4493452283	0.0062970987	-127.4075612424
116	1.2108792050	0.0062970987	-67.7589553161
117	1.1591096952	0.0062970987	-65.4542395103
118	1.0253124582	0.0062970987	-59.3006852641
119	0.1678424095	0.0062970987	-12.9126860382
120	1.5591473996	0.0062970987	-85.4409566260
121	1.1598355929	0.0062970987	-67.6853639380
122	0.0000000000	0.0062970987	-2.1755206662
123	1.8277978414	0.0062970987	-96.4317195758
124	1.7799023509	0.0062970987	-95.9679759800
