site	rate	t	lnL
1	1.8359823547	0.0056028119	-88.1934260699
2	0.7692995336	0.0056028119	-40.1468758128
3	1.3491127236	0.0056028119	-65.8724513025
4	1.4772946190	0.0056028119	-75.3997616015
5	0.0000000000	0.0056028119	-2.5052739526
6	1.4300077630	0.0056028119	-78.0171110713
7	0.5818066215	0.0056028119	-31.5631894848
8	2.4507314748	0.0056028119	-112.4224911579
9	1.4896233618	0.0056028119	-72.8784575208
10	0.7695278074	0.0056028119	-39.8092730146
11	0.3839586909	0.0056028119	-22.8112160611
12	1.4562196073	0.0056028119	-72.1783520135
13	1.1559642435	0.0056028119	-57.8496752305
14	0.5762665373	0.0056028119	-33.3215416381
15	0.0000000000	0.0056028119	-2.4188414468
16	1.2780821859	0.0056028119	-68.1176539015
17	1.6490904313	0.0056028119	-80.9311389168
18	1.1658826095	0.0056028119	-57.7838408576
19	2.5372400120	0.0056028119	-119.2372674267
20	0.1920490281	0.0056028119	-12.7568871164
21	1.0950774942	0.0056028119	-57.8399373666
22	0.9493166438	0.0056028119	-49.4926526904
23	0.3744800833	0.0056028119	-23.4621649498
24	0.0000000000	0.0056028119	-3.4433078508
25	0.9703689048	0.0056028119	-49.9114333201
26	0.1899024358	0.0056028119	-13.6338541560
27	0.0000000000	0.0056028119	-2.7442638473
28	0.0000000000	0.0056028119	-2.5052739526
29	1.3152386734	0.0056028119	-63.5104347797
30	1.1460958657	0.0056028119	-55.9955257934
31	2.2430493204	0.0056028119	-106.2199984053
32	0.0000000000	0.0056028119	-2.7279835703
33	0.0000000000	0.0056028119	-3.3506446588
34	0.1920490367	0.0056028119	-14.3489233085
35	3.1064334736	0.0056028119	-145.9096540550
36	0.9370572135	0.0056028119	-47.0961558351
37	0.9378071748	0.0056028119	-51.2383079839
38	1.2781083284	0.0056028119	-67.8223138330
39	3.1026206386	0.0056028119	-130.0198139410
40	1.6243823370	0.0056028119	-84.6863788071
41	2.6934273202	0.0056028119	-126.8039253551
42	1.6370520394	0.0056028119	-86.4038797331
43	1.9029848253	0.0056028119	-91.7003496360
44	2.6737043387	0.0056028119	-126.8651123920
45	1.1249241014	0.0056028119	-56.9241247609
46	0.1920490367	0.0056028119	-12.6704546106
47	1.3328759846	0.0056028119	-66.2385579577
48	1.3493537275	0.0056028119	-66.0379025860
49	0.1844509370	0.0056028119	-13.7118116546
50	1.8427053129	0.0056028119	-92.3722275652
51	0.0000000000	0.0056028119	-2.4170737250
52	0.3876829723	0.0056028119	-22.9076015092
53	0.7764976959	0.0056028119	-39.7332378776
54	0.1854108978	0.0056028119	-13.7066643882
55	2.0021392373	0.0056028119	-95.6377603485
56	0.0000000000	0.0056028119	-2.9642277457
57	0.0000000000	0.0056028119	-3.3506446588
58	0.7128535837	0.0056028119	-42.1847718902
59	2.0362385830	0.0056028119	-98.5848259740
60	0.9708514423	0.0056028119	-47.6367918091
61	0.0000000000	0.0056028119	-2.5052739526
62	0.8917076649	0.0056028119	-51.9145585398
63	0.1821715673	0.0056028119	-14.0753596658
64	0.3839282316	0.0056028119	-23.7623754526
65	1.1157935718	0.0056028119	-57.1421944264
66	1.1033879014	0.0056028119	-55.1640190387
67	1.8372511116	0.0056028119	-91.9436606677
68	0.1920490299	0.0056028119	-12.7906290384
69	1.8819930785	0.0056028119	-88.1201137170
70	0.9368358159	0.0056028119	-49.8678146036
71	0.5539133886	0.0056028119	-33.3743094726
72	0.9295639687	0.0056028119	-49.5276240941
73	0.0000000000	0.0056028119	-2.5052739526
74	0.1920368516	0.0056028119	-13.4754946645
75	0.0000000000	0.0056028119	-2.7442638473
76	1.2689517261	0.0056028119	-68.8089609077
77	0.0000000000	0.0056028119	-2.5052739526
78	1.7175481923	0.0056028119	-78.7471754372
79	0.9380596597	0.0056028119	-51.7367105478
80	0.5818613543	0.0056028119	-31.4130976837
81	0.9002169202	0.0056028119	-51.5012694180
82	1.1423389673	0.0056028119	-58.4583550852
83	1.4579210608	0.0056028119	-73.5627056592
84	2.7258113806	0.0056028119	-120.5986675185
85	0.1937302151	0.0056028119	-13.6014234391
86	1.6494238769	0.0056028119	-85.5509447406
87	0.7238883718	0.0056028119	-41.9210570370
88	0.3741258985	0.0056028119	-22.3129570611
89	0.1869407404	0.0056028119	-13.1448045501
90	1.6485914092	0.0056028119	-79.9786992255
91	0.0000000000	0.0056028119	-2.5052739526
92	0.9083464427	0.0056028119	-48.6387955310
93	1.3298838850	0.0056028119	-66.7403486777
94	0.7340246702	0.0056028119	-40.0409449133
95	0.5504324926	0.0056028119	-31.4258040495
96	1.2793542618	0.0056028119	-67.1701248162
97	1.8316973598	0.0056028119	-91.3229554854
98	0.7764323817	0.0056028119	-39.4785079465
99	0.7294865898	0.0056028119	-42.5454170791
100	0.0000000000	0.0056028119	-2.4170737250
101	1.6289557536	0.0056028119	-83.0504493268
102	0.9711477237	0.0056028119	-50.9826474757
103	1.2803554067	0.0056028119	-67.4148847344
104	0.3653711082	0.0056028119	-25.3817657431
105	1.6679399646	0.0056028119	-84.0763932315
106	0.7498599014	0.0056028119	-38.7454216064
107	0.3841437216	0.0056028119	-22.8102541649
108	2.0444704900	0.0056028119	-94.9600849154
109	2.1028302663	0.0056028119	-94.7587729652
110	1.6803200522	0.0056028119	-80.2929949994
111	0.0000000000	0.0056028119	-2.5052739526
112	0.5818940775	0.0056028119	-30.3999508522
113	1.3025373349	0.0056028119	-65.8637436993
114	0.7325326106	0.0056028119	-38.7177827872
115	1.1503059801	0.0056028119	-56.5522880139
116	1.1420353249	0.0056028119	-58.4891535098
117	1.9090237817	0.0056028119	-86.9224492216
118	0.5767800748	0.0056028119	-33.1633832372
119	1.1245452146	0.0056028119	-60.2065840543
120	1.7341650901	0.0056028119	-82.9262390612
121	0.1920490160	0.0056028119	-12.7906290384
122	0.1903920330	0.0056028119	-15.1342441811
123	0.9119843560	0.0056028119	-52.3687458341
124	1.1419241224	0.0056028119	-56.6637829088
