6.169512560067199475e-03
3.594506616584888098e-02
1.352888108834278125e-01
4.934279874707016289e-02
7.662947801387609559e-02
5.482821458687994406e-03
3.816320506349569347e-02
2.114325269723174583e-02
2.534374193741854159e-02
2.051775960269484542e-02
1.097452568426400960e-01
5.708502557741710476e-02
5.310716393546225517e-02
5.035519709421346080e-02
2.084180516189998444e-02
4.576739020131860569e-02
7.812904113030084974e-02
5.550159911313849725e-02
6.227386486403727744e-02
5.316720894975304756e-02
