site	rate	t	lnL
1	1.7890236456	1.7554009819	-597700.8323133215
100001	0.9089291012	1.7554009819	-577980.0398505001
200001	1.5390503241	1.7554009819	-595953.4731186386
300001	1.3929812427	1.7554009819	-594128.3139199357
400001	0.1184816150	1.7554009819	-398993.4109042534
500001	1.5520678180	1.7554009819	-596080.7942732759
600001	0.9737468272	1.7554009819	-581603.4876708975
700001	1.1151741328	1.7554009819	-587559.5706773866
800001	1.5443473160	1.7554009819	-596005.8894763915
900001	1.5835545828	1.7554009819	-596368.9038183127
