site	rate	t	lnL
1	1.7508167814	1.6768605409	-597048.8000086138
100001	0.8818185369	1.6768605409	-573514.7481489158
200001	1.5030944711	1.6768605409	-594747.9669727619
300001	1.3830264410	1.6768605409	-592898.0198010978
400001	0.1191127491	1.6768605409	-396121.9115109848
500001	1.5169931640	1.6768605409	-594924.5419014530
600001	0.9725773842	1.6768605409	-579176.1924304013
700001	1.0812476032	1.6768605409	-584383.3404861519
800001	1.5122182875	1.6768605409	-594864.6631491854
900001	1.5512769185	1.6768605409	-595331.5077599286
