site	rate	t	lnL
1	1.9434932208	1.8671660992	-598562.7374696841
100001	1.0435334759	1.8671660992	-587379.9932396278
200001	2.1932637779	1.8671660992	-598905.8120887402
300001	1.4370184975	1.8671660992	-595846.7029270041
400001	0.1780005113	1.8671660992	-436858.8357349163
500001	1.8716593146	1.8671660992	-598395.8750867696
600001	0.5029411147	1.8671660992	-538001.9428395052
700001	1.5118791735	1.8671660992	-596575.5778635441
800001	1.8975299858	1.8671660992	-598460.7216261140
900001	1.4669568780	1.8671660992	-596159.3151660778
