site	rate	t	lnL
1	1.8672119389	1.9209887217	-598514.8903118608
100001	0.9815096654	1.9209887217	-586066.2861756296
200001	1.6256463264	1.9209887217	-597653.4874825812
300001	1.3910944610	1.9209887217	-595782.3358045303
400001	0.1192936057	1.9209887217	-406137.0185273977
500001	1.6080273634	1.9209887217	-597558.2257848247
600001	0.9917560897	1.9209887217	-586491.2390003254
700001	1.2235049465	1.9209887217	-593226.8318041265
800001	1.6285164840	1.9209887217	-597668.4735110814
900001	1.6334199521	1.9209887217	-597693.7392305024
