site	rate	t	lnL
1	1.6372799078	1.4629615729	-593671.5056957048
100001	0.8386660510	1.4629615729	-560596.7428174777
200001	1.4181186057	1.4629615729	-589642.5190960834
300001	1.3525636788	1.4629615729	-587966.0380864368
400001	0.1261174610	1.4629615729	-390678.8536253804
500001	1.4351718041	1.4629615729	-590037.5036055641
600001	0.9565754677	1.4629615729	-569983.3891906884
700001	1.0147378372	1.4629615729	-573757.7976677442
800001	1.4280437072	1.4629615729	-589874.3499399414
900001	1.4715387433	1.4629615729	-590828.0266178770
