site	rate	t	lnL
1	1.8168053318	1.8645948997	-598230.1390064391
100001	0.9500516637	1.8645948997	-583322.9396267872
200001	1.5783804870	1.8645948997	-597075.7995970517
300001	1.3963841305	1.8645948997	-595347.7538018770
400001	0.1203660188	1.8645948997	-404570.2088315949
500001	1.6027024616	1.8645948997	-597239.0993202589
600001	0.9874731256	1.8645948997	-585060.9274107206
700001	1.1710531033	1.8645948997	-591254.3237382144
800001	1.6165537504	1.8645948997	-597326.4705851034
900001	1.6139149320	1.8645948997	-597310.1287977926
