site	rate	t	lnL
1	1.5825412307	1.3054267905	-589499.9594117387
100001	0.8124677702	1.3054267905	-548797.2869668825
200001	1.3732890045	1.3054267905	-583873.3248002726
300001	1.3214719893	1.3054267905	-582056.0077863851
400001	0.1283656223	1.3054267905	-384401.1670962892
500001	1.3909741889	1.3054267905	-584450.0262483038
600001	0.9509544431	1.3054267905	-561484.9478466780
700001	0.9829779109	1.3054267905	-563941.5769022832
800001	1.3931579655	1.3054267905	-584519.7712475002
900001	1.4223855797	1.3054267905	-585423.2815291771
