site	rate	t	lnL
1	1.9598464048	1.8417681131	-598541.2355200638
100001	1.0056535152	1.8417681131	-585316.3294142185
200001	2.1908746929	1.8417681131	-598876.4487248558
300001	1.4505168483	1.8417681131	-595777.7842990122
400001	0.1760741931	1.8417681131	-434672.8421852963
500001	1.9270660980	1.8417681131	-598468.6463421707
600001	0.4931229583	1.8417681131	-534915.7293858635
700001	1.5022493661	1.8417681131	-596303.6936631090
800001	1.9229071535	1.8417681131	-598458.8511080006
900001	1.4618756689	1.8417681131	-595900.7114332145
