site	rate	t	lnL
1	1.5957960907	1.3889039458	-591687.0464643758
100001	0.8237547926	1.3889039458	-555105.0104679244
200001	1.4035075014	1.3889039458	-587397.5571762864
300001	1.3358292746	1.3889039458	-585389.2133305044
400001	0.1267792554	1.3889039458	-387587.7835911167
500001	1.4133697765	1.3889039458	-587665.6732928678
600001	0.9629781276	1.3889039458	-566900.3172920146
700001	1.0013721828	1.3889039458	-569571.9732492468
800001	1.3982036337	1.3889039458	-587250.8999689039
900001	1.4501841696	1.3889039458	-588615.7010593964
