site	rate	t	lnL
1	1.3074946664	0.2460095845	-433952.6467905337
100001	0.7951640406	0.2460095845	-394668.6534896448
200001	1.2098724995	0.2460095845	-427210.3661291762
300001	1.2050929860	0.2460095845	-426872.1804165425
400001	0.1909283875	0.2460095845	-330327.0521779794
500001	1.2161583494	0.2460095845	-427653.9232837015
600001	0.8736546333	0.2460095845	-401371.6631047342
700001	0.9048064432	0.2460095845	-403955.2402189399
800001	1.1971579155	0.2460095845	-426309.0680276658
900001	1.2328132253	0.2460095845	-428822.8107645236
