site	rate	t	lnL
1	1.4454975955	0.9699940789	-570110.6586942942
100001	0.7891013731	0.9699940789	-518487.5913610908
200001	1.3050446014	0.9699940789	-562943.2302733905
300001	1.2844324315	0.9699940789	-561756.6057505120
400001	0.1449429649	0.9699940789	-373860.0435456519
500001	1.3160709848	0.9699940789	-563562.9260406779
600001	0.9191259503	0.9699940789	-533184.5007493332
700001	0.9412497170	0.9699940789	-535404.5983749703
800001	1.3158767378	0.9699940789	-563552.0865706672
900001	1.3431460721	0.9699940789	-565041.2101908731
