site	rate	t	lnL
1	1.5590257119	1.3011641561	-588869.0554605389
100001	0.8137053179	1.3011641561	-548647.7367811599
200001	1.3886998880	1.3011641561	-584230.5096935008
300001	1.3194700192	1.3011641561	-581821.0206349810
400001	0.1301361054	1.3011641561	-385063.9486226282
500001	1.3909207546	1.3011641561	-584302.2194151412
600001	0.9490193482	1.3011641561	-561083.9364278866
700001	0.9769139194	1.3011641561	-563248.1114471396
800001	1.3829066772	1.3011641561	-584041.8833092117
900001	1.4316696389	1.3011641561	-585560.7919800859
