site	rate	t	lnL
1	1.9184710994	1.8690680366	-598513.5374997210
100001	1.0414449723	1.8690680366	-587341.9053363820
200001	2.2016197929	1.8690680366	-598914.7763298451
300001	1.4334180663	1.8690680366	-595823.1892379653
400001	0.1786523444	1.8690680366	-437276.8285131967
500001	1.8740386147	1.8690680366	-598407.0218254678
600001	0.5057236175	1.8690680366	-538599.9632212687
700001	1.5391528505	1.8690680366	-596812.7715728832
800001	1.8952098152	1.8690680366	-598459.7866468030
900001	1.4449493461	1.8690680366	-595948.1232706957
