site	rate	t	lnL
1	1.9455811872	1.8754546289	-598584.3224197892
100001	1.0482592912	1.8754546289	-587722.2124986082
200001	2.2031368533	1.8754546289	-598922.1737119181
300001	1.4261703880	1.8754546289	-595796.8841901290
400001	0.1783575804	1.8754546289	-437434.4133050899
500001	1.8806738810	1.8754546289	-598440.0230422904
600001	0.5109798526	1.8754546289	-539851.9702733750
700001	1.5155920037	1.8754546289	-596664.0063660087
800001	1.8757314665	1.8754546289	-598427.6653157428
900001	1.4552885467	1.8754546289	-596107.0584673821
