site	rate	t	lnL
1	1.9483659755	1.8686383073	-598575.7317078075
100001	1.0403446284	1.8686383073	-587292.0306127181
200001	2.2366872798	1.8686383073	-598941.8084617540
300001	1.4426048458	1.8686383073	-595919.5305004776
400001	0.1759629611	1.8686383073	-435902.4047795524
500001	1.8767187931	1.8686383073	-598412.8085342394
600001	0.5053907647	1.8686383073	-538518.7787796756
700001	1.5368125263	1.8686383073	-596791.5234877880
800001	1.8776589222	1.8686383073	-598415.2137885897
900001	1.4549304129	1.8686383073	-596049.1580877590
