site	rate	t	lnL
1	1.8406590236	1.9001209861	-598399.7604848942
100001	0.9732887449	1.9001209861	-585251.0818678016
200001	1.6059918893	1.9001209861	-597446.0593175954
300001	1.4157557071	1.9001209861	-595887.2425738516
400001	0.1192539335	1.9001209861	-405288.9877436357
500001	1.6407388724	1.9001209861	-597639.0936640698
600001	0.9810209975	1.9001209861	-585588.5423708343
700001	1.2023120685	1.9001209861	-592512.8476905037
800001	1.5924597906	1.9001209861	-597364.5998669674
900001	1.6221719079	1.9001209861	-597538.7434189232
