site	rate	t	lnL
1	1.8554416561	1.8879897137	-598407.5048109301
100001	0.9624230511	1.8879897137	-584480.1580137126
200001	1.6061505562	1.8879897137	-597385.6378422418
300001	1.4021802868	1.8879897137	-595629.9247065983
400001	0.1193422579	1.8879897137	-404864.0659840764
500001	1.6105644637	1.8879897137	-597412.1367397405
600001	0.9926735932	1.8879897137	-585815.9352916925
700001	1.1797627743	1.8879897137	-591826.3820470071
800001	1.6081209040	1.8879897137	-597397.5132561338
900001	1.6225976121	1.8879897137	-597482.4364136576
