site	rate	t	lnL
1	1.6566285213	1.5298050052	-594853.6496937881
100001	0.8481051270	1.5298050052	-564741.7458744937
200001	1.4351981489	1.5298050052	-591415.4689884111
300001	1.3637038559	1.5298050052	-589827.3463481906
400001	0.1243162986	1.5298050052	-392728.6703515294
500001	1.4512835320	1.5298050052	-591735.2470609732
600001	0.9702479980	1.5298050052	-573748.1683495526
700001	1.0386039275	1.5298050052	-577746.5764937395
800001	1.4492591088	1.5298050052	-591695.7064777764
900001	1.4881696907	1.5298050052	-592421.4465541075
