site	rate	t	lnL
1	1.9161113172	1.8715683697	-598513.9885789610
100001	1.0448418064	1.8715683697	-587518.7796034501
200001	2.2137005369	1.8715683697	-598926.9505617877
300001	1.4410965300	1.8715683697	-595927.5824655287
400001	0.1783116297	1.8715683697	-437225.5959684094
500001	1.8934555507	1.8715683697	-598461.6560458059
600001	0.5067297073	1.8715683697	-538903.3999035941
700001	1.5256347935	1.8715683697	-596720.9294331141
800001	1.8864962958	1.8715683697	-598444.7509769818
900001	1.4442768386	1.8715683697	-595961.4911938239
