site	rate	t	lnL
1	1.8348205714	1.8139857017	-598123.6718554865
100001	0.9278688683	1.8139857017	-580826.8367141136
200001	1.5639707635	1.8139857017	-596639.7934676601
300001	1.3993722289	1.8139857017	-594884.6593114245
400001	0.1184043873	1.8139857017	-401322.8661844528
500001	1.5802508070	1.8139857017	-596769.4056447326
600001	0.9882116790	1.8139857017	-583870.1076629923
700001	1.1464313151	1.8139857017	-589722.2803355859
800001	1.5560075203	1.8139857017	-596573.9436188991
900001	1.5867141530	1.8139857017	-596819.0522217544
