site	rate	t	lnL
1	1.8114410772	1.8170320901	-598051.4423174331
100001	0.9357164405	1.8170320901	-581337.4385022115
200001	1.5506771150	1.8170320901	-596551.0200809189
300001	1.4016656288	1.8170320901	-594947.4080125339
400001	0.1189604089	1.8170320901	-401788.3262932617
500001	1.5891252985	1.8170320901	-596857.3704118337
600001	0.9885065376	1.8170320901	-583960.0957257053
700001	1.1385160451	1.8170320901	-589546.2071748949
800001	1.5706204400	1.8170320901	-596714.5423993923
900001	1.5870495558	1.8170320901	-596841.7616795263
