site	rate	t	lnL
1	1.9143739747	1.8736638884	-598514.8903118608
100001	1.0375542002	1.8736638884	-587292.0306127165
200001	2.1951880848	1.8736638884	-598913.9156723069
300001	1.4536753723	1.8736638884	-596076.4081245691
400001	0.1791171081	1.8736638884	-437729.6660976268
500001	1.8640591857	1.8736638884	-598392.9552545379
600001	0.5044542232	1.8736638884	-538594.7267064089
700001	1.5373756199	1.8736638884	-596828.4602519949
800001	1.9157962124	1.8736638884	-598518.0419066553
900001	1.4576270227	1.8736638884	-596116.6660097325
