site	rate	t	lnL
1	1.8830797610	1.9364155740	-598581.7512746294
100001	0.9875579353	1.9364155740	-586642.7363460470
200001	1.5904645131	1.9364155740	-597531.3275996476
300001	1.3936435851	1.9364155740	-595936.5196897105
400001	0.1208856293	1.9364155740	-407752.0951113556
500001	1.6333496873	1.9364155740	-597758.9494672327
600001	1.0009015862	1.9364155740	-587174.3772943501
700001	1.2256391859	1.9364155740	-593458.6465510669
800001	1.6307861656	1.9364155740	-597746.2626748001
900001	1.6387748599	1.9364155740	-597785.4329421401
