site	rate	t	lnL
1	1.9256233570	1.8578048168	-598503.5779019863
100001	1.0322294214	1.8578048168	-586754.8062764445
200001	2.2121972779	1.8578048168	-598912.4779777899
300001	1.4413657739	1.8578048168	-595815.0344243419
400001	0.1764068576	1.8578048168	-435609.3446793639
500001	1.9260295783	1.8578048168	-598504.4861519272
600001	0.5011023136	1.8578048168	-537203.9064308425
700001	1.5147513488	1.8578048168	-596534.5957797501
800001	1.8632837253	1.8578048168	-598348.0658202980
900001	1.4620419374	1.8578048168	-596035.0559258880
