site	rate	t	lnL
1	1.3681873923	0.6558980991	-533796.6560759783
100001	0.7855201839	0.6558980991	-478725.4927392749
200001	1.2669753600	0.6558980991	-526498.0476893199
300001	1.2394827463	0.6558980991	-524378.6278601872
400001	0.1587999151	0.6558980991	-358404.9184979925
500001	1.2650606075	0.6558980991	-526352.4190254392
600001	0.8934936506	0.6558980991	-491693.2553260445
700001	0.9226365999	0.6558980991	-494937.8888294495
800001	1.2621199928	0.6558980991	-526128.1626536066
900001	1.2908131964	0.6558980991	-528287.0383821108
