site	rate	t	lnL
1	1.6373633346	1.4628163182	-593670.4051202552
100001	0.8376458262	1.4628163182	-560496.3650292880
200001	1.4168857917	1.4628163182	-589610.0029934719
300001	1.3466863425	1.4628163182	-587798.8847459803
400001	0.1261040227	1.4628163182	-390665.0466285584
500001	1.4205551596	1.4628163182	-589696.6215719929
600001	0.9635584751	1.4628163182	-570457.1294999034
700001	1.0210910041	1.4628163182	-574134.2547458579
800001	1.4235507299	1.4628163182	-589766.7843710256
900001	1.4754121400	1.4628163182	-590905.2215567783
