site	rate	t	lnL
1	1.9490909171	1.8704198228	-598580.8930697821
100001	1.0460008164	1.8704198228	-587537.7248023807
200001	2.2031397393	1.8704198228	-598917.3494790744
300001	1.4325461454	1.8704198228	-595825.0003396964
400001	0.1784210872	1.8704198228	-437225.5959684084
500001	1.9012791674	1.8704198228	-598477.4554298948
600001	0.5020374487	1.8704198228	-537996.6876092009
700001	1.5305971537	1.8704198228	-596753.5556845914
800001	1.8938403115	1.8704198228	-598459.7866468026
900001	1.4497184725	1.8704198228	-596009.4305890474
