site	rate	t	lnL
1	1.5898485096	1.3883554795	-591569.1455206843
100001	0.8247232100	1.3883554795	-555168.0859728368
200001	1.4043815679	1.3883554795	-587406.3355671546
300001	1.3371815142	1.3883554795	-585415.5414285717
400001	0.1266756523	1.3883554795	-387508.6753286291
500001	1.4161994645	1.3883554795	-587726.5574570452
600001	0.9547169067	1.3883554795	-566267.8114043033
700001	0.9987580752	1.3883554795	-569370.6000403847
800001	1.4033167259	1.3883554795	-587377.0649896201
900001	1.4624430577	1.3883554795	-588901.0875195068
