site	rate	t	lnL
1	1.5977636157	1.3883428560	-591710.5434398857
100001	0.8266154246	1.3883428560	-555352.4566973717
200001	1.4052472716	1.3883428560	-587429.7329440798
300001	1.3333214322	1.3883428560	-585291.4862431018
400001	0.1265683097	1.3883428560	-387452.8207915816
500001	1.4024788178	1.3883428560	-587353.6294562778
600001	0.9544689064	1.3883428560	-566248.8330174061
700001	1.0086951995	1.3883428560	-570029.8752765834
800001	1.4057275122	1.3883428560	-587442.8865088120
900001	1.4495779644	1.3883428560	-588586.1602453345
