site	rate	t	lnL
1	1.9435513775	1.8710011507	-598570.9822064518
100001	1.0411576090	1.8710011507	-587371.2076950298
200001	2.2416378592	1.8710011507	-598947.4563041832
300001	1.4319370465	1.8710011507	-595823.1892379660
400001	0.1785227671	1.8710011507	-437304.4117138462
500001	1.8786810548	1.8710011507	-598423.8440539680
600001	0.5067670306	1.8710011507	-538882.4909885258
700001	1.5291369879	1.8710011507	-596745.6146369114
800001	1.8622918066	1.8710011507	-598381.2264242457
900001	1.4530933749	1.8710011507	-596049.1580877609
