site	rate	t	lnL
1	1.6536536932	1.5287166756	-594805.4619349283
100001	0.8493142309	1.5287166756	-564793.1478050335
200001	1.4567069004	1.5287166756	-591820.2376114263
300001	1.3556967063	1.5287166756	-589607.2914711493
400001	0.1210157123	1.5287166756	-390858.2837019740
500001	1.4497221968	1.5287166756	-591684.5714823167
600001	0.9697246604	1.5287166756	-573671.0876465539
700001	1.0372556366	1.5287166756	-577634.0480704729
800001	1.4562600726	1.5287166756	-591811.6321515312
900001	1.4955666476	1.5287166756	-592532.9634162628
