site	rate	t	lnL
1	2.0123213202	1.8223834830	-598603.4397672318
100001	0.9901829020	1.8223834830	-584169.8583771082
200001	2.2506394519	1.8223834830	-598908.7208890407
300001	1.4708964440	1.8223834830	-595831.3361042788
400001	0.1728105268	1.8223834830	-432094.6213651634
500001	1.9151848159	1.8223834830	-598389.5425230726
600001	0.4818320680	1.8223834830	-531752.5455327500
700001	1.4767440435	1.8223834830	-595893.5308051358
800001	1.8901923493	1.8223834830	-598322.4141926694
900001	1.4949323708	1.8223834830	-596079.9172441273
