site	rate	t	lnL
1	1.5540970138	1.3036962216	-588825.8238357074
100001	0.8094064321	1.3036962216	-548360.4525201772
200001	1.3710978685	1.3036962216	-583739.6098836843
300001	1.3339972045	1.3036962216	-582449.5343333182
400001	0.1297207849	1.3036962216	-384984.1226367403
500001	1.3877261593	1.3036962216	-584286.2946328212
600001	0.9504863975	1.3036962216	-561347.7528878766
700001	0.9885481945	1.3036962216	-564256.3908850180
800001	1.3843812170	1.3036962216	-584177.8438539937
900001	1.4335324060	1.3036962216	-585697.8026050396
