site	rate	t	lnL
1	1.9247511692	1.8705225101	-598530.5786435858
100001	1.0354182714	1.8705225101	-587146.3726581340
200001	2.2174259405	1.8705225101	-598928.9037008743
300001	1.4561164238	1.8705225101	-596076.4081245692
400001	0.1791267483	1.8705225101	-437584.0436817275
500001	1.8960740005	1.8705225101	-598465.3881257025
600001	0.5021106646	1.8705225101	-538015.0801975456
700001	1.5206519012	1.8705225101	-596672.8605200280
800001	1.9003868022	1.8705225101	-598475.6050963862
900001	1.4555163242	1.8705225101	-596070.2633051238
