site	rate	t	lnL
1	2.0012449873	1.8263311403	-598590.7274933927
100001	0.9876923059	1.8263311403	-584153.8828436839
200001	2.2634731314	1.8263311403	-598923.0201317513
300001	1.4694022540	1.8263311403	-595849.4117710519
400001	0.1728873233	1.8263311403	-432322.9861394680
500001	1.9510265096	1.8263311403	-598486.2137957381
600001	0.4838641499	1.8263311403	-532353.2808352805
700001	1.4690648869	1.8263311403	-595845.7997823623
800001	1.9459670100	1.8263311403	-598474.6790869441
900001	1.4771335709	1.8263311403	-595931.1585434241
