site	rate	t	lnL
1	1.7505132139	1.7571505039	-597519.8387590722
100001	0.9103921785	1.7571505039	-578124.3686330544
200001	1.5283068241	1.7571505039	-595860.2382954907
300001	1.3842492201	1.7571505039	-594013.9392247215
400001	0.1203733412	1.7571505039	-400207.2082487897
500001	1.5581547797	1.7571505039	-596153.2372577209
600001	0.9881763411	1.7571505039	-582373.0864928630
700001	1.1174255356	1.7571505039	-587674.3782465114
800001	1.5304190849	1.7571505039	-595881.8488140946
900001	1.5760231142	1.7571505039	-596316.4446608641
