site	rate	t	lnL
1	1.7515957990	1.6781563477	-597062.3177629433
100001	0.8840894131	1.6781563477	-573721.1994361473
200001	1.4961895723	1.6781563477	-594672.8856085568
300001	1.3855405358	1.6781563477	-592962.7082034455
400001	0.1183700914	1.6781563477	-395737.8011199515
500001	1.4964213574	1.6781563477	-594675.9390609682
600001	0.9796314565	1.6781563477	-579602.7922504522
700001	1.0896731213	1.6781563477	-584761.3647594868
800001	1.5105758121	1.6781563477	-594858.6571785244
900001	1.5483901495	1.6781563477	-595312.3598520593
