site	rate	t	lnL
1	1.2786647663	0.2461132376	-432030.4883719835
100001	0.8038370701	0.2461132376	-395452.7790075893
200001	1.2019395919	0.2461132376	-426684.5912801973
300001	1.1963669541	0.2461132376	-426288.6459590949
400001	0.1885625029	0.2461132376	-330019.0663708990
500001	1.2230944568	0.2461132376	-428178.0388079172
600001	0.8731276216	0.2461132376	-401358.3556540476
700001	0.9096117030	0.2461132376	-404381.4609236176
800001	1.2233257618	0.2461132376	-428194.2761317043
900001	1.2335684615	0.2461132376	-428911.9177569771
