site	rate	t	lnL
1	1.7784508135	1.7841924341	-597784.8048884429
100001	0.9256409580	1.7841924341	-579844.5966441156
200001	1.5418811348	1.7841924341	-596222.4035770989
300001	1.3849074192	1.7841924341	-594348.8370871817
400001	0.1197529603	1.7841924341	-400941.0844498533
500001	1.5607644212	1.7841924341	-596393.3053671349
600001	0.9977072622	1.7841924341	-583548.7921359026
700001	1.1210361273	1.7841924341	-588362.9318660088
800001	1.5424361354	1.7841924341	-596227.5648884098
900001	1.5747927299	1.7841924341	-596514.0065228669
