site	rate	t	lnL
1	1.8045745243	1.8187955480	-598032.4791572604
100001	0.9275062337	1.8187955480	-580941.6978152805
200001	1.5765806931	1.8187955480	-596773.3614333021
300001	1.3897682120	1.8187955480	-594803.4495613051
400001	0.1194056898	1.8187955480	-402133.6224711317
500001	1.5777018209	1.8187955480	-596782.0547228634
600001	0.9904155555	1.8187955480	-584091.5199561107
700001	1.1434459313	1.8187955480	-589723.6300840692
800001	1.5827245284	1.8187955480	-596820.6213056933
900001	1.5934324758	1.8187955480	-596900.8441595393
