site	rate	t	lnL
1	1.9611976451	1.8684199992	-598600.4852605737
100001	1.0379528944	1.8684199992	-587197.9417118995
200001	2.1840662414	1.8684199992	-598899.0601660976
300001	1.4261719929	1.8684199992	-595736.7108948824
400001	0.1784390250	1.8684199992	-437138.8751840616
500001	1.8871799968	1.8684199992	-598438.6019470925
600001	0.5048706453	1.8684199992	-538413.9663499957
700001	1.5255680978	1.8684199992	-596699.3458484442
800001	1.8763742715	1.8684199992	-598411.3637224232
900001	1.4657981397	1.8684199992	-596157.5791258154
