site	rate	t	lnL
1	1.4107713808	0.8215596393	-556147.4567889704
100001	0.7866301994	0.8215596393	-501577.8094262882
200001	1.2822043819	0.8215596393	-548212.9019950357
300001	1.2626338686	0.8215596393	-546885.5408583974
400001	0.1503826456	0.8215596393	-366819.9464416094
500001	1.2886508808	0.8215596393	-548642.8308205649
600001	0.9034094016	0.8215596393	-515443.4296369411
700001	0.9387436103	0.8215596393	-519231.7409844510
800001	1.2798554413	0.8215596393	-548055.3465725932
900001	1.3206463122	0.8215596393	-550724.5979427765
