site	rate	t	lnL
1	1.7814755083	1.7553766210	-597665.2210818907
100001	0.9073471972	1.7553766210	-577882.4210043044
200001	1.5275691229	1.7553766210	-595836.7629306454
300001	1.3881800425	1.7553766210	-594053.6016868344
400001	0.1188082032	1.7553766210	-399190.1011381818
500001	1.5313481839	1.7553766210	-595875.5516082256
600001	0.9882225171	1.7553766210	-582326.4921104535
700001	1.1172318647	1.7553766210	-587629.3767867386
800001	1.5474443794	1.7553766210	-596035.9380606463
900001	1.5815502566	1.7553766210	-596351.1796404012
