site	rate	t	lnL
1	1.6990021835	1.5870996403	-595924.0048038999
100001	0.8615457703	1.5870996403	-568424.5467371385
200001	1.4562755466	1.5870996403	-592812.1473464137
300001	1.3556977911	1.5870996403	-590811.2657771845
400001	0.1223603846	1.5870996403	-394164.4216865932
500001	1.4793732709	1.5870996403	-593201.8665273325
600001	0.9692478806	1.5870996403	-575895.2158679224
700001	1.0534142437	1.5870996403	-580482.4458605475
800001	1.4649653552	1.5870996403	-592961.5552964540
900001	1.5310571174	1.5870996403	-593992.4507447022
