site	rate	t	lnL
1	2.0946252302	1.7164370292	-598524.7718853611
100001	0.8834458017	1.7164370292	-575045.9164259307
200001	2.2658152500	1.7164370292	-598789.7396330439
300001	1.5176619208	1.7164370292	-595356.3435940405
400001	0.1669912632	1.7164370292	-424013.2877206959
500001	2.0032238194	1.7164370292	-598312.7675698036
600001	0.4325003455	1.7164370292	-515464.1030102102
700001	1.3806800292	1.7164370292	-593423.9880483273
800001	1.9907550092	1.7164370292	-598278.8800079812
900001	1.5449268669	1.7164370292	-595657.6668635461
