site	rate	t	lnL
1	1.9324062953	1.8711513029	-598548.2943904541
100001	1.0473457337	1.8711513029	-587601.7635598585
200001	2.2022787980	1.8711513029	-598917.3494790739
300001	1.4418348331	1.8711513029	-595932.0523153828
400001	0.1770177920	1.8711513029	-436554.8409443729
500001	1.8745737303	1.8711513029	-598413.7710508618
600001	0.5057544981	1.8711513029	-538707.2755663006
700001	1.5264639358	1.8711513029	-596724.9178612017
800001	1.8859570102	1.8711513029	-598442.3887504321
900001	1.4599298110	1.8711513029	-596120.1566430433
