site	rate	t	lnL
1	1.7614865776	1.7179142820	-597365.3028038325
100001	0.8942165876	1.7179142820	-575814.8817788614
200001	1.5301156502	1.7179142820	-595511.5223386937
300001	1.3868133342	1.7179142820	-593547.7153857709
400001	0.1188157223	1.7179142820	-397653.2995503800
500001	1.5423829979	1.7179142820	-595644.7313529177
600001	0.9763712163	1.7179142820	-580649.7596655210
700001	1.0963638964	1.7179142820	-586022.1416042834
800001	1.5353167063	1.7179142820	-595568.5862650445
900001	1.5506784265	1.7179142820	-595732.1349940216
