site	rate	t	lnL
1	1.9319796054	1.8717669202	-598548.7343535629
100001	1.0410869521	1.8717669202	-587384.3851179716
200001	2.2216775524	1.8717669202	-598933.3377344912
300001	1.4379479204	1.8717669202	-595895.3265544865
400001	0.1786225478	1.8717669202	-437391.0855811703
500001	1.8624470423	1.8717669202	-598383.6764556895
600001	0.5051825779	1.8717669202	-538633.9965630722
700001	1.5380326742	1.8717669202	-596821.4056858660
800001	1.8855286305	1.8717669202	-598442.8614743339
900001	1.4574668894	1.8717669202	-596100.0635216886
