site	rate	t	lnL
1	1.8497661476	1.9044731280	-598434.3311500975
100001	0.9729648940	1.9044731280	-585334.9512554877
200001	1.5907608192	1.9044731280	-597376.5341269636
300001	1.4050007357	1.9044731280	-595803.2412296033
400001	0.1192241172	1.9044731280	-405442.1613699634
500001	1.6317707852	1.9044731280	-597611.4538501044
600001	0.9928697686	1.9044731280	-586184.7529796596
700001	1.1935735129	1.9044731280	-592380.9374226247
800001	1.6296734057	1.9044731280	-597600.2064980504
900001	1.6266039055	1.9044731280	-597583.6038335349
