site	rate	t	lnL
1	1.6967475046	1.5830775991	-595863.8439881734
100001	0.8640740214	1.5830775991	-568451.3088978986
200001	1.4672608479	1.5830775991	-592937.3253955797
300001	1.3685892507	1.5830775991	-591021.7884319056
400001	0.1212436984	1.5830775991	-393358.5481772042
500001	1.4600423152	1.5830775991	-592813.3107473160
600001	0.9747522610	1.5830775991	-576077.9380751681
700001	1.0435122885	1.5830775991	-579858.5815728077
800001	1.4629333349	1.5830775991	-592863.2602535398
900001	1.5244611487	1.5830775991	-593841.0664709599
