site	rate	t	lnL
1	1.3753742567	0.6570853367	-534455.0024621555
100001	0.7829750593	0.6570853367	-478581.6730372786
200001	1.2615267866	0.6570853367	-526257.1415038384
300001	1.2456821320	0.6570853367	-525036.8708593996
400001	0.1593665622	0.6570853367	-358654.8891159339
500001	1.2641712138	0.6570853367	-526458.8506674134
600001	0.8988614094	0.6570853367	-492481.4293914087
700001	0.9209402883	0.6570853367	-494934.6678617058
800001	1.2527444156	0.6570853367	-525583.2727536182
900001	1.2922959051	0.6570853367	-528569.7426023165
