site	rate	t	lnL
1	1.9593530001	1.8699693552	-598600.0626067682
100001	1.0422850523	1.8699693552	-587391.7035905749
200001	2.1903135201	1.8699693552	-598906.1037010018
300001	1.4398287284	1.8699693552	-595900.7114332134
400001	0.1784169290	1.8699693552	-437201.9472837574
500001	1.8960493115	1.8699693552	-598463.9896458184
600001	0.5065674216	1.8699693552	-538796.2139090151
700001	1.5087609775	1.8699693552	-596568.2204522517
800001	1.9021318363	1.8699693552	-598478.3797536949
900001	1.4386663505	1.8699693552	-595888.1411885979
