site	rate	t	lnL
1	1.8410219174	1.8855799392	-598362.4942204434
100001	0.9697686854	1.8855799392	-584759.7904124020
200001	1.5613443173	1.8855799392	-597079.5381685101
300001	1.4044453695	1.8855799392	-595635.4800979518
400001	0.1179514980	1.8855799392	-403893.6733119983
500001	1.6022148210	1.8855799392	-597349.1061464285
600001	0.9995732713	1.8855799392	-586051.0699780909
700001	1.1839698822	1.8855799392	-591890.1693637574
800001	1.6000436266	1.8855799392	-597335.6804493545
900001	1.6463757243	1.8855799392	-597602.1938247819
