site	rate	t	lnL
1	1.6960404730	1.6336011916	-596323.2357650913
100001	0.8684947472	1.6336011916	-570886.1633874027
200001	1.4798375876	1.6336011916	-593879.0704306366
300001	1.3715403458	1.6336011916	-591990.3303583104
400001	0.1204834860	1.6336011916	-395094.9736717772
500001	1.5031904600	1.6336011916	-594218.4621474331
600001	0.9812905875	1.6336011916	-578239.5803927616
700001	1.0648905907	1.6336011916	-582462.8168980819
800001	1.4962463188	1.6336011916	-594119.7969368892
900001	1.5365209755	1.6336011916	-594666.7762709262
