site	rate	t	lnL
1	1.2945532544	0.2457928568	-432999.0690672566
100001	0.7913371301	0.2457928568	-394273.5194241176
200001	1.1995936257	0.2457928568	-426407.0750076252
300001	1.2066737123	0.2457928568	-426908.8692069417
400001	0.1953182704	0.2457928568	-330893.0826449870
500001	1.2085755912	0.2457928568	-427043.3571929922
600001	0.8805885772	0.2457928568	-401885.7583779553
700001	0.9097795902	0.2457928568	-404298.0225103790
800001	1.2077689345	0.2457928568	-426986.3088939712
900001	1.2367429465	0.2457928568	-429021.2409419168
