site	rate	t	lnL
1	1.8603143147	1.9197960709	-598496.2915432198
100001	0.9789497305	1.9197960709	-585932.1645747665
200001	1.6069844884	1.9197960709	-597546.8171307340
300001	1.3977040110	1.9197960709	-595847.6059733385
400001	0.1191264151	1.9197960709	-405984.2013755434
500001	1.6275287112	1.9197960709	-597658.0551692083
600001	0.9956993394	1.9197960709	-586626.2687055634
700001	1.2191143456	1.9197960709	-593124.4483969335
800001	1.6219455675	1.9197960709	-597628.5890515690
900001	1.6340553927	1.9197960709	-597691.8022192487
