site	rate	t	lnL
1	1.3374882410	0.4658958888	-497896.6691424772
100001	0.7903703454	0.4658958888	-446189.1498377673
200001	1.2331760719	0.4658958888	-489689.2944653278
300001	1.2267645192	0.4658958888	-489162.8421489793
400001	0.1732804768	0.4658958888	-347573.4131239781
500001	1.2359873885	0.4658958888	-489919.2857427509
600001	0.8898102500	0.4658958888	-457368.4692465749
700001	0.9099803007	0.4658958888	-459524.9958577306
800001	1.2283656608	0.4658958888	-489294.5541374933
900001	1.2603166863	0.4658958888	-491888.8941875852
