site	rate	t	lnL
1	1.7677198301	1.7520448607	-597581.6065257690
100001	0.9070674245	1.7520448607	-577759.2682285734
200001	1.5302985055	1.7520448607	-595834.9543813482
300001	1.3996828207	1.7520448607	-594189.8952140004
400001	0.1199822851	1.7520448607	-399761.5422142936
500001	1.5299478193	1.7520448607	-595831.3361042785
600001	0.9896254126	1.7520448607	-582303.1776495947
700001	1.1134937818	1.7520448607	-587428.2711052721
800001	1.5274111727	1.7520448607	-595805.0566451377
900001	1.5704547978	1.7520448607	-596224.9846900767
