site	rate	t	lnL
1	1.8337775555	1.8451334407	-598223.2340478544
100001	0.9441743212	1.8451334407	-582532.4885034914
200001	1.5803983659	1.8451334407	-596972.2868252853
300001	1.3802456517	1.8451334407	-594946.4148430367
400001	0.1199245963	1.8451334407	-403515.1962908458
500001	1.5992662039	1.8451334407	-597104.8867374650
600001	0.9958420595	1.8451334407	-584971.7664743970
700001	1.1513502598	1.8451334407	-590414.4486298058
800001	1.5826154484	1.8451334407	-596988.2879922932
900001	1.6018907000	1.8451334407	-597122.7023139005
