site	rate	t	lnL
1	1.7343812776	0.8768270972	-575217.7645209169
100001	0.6493902912	0.8768270972	-488783.8026383306
200001	1.5494469786	0.8768270972	-567984.8964354044
300001	1.4784641659	0.8768270972	-564681.7428956929
400001	0.1459682206	0.8768270972	-368684.5015648236
500001	1.5539400357	0.8768270972	-568183.3197153035
600001	0.4415524636	0.8768270972	-450871.4573354720
700001	0.8098403128	0.8768270972	-511040.5119533534
800001	1.5305015139	0.8768270972	-567134.5670006276
900001	1.4588397094	0.8768270972	-563710.2277719937
