site	rate	t	lnL
1	2.8204205158	1.6915160463	-599081.4540940007
100001	0.7587251876	1.6915160463	-563952.3746021497
200001	2.0877284470	1.6915160463	-598445.6948922971
300001	2.0472523372	1.6915160463	-598350.0627612857
400001	0.1177844629	1.6915160463	-395945.7357304567
500001	2.1675213254	1.6915160463	-598602.5963494342
600001	0.5772691472	1.6915160463	-541545.1136369288
700001	0.9115359263	1.6915160463	-576031.3734945279
800001	2.1761022498	1.6915160463	-598617.2720580332
900001	1.9737721562	1.6915160463	-598143.0528664530
