site	rate	t	lnL
1	1.9161284813	1.1592879833	-591750.0544325705
100001	0.6631276070	1.1592879833	-518915.2166028182
200001	1.6827077208	1.1592879833	-587425.3472287199
300001	1.6151677544	1.1592879833	-585777.6217473119
400001	0.1308812490	1.1592879833	-378295.6494444893
500001	1.7026070625	1.1592879833	-587872.4859428410
600001	0.4583113167	1.1592879833	-481809.7581843332
700001	0.8304887550	1.1592879833	-540272.3812800635
800001	1.6814950695	1.1592879833	-587397.5571762878
900001	1.5864756673	1.1592879833	-585012.4614702982
