site	rate	t	lnL
1	2.7712149004	1.9338347922	-599125.9906939320
100001	0.8809908592	1.9338347922	-581439.2814037167
200001	2.1072954927	1.9338347922	-598896.3947505478
300001	1.9948623053	1.9338347922	-598767.7978479889
400001	0.1155933046	1.9338347922	-404271.6686723818
500001	2.1738790992	1.9338347922	-598951.1808428451
600001	0.7848999380	1.9338347922	-575104.5066497455
700001	0.9797094283	1.9338347922	-586265.0271808378
800001	2.1469003940	1.9338347922	-598930.5714042025
900001	1.9930614592	1.9338347922	-598765.2833921844
