site	rate	t	lnL
1	2.7712723903	1.9289836924	-599125.4451394781
100001	0.8675549807	1.9289836924	-580532.5235174054
200001	2.0790169306	1.9289836924	-598863.3915661930
300001	2.0455035686	1.9289836924	-598826.2048497727
400001	0.1157134298	1.9289836924	-404161.8358593508
500001	2.1904246113	1.9289836924	-598959.0520393457
600001	0.7836225366	1.9289836924	-574856.5742078797
700001	0.9784133380	1.9289836924	-586107.3379784372
800001	2.1896780644	1.9289836924	-598958.5319672893
900001	1.9810992728	1.9289836924	-598740.8373095242
