site	rate	t	lnL
1	2.7503348989	1.9248986199	-599123.1931675522
100001	0.8757018433	1.9248986199	-580902.2968001135
200001	2.0898038822	1.9248986199	-598869.9554144845
300001	2.0364445158	1.9248986199	-598810.0673864004
400001	0.1155012080	1.9248986199	-403867.2835877017
500001	2.1170782743	1.9248986199	-598896.3947505483
600001	0.7790502281	1.9248986199	-574375.2176932085
700001	0.9722875360	1.9248986199	-585757.6830312605
800001	2.2223306191	1.9248986199	-598977.0798330185
900001	1.9783573990	1.9248986199	-598730.4185246193
