site	rate	t	lnL
1	2.7406218398	1.9037524637	-599119.4001828358
100001	0.8636303363	1.9037524637	-579608.0601961613
200001	2.1211075768	1.9037524637	-598877.9843317842
300001	2.0453129516	1.9037524637	-598792.8754023886
400001	0.1155149725	1.9037524637	-403056.8573115635
500001	2.2027074458	1.9037524637	-598947.1890189039
600001	0.7483677819	1.9037524637	-571157.6403135873
700001	0.9661176808	1.9037524637	-585014.0258221063
800001	2.1783710986	1.9037524637	-598928.6251743721
900001	2.0426073578	1.9037524637	-598789.3904401805
