site	rate	t	lnL
1	2.7828672058	1.9201552197	-599125.3535346738
100001	0.8715730413	1.9201552197	-580534.2494817608
200001	2.1057940079	1.9201552197	-598880.7383091148
300001	2.0378957578	1.9201552197	-598805.6348788392
400001	0.1143165012	1.9201552197	-402920.0998441789
500001	2.1868043594	1.9201552197	-598949.3226479755
600001	0.7657043194	1.9201552197	-573160.3020654746
700001	0.9745113871	1.9201552197	-585750.0114404957
800001	2.2061502333	1.9201552197	-598962.9312480851
900001	2.0431354483	1.9201552197	-598812.1042708949
