site	rate	t	lnL
1	2.8342181378	1.9344830169	-599130.4252536242
100001	0.8767346988	1.9344830169	-581213.2499646179
200001	2.0995912216	1.9344830169	-598889.8241150384
300001	2.0725070013	1.9344830169	-598862.7627663973
400001	0.1158948874	1.9344830169	-404491.2126537595
500001	2.1580731597	1.9344830169	-598939.9096046680
600001	0.7844383384	1.9344830169	-575089.3913935279
700001	0.9742327322	1.9344830169	-586048.0259718756
800001	2.1973900080	1.9344830169	-598968.0448631867
900001	1.9702750279	1.9344830169	-598733.0343694577
