site	rate	t	lnL
1	2.6770075449	1.9326706728	-599116.9696902223
100001	0.8817009644	1.9326706728	-581449.4542699609
200001	2.0869042004	1.9326706728	-598875.5254355238
300001	2.0296293601	1.9326706728	-598811.7651802948
400001	0.1148258561	1.9326706728	-403730.8993083560
500001	2.1654365609	1.9326706728	-598943.9686457012
600001	0.7829926318	1.9326706728	-574922.9032421157
700001	0.9801549403	1.9326706728	-586258.9750414176
800001	2.1810569980	1.9326706728	-598955.3975009371
900001	2.0009881566	1.9326706728	-598774.5848678345
