site	rate	t	lnL
1	2.7276671083	1.9008883353	-599117.6134968289
100001	0.8582379601	1.9008883353	-579193.8850228108
200001	2.1350917136	1.9008883353	-598888.3198853622
300001	2.0955793965	1.9008883353	-598848.4464935923
400001	0.1153786991	1.9008883353	-402858.3177122511
500001	2.2765921613	1.9008883353	-598992.6006027332
600001	0.7377053048	1.9008883353	-570118.7327074072
700001	0.9687939408	1.9008883353	-585068.7388892010
800001	2.2220421610	1.9008883353	-598958.5319672896
900001	2.0149529484	1.9008883353	-598747.4721970509
