site	rate	t	lnL
1	2.8716251151	1.8435959060	-599123.1931675514
100001	0.8277390563	1.8435959060	-575423.0345300969
200001	2.2017735367	1.8435959060	-598888.6210539677
300001	2.0739001830	1.8435959060	-598742.3159891887
400001	0.1161135406	1.8435959060	-401078.7604302322
500001	2.2299440800	1.8435959060	-598913.0535452515
600001	0.6761716091	1.8435959060	-561798.5075400540
700001	0.9600008943	1.8435959060	-583280.5650791917
800001	2.2674419109	1.8435959060	-598942.0790647124
900001	2.0204475551	1.8435959060	-598659.4196905901
