site	rate	t	lnL
1	2.8429972254	1.9338931220	-599130.9029331974
100001	0.8773879360	1.9338931220	-581235.3881714122
200001	2.1075531776	1.9338931220	-598896.6915557458
300001	2.0305514542	1.9338931220	-598814.4735328720
400001	0.1159030173	1.9338931220	-404473.6550982810
500001	2.1774713005	1.9338931220	-598953.8212546454
600001	0.7848514309	1.9338931220	-575102.6174254316
700001	0.9693241249	1.9338931220	-585825.1246378436
800001	2.1818938511	1.9338931220	-598956.9677402329
900001	2.0115685341	1.9338931220	-598790.4375544941
