site	rate	t	lnL
1	2.9118371403	1.9384757418	-599134.8149375516
100001	0.8738639013	1.9384757418	-581151.8934711594
200001	2.1168376386	1.9384757418	-598909.5903543284
300001	2.0422715845	1.9384757418	-598834.1380824698
400001	0.1155474926	1.9384757418	-404420.9762123766
500001	2.1782151314	1.9384757418	-598958.0112266231
600001	0.7866759674	1.9384757418	-575381.6540078975
700001	0.9793541765	1.9384757418	-586348.1397976233
800001	2.1997679644	1.9384757418	-598972.5896459050
900001	1.9973375290	1.9384757418	-598777.7803923695
