site	rate	t	lnL
1	2.7973306479	1.9346651920	-599128.0171688927
100001	0.8872013237	1.9346651920	-581809.2413150355
200001	2.0798622062	1.9346651920	-598870.5768672726
300001	2.0355726394	1.9346651920	-598821.5353506090
400001	0.1152648197	1.9346651920	-404091.5215533322
500001	2.1725825248	1.9346651920	-598950.9158856620
600001	0.7863284615	1.9346651920	-575238.5080543102
700001	0.9694340275	1.9346651920	-585846.5575518787
800001	2.1930000995	1.9346651920	-598965.2406812485
900001	1.9715683441	1.9346651920	-598735.2706104356
