site	rate	t	lnL
1	2.6442217671	1.6930939907	-599031.2463229593
100001	0.7576816069	1.6930939907	-563919.9780165377
200001	2.0984525982	1.6930939907	-598473.2890197953
300001	2.0339480578	1.6930939907	-598320.8942879940
400001	0.1181908467	1.6930939907	-396252.8447699882
500001	2.1260013225	1.6930939907	-598529.6868625834
600001	0.5800914583	1.6930939907	-542066.2568129137
700001	0.9209443334	1.6930939907	-576680.2605327617
800001	2.1820218741	1.6930939907	-598630.5333093945
900001	1.9861186158	1.6930939907	-598186.7516186514
