site	rate	t	lnL
1	1.9331859377	1.1593518046	-591998.8564324736
100001	0.6599436421	1.1593518046	-518446.8200543423
200001	1.6788552863	1.1593518046	-587338.9736448557
300001	1.6077868600	1.1593518046	-585587.0012190585
400001	0.1307366793	1.1593518046	-378233.0767048621
500001	1.6972357986	1.1593518046	-587755.5084587713
600001	0.4619855333	1.1593518046	-482617.6226868138
700001	0.8324666267	1.1593518046	-540492.5342907199
800001	1.6792369076	1.1593518046	-587347.7679256196
900001	1.5843342220	1.1593518046	-584956.1033534739
