site	rate	t	lnL
1	2.7289603186	1.9293751722	-599121.8281068219
100001	0.8719946396	1.9293751722	-580804.5205343397
200001	2.1251732537	1.9293751722	-598908.1404311563
300001	2.0729080723	1.9293751722	-598857.3922360112
400001	0.1163382776	1.9293751722	-404578.9848899675
500001	2.1800015669	1.9293751722	-598951.9747154565
600001	0.7759733065	1.9293751722	-574275.8720134025
700001	0.9748043758	1.9293751722	-585962.6901280880
800001	2.1425856179	1.9293751722	-598923.0201317507
900001	2.0202979938	1.9293751722	-598795.6522173742
