site	rate	t	lnL
1	2.1478517880	1.3648627124	-597032.2296117559
100001	0.6880359668	1.3648627124	-538001.9428395081
200001	1.8056649845	1.3648627124	-594294.3283109500
300001	1.7431240563	1.3648627124	-593515.4900713797
400001	0.1230857844	1.3648627124	-384561.1316967693
500001	1.8172724555	1.3648627124	-594427.0349847518
600001	0.4912735092	1.3648627124	-505290.6391843153
700001	0.8528898360	1.3648627124	-556494.5163402001
800001	1.8220793036	1.3648627124	-594480.9594849843
900001	1.7148684447	1.3648627124	-593125.5896608004
