site	rate	t	lnL
1	2.8412368677	1.9332889424	-599130.7444908394
100001	0.8766827848	1.9332889424	-581179.1722160709
200001	2.0933547620	1.9332889424	-598882.5670621919
300001	2.0971073100	1.9332889424	-598886.2071902201
400001	0.1167369552	1.9332889424	-404986.7860631031
500001	2.1615347313	1.9332889424	-598941.5376931618
600001	0.7773793029	1.9332889424	-574508.7314258486
700001	0.9721172727	1.9332889424	-585932.1645747690
800001	2.2111183414	1.9332889424	-598976.0867392119
900001	1.9791811324	1.9332889424	-598744.5294457616
