site	rate	t	lnL
1	2.9065241477	1.8969726500	-599131.3735519886
100001	0.8616001374	1.8969726500	-579292.8609615657
200001	2.1534965708	1.8969726500	-598901.1241899008
300001	2.0359971378	1.8969726500	-598771.0196676169
400001	0.1154578956	1.8969726500	-402756.7905147069
500001	2.1709358608	1.8969726500	-598916.2074917712
600001	0.7385968826	1.8969726500	-570062.1980861278
700001	0.9725813238	1.8969726500	-585148.3268821051
800001	2.1528364834	1.8969726500	-598900.5352798098
900001	2.0000320945	1.8969726500	-598719.1237888515
