site	rate	t	lnL
1	2.8926575190	1.7485850861	-599109.4351636786
100001	0.7745154732	1.7485850861	-567767.3627765044
200001	2.1609979366	1.7485850861	-598706.5427762544
300001	2.0660696464	1.7485850861	-598544.7695325665
400001	0.1173299772	1.7485850861	-398016.9467458932
500001	2.1786537293	1.7485850861	-598731.5405100834
600001	0.6091711021	1.7485850861	-549164.3606934435
700001	0.9287609267	1.7485850861	-578949.2379277376
800001	2.3062675384	1.7485850861	-598875.2173516841
900001	2.0108125087	1.7485850861	-598425.2780672908
