site	rate	t	lnL
1	2.5972308534	1.6151065701	-598947.7234233250
100001	0.7313124174	1.6151065701	-557648.7710735420
200001	2.0074870441	1.6151065701	-597947.5151255825
300001	1.9562884601	1.6151065701	-597750.7085910771
400001	0.1182079348	1.6151065701	-392993.5698525475
500001	2.1154550717	1.6151065701	-598278.3620573645
600001	0.5523548043	1.6151065701	-533243.9201553682
700001	0.8938455498	1.6151065701	-572007.9465178738
800001	2.0671499204	1.6151065701	-598143.0528664518
900001	1.9225216020	1.6151065701	-597604.1800805066
