site	rate	t	lnL
1	2.6771721454	1.9195878298	-599114.8856029224
100001	0.8701961301	1.9195878298	-580437.5080910028
200001	2.0769356045	1.9195878298	-598850.3739129220
300001	2.0423549120	1.9195878298	-598810.4072572287
400001	0.1161427513	1.9195878298	-404073.9403770043
500001	2.2041548965	1.9195878298	-598961.1256375571
600001	0.7672204692	1.9195878298	-573265.0704346864
700001	0.9730921999	1.9195878298	-585676.2835694057
800001	2.1940680591	1.9195878298	-598954.0843792901
900001	2.0125327319	1.9195878298	-598771.7339376765
