site	rate	t	lnL
1	2.6914411391	1.6919845404	-599047.2436471041
100001	0.7577746577	1.6919845404	-563881.0883114350
200001	2.1338020341	1.6919845404	-598542.1198809487
300001	2.0401704327	1.6919845404	-598333.5229052374
400001	0.1174557954	1.6919845404	-395769.4529577385
500001	2.2216961946	1.6919845404	-598689.9039752820
600001	0.5821353219	1.6919845404	-542322.3494452133
700001	0.9045477351	1.6919845404	-575595.8052313821
800001	2.1797112088	1.6919845404	-598624.3357562777
900001	1.9506932231	1.6919845404	-598069.6976049894
