site	rate	t	lnL
1	2.9420138251	1.8618881704	-599130.2644593172
100001	0.8316247914	1.8618881704	-576276.8605734120
200001	2.1505174542	1.8618881704	-598859.9252774814
300001	2.0524911825	1.8618881704	-598740.8373095240
400001	0.1178658216	1.8618881704	-402902.4491210862
500001	2.2367300126	1.8618881704	-598935.8133338596
600001	0.6967764368	1.8618881704	-564735.3187380817
700001	0.9624138659	1.8618881704	-583852.4090712211
800001	2.2360023629	1.8618881704	-598935.2643558179
900001	2.0277640363	1.8618881704	-598703.8530218719
