site	rate	t	lnL
1	2.7631885559	1.9338278730	-599125.3535346747
100001	0.8802170545	1.9338278730	-581395.1749728853
200001	2.1176584738	1.9338278730	-598905.8120887399
300001	2.0167208415	1.9338278730	-598797.0369029664
400001	0.1158251580	1.9338278730	-404420.9762123747
500001	2.2494871061	1.9338278730	-598999.1716427383
600001	0.7838112360	1.9338278730	-575021.3314100618
700001	0.9702090053	1.9338278730	-585861.8591501135
800001	2.1823379874	1.9338278730	-598957.2288624023
900001	1.9679978195	1.9338278730	-598728.5455200762
