site	rate	t	lnL
1	2.8174225640	1.9276298459	-599128.6978782263
100001	0.8752276835	1.9276298459	-580946.8348478652
200001	2.1374165969	1.9276298459	-598917.0642275274
300001	2.0469402648	1.9276298459	-598826.2048497724
400001	0.1154466804	1.9276298459	-403937.6509761650
500001	2.2032900841	1.9276298459	-598966.7727539571
600001	0.7725923127	1.9276298459	-573953.9555599419
700001	0.9708389544	1.9276298459	-585754.6145851727
800001	2.1830755572	1.9276298459	-598952.7670891525
900001	2.0088381918	1.9276298459	-598778.1346806342
