site	rate	t	lnL
1	2.8027555627	1.9309200073	-599128.0171688902
100001	0.8717370373	1.9309200073	-580830.2691164609
200001	2.0787399587	1.9309200073	-598865.2741372158
300001	2.0059393696	1.9309200073	-598778.8427949108
400001	0.1161224131	1.9309200073	-404499.9910428760
500001	2.1991555935	1.9309200073	-598966.5178282035
600001	0.7827378676	1.9309200073	-574848.9896869519
700001	0.9709587818	1.9309200073	-585831.2495982521
800001	2.2225214188	1.9309200073	-598981.5152795012
900001	2.0273538121	1.9309200073	-598806.6601025303
