site	rate	t	lnL
1	2.8435328820	1.9167571520	-599129.3660940715
100001	0.8685128186	1.9167571520	-580260.8440442750
200001	2.1222060344	1.9167571520	-598892.8204662668
300001	2.0732404402	1.9167571520	-598842.9545090906
400001	0.1165133455	1.9167571520	-404201.3803473294
500001	2.2036456987	1.9167571520	-598958.5319672889
600001	0.7537814342	1.9167571520	-572059.1839497808
700001	0.9743871200	1.9167571520	-585670.1329950466
800001	2.2062779513	1.9167571520	-598960.3492930325
900001	1.9902368922	1.9167571520	-598735.6427864027
