site	rate	t	lnL
1	1.7262859236	0.8740053866	-574744.6181399396
100001	0.6523597948	0.8740053866	-488919.0010406359
200001	1.5461387846	0.8740053866	-567615.8127659245
300001	1.4833254748	0.8740053866	-564686.0300388127
400001	0.1431317116	0.8740053866	-367473.1189284552
500001	1.5514078879	0.8740053866	-567850.2952818259
600001	0.4402495902	0.8740053866	-450290.5975596978
700001	0.8141464923	0.8740053866	-511248.2822510483
800001	1.5305224113	0.8740053866	-566910.7876310101
900001	1.4576355770	0.8740053866	-563413.2390759537
