site	rate	t	lnL
1	2.8488237022	1.8907053960	-599127.0608259296
100001	0.8481835297	1.8907053960	-578261.1576963449
200001	2.1411394949	1.8907053960	-598883.1753598819
300001	2.0679689142	1.8907053960	-598803.5802278382
400001	0.1163537486	1.8907053960	-403083.3192113466
500001	2.2179072387	1.8907053960	-598947.1890189035
600001	0.7317252283	1.8907053960	-569217.7259374683
700001	0.9637886821	1.8907053960	-584606.7848952368
800001	2.1923480594	1.8907053960	-598927.7886079848
900001	2.0537176579	1.8907053960	-598785.5391106589
