site	rate	t	lnL
1	2.7211526248	1.8606223303	-599109.7955755917
100001	0.8453366695	1.8606223303	-577176.3669997093
200001	2.1461208849	1.8606223303	-598853.8926835869
300001	2.0661712990	1.8606223303	-598758.0578527912
400001	0.1150580470	1.8606223303	-401083.2005206001
500001	2.2393450437	1.8606223303	-598936.6355625441
600001	0.6975404051	1.8606223303	-564765.3084385935
700001	0.9567571200	1.8606223303	-583550.4127642378
800001	2.2500315274	1.8606223303	-598944.5070339271
900001	2.0411207886	1.8606223303	-598722.1490162123
