site	rate	t	lnL
1	2.8177813182	1.9273837401	-599128.6978782259
100001	0.8703464003	1.9273837401	-580654.9257931946
200001	2.0813460856	1.9273837401	-598864.0197280464
300001	2.0143701602	1.9273837401	-598785.1880623319
400001	0.1153249396	1.9273837401	-403849.6891354026
500001	2.2290004251	1.9273837401	-598982.9815718925
600001	0.7691433533	1.9273837401	-573671.0876465535
700001	0.9869261448	1.9273837401	-586428.0458855012
800001	2.2616845027	1.9273837401	-599001.7164141635
900001	1.9819964643	1.9273837401	-598739.7267036550
