site	rate	t	lnL
1	2.7237317876	1.9301000010	-599121.4311483994
100001	0.8774189184	1.9301000010	-581138.2485858988
200001	2.0869202676	1.9301000010	-598872.7469110544
300001	2.0781153619	1.9301000010	-598863.7057268739
400001	0.1157761171	1.9301000010	-404245.3124980266
500001	2.1887849076	1.9301000010	-598958.7920869039
600001	0.7786148688	1.9301000010	-574504.9202680710
700001	0.9748676993	1.9301000010	-585980.9932229662
800001	2.1587357636	1.9301000010	-598936.6355625431
900001	1.9872282469	1.9301000010	-598751.5025560736
