site	rate	t	lnL
1	2.9386593144	1.8448470137	-599128.3590841579
100001	0.8198263787	1.8448470137	-574890.6942476786
200001	2.1779408269	1.8448470137	-598867.4632071169
300001	2.1202284655	1.8448470137	-598804.6082537556
400001	0.1162680875	1.8448470137	-401225.2481245951
500001	2.2555579544	1.8448470137	-598934.4396508581
600001	0.6795773749	1.8448470137	-562225.4012936626
700001	0.9562773023	1.8448470137	-583130.2995181632
800001	2.2548265070	1.8448470137	-598933.8890225611
900001	2.0497398314	1.8448470137	-598708.8424215619
