site	rate	t	lnL
1	2.3773026652	1.5107316200	-598520.2887859214
100001	0.7094821361	1.5107316200	-549693.6990018577
200001	1.9244555289	1.5107316200	-596937.8358054892
300001	1.8592711623	1.5107316200	-596509.8808315184
400001	0.1207651593	1.5107316200	-389927.7007923788
500001	1.9710907989	1.5107316200	-597202.0744374222
600001	0.5182937693	1.5107316200	-520717.9339999067
700001	0.8753902808	1.5107316200	-566107.4288425276
800001	1.9567382273	1.5107316200	-597124.1840438204
900001	1.8300983393	1.5107316200	-596293.4762790685
