site	time	r	r_small_t	r_large_t
1	1e-06	1.4135007375814	1.41350067585338	2.7522718024314
1	0.020001	1.48247739185097	1.47804067859131	2.7522718024314
1	0.040001	1.55832113331424	1.54258068132925	2.7522718024314
1	0.060001	1.64139381717705	1.60712068406719	2.7522718024314
1	0.080001	1.73160776603781	1.67166068680512	2.7522718024314
1	0.100001	1.8284140470056	1.73620068954306	2.7522718024314
1	0.120001	1.93080099148624	1.80074069228099	2.7522718024314
1	0.140001	2.03730689697541	1.86528069501893	2.7522718024314
1	0.160001	2.14604462398191	1.92982069775687	2.7522718024314
1	0.180001	2.25474003835518	1.9943607004948	2.7522718024314
1	0.200001	2.36079802135088	2.05890070323274	2.7522718024314
1	0.220001	2.46142257689453	2.12344070597068	2.7522718024314
1	0.240001	2.55382012167226	2.18798070870861	2.7522718024314
1	0.260001	2.63549387320209	2.25252071144655	2.7522718024314
1	0.280001	2.70458759844884	2.31706071418449	2.7522718024314
1	0.300001	2.76017955284988	2.38160071692242	2.7522718024314
1	0.320001	2.80240893544601	2.44614071966036	2.7522718024314
1	0.340001	2.83237215063777	2.5106807223983	2.7522718024314
1	0.360001	2.85182900543398	2.57522072513623	2.7522718024314
1	0.380001	2.86283599640577	2.63976072787417	2.7522718024314
1	0.400001	2.86742608908413	2.70430073061211	2.7522718024314
1	0.420001	2.86739967404067	2.76884073335004	2.7522718024314
1	0.440001	2.86423049133449	2.83338073608798	2.7522718024314
1	0.460001	2.85905582347525	2.89792073882592	2.7522718024314
1	0.480001	2.85271371359701	2.96246074156385	2.7522718024314
1	0.500001	2.84579834420175	3.02700074430179	2.7522718024314
1	0.520001	2.83871628680161	3.09154074703973	2.7522718024314
1	0.540001	2.83173549930701	3.15608074977766	2.7522718024314
1	0.560001	2.82502457959692	3.2206207525156	2.7522718024314
1	0.580001	2.81868262840656	3.28516075525354	2.7522718024314
1	0.600001	2.81276120090681	3.34970075799147	2.7522718024314
1	0.620001	2.80728005683207	3.41424076072941	2.7522718024314
1	0.640001	2.8022382569421	3.47878076346735	2.7522718024314
1	0.660001	2.79762186471025	3.54332076620528	2.7522718024314
1	0.680001	2.7934092189874	3.60786076894322	2.7522718024314
1	0.700001	2.78957449269798	3.67240077168116	2.7522718024314
1	0.720001	2.78609005505766	3.73694077441909	2.7522718024314
1	0.740001	2.7829280061163	3.80148077715703	2.7522718024314
1	0.760001	2.7800611436542	3.86602077989497	2.7522718024314
1	0.780001	2.77746354431368	3.9305607826329	2.7522718024314
1	0.800001	2.77511088538706	3.99510078537084	2.7522718024314
1	0.820001	2.77298059464387	4.05964078810878	2.7522718024314
1	0.840001	2.77105188826816	4.12418079084671	2.7522718024314
1	0.860001	2.7693057379515	4.18872079358465	2.7522718024314
1	0.880001	2.76772479498552	4.25326079632258	2.7522718024314
1	0.900001	2.76629329006707	4.31780079906052	2.7522718024314
1	0.920001	2.76499692123703	4.38234080179846	2.7522718024314
1	0.940001	2.76382273805559	4.4468808045364	2.7522718024314
1	0.960001	2.76275902716711	4.51142080727433	2.7522718024314
1	0.980001	2.76179520240753	4.57596081001227	2.7522718024314
1	1.000001	2.76092170126095	4.6405008127502	2.7522718024314
1	1.020001	2.76012988857767	4.70504081548814	2.7522718024314
1	1.040001	2.75941196788095	4.76958081822608	2.7522718024314
1	1.060001	2.75876090021639	4.83412082096401	2.7522718024314
1	1.080001	2.75817033026829	4.89866082370195	2.7522718024314
1	1.100001	2.75763451933423	4.96320082643989	2.7522718024314
1	1.120001	2.75714828468037	5.02774082917782	2.7522718024314
1	1.140001	2.75670694477397	5.09228083191576	2.7522718024314
1	1.160001	2.75630626989003	5.1568208346537	2.7522718024314
1	1.180001	2.75594243760511	5.22136083739163	2.7522718024314
1	1.200001	2.75561199272004	5.28590084012957	2.7522718024314
1	1.220001	2.75531181118318	5.35044084286751	2.7522718024314
1	1.240001	2.75503906762192	5.41498084560544	2.7522718024314
1	1.260001	2.75479120612168	5.47952084834338	2.7522718024314
1	1.280001	2.75456591392692	5.54406085108132	2.7522718024314
1	1.300001	2.75436109776854	5.60860085381925	2.7522718024314
1	1.320001	2.75417486255112	5.67314085655719	2.7522718024314
1	1.340001	2.75400549216027	5.73768085929513	2.7522718024314
1	1.360001	2.7538514321746	5.80222086203306	2.7522718024314
1	1.380001	2.75371127428912	5.866760864771	2.7522718024314
1	1.400001	2.75358374227595	5.93130086750894	2.7522718024314
1	1.420001	2.75346767932723	5.99584087024687	2.7522718024314
1	1.440001	2.75336203664035	6.06038087298481	2.7522718024314
1	1.460001	2.75326586312019	6.12492087572275	2.7522718024314
1	1.480001	2.75317829608691	6.18946087846068	2.7522718024314
10	1e-06	1.25364514400777	1.25364512069301	1.98529374091347
10	0.020001	1.29642004763491	1.29307353015491	1.98529374091347
10	0.040001	1.34483731314219	1.3325019396168	1.98529374091347
10	0.060001	1.39848295483463	1.3719303490787	1.98529374091347
10	0.080001	1.45662168654348	1.4113587585406	1.98529374091347
10	0.100001	1.51819684446387	1.4507871680025	1.98529374091347
10	0.120001	1.58186087128548	1.4902155774644	1.98529374091347
10	0.140001	1.6460437899955	1.5296439869263	1.98529374091347
10	0.160001	1.70905618884122	1.5690723963882	1.98529374091347
10	0.180001	1.76921738689354	1.6085008058501	1.98529374091347
10	0.200001	1.82499503800374	1.647929215312	1.98529374091347
10	0.220001	1.87513780774674	1.6873576247739	1.98529374091347
10	0.240001	1.9187793066553	1.7267860342358	1.98529374091347
10	0.260001	1.95549293814824	1.76621444369769	1.98529374091347
10	0.280001	1.98528644255524	1.80564285315959	1.98529374091347
10	0.300001	2.00853983540478	1.84507126262149	1.98529374091347
10	0.320001	2.02590477700874	1.88449967208339	1.98529374091347
10	0.340001	2.03819057141911	1.92392808154529	1.98529374091347
10	0.360001	2.04625978133799	1.96335649100719	1.98529374091347
10	0.380001	2.0509478427007	2.00278490046909	1.98529374091347
10	0.400001	2.05301118984324	2.04221330993099	1.98529374091347
10	0.420001	2.05310107685062	2.08164171939289	1.98529374091347
10	0.440001	2.05175670759941	2.12107012885479	1.98529374091347
10	0.460001	2.04941075277836	2.16049853831669	1.98529374091347
10	0.480001	2.04640148000914	2.19992694777858	1.98529374091347
10	0.500001	2.04298740917835	2.23935535724048	1.98529374091347
10	0.520001	2.03936196713139	2.27878376670238	1.98529374091347
10	0.540001	2.03566679813694	2.31821217616428	1.98529374091347
10	0.560001	2.03200316987188	2.35764058562618	1.98529374091347
10	0.580001	2.02844137829546	2.39706899508808	1.98529374091347
10	0.600001	2.02502829680279	2.43649740454998	1.98529374091347
10	0.620001	2.02179331858406	2.47592581401188	1.98529374091347
10	0.640001	2.01875296578936	2.51535422347378	1.98529374091347
10	0.660001	2.01591442345256	2.55478263293568	1.98529374091347
10	0.680001	2.01327822314786	2.59421104239758	1.98529374091347
10	0.700001	2.01084026372991	2.63363945185948	1.98529374091347
10	0.720001	2.00859332060567	2.67306786132137	1.98529374091347
10	0.740001	2.00652816353029	2.71249627078327	1.98529374091347
10	0.760001	2.004634376678	2.75192468024517	1.98529374091347
10	0.780001	2.00290095351128	2.79135308970707	1.98529374091347
10	0.800001	2.00131672214726	2.83078149916897	1.98529374091347
10	0.820001	1.9998706437698	2.87020990863087	1.98529374091347
10	0.840001	1.99855201645687	2.90963831809277	1.98529374091347
10	0.860001	1.99735060896604	2.94906672755467	1.98529374091347
10	0.880001	1.99625674303361	2.98849513701657	1.98529374091347
10	0.900001	1.99526133817629	3.02792354647847	1.98529374091347
10	0.920001	1.99435592951186	3.06735195594037	1.98529374091347
10	0.940001	1.99353266647833	3.10678036540227	1.98529374091347
10	0.960001	1.9927842983327	3.14620877486416	1.98529374091347
10	0.980001	1.99210415079729	3.18563718432606	1.98529374091347
10	1.000001	1.99148609707816	3.22506559378796	1.98529374091347
10	1.020001	1.99092452561699	3.26449400324986	1.98529374091347
10	1.040001	1.99041430628776	3.30392241271176	1.98529374091347
10	1.060001	1.98995075626085	3.34335082217366	1.98529374091347
10	1.080001	1.98952960639181	3.38277923163556	1.98529374091347
10	1.100001	1.98914696871883	3.42220764109746	1.98529374091347
10	1.120001	1.98879930545052	3.46163605055936	1.98529374091347
10	1.140001	1.98848339967683	3.50106446002126	1.98529374091347
10	1.160001	1.988196327927	3.54049286948316	1.98529374091347
10	1.180001	1.98793543461933	3.57992127894505	1.98529374091347
10	1.200001	1.98769830839326	3.61934968840695	1.98529374091347
10	1.220001	1.98748276027413	3.65877809786885	1.98529374091347
10	1.240001	1.98728680359692	3.69820650733075	1.98529374091347
10	1.260001	1.98710863559733	3.73763491679265	1.98529374091347
10	1.280001	1.98694662057049	3.77706332625455	1.98529374091347
10	1.300001	1.98679927449263	3.81649173571645	1.98529374091347
10	1.320001	1.98666525100056	3.85592014517835	1.98529374091347
10	1.340001	1.98654332862531	3.89534855464025	1.98529374091347
10	1.360001	1.98643239918054	3.93477696410215	1.98529374091347
10	1.380001	1.98633145721039	3.97420537356405	1.98529374091347
10	1.400001	1.98623959040722	4.01363378302594	1.98529374091347
10	1.420001	1.98615597091481	4.05306219248784	1.98529374091347
10	1.440001	1.98607984743987	4.09249060194974	1.98529374091347
10	1.460001	1.98601053809848	4.13191901141164	1.98529374091347
10	1.480001	1.9859474239318	4.17134742087354	1.98529374091347
2	1e-06	0.678808991245563	0.678809057828468	0.881715171694783
2	0.020001	0.662626213763708	0.660307196679057	0.881715171694783
2	0.040001	0.653129747024293	0.641805335529645	0.881715171694783
2	0.060001	0.649314124331232	0.623303474380234	0.881715171694783
2	0.080001	0.650178949030274	0.604801613230822	0.881715171694783
2	0.100001	0.654793467378115	0.58629975208141	0.881715171694783
2	0.120001	0.662316525759104	0.567797890931999	0.881715171694783
2	0.140001	0.672002137240059	0.549296029782587	0.881715171694783
2	0.160001	0.683201285204655	0.530794168633176	0.881715171694783
2	0.180001	0.695361894171662	0.512292307483764	0.881715171694783
2	0.200001	0.708026365664956	0.493790446334353	0.881715171694783
2	0.220001	0.720826209112282	0.475288585184941	0.881715171694783
2	0.240001	0.73347406238941	0.45678672403553	0.881715171694783
2	0.260001	0.74575393853847	0.438284862886118	0.881715171694783
2	0.280001	0.757510687044984	0.419783001736706	0.881715171694783
2	0.300001	0.768639532485259	0.401281140587295	0.881715171694783
2	0.320001	0.779076307898768	0.382779279437883	0.881715171694783
2	0.340001	0.788788746713093	0.364277418288472	0.881715171694783
2	0.360001	0.797768990242382	0.34577555713906	0.881715171694783
2	0.380001	0.806027322497971	0.327273695989649	0.881715171694783
2	0.400001	0.813587054462708	0.308771834840237	0.881715171694783
2	0.420001	0.82048043294052	0.290269973690826	0.881715171694783
2	0.440001	0.826745431136007	0.271768112541414	0.881715171694783
2	0.460001	0.832423278259497	0.253266251392002	0.881715171694783
2	0.480001	0.837556595740295	0.234764390242591	0.881715171694783
2	0.500001	0.84218802276293	0.216262529093179	0.881715171694783
2	0.520001	0.846359230518267	0.197760667943768	0.881715171694783
2	0.540001	0.850110240873401	0.179258806794356	0.881715171694783
2	0.560001	0.85347898010905	0.160756945644945	0.881715171694783
2	0.580001	0.856501011512419	0.142255084495533	0.881715171694783
2	0.600001	0.859209401844464	0.123753223346122	0.881715171694783
2	0.620001	0.861634686101246	0.10525136219671	0.881715171694783
2	0.640001	0.863804902733307	0.0867495010472984	0.881715171694783
2	0.660001	0.865745677783796	0.0682476398978868	0.881715171694783
2	0.680001	0.867480341467619	0.0497457787484753	0.881715171694783
2	0.700001	0.869030064744099	0.0312439175990638	0.881715171694783
2	0.720001	0.870414006613929	0.0127420564496522	0.881715171694783
2	0.740001	0.871649465355757	-0.00575980469975934	0.881715171694783
2	0.760001	0.872752028843103	-0.0242616658491709	0.881715171694783
2	0.780001	0.87373572055988	-0.0427635269985824	0.881715171694783
2	0.800001	0.874613139056091	-0.0612653881479941	0.881715171694783
2	0.820001	0.875395589428898	-0.0797672492974056	0.881715171694783
2	0.840001	0.876093206040164	-0.0982691104468171	0.881715171694783
2	0.860001	0.876715066138519	-0.116770971596229	0.881715171694783
2	0.880001	0.87726929438043	-0.13527283274564	0.881715171694783
2	0.900001	0.877763158472646	-0.153774693895052	0.881715171694783
2	0.920001	0.87820315631076	-0.172276555044463	0.881715171694783
2	0.940001	0.878595095084975	-0.190778416193875	0.881715171694783
2	0.960001	0.878944162879577	-0.209280277343286	0.881715171694783
2	0.980001	0.879254993316874	-0.227782138492698	0.881715171694783
2	1.000001	0.879531723800117	-0.246283999642109	0.881715171694783
2	1.020001	0.879778047897909	-0.264785860791521	0.881715171694783
2	1.040001	0.879997262390874	-0.283287721940933	0.881715171694783
2	1.060001	0.880192309473034	-0.301789583090344	0.881715171694783
2	1.080001	0.880365814568849	-0.320291444239756	0.881715171694783
2	1.100001	0.880520120192474	-0.338793305389167	0.881715171694783
2	1.120001	0.880657316242585	-0.357295166538579	0.881715171694783
2	1.140001	0.880779267092297	-0.375797027687991	0.881715171694783
2	1.160001	0.880887635802026	-0.394298888837402	0.881715171694783
2	1.180001	0.880983905752277	-0.412800749986813	0.881715171694783
2	1.200001	0.881069399965701	-0.431302611136225	0.881715171694783
2	1.220001	0.88114529836076	-0.449804472285636	0.881715171694783
2	1.240001	0.881212653155796	-0.468306333435048	0.881715171694783
2	1.260001	0.881272402619471	-0.48680819458446	0.881715171694783
2	1.280001	0.881325383344035	-0.505310055733871	0.881715171694783
2	1.300001	0.881372341199075	-0.523811916883283	0.881715171694783
2	1.320001	0.881413941107322	-0.542313778032694	0.881715171694783
2	1.340001	0.881450775768615	-0.560815639182106	0.881715171694783
2	1.360001	0.881483373445381	-0.579317500331518	0.881715171694783
2	1.380001	0.881512204910329	-0.597819361480929	0.881715171694783
2	1.400001	0.881537689646776	-0.616321222630341	0.881715171694783
2	1.420001	0.881560201381752	-0.634823083779752	0.881715171694783
2	1.440001	0.881580073024164	-0.653324944929164	0.881715171694783
2	1.460001	0.881597601071668	-0.671826806078575	0.881715171694783
2	1.480001	0.881613049543776	-0.690328667227987	0.881715171694783
3	1e-06	1.32199944586965	1.32199940893313	2.08860471322498
3	0.020001	1.37174012544682	1.36889598526683	2.08860471322498
3	0.040001	1.42590762113961	1.41579256160053	2.08860471322498
3	0.060001	1.48447806227167	1.46268913793422	2.08860471322498
3	0.080001	1.54697955507069	1.50958571426792	2.08860471322498
3	0.100001	1.61251914673448	1.55648229060162	2.08860471322498
3	0.120001	1.67983633703564	1.60337886693532	2.08860471322498
3	0.140001	1.74739052605761	1.65027544326902	2.08860471322498
3	0.160001	1.81348003476021	1.69717201960272	2.08860471322498
3	0.180001	1.87638495714994	1.74406859593642	2.08860471322498
3	0.200001	1.93452147302864	1.79096517227012	2.08860471322498
3	0.220001	1.98658953962894	1.83786174860382	2.08860471322498
3	0.240001	2.03169074778272	1.88475832493752	2.08860471322498
3	0.260001	2.06939327878079	1.93165490127122	2.08860471322498
3	0.280001	2.09973015154575	1.97855147760492	2.08860471322498
3	0.300001	2.12313370058016	2.02544805393862	2.08860471322498
3	0.320001	2.14032605775978	2.07234463027232	2.08860471322498
3	0.340001	2.15219417186072	2.11924120660602	2.08860471322498
3	0.360001	2.15967560875081	2.16613778293972	2.08860471322498
3	0.380001	2.16367144693225	2.21303435927342	2.08860471322498
3	0.400001	2.16499115131281	2.25993093560712	2.08860471322498
3	0.420001	2.16432593388227	2.30682751194082	2.08860471322498
3	0.440001	2.16224316710852	2.35372408827451	2.08860471322498
3	0.460001	2.15919398354351	2.40062066460821	2.08860471322498
3	0.480001	2.15552763540744	2.44751724094191	2.08860471322498
3	0.500001	2.15150816636263	2.49441381727561	2.08860471322498
3	0.520001	2.14733072334086	2.54131039360931	2.08860471322498
3	0.540001	2.1431361456311	2.58820696994301	2.08860471322498
3	0.560001	2.1390233134445	2.63510354627671	2.08860471322498
3	0.580001	2.13505922304789	2.68200012261041	2.08860471322498
3	0.600001	2.13128699769179	2.72889669894411	2.08860471322498
3	0.620001	2.12773213820146	2.77579327527781	2.08860471322498
3	0.640001	2.12440733046885	2.82268985161151	2.08860471322498
3	0.660001	2.12131610080357	2.86958642794521	2.08860471322498
3	0.680001	2.11845556828589	2.91648300427891	2.08860471322498
3	0.700001	2.11581849877824	2.96337958061261	2.08860471322498
3	0.720001	2.11339482422866	3.01027615694631	2.08860471322498
3	0.740001	2.1111727557236	3.05717273328001	2.08860471322498
3	0.760001	2.10913958984988	3.10406930961371	2.08860471322498
3	0.780001	2.10728228482443	3.15096588594741	2.08860471322498
3	0.800001	2.10558786471704	3.19786246228111	2.08860471322498
3	0.820001	2.10404369603121	3.2447590386148	2.08860471322498
3	0.840001	2.10263767010371	3.2916556149485	2.08860471322498
3	0.860001	2.10135831652726	3.3385521912822	2.08860471322498
3	0.880001	2.10019486652318	3.3854487676159	2.08860471322498
3	0.900001	2.09913728042999	3.4323453439496	2.08860471322498
3	0.920001	2.09817624987305	3.4792419202833	2.08860471322498
3	0.940001	2.0973031824629	3.526138496617	2.08860471322498
3	0.960001	2.09651017482072	3.5730350729507	2.08860471322498
3	0.980001	2.09578997818889	3.6199316492844	2.08860471322498
3	1.000001	2.09513595972728	3.6668282256181	2.08860471322498
3	1.020001	2.09454206172912	3.7137248019518	2.08860471322498
3	1.040001	2.09400276034256	3.7606213782855	2.08860471322498
3	1.060001	2.09351302490175	3.8075179546192	2.08860471322498
3	1.080001	2.09306827861429	3.8544145309529	2.08860471322498
3	1.100001	2.09266436108826	3.9013111072866	2.08860471322498
3	1.120001	2.09229749298927	3.9482076836203	2.08860471322498
3	1.140001	2.09196424297929	3.995104259954	2.08860471322498
3	1.160001	2.09166149698891	4.04200083628769	2.08860471322498
3	1.180001	2.09138642980429	4.08889741262139	2.08860471322498
3	1.200001	2.09113647890359	4.13579398895509	2.08860471322498
3	1.220001	2.09090932044472	4.18269056528879	2.08860471322498
3	1.240001	2.0907028472881	4.22958714162249	2.08860471322498
3	1.260001	2.09051514892632	4.27648371795619	2.08860471322498
3	1.280001	2.09034449318895	4.32338029428989	2.08860471322498
3	1.300001	2.09018930959027	4.37027687062359	2.08860471322498
3	1.320001	2.09004817419107	4.41717344695729	2.08860471322498
3	1.340001	2.08991979585033	4.46407002329099	2.08860471322498
3	1.360001	2.08980300374939	4.51096659962469	2.08860471322498
3	1.380001	2.08969673607841	4.55786317595839	2.08860471322498
3	1.400001	2.08960002978192	4.60475975229209	2.08860471322498
3	1.420001	2.08951201126794	4.65165632862579	2.08860471322498
3	1.440001	2.08943188799353	4.69855290495949	2.08860471322498
3	1.460001	2.08935894084488	4.74544948129319	2.08860471322498
3	1.480001	2.08929251723902	4.79234605762689	2.08860471322498
4	1e-06	1.27531046733626	1.27531044145908	2.02199572417151
4	0.020001	1.3191603316688	1.31611649857155	2.02199572417151
4	0.040001	1.36821569586752	1.35692255568402	2.02199572417151
4	0.060001	1.4223713681653	1.3977286127965	2.02199572417151
4	0.080001	1.4810970441432	1.43853466990897	2.02199572417151
4	0.100001	1.54346502270107	1.47934072702144	2.02199572417151
4	0.120001	1.60819874809142	1.52014678413391	2.02199572417151
4	0.140001	1.67375116242777	1.56095284124638	2.02199572417151
4	0.160001	1.73841242741729	1.60175889835885	2.02199572417151
4	0.180001	1.80044149599782	1.64256495547132	2.02199572417151
4	0.200001	1.85821166706182	1.68337101258379	2.02199572417151
4	0.220001	1.91035452897328	1.72417706969626	2.02199572417151
4	0.240001	1.95588072956474	1.76498312680873	2.02199572417151
4	0.260001	1.99425425535382	1.8057891839212	2.02199572417151
4	0.280001	2.02540378466928	1.84659524103367	2.02199572417151
4	0.300001	2.04966993201895	1.88740129814614	2.02199572417151
4	0.320001	2.06770443794582	1.92820735525861	2.02199572417151
4	0.340001	2.08034816350229	1.96901341237108	2.02199572417151
4	0.360001	2.08851480339275	2.00981946948355	2.02199572417151
4	0.380001	2.09309870152043	2.05062552659602	2.02199572417151
4	0.400001	2.09491384470525	2.09143158370849	2.02199572417151
4	0.420001	2.094662052564	2.13223764082096	2.02199572417151
4	0.440001	2.09292358921653	2.17304369793343	2.02199572417151
4	0.460001	2.09016236532071	2.2138497550459	2.02199572417151
4	0.480001	2.08673902686474	2.25465581215837	2.02199572417151
4	0.500001	2.08292712770121	2.29546186927084	2.02199572417151
4	0.520001	2.07892940333701	2.33626792638331	2.02199572417151
4	0.540001	2.07489255782818	2.37707398349579	2.02199572417151
4	0.560001	2.07091990210816	2.41788004060826	2.02199572417151
4	0.580001	2.06708172907072	2.45868609772073	2.02199572417151
4	0.600001	2.06342359430916	2.4994921548332	2.02199572417151
4	0.620001	2.05997279102574	2.54029821194567	2.02199572417151
4	0.640001	2.05674333460279	2.58110426905814	2.02199572417151
4	0.660001	2.05373975254795	2.62191032617061	2.02199572417151
4	0.680001	2.05095993611686	2.66271638328308	2.02199572417151
4	0.700001	2.0483972656766	2.70352244039555	2.02199572417151
4	0.720001	2.04604218009186	2.74432849750802	2.02199572417151
4	0.740001	2.04388332411929	2.78513455462049	2.02199572417151
4	0.760001	2.04190837774849	2.82594061173296	2.02199572417151
4	0.780001	2.04010464729712	2.86674666884543	2.02199572417151
4	0.800001	2.03845947907809	2.9075527259579	2.02199572417151
4	0.820001	2.03696054171768	2.94835878307037	2.02199572417151
4	0.840001	2.0355960118759	2.98916484018284	2.02199572417151
4	0.860001	2.03435468947466	3.02997089729531	2.02199572417151
4	0.880001	2.03322606197403	3.07077695440778	2.02199572417151
4	0.900001	2.03220033227026	3.11158301152025	2.02199572417151
4	0.920001	2.03126842104274	3.15238906863272	2.02199572417151
4	0.940001	2.0304219515584	3.19319512574519	2.02199572417151
4	0.960001	2.02965322282452	3.23400118285766	2.02199572417151
4	0.980001	2.02895517539543	3.27480723997013	2.02199572417151
4	1.000001	2.02832135295182	3.3156132970826	2.02199572417151
4	1.020001	2.0277458618876	3.35641935419507	2.02199572417151
4	1.040001	2.0272233304809	3.39722541130754	2.02199572417151
4	1.060001	2.02674886873891	3.43803146842001	2.02199572417151
4	1.080001	2.02631802964751	3.47883752553249	2.02199572417151
4	1.100001	2.02592677229313	3.51964358264496	2.02199572417151
4	1.120001	2.02557142713272	3.56044963975743	2.02199572417151
4	1.140001	2.02524866355145	3.6012556968699	2.02199572417151
4	1.160001	2.02495545974894	3.64206175398237	2.02199572417151
4	1.180001	2.02468907492724	3.68286781109484	2.02199572417151
4	1.200001	2.02444702370889	3.72367386820731	2.02199572417151
4	1.220001	2.02422705268186	3.76447992531978	2.02199572417151
4	1.240001	2.02402711895229	3.80528598243225	2.02199572417151
4	1.260001	2.02384537057429	3.84609203954472	2.02199572417151
4	1.280001	2.0236801287243	3.88689809665719	2.02199572417151
4	1.300001	2.02352987148737	3.92770415376966	2.02199572417151
4	1.320001	2.02339321912684	3.96851021088213	2.02199572417151
4	1.340001	2.02326892071387	4.0093162679946	2.02199572417151
4	1.360001	2.02315584200073	4.05012232510707	2.02199572417151
4	1.380001	2.0230529544287	4.09092838221954	2.02199572417151
4	1.400001	2.02295932516916	4.13173443933201	2.02199572417151
4	1.420001	2.02287410810368	4.17254049644448	2.02199572417151
4	1.440001	2.02279653565765	4.21334655355695	2.02199572417151
4	1.460001	2.02272591140715	4.25415261066942	2.02199572417151
4	1.480001	2.02266160338774	4.29495866778189	2.02199572417151
5	1e-06	0.203149889785448	0.203149942963706	0.115736090353158
5	0.020001	0.181994813753667	0.180209959130765	0.115736090353158
5	0.040001	0.16573943855999	0.157269975297823	0.115736090353158
5	0.060001	0.153323678412108	0.134329991464881	0.115736090353158
5	0.080001	0.143883555019648	0.111390007631939	0.115736090353158
5	0.100001	0.1367351724221	0.0884500237989972	0.115736090353158
5	0.120001	0.131344384435362	0.0655100399660553	0.115736090353158
5	0.140001	0.127296595460058	0.0425700561331135	0.115736090353158
5	0.160001	0.124271148716163	0.0196300723001716	0.115736090353158
5	0.180001	0.122020808297434	-0.00330991153277022	0.115736090353158
5	0.200001	0.120355606599588	-0.0262498953657121	0.115736090353158
5	0.220001	0.119130154479773	-0.0491898791986539	0.115736090353158
5	0.240001	0.118233655496263	-0.0721298630315958	0.115736090353158
5	0.260001	0.117582046162951	-0.0950698468645376	0.115736090353158
5	0.280001	0.117111824463082	-0.118009830697479	0.115736090353158
5	0.300001	0.116775225902556	-0.140949814530421	0.115736090353158
5	0.320001	0.116536474240706	-0.163889798363363	0.115736090353158
5	0.340001	0.116368884921387	-0.186829782196305	0.115736090353158
5	0.360001	0.116252640173777	-0.209769766029247	0.115736090353158
5	0.380001	0.116173089031999	-0.232709749862189	0.115736090353158
5	0.400001	0.11611945449286	-0.255649733695131	0.115736090353158
5	0.420001	0.116083854313289	-0.278589717528072	0.115736090353158
5	0.440001	0.116060561996825	-0.301529701361014	0.115736090353158
5	0.460001	0.116045450799143	-0.324469685193956	0.115736090353158
5	0.480001	0.116035576604569	-0.347409669026898	0.115736090353158
5	0.500001	0.116028865805155	-0.37034965285984	0.115736090353158
5	0.520001	0.116023882340276	-0.393289636692782	0.115736090353158
5	0.540001	0.116019654265871	-0.416229620525724	0.115736090353158
5	0.560001	0.116015544993787	-0.439169604358665	0.115736090353158
5	0.580001	0.116011157986758	-0.462109588191607	0.115736090353158
5	0.600001	0.116006266464161	-0.485049572024549	0.115736090353158
5	0.620001	0.116000761772638	-0.507989555857491	0.115736090353158
5	0.640001	0.115994615660295	-0.530929539690433	0.115736090353158
5	0.660001	0.115987852886154	-0.553869523523375	0.115736090353158
5	0.680001	0.115980531495217	-0.576809507356317	0.115736090353158
5	0.700001	0.11597272876303	-0.599749491189258	0.115736090353158
5	0.720001	0.115964531319319	-0.6226894750222	0.115736090353158
5	0.740001	0.115956028339389	-0.645629458855142	0.115736090353158
5	0.760001	0.115947306975594	-0.668569442688084	0.115736090353158
5	0.780001	0.115938449413511	-0.691509426521026	0.115736090353158
5	0.800001	0.115929531096258	-0.714449410353968	0.115736090353158
5	0.820001	0.11592061977924	-0.73738939418691	0.115736090353158
5	0.840001	0.115911775165958	-0.760329378019851	0.115736090353158
5	0.860001	0.115903048942049	-0.783269361852793	0.115736090353158
5	0.880001	0.115894485073663	-0.806209345685735	0.115736090353158
5	0.900001	0.11588612027325	-0.829149329518677	0.115736090353158
5	0.920001	0.115877984562934	-0.852089313351619	0.115736090353158
5	0.940001	0.115870101885907	-0.875029297184561	0.115736090353158
5	0.960001	0.115862490731246	-0.897969281017502	0.115736090353158
5	0.980001	0.115855164748446	-0.920909264850444	0.115736090353158
5	1.000001	0.115848133336119	-0.943849248683386	0.115736090353158
5	1.020001	0.115841402194957	-0.966789232516328	0.115736090353158
5	1.040001	0.115834973839464	-0.98972921634927	0.115736090353158
5	1.060001	0.115828848065975	-1.01266920018221	0.115736090353158
5	1.080001	0.115823022376138	-1.03560918401515	0.115736090353158
5	1.100001	0.115817492357118	-1.0585491678481	0.115736090353158
5	1.120001	0.11581225202043	-1.08148915168104	0.115736090353158
5	1.140001	0.115807294101506	-1.10442913551398	0.115736090353158
5	1.160001	0.115802610323069	-1.12736911934692	0.115736090353158
5	1.180001	0.115798191625373	-1.15030910317986	0.115736090353158
5	1.200001	0.115794028365934	-1.1732490870128	0.115736090353158
5	1.220001	0.115790110492075	-1.19618907084575	0.115736090353158
5	1.240001	0.115786427688579	-1.21912905467869	0.115736090353158
5	1.260001	0.115782969503658	-1.24206903851163	0.115736090353158
5	1.280001	0.115779725455154	-1.26500902234457	0.115736090353158
5	1.300001	0.115776685119542	-1.28794900617751	0.115736090353158
5	1.320001	0.115773838205677	-1.31088899001046	0.115736090353158
5	1.340001	0.115771174615246	-1.3338289738434	0.115736090353158
5	1.360001	0.115768684491514	-1.35676895767634	0.115736090353158
5	1.380001	0.11576635825793	-1.37970894150928	0.115736090353158
5	1.400001	0.115764186647921	-1.40264892534222	0.115736090353158
5	1.420001	0.115762160727351	-1.42558890917516	0.115736090353158
5	1.440001	0.115760271910139	-1.44852889300811	0.115736090353158
5	1.460001	0.11575851196879	-1.47146887684105	0.115736090353158
5	1.480001	0.115756873039829	-1.49440886067399	0.115736090353158
6	1e-06	1.3208480727586	1.32084803631264	2.15979117411393
6	0.020001	1.37144554929104	1.36828488730161	2.15979117411393
6	0.040001	1.427183882752	1.41572173829058	2.15979117411393
6	0.060001	1.48812908237273	1.46315858927954	2.15979117411393
6	0.080001	1.55389083426226	1.51059544026851	2.15979117411393
6	0.100001	1.62363691149536	1.55803229125748	2.15979117411393
6	0.120001	1.69612873127441	1.60546914224645	2.15979117411393
6	0.140001	1.76978715294675	1.65290599323542	2.15979117411393
6	0.160001	1.84279027334665	1.70034284422439	2.15979117411393
6	0.180001	1.91320239812188	1.74777969521336	2.15979117411393
6	0.200001	1.9791305562946	1.79521654620233	2.15979117411393
6	0.220001	2.03889769265171	1.8426533971913	2.15979117411393
6	0.240001	2.09120979092163	1.89009024818027	2.15979117411393
6	0.260001	2.13528365919477	1.93752709916924	2.15979117411393
6	0.280001	2.17090253915948	1.98496395015821	2.15979117411393
6	0.300001	2.1983833551938	2.03240080114717	2.15979117411393
6	0.320001	2.21846642984517	2.07983765213614	2.15979117411393
6	0.340001	2.23216142389442	2.12727450312511	2.15979117411393
6	0.360001	2.24059030063113	2.17471135411408	2.15979117411393
6	0.380001	2.24485870094094	2.22214820510305	2.15979117411393
6	0.400001	2.24596997137338	2.26958505609202	2.15979117411393
6	0.420001	2.24478087332362	2.31702190708099	2.15979117411393
6	0.440001	2.24198947617096	2.36445875806996	2.15979117411393
6	0.460001	2.23814360320493	2.41189560905893	2.15979117411393
6	0.480001	2.23365987289492	2.4593324600479	2.15979117411393
6	0.500001	2.22884636959871	2.50676931103687	2.15979117411393
6	0.520001	2.22392480253518	2.55420616202584	2.15979117411393
6	0.540001	2.2190501051305	2.6016430130148	2.15979117411393
6	0.560001	2.21432675521799	2.64907986400377	2.15979117411393
6	0.580001	2.20982183330588	2.69651671499274	2.15979117411393
6	0.600001	2.20557518299977	2.74395356598171	2.15979117411393
6	0.620001	2.20160715608466	2.79139041697068	2.15979117411393
6	0.640001	2.19792442368434	2.83882726795965	2.15979117411393
6	0.660001	2.19452428018689	2.88626411894862	2.15979117411393
6	0.680001	2.19139779456614	2.93370096993759	2.15979117411393
6	0.700001	2.18853209245768	2.98113782092656	2.15979117411393
6	0.720001	2.18591198962743	3.02857467191553	2.15979117411393
6	0.740001	2.18352114561802	3.0760115229045	2.15979117411393
6	0.760001	2.18134286508161	3.12344837389346	2.15979117411393
6	0.780001	2.17936064224236	3.17088522488243	2.15979117411393
6	0.800001	2.17755851943094	3.2183220758714	2.15979117411393
6	0.820001	2.17592131212553	3.26575892686037	2.15979117411393
6	0.840001	2.17443473906831	3.31319577784934	2.15979117411393
6	0.860001	2.17308548569818	3.36063262883831	2.15979117411393
6	0.880001	2.17186122148521	3.40806947982728	2.15979117411393
6	0.900001	2.1707505860951	3.45550633081625	2.15979117411393
6	0.920001	2.169743155147	3.50294318180522	2.15979117411393
6	0.940001	2.16882939326822	3.55038003279419	2.15979117411393
6	0.960001	2.16800059990926	3.59781688378316	2.15979117411393
6	0.980001	2.16724885174704	3.64525373477213	2.15979117411393
6	1.000001	2.16656694431484	3.69269058576109	2.15979117411393
6	1.020001	2.16594833463589	3.74012743675006	2.15979117411393
6	1.040001	2.16538708601783	3.78756428773903	2.15979117411393
6	1.060001	2.16487781572145	3.835001138728	2.15979117411393
6	1.080001	2.1644156459037	3.88243798971697	2.15979117411393
6	1.100001	2.16399615801526	3.92987484070594	2.15979117411393
6	1.120001	2.16361535068144	3.97731169169491	2.15979117411393
6	1.140001	2.16326960099545	4.02474854268388	2.15979117411393
6	1.160001	2.16295562908594	4.07218539367285	2.15979117411393
6	1.180001	2.16267046578166	4.11962224466182	2.15979117411393
6	1.200001	2.16241142317421	4.16705909565079	2.15979117411393
6	1.220001	2.16217606787005	4.21449594663975	2.15979117411393
6	1.240001	2.16196219672292	4.26193279762872	2.15979117411393
6	1.260001	2.16176781484217	4.30936964861769	2.15979117411393
6	1.280001	2.16159111568199	4.35680649960666	2.15979117411393
6	1.300001	2.16143046302698	4.40424335059563	2.15979117411393
6	1.320001	2.16128437470245	4.4516802015846	2.15979117411393
6	1.340001	2.16115150784919	4.49911705257357	2.15979117411393
6	1.360001	2.16103064561682	4.54655390356254	2.15979117411393
6	1.380001	2.16092068514062	4.59399075455151	2.15979117411393
6	1.400001	2.16082062667949	4.64142760554048	2.15979117411393
6	1.420001	2.16072956380257	4.68886445652945	2.15979117411393
6	1.440001	2.16064667452411	4.73630130751842	2.15979117411393
6	1.460001	2.16057121329352	4.78373815850738	2.15979117411393
6	1.480001	2.16050250375809	4.83117500949635	2.15979117411393
7	1e-06	0.440860064617478	0.440860126976862	0.804953465938344
7	0.020001	0.432674075128144	0.430336822931075	0.804953465938344
7	0.040001	0.430542041885894	0.419813518885287	0.804953465938344
7	0.060001	0.433123771293675	0.4092902148395	0.804953465938344
7	0.080001	0.439401657407478	0.398766910793712	0.804953465938344
7	0.100001	0.448574345036307	0.388243606747925	0.804953465938344
7	0.120001	0.459986193831096	0.377720302702137	0.804953465938344
7	0.140001	0.473084777407443	0.36719699865635	0.804953465938344
7	0.160001	0.487397808774705	0.356673694610562	0.804953465938344
7	0.180001	0.502521361441037	0.346150390564775	0.804953465938344
7	0.200001	0.518113390661037	0.335627086518987	0.804953465938344
7	0.220001	0.533888949302135	0.3251037824732	0.804953465938344
7	0.240001	0.549615391674454	0.314580478427412	0.804953465938344
7	0.260001	0.565107062986922	0.304057174381625	0.804953465938344
7	0.280001	0.580219579309146	0.293533870335837	0.804953465938344
7	0.300001	0.594844012948307	0.28301056629005	0.804953465938344
7	0.320001	0.608901296175805	0.272487262244262	0.804953465938344
7	0.340001	0.622337069788616	0.261963958198475	0.804953465938344
7	0.360001	0.635117102884141	0.251440654152687	0.804953465938344
7	0.380001	0.647223327430869	0.2409173501069	0.804953465938344
7	0.400001	0.658650474024076	0.230394046061112	0.804953465938344
7	0.420001	0.669403261401722	0.219870742015325	0.804953465938344
7	0.440001	0.679494076120199	0.209347437969537	0.804953465938344
7	0.460001	0.688941074369405	0.19882413392375	0.804953465938344
7	0.480001	0.697766640489783	0.188300829877962	0.804953465938344
7	0.500001	0.705996142961925	0.177777525832175	0.804953465938344
7	0.520001	0.713656936279551	0.167254221786387	0.804953465938344
7	0.540001	0.720777564888606	0.1567309177406	0.804953465938344
7	0.560001	0.727387132584823	0.146207613694812	0.804953465938344
7	0.580001	0.733514807102267	0.135684309649025	0.804953465938344
7	0.600001	0.739189435018048	0.125161005603237	0.804953465938344
7	0.620001	0.744439246587	0.11463770155745	0.804953465938344
7	0.640001	0.749291633807587	0.104114397511662	0.804953465938344
7	0.660001	0.753772988026789	0.0935910934658746	0.804953465938344
7	0.680001	0.757908585835617	0.0830677894200871	0.804953465938344
7	0.700001	0.761722513993699	0.0725444853742996	0.804953465938344
7	0.720001	0.765237625741025	0.0620211813285122	0.804953465938344
7	0.740001	0.768475522181125	0.0514978772827246	0.804953465938344
7	0.760001	0.771456553510132	0.0409745732369372	0.804953465938344
7	0.780001	0.774199835768654	0.0304512691911497	0.804953465938344
7	0.800001	0.776723279542537	0.0199279651453622	0.804953465938344
7	0.820001	0.779043627664363	0.00940466109957466	0.804953465938344
7	0.840001	0.781176499490962	-0.00111864294621283	0.804953465938344
7	0.860001	0.783136439771665	-0.0116419469920003	0.804953465938344
7	0.880001	0.78493697049093	-0.0221652510377878	0.804953465938344
7	0.900001	0.786590644379077	-0.0326885550835753	0.804953465938344
7	0.920001	0.788109099044618	-0.0432118591293628	0.804953465938344
7	0.940001	0.789503110899726	-0.0537351631751504	0.804953465938344
7	0.960001	0.790782648231788	-0.0642584672209378	0.804953465938344
7	0.980001	0.79195692292559	-0.0747817712667253	0.804953465938344
7	1.000001	0.793034440465411	-0.0853050753125128	0.804953465938344
7	1.020001	0.794023047950025	-0.0958283793583003	0.804953465938344
7	1.040001	0.794929979937036	-0.106351683404088	0.804953465938344
7	1.060001	0.795761902002402	-0.116874987449875	0.804953465938344
7	1.080001	0.796524951955428	-0.127398291495663	0.804953465938344
7	1.100001	0.797224778693599	-0.13792159554145	0.804953465938344
7	1.120001	0.797866578715982	-0.148444899587238	0.804953465938344
7	1.140001	0.798455130340965	-0.158968203633025	0.804953465938344
7	1.160001	0.798994825693499	-0.169491507678813	0.804953465938344
7	1.180001	0.799489700542529	-0.1800148117246	0.804953465938344
7	1.200001	0.799943462079482	-0.190538115770388	0.804953465938344
7	1.220001	0.800359514735406	-0.201061419816175	0.804953465938344
7	1.240001	0.800740984138854	-0.211584723861963	0.804953465938344
7	1.260001	0.801090739317697	-0.22210802790775	0.804953465938344
7	1.280001	0.801411413249146	-0.232631331953538	0.804953465938344
7	1.300001	0.801705421859489	-0.243154635999325	0.804953465938344
7	1.320001	0.801974981573465	-0.253677940045113	0.804953465938344
7	1.340001	0.802222125510234	-0.2642012440909	0.804953465938344
7	1.360001	0.802448718417828	-0.274724548136688	0.804953465938344
7	1.380001	0.80265647043529	-0.285247852182475	0.804953465938344
7	1.400001	0.802846949765917	-0.295771156228263	0.804953465938344
7	1.420001	0.803021594341601	-0.30629446027405	0.804953465938344
7	1.440001	0.803181722552685	-0.316817764319838	0.804953465938344
7	1.460001	0.803328543113954	-0.327341068365625	0.804953465938344
7	1.480001	0.803463164132528	-0.337864372411413	0.804953465938344
8	1e-06	0.800411903895185	0.800411940858895	0.97317836293492
8	0.020001	0.799507757968512	0.798089853507278	0.97317836293492
8	0.040001	0.802115604635735	0.795767766155661	0.97317836293492
8	0.060001	0.807400433207723	0.793445678804044	0.97317836293492
8	0.080001	0.814767744470512	0.791123591452426	0.97317836293492
8	0.100001	0.823713077701028	0.788801504100809	0.97317836293492
8	0.120001	0.833771441810419	0.786479416749192	0.97317836293492
8	0.140001	0.844511859697441	0.784157329397575	0.97317836293492
8	0.160001	0.855548594224913	0.781835242045957	0.97317836293492
8	0.180001	0.866553942357171	0.77951315469434	0.97317836293492
8	0.200001	0.877265788150898	0.777191067342723	0.97317836293492
8	0.220001	0.887488296281166	0.774868979991105	0.97317836293492
8	0.240001	0.897086898467515	0.772546892639488	0.97317836293492
8	0.260001	0.905979724025539	0.770224805287871	0.97317836293492
8	0.280001	0.9141275591516	0.767902717936254	0.97317836293492
8	0.300001	0.921523885216912	0.765580630584636	0.97317836293492
8	0.320001	0.928185932067847	0.763258543233019	0.97317836293492
8	0.340001	0.934147176217455	0.760936455881402	0.97317836293492
8	0.360001	0.939451369131279	0.758614368529785	0.97317836293492
8	0.380001	0.944147982026836	0.756292281178167	0.97317836293492
8	0.400001	0.948288861579996	0.75397019382655	0.97317836293492
8	0.420001	0.951925866471736	0.751648106474933	0.97317836293492
8	0.440001	0.955109267461891	0.749326019123316	0.97317836293492
8	0.460001	0.957886723341482	0.747003931771698	0.97317836293492
8	0.480001	0.960302679590589	0.744681844420081	0.97317836293492
8	0.500001	0.962398069465478	0.742359757068464	0.97317836293492
8	0.520001	0.964210225736666	0.740037669716847	0.97317836293492
8	0.540001	0.965772934603999	0.737715582365229	0.97317836293492
8	0.560001	0.967116581660067	0.735393495013612	0.97317836293492
8	0.580001	0.968268353831636	0.733071407661995	0.97317836293492
8	0.600001	0.969252471789632	0.730749320310378	0.97317836293492
8	0.620001	0.970090435130156	0.72842723295876	0.97317836293492
8	0.640001	0.97080126833247	0.726105145607143	0.97317836293492
8	0.660001	0.971401759618878	0.723783058255526	0.97317836293492
8	0.680001	0.971906687781139	0.721460970903909	0.97317836293492
8	0.700001	0.972329034113118	0.719138883552291	0.97317836293492
8	0.720001	0.972680178033181	0.716816796200674	0.97317836293492
8	0.740001	0.972970075966371	0.714494708849057	0.97317836293492
8	0.760001	0.973207423715166	0.71217262149744	0.97317836293492
8	0.780001	0.973399802971915	0.709850534145822	0.97317836293492
8	0.800001	0.973553812884122	0.707528446794205	0.97317836293492
8	0.820001	0.973675187725743	0.705206359442588	0.97317836293492
8	0.840001	0.973768901789381	0.702884272090971	0.97317836293492
8	0.860001	0.973839262621092	0.700562184739353	0.97317836293492
8	0.880001	0.973889993690859	0.698240097387736	0.97317836293492
8	0.900001	0.973924307539556	0.695918010036119	0.97317836293492
8	0.920001	0.973944970378423	0.693595922684502	0.97317836293492
8	0.940001	0.973954359044316	0.691273835332884	0.97317836293492
8	0.960001	0.973954511139615	0.688951747981267	0.97317836293492
8	0.980001	0.973947169111397	0.68662966062965	0.97317836293492
8	1.000001	0.97393381895281	0.684307573278033	0.97317836293492
8	1.020001	0.973915724141875	0.681985485926415	0.97317836293492
8	1.040001	0.973893955369945	0.679663398574798	0.97317836293492
8	1.060001	0.973869416552759	0.677341311223181	0.97317836293492
8	1.080001	0.973842867565262	0.675019223871564	0.97317836293492
8	1.100001	0.973814944090629	0.672697136519946	0.97317836293492
8	1.120001	0.973786174931701	0.670375049168329	0.97317836293492
8	1.140001	0.973756997092837	0.668052961816712	0.97317836293492
8	1.160001	0.973727768904609	0.665730874465094	0.97317836293492
8	1.180001	0.973698781432148	0.663408787113477	0.97317836293492
8	1.200001	0.973670268379765	0.66108669976186	0.97317836293492
8	1.220001	0.973642414679298	0.658764612410243	0.97317836293492
8	1.240001	0.973615363927163	0.656442525058625	0.97317836293492
8	1.260001	0.973589224815205	0.654120437707008	0.97317836293492
8	1.280001	0.973564076683366	0.651798350355391	0.97317836293492
8	1.300001	0.97353997430588	0.649476263003774	0.97317836293492
8	1.320001	0.973516952009929	0.647154175652156	0.97317836293492
8	1.340001	0.973495027212604	0.644832088300539	0.97317836293492
8	1.360001	0.973474203452417	0.642510000948922	0.97317836293492
8	1.380001	0.973454472981202	0.640187913597305	0.97317836293492
8	1.400001	0.973435818974817	0.637865826245687	0.97317836293492
8	1.420001	0.973418217412907	0.63554373889407	0.97317836293492
8	1.440001	0.973401638673001	0.633221651542453	0.97317836293492
8	1.460001	0.973386048876278	0.630899564190836	0.97317836293492
8	1.480001	0.973371411020597	0.628577476839218	0.97317836293492
9	1e-06	1.2914768761234	1.29147684131754	2.16710954157277
9	0.020001	1.34236510112488	1.33852011506403	2.16710954157277
9	0.040001	1.3993806064889	1.38556338881051	2.16710954157277
9	0.060001	1.46217321134294	1.432606662557	2.16710954157277
9	0.080001	1.53014112969423	1.47964993630349	2.16710954157277
9	0.100001	1.6023440881971	1.52669321004998	2.16710954157277
9	0.120001	1.67748390591155	1.57373648379646	2.16710954157277
9	0.140001	1.75393882492271	1.62077975754295	2.16710954157277
9	0.160001	1.82984239634809	1.66782303128944	2.16710954157277
9	0.180001	1.90320151089143	1.71486630503593	2.16710954157277
9	0.200001	1.97204879288581	1.76190957878242	2.16710954157277
9	0.220001	2.03461879176247	1.8089528525289	2.16710954157277
9	0.240001	2.08952503537554	1.85599612627539	2.16710954157277
9	0.260001	2.13590234466278	1.90303940002188	2.16710954157277
9	0.280001	2.17347682127834	1.95008267376837	2.16710954157277
9	0.300001	2.20254198539412	1.99712594751485	2.16710954157277
9	0.320001	2.22384884546558	2.04416922126134	2.16710954157277
9	0.340001	2.23844450304171	2.09121249500783	2.16710954157277
9	0.360001	2.24750384875907	2.13825576875432	2.16710954157277
9	0.380001	2.25218992282743	2.1852990425008	2.16710954157277
9	0.400001	2.25355984926401	2.23234231624729	2.16710954157277
9	0.420001	2.25251607723164	2.27938558999378	2.16710954157277
9	0.440001	2.24979281361953	2.32642886374027	2.16710954157277
9	0.460001	2.24596492965678	2.37347213748675	2.16710954157277
9	0.480001	2.24146839799934	2.42051541123324	2.16710954157277
9	0.500001	2.236624620394	2.46755868497973	2.16710954157277
9	0.520001	2.23166413498377	2.51460195872622	2.16710954157277
9	0.540001	2.22674750111691	2.5616452324727	2.16710954157277
9	0.560001	2.2219826126435	2.60868850621919	2.16710954157277
9	0.580001	2.21743848677623	2.65573177996568	2.16710954157277
9	0.600001	2.21315594297206	2.70277505371217	2.16710954157277
9	0.620001	2.2091557055475	2.74981832745865	2.16710954157277
9	0.640001	2.20544445535158	2.79686160120514	2.16710954157277
9	0.660001	2.20201929168579	2.84390487495163	2.16710954157277
9	0.680001	2.19887098481043	2.89094814869812	2.16710954157277
9	0.700001	2.19598632088659	2.9379914224446	2.16710954157277
9	0.720001	2.19334977295214	2.98503469619109	2.16710954157277
9	0.740001	2.19094467562232	3.03207796993758	2.16710954157277
9	0.760001	2.18875403703982	3.07912124368407	2.16710954157277
9	0.780001	2.18676108752006	3.12616451743056	2.16710954157277
9	0.800001	2.18494963845499	3.17320779117704	2.16710954157277
9	0.820001	2.18330430559712	3.22025106492353	2.16710954157277
9	0.840001	2.18181063635517	3.26729433867002	2.16710954157277
9	0.860001	2.18045516999401	3.31433761241651	2.16710954157277
9	0.880001	2.17922545170758	3.36138088616299	2.16710954157277
9	0.900001	2.17811001570571	3.40842415990948	2.16710954157277
9	0.920001	2.17709834818316	3.45546743365597	2.16710954157277
9	0.940001	2.17618083791369	3.50251070740246	2.16710954157277
9	0.960001	2.17534871993394	3.54955398114894	2.16710954157277
9	0.980001	2.17459401612476	3.59659725489543	2.16710954157277
9	1.000001	2.17390947529858	3.64364052864192	2.16710954157277
9	1.020001	2.17328851453568	3.69068380238841	2.16710954157277
9	1.040001	2.172725162893	3.73772707613489	2.16710954157277
9	1.060001	2.17221400816717	3.78477034988138	2.16710954157277
9	1.080001	2.17175014708352	3.83181362362787	2.16710954157277
9	1.100001	2.17132913906666	3.87885689737436	2.16710954157277
9	1.120001	2.17094696359979	3.92590017112084	2.16710954157277
9	1.140001	2.17059998108394	3.97294344486733	2.16710954157277
9	1.160001	2.17028489704389	4.01998671861382	2.16710954157277
9	1.180001	2.16999872949085	4.06702999236031	2.16710954157277
9	1.200001	2.16973877923255	4.11407326610679	2.16710954157277
9	1.220001	2.16950260291308	4.16111653985328	2.16710954157277
9	1.240001	2.16928798856698	4.20815981359977	2.16710954157277
9	1.260001	2.16909293347661	4.25520308734626	2.16710954157277
9	1.280001	2.16891562413356	4.30224636109274	2.16710954157277
9	1.300001	2.1687544181156	4.34928963483923	2.16710954157277
9	1.320001	2.16860782770386	4.39633290858572	2.16710954157277
9	1.340001	2.16847450507801	4.44337618233221	2.16710954157277
9	1.360001	2.16835322894103	4.49041945607869	2.16710954157277
9	1.380001	2.16824289243666	4.53746272982518	2.16710954157277
9	1.400001	2.16814249223594	4.58450600357167	2.16710954157277
9	1.420001	2.16805111867909	4.63154927731816	2.16710954157277
9	1.440001	2.16796794687123	4.67859255106464	2.16710954157277
9	1.460001	2.16789222863805	4.72563582481113	2.16710954157277
9	1.480001	2.16782328525849	4.77267909855762	2.16710954157277
