time	r
1.e-6	0.9999366895369399
0.020001	0.7714560798579174
0.040001	0.7481482857746927
0.060001	0.7425053568315471
0.080001	0.7441417697370329
0.100001	0.7500833956645598
0.120001	0.7588770556256795
0.14000100000000001	0.7695892556449027
0.160001	0.78153711934251
0.180001	0.7941948288109769
0.200001	0.8071527426056019
0.220001	0.8200943139118322
0.240001	0.8327796686605621
0.260001	0.8450322004474398
0.280001	0.8567270447617924
0.30000099999999996	0.8677810983930822
0.320001	0.8781444623252997
0.340001	0.8877932102621398
0.36000099999999996	0.8967233644936919
0.380001	0.9049459424917262
0.400001	0.9124829315991148
0.42000099999999996	0.9193640538812614
0.440001	0.925624194524575
0.460001	0.9313013815169958
0.48000099999999996	0.9364352193333123
0.500001	0.9410656936204805
0.520001	0.9452322767996479
0.5400010000000001	0.9489732758647554
0.5600010000000001	0.9523253734819689
0.580001	0.9553233219022239
0.600001	0.9579997563482899
0.620001	0.9603851005873121
0.640001	0.9625075424968463
0.6600010000000001	0.9643930617073113
0.6800010000000001	0.9660654949720677
0.7000010000000001	0.9675466278775887
0.720001	0.9688563039496596
0.740001	0.9700125442133704
0.760001	0.971031671894049
0.780001	0.9719284382615081
0.8000010000000001	0.9727161466735109
0.8200010000000001	0.9734067727105776
0.840001	0.9740110789515594
0.860001	0.9745387234505775
0.880001	0.9749983613685884
0.900001	0.9753977395097126
0.9200010000000001	0.9757437837337368
0.9400010000000001	0.9760426793763423
0.960001	0.976299944922139
0.980001	0.976520499251548
1.000001	0.9767087228308754
1.020001	0.9768685132412087
1.040001	0.9770033354523365
1.060001	0.9771162672463773
1.080001	0.9772100401861136
1.100001	0.9772870765072695
1.120001	0.9773495222946272
1.140001	0.9773992772798398
1.1600009999999998	0.9774380215760413
1.1800009999999999	0.9774672396408913
1.2000009999999999	0.9774882417367572
1.220001	0.9775021831343398
1.240001	0.9775100812847679
1.260001	0.9775128311650386
1.280001	0.9775112189828994
1.300001	0.9775059344095675
1.320001	0.9774975814927677
1.340001	0.9774866883876153
1.360001	0.97747371602908
1.380001	0.977459065857518
1.400001	0.9774430866978585
1.4200009999999998	0.9774260808819706
1.4400009999999999	0.9774083096951532
1.4600009999999999	0.977389998219226
1.480001	0.9773713396368522