time	r
1.e-6	1.0000768675523952
0.020001	1.3020423748934467
0.040001	1.365841291416464
0.060001	1.4136135317660927
0.080001	1.456054786823853
0.100001	1.4951062071281211
0.120001	1.5310382003196081
0.14000100000000001	1.5637102603897124
0.160001	1.5929385474761943
0.180001	1.618623141306783
0.200001	1.6407832126254476
0.220001	1.659550608903738
0.240001	1.6751455431583604
0.260001	1.687847296044679
0.280001	1.6979668282208604
0.30000099999999996	1.7058244123156483
0.320001	1.711733095357417
0.340001	1.7159875696241038
0.36000099999999996	1.7188575023332138
0.380001	1.7205842603247345
0.400001	1.7213800586737884
0.42000099999999996	1.7214287349181507
0.440001	1.7208875348409354
0.460001	1.7198894602338102
0.48000099999999996	1.7185458632571085
0.500001	1.7169490755918853
0.520001	1.7151749374517382
0.5400010000000001	1.7132851467792698
0.5600010000000001	1.7113293874926503
0.580001	1.7093472216648355
0.600001	1.7073697473880622
0.620001	1.7054210344172653
0.640001	1.7035193554761858
0.6600010000000001	1.7016782338101089
0.6800010000000001	1.6999073282413535
0.7000010000000001	1.6982131763804804
0.720001	1.6965998152962174
0.740001	1.6950692972063885
0.760001	1.693622115860145
0.780001	1.6922575573889356
0.8000010000000001	1.6909739876015442
0.8200010000000001	1.6897690860387535
0.840001	1.6886400356083708
0.860001	1.6875836752982079
0.880001	1.6865966223081132
0.900001	1.6856753689409907
0.9200010000000001	1.6848163587338487
0.9400010000000001	1.6840160455759507
0.960001	1.683270938939455
0.980001	1.6825776378210082
1.000001	1.6819328555501982
1.020001	1.6813334372482265
1.040001	1.680776371408819
1.060001	1.6802587968125335
1.080001	1.679778005768987
1.100001	1.6793314445003065
1.120001	1.6789167113295254
1.140001	1.6785315532127414
1.1600009999999998	1.6781738610512218
1.1800009999999999	1.6778416641344496
1.2000009999999999	1.6775331239950386
1.220001	1.6772465278989053
1.240001	1.6769802821466098
1.260001	1.6767329053233513
1.280001	1.6765030216034382
1.300001	1.676289354189299
1.320001	1.6760907189446397
1.340001	1.675906018264594
1.360001	1.6757342352118982
1.380001	1.675574427937817
1.400001	1.6754257243987525
1.4200009999999998	1.6752873173713791
1.4400009999999999	1.675158459765342
1.4600009999999999	1.6750384602284187
1.480001	1.674926679035683