time	r
1.e-6	1.0000725158155819
0.020001	1.2977620219674697
0.040001	1.378743071101003
0.060001	1.4502622762334159
0.080001	1.521802317521637
0.100001	1.59455196366872
0.120001	1.667937224067483
0.14000100000000001	1.7407718633202633
0.160001	1.8116294902911128
0.180001	1.8790373381263648
0.200001	1.941617696714801
0.220001	1.9982066935102472
0.240001	2.047950772010891
0.260001	2.090370189528998
0.280001	2.1253781033186843
0.30000099999999996	2.1532511573079915
0.320001	2.1745588749145894
0.340001	2.1900687585547614
0.36000099999999996	2.200647362153461
0.380001	2.207174194588685
0.400001	2.210477984694267
0.42000099999999996	2.211297334099643
0.440001	2.210262555159335
0.460001	2.207893121639728
0.48000099999999996	2.2046049943369193
0.500001	2.2007231056253
0.520001	2.1964956687058956
0.5400010000000001	2.1921082423575755
0.5600010000000001	2.187696444552005
0.580001	2.183356854266883
0.600001	2.179156029799857
0.620001	2.175137779331027
0.640001	2.1713289109103155
0.6600010000000001	2.167743712650851
0.6800010000000001	2.1643874016953735
0.7000010000000001	2.1612587521322064
0.720001	2.158352078672526
0.740001	2.1556587204132334
0.760001	2.1531681400749614
0.780001	2.1508687296190296
0.8000010000000001	2.1487483930861186
0.8200010000000001	2.1467949614181556
0.840001	2.1449964813257836
0.860001	2.143341410344814
0.880001	2.141818742537365
0.900001	2.1404180833701556
0.9200010000000001	2.1391296877601884
0.9400010000000001	2.137944471805036
0.960001	2.1368540060699996
0.980001	2.1358504962925915
1.000001	2.134926755840779
1.020001	2.134076173107959
1.040001	2.133292676158548
1.060001	2.132570696283889
1.080001	2.1319051316391326
1.100001	2.131291311766436
1.120001	2.1307249635398042
1.140001	2.130202178867268
1.1600009999999998	2.1297193843415534
1.1800009999999999	2.1292733129254278
1.2000009999999999	2.1288609776840763
1.220001	2.128479647525406
1.240001	2.1281268248745087
1.260001	2.127800225186827
1.280001	2.127497758191327
1.300001	2.127217510748691
1.320001	2.126957731207967
1.340001	2.126716815146915
1.360001	2.126493292384422
1.380001	2.1262858151590636
1.400001	2.1260931473748417
1.4200009999999998	2.1259141548197684
1.4400009999999999	2.125747796271258
1.4600009999999999	2.125593115408637
1.480001	2.1254492334589803