time	r
1.e-6	1.000091430050157
0.020001	1.377540339713761
0.040001	1.480478533340365
0.060001	1.5705117190874478
0.080001	1.6602803695457564
0.100001	1.7518534979613953
0.120001	1.8449728524501825
0.14000100000000001	1.9384901103738565
0.160001	2.0308042543820743
0.180001	2.1200710422903204
0.200001	2.2043607199613433
0.220001	2.281819002989269
0.240001	2.3508433961750206
0.260001	2.4102581746422276
0.280001	2.459450897507543
0.30000099999999996	2.4984298549168873
0.320001	2.5277809294258597
0.340001	2.548535733332656
0.36000099999999996	2.5619914041899814
0.380001	2.569530753305681
0.400001	2.572479203741438
0.42000099999999996	2.5720136498252653
0.440001	2.569120204687746
0.460001	2.564588288644281
0.48000099999999996	2.5590267800129713
0.500001	2.5528905474318555
0.520001	2.5465095408905674
0.5400010000000001	2.5401160382720844
0.5600010000000001	2.5338680640904983
0.580001	2.5278684637038142
0.600001	2.522179883343838
0.620001	2.5168362323974445
0.640001	2.511851284002933
0.6600010000000001	2.5072250286634428
0.6800010000000001	2.5029483059086335
0.7000010000000001	2.49900613921007
0.720001	2.4953801071145865
0.740001	2.4920500055092876
0.760001	2.4889949931212234
0.780001	2.48619436337001
0.8000010000000001	2.4836280482748605
0.8200010000000001	2.481276931944814
0.840001	2.479123030180399
0.860001	2.477149577179124
0.880001	2.4753410489072287
0.900001	2.4736831443296374
0.9200010000000001	2.4721627395850034
0.9400010000000001	2.4707678257541024
0.960001	2.4694874376570817
0.980001	2.4683115787970396
1.000001	2.4672311459041745
1.020001	2.4662378553473143
1.040001	2.4653241728384923
1.060001	2.464483247265208
1.080001	2.463708849075518
1.100001	2.4629953133612297
1.120001	2.462337487598252
1.140001	2.4617306838823905
1.1600009999999998	2.461170635425794
1.1800009999999999	2.4606534570380436
1.2000009999999999	2.46017560929758
1.220001	2.4597338661157093
1.240001	2.459325285402205
1.260001	2.458947182554435
1.280001	2.458597106508606
1.300001	2.4582728181100113
1.320001	2.4579722705786877
1.340001	2.4576935918659433
1.360001	2.4574350687149393
1.380001	2.4571951322563526
1.400001	2.456972344987329
1.4200009999999998	2.456765388994623
1.4400009999999999	2.4565730552985006
1.4600009999999999	2.4563942342059257
1.480001	2.4562279065723356