time	r
1.e-6	0.9998916239224348
0.020001	0.6162235972071323
0.040001	0.5811246423470756
0.060001	0.5728887586347439
0.080001	0.5744321364156758
0.100001	0.581265738497347
0.120001	0.5914322047023609
0.14000100000000001	0.6038047982005107
0.160001	0.6176254525178457
0.180001	0.632340776259172
0.200001	0.6475310794280499
0.220001	0.6628736834848399
0.240001	0.6781205913961866
0.260001	0.6930830024926389
0.280001	0.7076196129356904
0.30000099999999996	0.7216273526184565
0.320001	0.7350338899083779
0.340001	0.7477915154668714
0.36000099999999996	0.7598721394340714
0.380001	0.7712631987749694
0.400001	0.781964310736055
0.42000099999999996	0.7919845377612755
0.440001	0.8013401534059547
0.460001	0.8100528191362445
0.48000099999999996	0.8181480988642044
0.500001	0.8256542519574849
0.520001	0.8326012566428076
0.5400010000000001	0.8390200246127727
0.5600010000000001	0.8449417746708842
0.580001	0.8503975388023441
0.600001	0.8554177784733618
0.620001	0.8600320925108007
0.640001	0.8642690008076359
0.6600010000000001	0.8681557904945991
0.6800010000000001	0.871718413230536
0.7000010000000001	0.8749814239744987
0.720001	0.8779679530715038
0.740001	0.8806997047517575
0.760001	0.8831969762415692
0.780001	0.8854786926356326
0.8000010000000001	0.8875624535028183
0.8200010000000001	0.8894645879067239
0.840001	0.8912002151299814
0.860001	0.8927833089100263
0.880001	0.8942267634336972
0.900001	0.8955424597080496
0.9200010000000001	0.8967413312347657
0.9400010000000001	0.8978334281721975
0.960001	0.8988279793811486
0.980001	0.8997334519230361
1.000001	0.9005576077193334
1.020001	0.9013075571929746
1.040001	0.9019898098014805
1.060001	0.9026103214405394
1.080001	0.9031745387503677
1.100001	0.9036874403971172
1.120001	0.9041535754310877
1.140001	0.9045770988441183
1.1600009999999998	0.9049618044624541
1.1800009999999999	0.9053111553195697
1.2000009999999999	0.9056283116575096
1.220001	0.9059161567059285
1.240001	0.9061773203860878
1.260001	0.9064142010834604
1.280001	0.906628985627317
1.300001	0.9068236676096938
1.320001	0.907000064169491
1.340001	0.9071598313604683
1.360001	0.9073044782145
1.380001	0.9074353796044687
1.400001	0.9075537880044212
1.4200009999999998	0.907660844237022
1.4400009999999999	0.9077575872923823
1.4600009999999999	0.9078449632959423
1.480001	0.9079238336968969