time	r
1.e-6	1.0001123514616939
0.020001	1.459307595783634
0.040001	1.5810146386240367
0.060001	1.6877460717147004
0.080001	1.7953208716761657
0.100001	1.9066511433587452
0.120001	2.021871399910857
0.14000100000000001	2.1400616714593372
0.160001	2.259719959180442
0.180001	2.378930423458084
0.200001	2.4954459577896397
0.220001	2.60676992496413
0.240001	2.7102901277169504
0.260001	2.8034975112178153
0.280001	2.884285092340917
0.30000099999999996	2.9512677380595904
0.320001	3.004017560045073
0.340001	3.0431146560200357
0.36000099999999996	3.069983336935663
0.380001	3.0865780573228068
0.400001	3.095035356363108
0.42000099999999996	3.0973919012213638
0.440001	3.0954130770870547
0.460001	3.0905254205974853
0.48000099999999996	3.0838211487367717
0.500001	3.076100975447793
0.520001	3.0679302790414185
0.5400010000000001	3.059694118202703
0.5600010000000001	3.0516445003180483
0.580001	3.0439380719534155
0.600001	3.036664779739849
0.620001	3.0298689718515694
0.640001	3.0235645745247233
0.6600010000000001	3.017745810474762
0.6800010000000001	3.0123946524960545
0.7000010000000001	3.007485931026639
0.720001	3.0029907794791346
0.740001	2.9988789150346733
0.760001	2.995120111629535
0.780001	2.991685118007038
0.8000010000000001	2.9885461985673505
0.8200010000000001	2.985677421054516
0.840001	2.9830547770860516
0.860001	2.980656194765256
0.880001	2.978461483878646
0.900001	2.9764522411219367
0.9200010000000001	2.974611733738648
0.9400010000000001	2.972924773696537
0.960001	2.971377590230338
0.980001	2.969957705645306
1.000001	2.9686538172920462
1.020001	2.9674556872950117
1.040001	2.96635404074213
1.060001	2.965340472478425
1.080001	2.9644073622936213
1.100001	2.9635477980846283
1.120001	2.9627555064594593
1.140001	2.962024790198188
1.1600009999999998	2.961350471976402
1.1800009999999999	2.960727843771019
1.2000009999999999	2.9601526213984894
1.220001	2.959620903672806
1.240001	2.9591291357125353
1.260001	2.9586740759677586
1.280001	2.9582527665790717
1.300001	2.957862506718807
1.320001	2.9575008286016318
1.340001	2.957165475883767
1.360001	2.9568543841999824
1.380001	2.9565656636145743
1.400001	2.9562975827880362
1.4200009999999998	2.956048554680069
1.4400009999999999	2.9558171236311668
1.4600009999999999	2.9556019536815192
1.480001	2.9554018180008015