time	r
1.e-6	0.9997708732184416
0.020001	0.19380168601522552
0.040001	0.11634238419459668
0.060001	0.08737576178928573
0.080001	0.07241101304609114
0.100001	0.06340201920177391
0.120001	0.05747154605719159
0.14000100000000001	0.05333142758761462
0.160001	0.050317404606858296
0.180001	0.048052103838613434
0.200001	0.04630563645319253
0.220001	0.044930474970748646
0.240001	0.043828083759895456
0.260001	0.042930534771121714
0.280001	0.042189776473211045
0.30000099999999996	0.0415710721289388
0.320001	0.04104883385914268
0.340001	0.04060389550513747
0.36000099999999996	0.040221681722405034
0.380001	0.039890952503009204
0.400001	0.03960292658898687
0.42000099999999996	0.039350659709986524
0.440001	0.03912859732578329
0.460001	0.03893224875415719
0.48000099999999996	0.03875794690786293
0.500001	0.03860266916342493
0.520001	0.038463902382665824
0.5400010000000001	0.038339540163552364
0.5600010000000001	0.03822780385361048
0.580001	0.038127181251711294
0.600001	0.03803637859853353
0.620001	0.03795428263983398
0.640001	0.03787993039143921
0.6600010000000001	0.037812484843007976
0.6800010000000001	0.03775121527908328
0.7000010000000001	0.037695481218951825
0.720001	0.037644719215007505
0.740001	0.03759843192626527
0.760001	0.03755617901607665
0.780001	0.037517569522912415
0.8000010000000001	0.03748225542881958
0.8200010000000001	0.037449926208083566
0.840001	0.03742030418315316
0.860001	0.037393140549431
0.880001	0.037368211957420856
0.900001	0.03734531756186217
0.9200010000000001	0.03732427646414602
0.9400010000000001	0.037304925487587015
0.960001	0.037287117235668715
0.980001	0.03727071839196782
1.000001	0.037255608227279004
1.020001	0.03724167728511761
1.040001	0.03722882622131746
1.060001	0.0372169647772128
1.080001	0.03720601086901286
1.100001	0.03719588977851814
1.120001	0.03718653343250955
1.140001	0.03717787975991115
1.1600009999999998	0.037169872117349505
1.1800009999999999	0.03716245877501001
1.2000009999999999	0.03715559245574998
1.220001	0.03714922992137684
1.240001	0.0371433316007542
1.260001	0.03713786125508363
1.280001	0.037132785676288964
1.300001	0.03712807441491356
1.320001	0.03712369953437938
1.340001	0.0371196353887439
1.360001	0.03711585842212199
1.380001	0.03711234698568258
1.400001	0.037109081173490974
1.4200009999999998	0.037106042672281556
1.4400009999999999	0.03710321462554482
1.4600009999999999	0.037100581509930786
1.480001	0.037098129022855406