site	time	r	r_small_t	r_large_t
7	1.e-6	0.4408600646174782	0.4408601269768621	0.804953465938344
7	0.020001	0.4326740751281443	0.4303368229310746	0.804953465938344
7	0.040001	0.430542041885894	0.4198135188852871	0.804953465938344
7	0.060001	0.4331237712936752	0.4092902148394996	0.804953465938344
7	0.080001	0.4394016574074782	0.3987669107937121	0.804953465938344
7	0.100001	0.4485743450363067	0.38824360674792463	0.804953465938344
7	0.120001	0.4599861938310963	0.37772030270213713	0.804953465938344
7	0.14000100000000001	0.4730847774074431	0.36719699865634964	0.804953465938344
7	0.160001	0.48739780877470534	0.35667369461056214	0.804953465938344
7	0.180001	0.5025213614410373	0.34615039056477465	0.804953465938344
7	0.200001	0.5181133906610373	0.3356270865189871	0.804953465938344
7	0.220001	0.5338889493021352	0.32510378247319965	0.804953465938344
7	0.240001	0.5496153916744543	0.3145804784274121	0.804953465938344
7	0.260001	0.565107062986922	0.30405717438162466	0.804953465938344
7	0.280001	0.5802195793091464	0.2935338703358371	0.804953465938344
7	0.30000099999999996	0.5948440129483071	0.28301056629004967	0.804953465938344
7	0.320001	0.608901296175805	0.2724872622442621	0.804953465938344
7	0.340001	0.6223370697886161	0.2619639581984746	0.804953465938344
7	0.36000099999999996	0.6351171028841411	0.2514406541526872	0.804953465938344
7	0.380001	0.6472233274308692	0.24091735010689966	0.804953465938344
7	0.400001	0.6586504740240764	0.23039404606111216	0.804953465938344
7	0.42000099999999996	0.6694032614017221	0.21987074201532467	0.804953465938344
7	0.440001	0.6794940761201985	0.20934743796953717	0.804953465938344
7	0.460001	0.6889410743694045	0.19882413392374967	0.804953465938344
7	0.48000099999999996	0.6977666404897832	0.1883008298779622	0.804953465938344
7	0.500001	0.705996142961925	0.17777752583217465	0.804953465938344
7	0.520001	0.713656936279551	0.16725422178638716	0.804953465938344
7	0.5400010000000001	0.7207775648886057	0.1567309177405996	0.804953465938344
7	0.5600010000000001	0.7273871325848235	0.1462076136948121	0.804953465938344
7	0.580001	0.7335148071022669	0.13568430964902467	0.804953465938344
7	0.600001	0.7391894350180483	0.12516100560323717	0.804953465938344
7	0.620001	0.7444392465870004	0.11463770155744968	0.804953465938344
7	0.640001	0.7492916338075872	0.10411439751166213	0.804953465938344
7	0.6600010000000001	0.7537729880267886	0.09359109346587463	0.804953465938344
7	0.6800010000000001	0.7579085858356169	0.08306778942008713	0.804953465938344
7	0.7000010000000001	0.7617225139936985	0.07254448537429964	0.804953465938344
7	0.720001	0.7652376257410252	0.0620211813285122	0.804953465938344
7	0.740001	0.7684755221811251	0.05149787728272465	0.804953465938344
7	0.760001	0.771456553510132	0.04097457323693715	0.804953465938344
7	0.780001	0.7741998357686537	0.030451269191149655	0.804953465938344
7	0.8000010000000001	0.7767232795425367	0.01992796514536216	0.804953465938344
7	0.8200010000000001	0.7790436276643632	0.009404661099574663	0.804953465938344
7	0.840001	0.7811764994909622	-0.0011186429462128333	0.804953465938344
7	0.860001	0.7831364397716648	-0.01164194699200033	0.804953465938344
7	0.880001	0.7849369704909298	-0.022165251037787825	0.804953465938344
7	0.900001	0.7865906443790767	-0.03268855508357532	0.804953465938344
7	0.9200010000000001	0.7881090990446178	-0.04321185912936282	0.804953465938344
7	0.9400010000000001	0.7895031108997256	-0.05373516317515037	0.804953465938344
7	0.960001	0.7907826482317885	-0.06425846722093781	0.804953465938344
7	0.980001	0.7919569229255903	-0.0747817712667253	0.804953465938344
7	1.000001	0.7930344404654107	-0.0853050753125128	0.804953465938344
7	1.020001	0.7940230479500248	-0.0958283793583003	0.804953465938344
7	1.040001	0.7949299799370363	-0.1063516834040878	0.804953465938344
7	1.060001	0.7957619020024025	-0.11687498744987529	0.804953465938344
7	1.080001	0.796524951955428	-0.12739829149566279	0.804953465938344
7	1.100001	0.7972247786935992	-0.13792159554145028	0.804953465938344
7	1.120001	0.7978665787159815	-0.14844489958723778	0.804953465938344
7	1.140001	0.798455130340965	-0.15896820363302527	0.804953465938344
7	1.1600009999999998	0.7989948256934989	-0.16949150767881266	0.804953465938344
7	1.1800009999999999	0.7994897005425293	-0.18001481172460015	0.804953465938344
7	1.2000009999999999	0.799943462079482	-0.19053811577038776	0.804953465938344
7	1.220001	0.8003595147354059	-0.20106141981617526	0.804953465938344
7	1.240001	0.800740984138854	-0.21158472386196275	0.804953465938344
7	1.260001	0.8010907393176966	-0.22210802790775025	0.804953465938344
7	1.280001	0.8014114132491462	-0.23263133195353775	0.804953465938344
7	1.300001	0.8017054218594888	-0.24315463599932524	0.804953465938344
7	1.320001	0.8019749815734649	-0.25367794004511274	0.804953465938344
7	1.340001	0.8022221255102336	-0.26420124409090023	0.804953465938344
7	1.360001	0.8024487184178284	-0.27472454813668773	0.804953465938344
7	1.380001	0.8026564704352898	-0.2852478521824752	0.804953465938344
7	1.400001	0.8028469497659174	-0.29577115622826283	0.804953465938344
7	1.4200009999999998	0.8030215943416015	-0.3062944602740502	0.804953465938344
7	1.4400009999999999	0.8031817225526853	-0.3168177643198377	0.804953465938344
7	1.4600009999999999	0.8033285431139544	-0.3273410683656252	0.804953465938344
7	1.480001	0.8034631641325276	-0.3378643724114127	0.804953465938344