site	rate	t	lnL
1	0.0000000000	0.0008515590	-3.6758597409
2	0.0000000000	0.0008515590	-3.0207399559
3	7.9314467661	0.0008515590	-25.4627941761
4	0.0000000000	0.0008515590	-3.4320359844
5	0.0000000000	0.0008515590	-4.0850631711
6	5.3105158102	0.0008515590	-12.8889767962
7	0.0000000000	0.0008515590	-2.8889866289
8	0.0000000000	0.0008515590	-2.3347240860
9	0.0000000000	0.0008515590	-3.0298250282
10	0.0000000000	0.0008515590	-3.0363652738
11	0.0000000000	0.0008515590	-2.3373299507
12	3.9775613862	0.0008515590	-14.0557849570
13	0.0000000000	0.0008515590	-3.2092823726
14	5.7584944335	0.0008515590	-15.9214284856
15	0.0000000000	0.0008515590	-3.0285220964
16	0.0000000000	0.0008515590	-3.2092823726
17	0.0000000000	0.0008515590	-2.3373299507
18	0.0000000000	0.0008515590	-3.0207399559
19	5.4360080050	0.0008515590	-12.2624028300
20	0.0000000000	0.0008515590	-3.0285220964
21	5.4012388310	0.0008515590	-13.8091579936
22	6.4792477976	0.0008515590	-13.3968744255
23	0.0000000000	0.0008515590	-3.0363652738
24	0.0000000000	0.0008515590	-3.2092823726
25	0.0000000000	0.0008515590	-3.2092823726
26	0.0000000000	0.0008515590	-3.0207399559
27	0.0000000000	0.0008515590	-2.8867241845
28	0.0000000000	0.0008515590	-2.4238077572
29	0.0000000000	0.0008515590	-2.3347240860
30	0.0000000000	0.0008515590	-2.4238077572
31	0.0000000000	0.0008515590	-2.3347240860
32	0.0000000000	0.0008515590	-3.2108436532
33	5.6905811220	0.0008515590	-15.3147247953
34	8.8307513543	0.0008515590	-15.3779607299
35	0.0000000000	0.0008515590	-3.6758597409
36	0.0000000000	0.0008515590	-2.4238077572
37	0.0000000000	0.0008515590	-2.3347240860
38	5.5362912830	0.0008515590	-11.7063767022
39	0.0000000000	0.0008515590	-3.0272208600
40	8.0008773115	0.0008515590	-23.3187546948
41	0.0000000000	0.0008515590	-3.0298250282
42	4.0106400484	0.0008515590	-13.8382318764
43	0.0000000000	0.0008515590	-3.0298250282
44	0.0000000000	0.0008515590	-3.2092823726
45	0.0000000000	0.0008515590	-3.2108436532
46	0.0000000000	0.0008515590	-3.0285220964
47	0.0000000000	0.0008515590	-2.8889866289
48	0.0000000000	0.0008515590	-3.0285220964
49	0.0000000000	0.0008515590	-2.4238077572
50	0.0000000000	0.0008515590	-3.6758597409
51	0.0000000000	0.0008515590	-3.0285220964
52	6.8673853919	0.0008515590	-13.1309423069
53	0.0000000000	0.0008515590	-2.3347240860
54	0.0000000000	0.0008515590	-3.0285220964
55	0.0000000000	0.0008515590	-3.2092823726
56	0.0000000000	0.0008515590	-3.2108436532
57	0.0000000000	0.0008515590	-2.8889866289
58	0.0000000000	0.0008515590	-2.8867241845
59	0.0000000000	0.0008515590	-2.3373299507
60	0.0000000000	0.0008515590	-2.3373299507
61	0.0000000000	0.0008515590	-2.4238077572
62	5.2824810972	0.0008515590	-12.9807212835
63	0.0000000000	0.0008515590	-3.2108436532
64	0.0000000000	0.0008515590	-2.8889866289
65	3.9813370888	0.0008515590	-13.9313595158
66	0.0000000000	0.0008515590	-2.8889866289
67	0.0000000000	0.0008515590	-4.0850631711
68	0.0000000000	0.0008515590	-3.0285220964
69	0.0000000000	0.0008515590	-3.0272208600
70	3.9439102630	0.0008515590	-15.9797109055
71	0.0000000000	0.0008515590	-3.4204079464
72	0.0000000000	0.0008515590	-3.4300885641
73	0.0000000000	0.0008515590	-2.4238077572
74	0.0000000000	0.0008515590	-3.4320359844
75	0.0000000000	0.0008515590	-3.0272208600
76	0.0000000000	0.0008515590	-3.0285220964
77	0.0000000000	0.0008515590	-3.0285220964
78	0.0000000000	0.0008515590	-2.3373299507
79	0.0000000000	0.0008515590	-2.8867241845
80	5.3440929018	0.0008515590	-14.9924978998
81	0.0000000000	0.0008515590	-2.3347240860
82	0.0000000000	0.0008515590	-3.2108436532
83	3.9061852179	0.0008515590	-11.0147494681
84	0.0000000000	0.0008515590	-3.0272208600
85	0.0000000000	0.0008515590	-3.2092823726
86	4.6065899074	0.0008515590	-13.4842115998
87	0.0000000000	0.0008515590	-2.8867241845
88	0.0000000000	0.0008515590	-2.3373299507
89	0.0000000000	0.0008515590	-2.3373299507
90	0.0000000000	0.0008515590	-3.2092823726
91	0.0000000000	0.0008515590	-2.4238077572
92	0.0000000000	0.0008515590	-2.3347240860
93	0.0000000000	0.0008515590	-3.4204079464
94	0.0000000000	0.0008515590	-3.0363652738
95	0.0000000000	0.0008515590	-2.4238077572
96	4.6022527947	0.0008515590	-15.6078939063
97	0.0000000000	0.0008515590	-3.4320359844
98	0.0000000000	0.0008515590	-3.0298250282
99	0.0000000000	0.0008515590	-2.8889866289
100	0.0000000000	0.0008515590	-3.4300885641
101	0.0000000000	0.0008515590	-2.3373299507
102	0.0000000000	0.0008515590	-3.4204079464
103	0.0000000000	0.0008515590	-3.4320359844
104	0.0000000000	0.0008515590	-3.0207399559
105	0.0000000000	0.0008515590	-3.2092823726
106	4.2786939223	0.0008515590	-11.7082023842
107	0.0000000000	0.0008515590	-3.0207399559
108	0.0000000000	0.0008515590	-2.3373299507
109	0.0000000000	0.0008515590	-2.3347240860
110	0.0000000000	0.0008515590	-3.0285220964
111	0.0000000000	0.0008515590	-2.4238077572
112	0.0000000000	0.0008515590	-3.4204079464
113	0.0000000000	0.0008515590	-2.3347240860
114	0.0000000000	0.0008515590	-3.0272208600
115	0.0000000000	0.0008515590	-3.0285220964
116	0.0000000000	0.0008515590	-3.0363652738
117	0.0000000000	0.0008515590	-2.8889866289
118	0.0000000000	0.0008515590	-2.3347240860
119	0.0000000000	0.0008515590	-2.3347240860
120	4.2909323821	0.0008515590	-11.1120441934
121	0.0000000000	0.0008515590	-3.0285220964
122	0.0000000000	0.0008515590	-2.4238077572
123	4.0671414348	0.0008515590	-13.2554206521
124	0.0000000000	0.0008515590	-3.4300885641
