site	rate	t	lnL
1	0.6789181571	0.0059897051	-13.8961585078
2	0.0000000000	0.0059897051	-3.3937904054
3	1.4647864453	0.0059897051	-20.0968541688
4	0.0000000000	0.0059897051	-3.8977602840
5	0.0000000000	0.0059897051	-2.2078019949
6	2.0733011553	0.0059897051	-28.3382978186
7	0.7144105448	0.0059897051	-11.3966267581
8	0.7142587640	0.0059897051	-12.4540191161
9	1.3618593232	0.0059897051	-20.3309403986
10	0.0000000000	0.0059897051	-2.6109774626
11	0.0000000000	0.0059897051	-2.4482870212
12	2.7901767515	0.0059897051	-37.2912050510
13	1.4520710628	0.0059897051	-20.2032053518
14	0.7044318559	0.0059897051	-11.8824837822
15	0.7240156096	0.0059897051	-12.0921948882
16	1.3982287996	0.0059897051	-20.2286046101
17	1.4520710501	0.0059897051	-20.8557784683
18	1.4520710729	0.0059897051	-21.2538213328
19	0.6904791456	0.0059897051	-13.0484896668
20	0.0000000000	0.0059897051	-2.5037319323
21	2.8757879270	0.0059897051	-37.0083859646
22	1.4695213123	0.0059897051	-18.8571885666
23	0.0000000000	0.0059897051	-2.3314762754
24	0.0000000000	0.0059897051	-2.5037319323
25	0.6937854194	0.0059897051	-12.1535606027
26	0.0000000000	0.0059897051	-4.7094671993
27	0.0000000000	0.0059897051	-2.6058448594
28	0.0000000000	0.0059897051	-2.2078019949
29	0.0000000000	0.0059897051	-2.3314762754
30	0.0000000000	0.0059897051	-3.6610446551
31	0.0000000000	0.0059897051	-2.2078019949
32	0.7328233236	0.0059897051	-11.9267845341
33	0.6776429884	0.0059897051	-14.1315498732
34	0.0000000000	0.0059897051	-2.5037319323
35	0.6898547053	0.0059897051	-12.1958689201
36	1.3815093800	0.0059897051	-21.2495007159
37	2.8063274698	0.0059897051	-34.2189539493
38	0.6937854561	0.0059897051	-14.2571829426
39	2.0793111737	0.0059897051	-28.3116738222
40	1.4676590685	0.0059897051	-20.2095611413
41	2.2382953650	0.0059897051	-27.3987588488
42	2.9077909726	0.0059897051	-35.3657224523
43	1.4443424560	0.0059897051	-20.3741723697
44	2.2412372062	0.0059897051	-27.5761059215
45	2.9028582694	0.0059897051	-35.5168404490
46	0.7204741810	0.0059897051	-11.1572722013
47	0.6776074257	0.0059897051	-13.9712592993
48	0.0000000000	0.0059897051	-3.3937904054
49	1.3848438976	0.0059897051	-20.9249668547
50	0.0000000000	0.0059897051	-2.4482870212
51	0.0000000000	0.0059897051	-2.5037319323
52	0.0000000000	0.0059897051	-2.6058448594
53	1.4116259730	0.0059897051	-18.8890486866
54	2.0808282071	0.0059897051	-29.6073070221
55	0.0000000000	0.0059897051	-2.6109774626
56	1.3634341733	0.0059897051	-22.6059786424
57	0.6802971212	0.0059897051	-12.9044894553
58	4.2778529245	0.0059897051	-50.5699905182
59	0.7142587698	0.0059897051	-12.7976463446
60	0.7328233236	0.0059897051	-11.3712342273
61	0.0000000000	0.0059897051	-2.2078019949
62	0.7142587153	0.0059897051	-12.7139473257
63	0.0000000000	0.0059897051	-3.0643112042
64	0.0000000000	0.0059897051	-2.9765129125
65	0.7041345873	0.0059897051	-11.7756584015
66	0.0000000000	0.0059897051	-3.2425923515
67	2.2426177404	0.0059897051	-26.3388156500
68	0.0000000000	0.0059897051	-2.9765129125
69	0.6806610467	0.0059897051	-13.0431788391
70	2.8210706875	0.0059897051	-35.3403303145
71	0.6893262637	0.0059897051	-13.5906613401
72	2.1020323946	0.0059897051	-28.2610341762
73	0.7434247316	0.0059897051	-10.9537279390
74	0.0000000000	0.0059897051	-2.5037319323
75	0.0000000000	0.0059897051	-2.3314762754
76	0.6774314086	0.0059897051	-12.8556047927
77	0.0000000000	0.0059897051	-2.2078019949
78	1.3785529067	0.0059897051	-21.2933024055
79	2.7284905596	0.0059897051	-36.5254658572
80	2.9211572313	0.0059897051	-33.7912010028
81	0.0000000000	0.0059897051	-2.6109774626
82	2.1018361680	0.0059897051	-28.4658852811
83	0.7204742115	0.0059897051	-12.6105148615
84	0.6852632270	0.0059897051	-12.9151969008
85	0.0000000000	0.0059897051	-2.3314762754
86	2.1504686975	0.0059897051	-28.5659462359
87	1.3798551610	0.0059897051	-21.3947207322
88	0.0000000000	0.0059897051	-2.6109774626
89	0.0000000000	0.0059897051	-2.6058448594
90	2.0660194281	0.0059897051	-28.2666997762
91	0.0000000000	0.0059897051	-2.2078019949
92	0.0000000000	0.0059897051	-2.6109774626
93	0.0000000000	0.0059897051	-2.4482870212
94	0.0000000000	0.0059897051	-2.3314762754
95	0.0000000000	0.0059897051	-3.6610446551
96	2.8746871313	0.0059897051	-37.4480340400
97	0.7435113146	0.0059897051	-11.1258686637
98	1.4695287245	0.0059897051	-18.9074797371
99	0.0000000000	0.0059897051	-2.6058448594
100	0.0000000000	0.0059897051	-2.5037319323
101	0.0000000000	0.0059897051	-2.6109774626
102	2.2072704285	0.0059897051	-27.5187157420
103	2.7388565952	0.0059897051	-37.2857885861
104	0.7241752343	0.0059897051	-12.2827030798
105	2.1827732941	0.0059897051	-29.2631233034
106	0.0000000000	0.0059897051	-3.2030615127
107	0.0000000000	0.0059897051	-3.3937904054
108	0.0000000000	0.0059897051	-3.6537186150
109	0.0000000000	0.0059897051	-3.1665277694
110	0.6904791953	0.0059897051	-12.2605441208
111	0.0000000000	0.0059897051	-2.2078019949
112	3.6619598043	0.0059897051	-43.0322506862
113	0.6882470635	0.0059897051	-13.6317553576
114	1.3840765728	0.0059897051	-22.0051592307
115	0.6843191633	0.0059897051	-12.2223808843
116	2.8729086924	0.0059897051	-36.6326647977
117	1.3594698440	0.0059897051	-21.9086689594
118	2.8408822062	0.0059897051	-34.9545860257
119	0.7041345428	0.0059897051	-13.0093441032
120	2.0774857133	0.0059897051	-28.4974965039
121	1.4120869649	0.0059897051	-20.5797499164
122	0.0000000000	0.0059897051	-2.2078019949
123	3.5276568876	0.0059897051	-40.8969038168
124	2.7947012645	0.0059897051	-37.4202096368
