site	rate	t	lnL
1	3.2492820426	0.5553926993	-387.8289562044
2	0.6614952407	0.5553926993	-242.0886012317
3	1.8630774016	0.5553926993	-371.9574881751
4	2.1409703704	0.5553926993	-374.8565674873
5	0.2621099803	0.5553926993	-124.8276548136
6	3.0294901908	0.5553926993	-388.5358178575
7	0.3907317523	0.5553926993	-202.0024410604
8	0.8902020831	0.5553926993	-319.9082558001
9	1.7241109459	0.5553926993	-380.0635377243
10	2.4117293273	0.5553926993	-366.6733974118
11	0.5661850150	0.5553926993	-221.6676730349
12	1.9525501608	0.5553926993	-382.4327715696
13	1.4955674780	0.5553926993	-355.0439444042
14	1.0399167829	0.5553926993	-281.8561634286
15	0.5556448162	0.5553926993	-219.0042071295
16	2.2828476865	0.5553926993	-381.0234837940
17	1.6998189981	0.5553926993	-352.6561287502
18	1.4411563761	0.5553926993	-311.0208873940
19	4.0399398669	0.5553926993	-388.2678461968
20	0.2954656389	0.5553926993	-119.7295456147
21	1.2295640735	0.5553926993	-313.6907254737
22	1.9437058725	0.5553926993	-367.0525935739
23	0.7449163185	0.5553926993	-282.6440054551
24	0.1423908317	0.5553926993	-73.7667017199
25	1.3349217855	0.5553926993	-351.5644387140
26	0.2442131601	0.5553926993	-81.4960645129
27	0.2748764952	0.5553926993	-163.2004282813
28	0.0000000000	0.5553926993	-2.4519379928
29	0.1290907383	0.5553926993	-108.4283354304
30	0.6239409771	0.5553926993	-272.0869859742
31	3.3372899684	0.5553926993	-359.0061593338
32	2.8400039953	0.5553926993	-365.5923142400
33	0.3100324043	0.5553926993	-192.9864431723
34	2.2573937155	0.5553926993	-369.4184547031
35	0.8867775539	0.5553926993	-279.3512560191
36	2.6958330857	0.5553926993	-380.2992475675
37	1.4101316022	0.5553926993	-342.7889552635
38	2.1216946024	0.5553926993	-379.9965361264
39	3.0306152550	0.5553926993	-378.2577751000
40	0.7593622123	0.5553926993	-315.4126488991
41	0.8952806381	0.5553926993	-330.5895674071
42	3419.8121815749	0.5553926993	-385.7503170345
43	1.8074834368	0.5553926993	-343.8626171836
44	2.6886641730	0.5553926993	-387.3054990717
45	2.9769282152	0.5553926993	-375.2018910179
46	1.0871955236	0.5553926993	-279.2601284017
47	0.3138108439	0.5553926993	-224.4589161859
48	1.2257749845	0.5553926993	-324.6247360877
49	0.8580214630	0.5553926993	-317.6790798218
50	0.3105521470	0.5553926993	-210.9562950060
51	0.0000000000	0.5553926993	-2.6557021456
52	0.3421333383	0.5553926993	-183.0063223767
53	0.5881061685	0.5553926993	-241.2841558541
54	1.0722080488	0.5553926993	-329.2837931476
55	0.3281282726	0.5553926993	-210.5045322084
56	0.9336722373	0.5553926993	-360.8334975399
57	0.0606403875	0.5553926993	-66.9868630037
58	2.1443393188	0.5553926993	-353.0726244927
59	2.3756630851	0.5553926993	-377.6439240834
60	0.4975905995	0.5553926993	-159.4556414006
61	0.0130201866	0.5553926993	-12.3278105054
62	1.6004093830	0.5553926993	-359.0504881097
63	0.4684508583	0.5553926993	-219.5356496787
64	1.2055705365	0.5553926993	-299.9755320932
65	1.6465724333	0.5553926993	-372.2683615519
66	0.4859332088	0.5553926993	-260.7510721301
67	5.4926018639	0.5553926993	-399.4836203347
68	0.9685697923	0.5553926993	-284.4429851382
69	1.2664082786	0.5553926993	-389.6291224075
70	4.7855177416	0.5553926993	-383.8426238698
71	1.5284216572	0.5553926993	-346.9173981587
72	1.5351162179	0.5553926993	-350.6628380391
73	0.0130631583	0.5553926993	-12.3306159764
74	1.0490602366	0.5553926993	-279.2988101763
75	0.8583168383	0.5553926993	-300.9705231246
76	1.8264185675	0.5553926993	-379.8503026381
77	0.1755986697	0.5553926993	-89.4943780954
78	4.6846090169	0.5553926993	-394.7003995622
79	2.0811908632	0.5553926993	-356.1560439472
80	0.5050925615	0.5553926993	-244.9454357437
81	1.5645043248	0.5553926993	-350.2724806235
82	2.9555193077	0.5553926993	-375.1512856748
83	2.4868639958	0.5553926993	-377.5072520739
84	0.6561672355	0.5553926993	-242.6162067939
85	0.4779880367	0.5553926993	-243.5970454713
86	1.1402923529	0.5553926993	-395.6837931057
87	3.1945180037	0.5553926993	-375.9033909442
88	0.4444625703	0.5553926993	-254.8777710507
89	0.1173472762	0.5553926993	-88.9553159845
90	5.6513821675	0.5553926993	-380.2264262685
91	0.2517528470	0.5553926993	-122.4540017811
92	0.6928034908	0.5553926993	-267.3105853672
93	2.0417494727	0.5553926993	-358.4321208641
94	0.3363300282	0.5553926993	-190.9215825409
95	0.3778828532	0.5553926993	-234.0681719734
96	3.5267678893	0.5553926993	-364.6542432344
97	3.3934748915	0.5553926993	-370.5117460800
98	1.4259981234	0.5553926993	-335.3960801706
99	2.1362178043	0.5553926993	-382.0612709518
100	0.1786470916	0.5553926993	-80.5651994781
101	0.2053823141	0.5553926993	-132.3261066237
102	3.2801298093	0.5553926993	-387.4488006973
103	2.8080544387	0.5553926993	-353.5295585818
104	0.5936653438	0.5553926993	-170.1550846783
105	1.5456395984	0.5553926993	-352.9893500990
106	2.7699729674	0.5553926993	-370.5503575518
107	0.5606869351	0.5553926993	-205.6053711820
108	2.0111971076	0.5553926993	-383.5231239772
109	4.4692323426	0.5553926993	-384.5050069650
110	3.1133804533	0.5553926993	-368.8644422026
111	0.0263369994	0.5553926993	-20.0452888319
112	2.9265097643	0.5553926993	-377.3024288931
113	3.5798442477	0.5553926993	-386.7404305221
114	0.5584998564	0.5553926993	-252.9430363732
115	2.4665422996	0.5553926993	-373.6015911372
116	2.7857029076	0.5553926993	-387.5711719739
117	1.6480340955	0.5553926993	-378.8220197216
118	1.5645056187	0.5553926993	-328.1577908890
119	1.4184932804	0.5553926993	-374.3250599238
120	2.0755196573	0.5553926993	-364.2934150363
121	0.9931277839	0.5553926993	-261.9749025899
122	0.5220261808	0.5553926993	-194.6765063889
123	2.8513010669	0.5553926993	-373.6226274275
124	2.6551017868	0.5553926993	-385.9212777703
