site	rate	t	lnL
1	1.3453029896	0.0655570837	-124.7881189731
2	0.1275707353	0.0655570837	-20.5554777277
3	2.0974393533	0.0655570837	-176.1896766347
4	1.2677943549	0.0655570837	-125.1421075336
5	0.0636245290	0.0655570837	-12.4711623680
6	1.4904851218	0.0655570837	-137.7749492472
7	0.3211040747	0.0655570837	-42.2814466720
8	0.2563356935	0.0655570837	-35.3249229471
9	0.8535610128	0.0655570837	-92.4477834276
10	0.9923002428	0.0655570837	-99.8123063722
11	0.2563355120	0.0655570837	-35.3249244240
12	1.3425124933	0.0655570837	-129.5126856523
13	0.6502574878	0.0655570837	-74.5185377839
14	0.1275162033	0.0655570837	-20.5563231793
15	1.4830611544	0.0655570837	-141.1728633121
16	1.5589041254	0.0655570837	-142.0837997009
17	1.7826887955	0.0655570837	-161.0717628470
18	1.8582349271	0.0655570837	-162.1917337321
19	0.9901582058	0.0655570837	-101.7893400464
20	0.0636171991	0.0655570837	-12.4713721460
21	0.7199898888	0.0655570837	-78.3563299088
22	1.8655096419	0.0655570837	-158.9994667241
23	1.9269946637	0.0655570837	-169.8025657779
24	0.0000000000	0.0655570837	-2.9957322736
25	1.4090991421	0.0655570837	-133.7051878901
26	0.1918022857	0.0655570837	-28.1123251396
27	0.5842283001	0.0655570837	-68.3288989514
28	0.0000000000	0.0655570837	-2.9957322736
29	0.0636172058	0.0655570837	-12.4713721460
30	0.4517896129	0.0655570837	-55.6075321289
31	1.1303363058	0.0655570837	-110.9328278733
32	0.7858751129	0.0655570837	-86.5556007673
33	0.2563355265	0.0655570837	-35.3249244240
34	1.6312008668	0.0655570837	-147.5753466413
35	0.5184535068	0.0655570837	-60.9252972787
36	1.3431546497	0.0655570837	-128.2854473635
37	1.6276697403	0.0655570837	-149.4155172207
38	1.4142487107	0.0655570837	-134.7376164144
39	1.5539070073	0.0655570837	-145.3345614904
40	1.6346737173	0.0655570837	-144.5038996208
41	1.2655388196	0.0655570837	-126.2726995595
42	2.0888845926	0.0655570837	-178.4748805179
43	0.7873103425	0.0655570837	-84.3365844142
44	1.6322565020	0.0655570837	-149.7628423824
45	1.4861680880	0.0655570837	-137.0996615742
46	0.0000000000	0.0655570837	-2.9957322736
47	0.2563360906	0.0655570837	-35.3249200220
48	0.9940259803	0.0655570837	-100.7534546984
49	1.7079719371	0.0655570837	-154.3020804886
50	0.5842272333	0.0655570837	-68.3289068620
51	0.0000000000	0.0655570837	-2.9957322736
52	0.1918101082	0.0655570837	-28.1123255395
53	1.3405764305	0.0655570837	-128.3198023104
54	0.8526675142	0.0655570837	-92.4601217342
55	0.3215314865	0.0655570837	-42.2749666033
56	1.7788440593	0.0655570837	-157.2362574949
57	0.3211791742	0.0655570837	-41.5871898758
58	1.3377494565	0.0655570837	-131.6585864908
59	0.5843546443	0.0655570837	-68.3269694172
60	0.1275211618	0.0655570837	-20.5563231808
61	0.0636172021	0.0655570837	-12.4713721460
62	1.8558544257	0.0655570837	-163.6459970311
63	1.5604868746	0.0655570837	-141.7773835395
64	1.4874982341	0.0655570837	-138.7115304154
65	1.5527114584	0.0655570837	-145.3509787592
66	0.0636172017	0.0655570837	-12.4713721460
67	1.7882154826	0.0655570837	-159.4883606468
68	2.0560576186	0.0655570837	-170.8800280178
69	1.1276912190	0.0655570837	-114.1506086131
70	0.6511520734	0.0655570837	-72.3073406921
71	0.9944150221	0.0655570837	-100.8817411015
72	0.9209838022	0.0655570837	-97.1666586247
73	0.0000000000	0.0655570837	-2.9957322736
74	0.0636111043	0.0655570837	-12.4713721414
75	1.5559342142	0.0655570837	-145.7188293280
76	1.3416294898	0.0655570837	-130.5056897400
77	0.0000000000	0.0655570837	-2.9957322736
78	1.5604958085	0.0655570837	-146.3469820616
79	1.7088027288	0.0655570837	-150.7003061567
80	0.1275161984	0.0655570837	-20.5563231793
81	1.2131450899	0.0655570837	-118.3500902079
82	1.5522832475	0.0655570837	-145.3557123747
83	1.7026727823	0.0655570837	-154.6571396550
84	0.3863253055	0.0655570837	-49.0299425632
85	0.2564486411	0.0655570837	-35.3232027897
86	1.8501134168	0.0655570837	-163.6062930971
87	1.2042285192	0.0655570837	-119.9895636700
88	0.8532808433	0.0655570837	-90.1484121199
89	0.3211035041	0.0655570837	-42.2814513007
90	1.6405037948	0.0655570837	-152.5432961408
91	1.7090222299	0.0655570837	-156.3728345919
92	0.8541883910	0.0655570837	-91.3392652400
93	0.9914937094	0.0655570837	-102.8703699308
94	0.2563922553	0.0655570837	-35.3240622253
95	0.5188092338	0.0655570837	-60.9200113037
96	2.0037609076	0.0655570837	-168.8812823749
97	1.0575264802	0.0655570837	-108.9776690255
98	0.5842616547	0.0655570837	-67.2293849998
99	1.8625825174	0.0655570837	-163.0022213264
100	0.1917604510	0.0655570837	-28.1129663645
101	0.3863308303	0.0655570837	-48.3367533989
102	1.5548886027	0.0655570837	-145.3214244036
103	1.8506715545	0.0655570837	-163.5938254388
104	0.9929314599	0.0655570837	-100.7694136743
105	0.6510760747	0.0655570837	-73.4076125953
106	0.9219026349	0.0655570837	-97.1536858872
107	1.5759179904	0.0655570837	-144.3476570539
108	1.9277740009	0.0655570837	-167.3061834761
109	2.8212647799	0.0655570837	-217.3560409752
110	1.7037595181	0.0655570837	-151.6311379053
111	0.0000000000	0.0655570837	-2.9957322736
112	1.7065988870	0.0655570837	-154.4897531807
113	1.0611436816	0.0655570837	-105.4267630877
114	0.8534759204	0.0655570837	-91.3493154431
115	0.9215485555	0.0655570837	-97.1588854500
116	1.9287655892	0.0655570837	-168.6786178378
117	1.8460388264	0.0655570837	-163.5862575198
118	1.2684314526	0.0655570837	-125.1332164176
119	0.5835371063	0.0655570837	-68.3389904177
120	1.8596164186	0.0655570837	-163.7281010051
121	0.0636306205	0.0655570837	-12.4711624606
122	0.2563357170	0.0655570837	-35.3249229446
123	1.4201114595	0.0655570837	-133.2709280602
124	1.2028786490	0.0655570837	-115.1690649306
