site	rate	t	lnL
1	1.6829773270	0.0605468983	-145.3401407951
2	0.7886589235	0.0605468983	-77.9329448324
3	1.1602523351	0.0605468983	-107.9656732092
4	1.3974473741	0.0605468983	-122.8563762156
5	0.0000000000	0.0605468983	-2.3847511892
6	1.0010091220	0.0605468983	-99.7403120329
7	0.5122931798	0.0605468983	-51.6001748557
8	0.6564851199	0.0605468983	-66.5776514143
9	1.6960902971	0.0605468983	-146.1486592263
10	1.0777832262	0.0605468983	-101.8716976997
11	0.1412129332	0.0605468983	-19.5817968066
12	1.4396326271	0.0605468983	-123.0544194599
13	1.2744200216	0.0605468983	-120.4471643677
14	1.5116345428	0.0605468983	-131.8622265300
15	0.3646413455	0.0605468983	-40.3359441368
16	1.4328038436	0.0605468983	-134.7837298952
17	1.0867846736	0.0605468983	-102.4621399869
18	1.0177418681	0.0605468983	-99.0329354631
19	1.3035356115	0.0605468983	-117.7962854811
20	0.0707610032	0.0605468983	-12.2518771631
21	1.0644450970	0.0605468983	-100.3211906495
22	0.5464879265	0.0605468983	-63.0498323147
23	1.0616376381	0.0605468983	-99.1398645746
24	0.2026960117	0.0605468983	-27.6149526102
25	0.8327418360	0.0605468983	-86.6501536460
26	0.1372423240	0.0605468983	-20.0241732607
27	1.0050332416	0.0605468983	-95.5917789857
28	0.0000000000	0.0605468983	-2.3847511892
29	0.0721379459	0.0605468983	-11.6808058669
30	0.6389280318	0.0605468983	-63.0987409077
31	2.1032685217	0.0605468983	-170.1910852948
32	0.4989420558	0.0605468983	-56.7902894475
33	0.2071639979	0.0605468983	-27.4902177174
34	1.5407956208	0.0605468983	-135.0521822330
35	1.7580146482	0.0605468983	-147.2351430553
36	1.0074540860	0.0605468983	-95.4928086346
37	2.0991951294	0.0605468983	-175.1661132665
38	1.5087518107	0.0605468983	-135.2320021721
39	1.3833436489	0.0605468983	-124.1774942313
40	2.1214740469	0.0605468983	-165.5457683340
41	1.5841211649	0.0605468983	-139.0049595662
42	1.2832255837	0.0605468983	-112.6580237678
43	1.1717727404	0.0605468983	-108.1159673760
44	1.5648912546	0.0605468983	-135.5493723129
45	1.1343481475	0.0605468983	-109.3817615340
46	0.0707610019	0.0605468983	-12.1175648255
47	0.6499577805	0.0605468983	-66.4214445169
48	1.0790676909	0.0605468983	-102.2747165787
49	1.0612014031	0.0605468983	-102.7228480563
50	0.4240512255	0.0605468983	-48.7519981539
51	0.0000000000	0.0605468983	-2.5880854074
52	0.2844890642	0.0605468983	-35.6995913764
53	0.5014093710	0.0605468983	-53.7770697301
54	1.8126500453	0.0605468983	-156.0607185614
55	1.7630597134	0.0605468983	-144.5449881733
56	1.9764109757	0.0605468983	-164.8977093836
57	0.0000000000	0.0605468983	-3.0765313156
58	0.9260733978	0.0605468983	-91.6194306586
59	1.2889986482	0.0605468983	-122.6440461066
60	0.0684016353	0.0605468983	-12.0386076970
61	0.0000000000	0.0605468983	-2.3847511892
62	1.6755406130	0.0605468983	-139.7492403656
63	0.5558562692	0.0605468983	-61.4877846539
64	1.5919377467	0.0605468983	-138.7303153483
65	1.7628316225	0.0605468983	-147.9764190523
66	0.1390907794	0.0605468983	-20.8025720347
67	2.0496539044	0.0605468983	-163.5392483074
68	0.4299649286	0.0605468983	-47.4959150048
69	2.3102712955	0.0605468983	-179.4195581416
70	1.0915490022	0.0605468983	-104.5097343236
71	0.6971666930	0.0605468983	-73.4984989673
72	0.7925482888	0.0605468983	-79.5288907083
73	0.0000000000	0.0605468983	-2.3847511892
74	0.8702376925	0.0605468983	-87.5954493774
75	0.6278695026	0.0605468983	-66.8538727326
76	1.7454821575	0.0605468983	-149.5913862144
77	0.0720673896	0.0605468983	-12.1235709357
78	1.2169226339	0.0605468983	-113.4555121112
79	1.6907790189	0.0605468983	-143.8381451749
80	0.2841552173	0.0605468983	-35.2257623815
81	1.0250222486	0.0605468983	-95.7711910428
82	0.6286051351	0.0605468983	-69.3829627310
83	2.2815408035	0.0605468983	-173.9612750618
84	2.3676745481	0.0605468983	-177.9363656473
85	0.7295499217	0.0605468983	-71.7550146235
86	0.9437763872	0.0605468983	-89.1128675502
87	1.8199986562	0.0605468983	-157.4337201939
88	1.6266708797	0.0605468983	-142.7089291157
89	0.1446391468	0.0605468983	-19.7485929631
90	2.2511467443	0.0605468983	-180.0832699124
91	0.0000000000	0.0605468983	-2.3847511892
92	0.3443314897	0.0605468983	-43.1867525145
93	1.4829424999	0.0605468983	-130.3973489768
94	0.1364729767	0.0605468983	-21.0621583136
95	0.2015129846	0.0605468983	-29.8580101478
96	1.7524643459	0.0605468983	-155.1801713651
97	1.5251774308	0.0605468983	-131.5057743881
98	0.8723498825	0.0605468983	-86.4916192603
99	1.1475005175	0.0605468983	-108.5503828563
100	0.0000000000	0.0605468983	-2.5880854074
101	0.2914073204	0.0605468983	-35.4954937895
102	1.7549553281	0.0605468983	-155.7637361095
103	1.8638270209	0.0605468983	-156.1791355853
104	0.2762519849	0.0605468983	-34.3729999520
105	2.2203397526	0.0605468983	-179.2075695624
106	1.1757272199	0.0605468983	-104.6299933077
107	0.3556219731	0.0605468983	-40.7180638832
108	1.8418880926	0.0605468983	-146.9664479400
109	1.4575475507	0.0605468983	-129.6065256348
110	1.2308142329	0.0605468983	-113.0353341009
111	0.0000000000	0.0605468983	-2.3847511892
112	0.8527956915	0.0605468983	-89.7284496342
113	2.0728466296	0.0605468983	-172.9810256558
114	0.2754165490	0.0605468983	-36.2985849738
115	0.3429733224	0.0605468983	-41.5135348936
116	1.6307252135	0.0605468983	-140.7259348637
117	1.5833741354	0.0605468983	-142.0019071407
118	1.7466056043	0.0605468983	-149.8172083013
119	1.4335097898	0.0605468983	-130.9707794630
120	1.0147825177	0.0605468983	-98.8212756269
121	0.0000000000	0.0605468983	-2.5880854074
122	0.1445763419	0.0605468983	-19.7549194746
123	1.8659801222	0.0605468983	-157.8939811974
124	1.4341048259	0.0605468983	-126.8324043226
