site	rate	t	lnL
1	1.9801454998	0.0062854499	-29.2717243831
2	0.0000000000	0.0062854499	-2.7234146072
3	1.3254891487	0.0062854499	-20.8900339961
4	1.3041620847	0.0062854499	-22.3724795734
5	0.0000000000	0.0062854499	-2.2889436825
6	0.6666631319	0.0062854499	-12.3898163323
7	0.0000000000	0.0062854499	-2.3425621405
8	0.6717288358	0.0062854499	-12.9477790758
9	0.0000000000	0.0062854499	-3.4438008259
10	3.3659135218	0.0062854499	-42.0293418438
11	0.6754497688	0.0062854499	-11.5280169067
12	0.0000000000	0.0062854499	-4.6550319927
13	0.6612293362	0.0062854499	-11.8966724509
14	3.5214025404	0.0062854499	-43.2072466044
15	0.6743516860	0.0062854499	-13.8421091014
16	3.3166311791	0.0062854499	-42.3228281377
17	0.0000000000	0.0062854499	-2.9118971384
18	0.0000000000	0.0062854499	-2.7234146072
19	0.7006741022	0.0062854499	-11.8809266686
20	2.6677509273	0.0062854499	-36.0122125793
21	1.3263830201	0.0062854499	-20.4599493837
22	0.0000000000	0.0062854499	-3.0028137397
23	0.0000000000	0.0062854499	-2.9118971384
24	0.0000000000	0.0062854499	-3.0028137397
25	0.6975093423	0.0062854499	-11.8010555764
26	0.0000000000	0.0062854499	-3.0298250282
27	0.6850130150	0.0062854499	-12.6709203195
28	0.0000000000	0.0062854499	-2.2889436825
29	0.6717389805	0.0062854499	-12.4208664847
30	0.0000000000	0.0062854499	-2.2889436825
31	2.0380574265	0.0062854499	-26.7613259081
32	0.0000000000	0.0062854499	-2.2889436825
33	0.6717288357	0.0062854499	-12.9554030010
34	2.0888948308	0.0062854499	-27.9640232702
35	0.0000000000	0.0062854499	-2.3425621405
36	0.6624523018	0.0062854499	-12.5715660916
37	1.3170406220	0.0062854499	-19.9971806547
38	1.3984161541	0.0062854499	-19.6271163655
39	1.9616169939	0.0062854499	-26.6778115514
40	2.0613751156	0.0062854499	-27.2917454216
41	1.9601620175	0.0062854499	-28.9865863101
42	2.8040727529	0.0062854499	-35.6855773659
43	1.3973205967	0.0062854499	-21.5392196688
44	1.9954608227	0.0062854499	-31.6039877861
45	0.0000000000	0.0062854499	-2.3517848673
46	0.0000000000	0.0062854499	-3.1665277694
47	0.6461440633	0.0062854499	-13.3738797799
48	0.6612293143	0.0062854499	-11.8338312662
49	0.6506244963	0.0062854499	-13.4328966005
50	0.6746463305	0.0062854499	-11.9734430000
51	0.0000000000	0.0062854499	-3.1665277694
52	0.0000000000	0.0062854499	-2.3517848673
53	0.6968248848	0.0062854499	-12.8715513640
54	2.1040406070	0.0062854499	-25.9262435893
55	0.0000000000	0.0062854499	-2.3517848673
56	0.0000000000	0.0062854499	-3.0285220964
57	0.0000000000	0.0062854499	-3.7010499897
58	0.0000000000	0.0062854499	-2.3517848673
59	2.6713265086	0.0062854499	-35.8451933905
60	0.0000000000	0.0062854499	-3.0298250282
61	0.0000000000	0.0062854499	-2.2889436825
62	1.3963939874	0.0062854499	-22.1171329558
63	0.6464595934	0.0062854499	-13.4069650813
64	0.6624649654	0.0062854499	-12.5397563934
65	3.3911946227	0.0062854499	-41.9905349044
66	1.3753551035	0.0062854499	-18.7261737895
67	0.6849595496	0.0062854499	-11.7009880916
68	0.0000000000	0.0062854499	-3.1665277694
69	1.3195784741	0.0062854499	-20.5032472450
70	1.3290148931	0.0062854499	-20.8213602169
71	0.0000000000	0.0062854499	-3.0285220964
72	0.6721931408	0.0062854499	-11.6054496783
73	0.0000000000	0.0062854499	-2.2889436825
74	1.3039270808	0.0062854499	-21.2414942662
75	2.7411224691	0.0062854499	-35.4972124865
76	0.6630089165	0.0062854499	-12.9272046681
77	0.0000000000	0.0062854499	-2.2889436825
78	1.3039270012	0.0062854499	-21.0475640873
79	2.6994361822	0.0062854499	-35.5075652077
80	0.0000000000	0.0062854499	-2.3517848673
81	0.6462701268	0.0062854499	-13.9005834661
82	1.3960275515	0.0062854499	-20.9616468985
83	2.8096675514	0.0062854499	-33.3567972241
84	4.0215650930	0.0062854499	-50.3331991595
85	0.6975093423	0.0062854499	-11.6844306184
86	1.2953122235	0.0062854499	-22.7172716047
87	0.6632143052	0.0062854499	-12.6908177403
88	0.6850130987	0.0062854499	-12.6785442446
89	0.0000000000	0.0062854499	-2.5294844284
90	0.6746463304	0.0062854499	-11.7161252689
91	0.6962972018	0.0062854499	-11.8871786190
92	0.0000000000	0.0062854499	-2.3425621405
93	1.2870467584	0.0062854499	-21.1049276220
94	0.0000000000	0.0062854499	-2.5294844284
95	0.0000000000	0.0062854499	-4.0888155207
96	2.0086447420	0.0062854499	-27.2265601403
97	0.6975093423	0.0062854499	-11.7753472196
98	0.6462671134	0.0062854499	-13.6509633924
99	2.6473618369	0.0062854499	-35.6979152901
100	0.0000000000	0.0062854499	-3.1665277694
101	0.6975093423	0.0062854499	-11.0614771625
102	0.0000000000	0.0062854499	-2.3517848673
103	2.8132089044	0.0062854499	-33.3243024161
104	0.0000000000	0.0062854499	-3.0298250282
105	2.8105932667	0.0062854499	-36.0289082209
106	1.3276043249	0.0062854499	-20.4220689934
107	0.6615156253	0.0062854499	-12.2678709411
108	1.9767475350	0.0062854499	-27.7344400457
109	2.0402248152	0.0062854499	-26.3938239186
110	0.0000000000	0.0062854499	-3.4677540670
111	0.0000000000	0.0062854499	-2.2889436825
112	0.0000000000	0.0062854499	-2.9118971384
113	1.3294317620	0.0062854499	-20.3517291414
114	1.9659527890	0.0062854499	-27.5386796644
115	1.3045398102	0.0062854499	-21.8636428049
116	0.6568167619	0.0062854499	-12.0494616502
117	2.0605525469	0.0062854499	-30.7926665263
118	2.7629931194	0.0062854499	-33.5311150057
119	0.6537043641	0.0062854499	-12.9652618262
120	0.6846014463	0.0062854499	-12.0066169541
121	2.6847364897	0.0062854499	-35.1260932573
122	0.0000000000	0.0062854499	-2.2889436825
123	2.7220759178	0.0062854499	-34.1729876838
124	0.6717288358	0.0062854499	-12.4620765371
