site	rate	t	lnL
1	0.6074149254	0.0790522437	-104.0202970281
2	1.0470485712	0.0790522437	-157.1450568547
3	1.2909832495	0.0790522437	-128.3960858882
4	1.8991996781	0.0790522437	-191.6894282473
5	0.5042863207	0.0790522437	-43.2426446507
6	0.7435796522	0.0790522437	-131.6347412739
7	0.7211298012	0.0790522437	-110.6556730071
8	1.1483386749	0.0790522437	-164.3619467021
9	0.9238070461	0.0790522437	-109.7236883240
10	0.3723194375	0.0790522437	-66.8512269074
11	0.2805897892	0.0790522437	-38.5573197052
12	1.4218678844	0.0790522437	-172.2462741316
13	0.6356680484	0.0790522437	-88.6892263031
14	1.1591038378	0.0790522437	-124.6072050536
15	0.0474893749	0.0790522437	-12.3392612507
16	1.1361324187	0.0790522437	-128.0395058518
17	1.0405224490	0.0790522437	-127.5645241839
18	1.9055650415	0.0790522437	-112.8517473749
19	1.0298096955	0.0790522437	-176.1825509446
20	1.5225760325	0.0790522437	-144.9514123987
21	1.5158296220	0.0790522437	-164.8198058182
22	1.7258407804	0.0790522437	-172.6798376579
23	0.3392439191	0.0790522437	-60.3158678760
24	0.1960278610	0.0790522437	-22.1748398453
25	1.2031381171	0.0790522437	-148.0763030090
26	2.2400022379	0.0790522437	-149.4958211977
27	1.1319360495	0.0790522437	-129.7805498202
28	0.0000000000	0.0790522437	-2.4711409462
29	0.0000000000	0.0790522437	-2.1132735741
30	0.8967335569	0.0790522437	-123.3778620363
31	0.3441652091	0.0790522437	-59.2960995783
32	1.4355837730	0.0790522437	-139.4976366171
33	0.1585660314	0.0790522437	-26.2568823763
34	2.2176225237	0.0790522437	-127.5054599767
35	0.1006461911	0.0790522437	-20.9221132601
36	0.7219598790	0.0790522437	-113.1103425726
37	0.8376539610	0.0790522437	-142.4380567674
38	1.2232145092	0.0790522437	-152.5130462326
39	1.7397443757	0.0790522437	-176.5941914077
40	1.4101547726	0.0790522437	-164.2748874588
41	1.5123899913	0.0790522437	-189.2902016353
42	2.9453097886	0.0790522437	-192.8491573253
43	1.6497733320	0.0790522437	-166.2900841584
44	1.4809487996	0.0790522437	-167.8178809310
45	0.8803873180	0.0790522437	-127.1023988220
46	0.2148338076	0.0790522437	-24.1118463934
47	0.0369907328	0.0790522437	-12.2202042521
48	0.5491342487	0.0790522437	-100.7436822245
49	3.1190507461	0.0790522437	-227.8885892010
50	0.2051514578	0.0790522437	-25.1423359984
51	0.0000000000	0.0790522437	-2.9654494929
52	0.3201426718	0.0790522437	-61.5403194068
53	0.5112719093	0.0790522437	-80.7730567662
54	0.3439530956	0.0790522437	-45.0985097669
55	0.3548309980	0.0790522437	-56.0219716823
56	0.3054197573	0.0790522437	-46.9801527972
57	0.0000000000	0.0790522437	-3.3844532694
58	2.1180738754	0.0790522437	-110.9319720556
59	2.2703410955	0.0790522437	-133.4230084034
60	3.3272247314	0.0790522437	-223.4879135168
61	0.0000000000	0.0790522437	-2.4711409462
62	1.6471634016	0.0790522437	-177.4171844550
63	2.9886521929	0.0790522437	-196.8880144889
64	1.1662377908	0.0790522437	-152.2293669526
65	1.7093847416	0.0790522437	-159.7133504305
66	0.2078748867	0.0790522437	-41.1309325495
67	0.8600816437	0.0790522437	-153.1884780173
68	1.1889221015	0.0790522437	-145.8136931764
69	1.0836639691	0.0790522437	-180.7871502626
70	1.0361561494	0.0790522437	-131.5685700953
71	1.0629119452	0.0790522437	-135.0417238634
72	2.2582434448	0.0790522437	-145.3233259257
73	0.0000000000	0.0790522437	-2.4711409462
74	1.0709173867	0.0790522437	-83.0988388282
75	0.6569092803	0.0790522437	-88.1596363665
76	0.9533002229	0.0790522437	-110.2326225505
77	0.5166403555	0.0790522437	-54.8330660071
78	1.3573837827	0.0790522437	-158.0696672522
79	0.8552285167	0.0790522437	-133.0480322889
80	0.4710708656	0.0790522437	-71.7927939484
81	0.7468200702	0.0790522437	-95.7785694083
82	1.4898955298	0.0790522437	-135.8853200320
83	1.9283457140	0.0790522437	-167.1863682561
84	0.3023286963	0.0790522437	-36.1833870664
85	0.1938174746	0.0790522437	-36.8827494971
86	0.7957330459	0.0790522437	-86.1004703456
87	1.3651589286	0.0790522437	-127.2496675982
88	0.7403317847	0.0790522437	-96.7730378232
89	0.1081318750	0.0790522437	-22.1395813858
90	1.5132011153	0.0790522437	-169.2036172571
91	0.0986283274	0.0790522437	-11.6164673711
92	0.4634148179	0.0790522437	-65.3303867803
93	0.8168071767	0.0790522437	-114.2563981088
94	0.1943583066	0.0790522437	-33.9868362603
95	3.8847913499	0.0790522437	-211.0683679775
96	0.9984851048	0.0790522437	-136.2736777595
97	0.7194831728	0.0790522437	-96.5813065490
98	2.0721954407	0.0790522437	-204.8322720603
99	1.5607305773	0.0790522437	-120.5594300728
100	2.1931619577	0.0790522437	-194.2463828463
101	0.1473131394	0.0790522437	-27.7246535710
102	1.8430777139	0.0790522437	-154.1751736607
103	2.1500873745	0.0790522437	-189.9894469723
104	0.8261091958	0.0790522437	-61.5844934876
105	2.1447340867	0.0790522437	-182.1403579819
106	0.5657874932	0.0790522437	-90.1507819476
107	0.9161152354	0.0790522437	-49.7277500681
108	1.8009238708	0.0790522437	-180.2258636746
109	1.3111108077	0.0790522437	-115.4560077176
110	1.0107580240	0.0790522437	-160.8121638218
111	0.0000000000	0.0790522437	-2.4711409462
112	1.9095210358	0.0790522437	-131.9370452967
113	1.2360837696	0.0790522437	-135.7850329086
114	2.8534805474	0.0790522437	-175.2563259433
115	0.8308150488	0.0790522437	-139.2911715385
116	2.2850488698	0.0790522437	-210.1246599108
117	1.6810597585	0.0790522437	-180.5674123278
118	1.2187784740	0.0790522437	-118.6615337168
119	3.0136373635	0.0790522437	-179.7440205655
120	1.3299050801	0.0790522437	-161.8510476678
121	1.2954162665	0.0790522437	-147.1155866890
122	0.0994823789	0.0790522437	-12.1802718827
123	0.9837274934	0.0790522437	-121.6211335577
124	2.7387495637	0.0790522437	-161.6831457595
