site	rate	t	lnL
1	0.0000000000	0.0004398671	-2.8754881112
2	0.0000000000	0.0004398671	-2.8754881112
3	0.0000000000	0.0004398671	-3.2092823726
4	0.0000000000	0.0004398671	-2.6230569883
5	0.0000000000	0.0004398671	-2.5176964726
6	0.0000000000	0.0004398671	-2.8799674021
7	0.0000000000	0.0004398671	-2.5184780279
8	0.0000000000	0.0004398671	-3.2108436532
9	0.0000000000	0.0004398671	-2.8743714165
10	0.0000000000	0.0004398671	-3.0246234560
11	0.0000000000	0.0004398671	-3.2108436532
12	0.0000000000	0.0004398671	-2.8743714165
13	0.0000000000	0.0004398671	-3.4032155458
14	0.0000000000	0.0004398671	-3.0298250282
15	0.0000000000	0.0004398671	-2.8754881112
16	9.3748778196	0.0004398671	-13.4258030194
17	0.0000000000	0.0004398671	-2.8743714165
18	0.0000000000	0.0004398671	-2.8743714165
19	9.5425259932	0.0004398671	-12.5895286612
20	0.0000000000	0.0004398671	-2.4280843139
21	9.5425247816	0.0004398671	-12.3792885147
22	0.0000000000	0.0004398671	-3.4359422393
23	0.0000000000	0.0004398671	-2.5184780279
24	0.0000000000	0.0004398671	-3.4359422393
25	0.0000000000	0.0004398671	-2.8799674021
26	0.0000000000	0.0004398671	-2.8743714165
27	0.0000000000	0.0004398671	-2.5184780279
28	0.0000000000	0.0004398671	-2.5176964726
29	0.0000000000	0.0004398671	-3.4320359844
30	0.0000000000	0.0004398671	-4.8202815656
31	0.0000000000	0.0004398671	-2.8754881112
32	0.0000000000	0.0004398671	-3.0298250282
33	0.0000000000	0.0004398671	-3.2108436532
34	0.0000000000	0.0004398671	-2.4280843139
35	0.0000000000	0.0004398671	-2.4280843139
36	0.0000000000	0.0004398671	-3.4320359844
37	9.7972597928	0.0004398671	-11.9902140418
38	0.0000000000	0.0004398671	-2.5184780279
39	0.0000000000	0.0004398671	-2.8732559675
40	0.0000000000	0.0004398671	-3.6985022177
41	0.0000000000	0.0004398671	-3.4032155458
42	0.0000000000	0.0004398671	-3.2361614612
43	0.0000000000	0.0004398671	-2.4280843139
44	0.0000000000	0.0004398671	-2.5184780279
45	0.0000000000	0.0004398671	-2.4280843139
46	0.0000000000	0.0004398671	-2.4280843139
47	0.0000000000	0.0004398671	-2.4280843139
48	0.0000000000	0.0004398671	-2.5184780279
49	0.0000000000	0.0004398671	-3.2361614612
50	0.0000000000	0.0004398671	-2.6230569883
51	0.0000000000	0.0004398671	-2.4280843139
52	0.0000000000	0.0004398671	-2.6230569883
53	0.0000000000	0.0004398671	-2.6230569883
54	0.0000000000	0.0004398671	-2.8799674021
55	0.0000000000	0.0004398671	-3.0246234560
56	0.0000000000	0.0004398671	-2.5176964726
57	0.0000000000	0.0004398671	-3.2092823726
58	0.0000000000	0.0004398671	-2.6230569883
59	0.0000000000	0.0004398671	-2.8743714165
60	0.0000000000	0.0004398671	-2.8743714165
61	0.0000000000	0.0004398671	-2.5176964726
62	0.0000000000	0.0004398671	-3.4320359844
63	0.0000000000	0.0004398671	-3.0298250282
64	0.0000000000	0.0004398671	-3.4032155458
65	0.0000000000	0.0004398671	-2.8743714165
66	0.0000000000	0.0004398671	-3.2092823726
67	0.0000000000	0.0004398671	-2.5184780279
68	0.0000000000	0.0004398671	-3.6985022177
69	0.0000000000	0.0004398671	-3.4359422393
70	9.5448459736	0.0004398671	-12.2263814420
71	9.3686517701	0.0004398671	-13.1311278052
72	0.0000000000	0.0004398671	-3.0259213147
73	0.0000000000	0.0004398671	-2.5176964726
74	0.0000000000	0.0004398671	-3.0259213147
75	0.0000000000	0.0004398671	-3.0246234560
76	0.0000000000	0.0004398671	-3.4032155458
77	0.0000000000	0.0004398671	-2.5176964726
78	0.0000000000	0.0004398671	-3.0259213147
79	0.0000000000	0.0004398671	-3.0259213147
80	9.5425246798	0.0004398671	-12.3779906560
81	0.0000000000	0.0004398671	-3.2108436532
82	0.0000000000	0.0004398671	-3.6985022177
83	0.0000000000	0.0004398671	-3.0259213147
84	0.0000000000	0.0004398671	-3.2361614612
85	9.3050015564	0.0004398671	-13.3665315572
86	0.0000000000	0.0004398671	-3.2108436532
87	9.5463737057	0.0004398671	-12.2217415975
88	0.0000000000	0.0004398671	-2.6230569883
89	0.0000000000	0.0004398671	-2.6230569883
90	0.0000000000	0.0004398671	-2.6230569883
91	0.0000000000	0.0004398671	-2.5176964726
92	0.0000000000	0.0004398671	-3.2092823726
93	0.0000000000	0.0004398671	-2.8732559675
94	0.0000000000	0.0004398671	-2.6230569883
95	0.0000000000	0.0004398671	-2.5184780279
96	0.0000000000	0.0004398671	-2.8732559675
97	9.8432727326	0.0004398671	-12.5690231052
98	0.0000000000	0.0004398671	-3.2092823726
99	0.0000000000	0.0004398671	-3.0298250282
100	0.0000000000	0.0004398671	-2.4280843139
101	0.0000000000	0.0004398671	-3.0246234560
102	0.0000000000	0.0004398671	-3.0246234560
103	0.0000000000	0.0004398671	-3.0246234560
104	0.0000000000	0.0004398671	-2.8743714165
105	0.0000000000	0.0004398671	-2.8754881112
106	0.0000000000	0.0004398671	-2.5176964726
107	0.0000000000	0.0004398671	-2.8743714165
108	0.0000000000	0.0004398671	-2.8732559675
109	0.0000000000	0.0004398671	-2.8743714165
110	0.0000000000	0.0004398671	-2.8732559675
111	0.0000000000	0.0004398671	-2.5176964726
112	0.0000000000	0.0004398671	-2.8743714165
113	0.0000000000	0.0004398671	-3.0298250282
114	9.5450926938	0.0004398671	-11.8670977690
115	0.0000000000	0.0004398671	-2.5184780279
116	9.5450907514	0.0004398671	-12.5579021137
117	0.0000000000	0.0004398671	-2.8732559675
118	0.0000000000	0.0004398671	-2.8743714165
119	0.0000000000	0.0004398671	-3.4320359844
120	9.4636937788	0.0004398671	-12.5374238824
121	0.0000000000	0.0004398671	-2.4280843139
122	0.0000000000	0.0004398671	-2.5176964726
123	0.0000000000	0.0004398671	-3.0259213147
124	0.0000000000	0.0004398671	-2.8743714165
