site	rate	t	lnL
1	2.1213760483	0.5429590450	-377.0282162860
2	0.4857371411	0.5429590450	-244.5501932936
3	2.9895551615	0.5429590450	-382.4612435833
4	3.3726754044	0.5429590450	-376.1091957724
5	0.2299117126	0.5429590450	-136.1811989538
6	2.9672824045	0.5429590450	-379.6805984803
7	0.2469295087	0.5429590450	-176.4136494902
8	0.5042466925	0.5429590450	-301.1776287676
9	2.4180786557	0.5429590450	-381.2857425321
10	2.0030838186	0.5429590450	-360.7632434927
11	0.5174868931	0.5429590450	-259.8524742445
12	3.8279889321	0.5429590450	-384.8646531918
13	1.5265217847	0.5429590450	-361.8815516967
14	1.3758623140	0.5429590450	-299.4193860881
15	0.3258535366	0.5429590450	-212.1197357363
16	2.4935864549	0.5429590450	-376.6254799121
17	2.4061540313	0.5429590450	-368.1930018124
18	2.1725502724	0.5429590450	-341.9411118527
19	2.9749733612	0.5429590450	-373.6441158192
20	0.6631154168	0.5429590450	-179.6909559005
21	1.0201388149	0.5429590450	-325.3939980121
22	2.0906690864	0.5429590450	-333.5409986176
23	0.5564722898	0.5429590450	-272.0262173367
24	0.5708554931	0.5429590450	-143.4582849148
25	1.7864092989	0.5429590450	-368.0904674643
26	0.2038592284	0.5429590450	-110.1096916285
27	0.3458318625	0.5429590450	-209.2189519436
28	0.0000000000	0.5429590450	-2.4153091224
29	0.1647897322	0.5429590450	-165.9958926137
30	0.4854958951	0.5429590450	-247.7524739676
31	3.8062754683	0.5429590450	-375.1061720296
32	1.0950301279	0.5429590450	-323.8856822857
33	0.1397412416	0.5429590450	-113.7602347015
34	2.2075771002	0.5429590450	-364.2791110939
35	0.8959246252	0.5429590450	-318.6206407248
36	2.4896351142	0.5429590450	-377.4306316213
37	2.3743119628	0.5429590450	-350.0554112559
38	3.3027607441	0.5429590450	-387.1231483045
39	4.2798257389	0.5429590450	-372.0244731059
40	1.5426873460	0.5429590450	-356.8710749285
41	1.1595892444	0.5429590450	-343.9829688517
42	3.9360435582	0.5429590450	-388.0209183032
43	1.8858548811	0.5429590450	-373.7387192783
44	3.1962032097	0.5429590450	-389.1033066207
45	2.3992231825	0.5429590450	-370.4642911835
46	1.4645634886	0.5429590450	-303.8012830396
47	0.5997585053	0.5429590450	-298.8259656072
48	1.1673137960	0.5429590450	-345.9476215717
49	1.1682253438	0.5429590450	-351.1373566035
50	0.6077965795	0.5429590450	-270.4918499263
51	0.0000000000	0.5429590450	-2.7437740114
52	0.4565244529	0.5429590450	-244.2004601429
53	0.3798955874	0.5429590450	-231.7878411313
54	0.6812841704	0.5429590450	-262.2669494459
55	0.4170036588	0.5429590450	-243.3335873075
56	0.9213857110	0.5429590450	-345.2416516146
57	0.0993717922	0.5429590450	-94.3729622294
58	1.5103893676	0.5429590450	-342.0137065606
59	2.1593515938	0.5429590450	-373.6644687745
60	0.7676746508	0.5429590450	-262.9557064534
61	0.1958891817	0.5429590450	-116.3081554976
62	3.0295132658	0.5429590450	-377.8563499299
63	0.5865961623	0.5429590450	-213.7119007644
64	1.5096290030	0.5429590450	-325.8430827228
65	2.0394725098	0.5429590450	-378.9473444902
66	0.2180502073	0.5429590450	-167.4506154115
67	2.8253087885	0.5429590450	-375.8522402553
68	1.2875581021	0.5429590450	-281.2515502463
69	2.6184832484	0.5429590450	-384.5825142876
70	3.3528661503	0.5429590450	-365.4261183781
71	1.4353384802	0.5429590450	-349.4131651147
72	2.2833296134	0.5429590450	-371.7832353869
73	0.0099593822	0.5429590450	-11.9434298064
74	1.6076434231	0.5429590450	-321.9269373100
75	1.0845750617	0.5429590450	-335.6149238859
76	1.8839181680	0.5429590450	-360.7833520649
77	0.1180254425	0.5429590450	-71.7854765195
78	5.0565686945	0.5429590450	-393.6194313254
79	3.6856148641	0.5429590450	-376.4487481241
80	0.5679818167	0.5429590450	-292.8275066604
81	1.0983267120	0.5429590450	-334.6289614704
82	2.9180757263	0.5429590450	-380.1917228050
83	3.2439874994	0.5429590450	-384.7015463855
84	0.8479593396	0.5429590450	-262.8872530219
85	0.5305786499	0.5429590450	-276.5577789285
86	1.1563336096	0.5429590450	-381.3492846398
87	3.1205482948	0.5429590450	-369.2544304720
88	0.5821251261	0.5429590450	-315.0950354407
89	0.2826613188	0.5429590450	-185.0371624107
90	3.0529289909	0.5429590450	-367.6605468298
91	0.1785010446	0.5429590450	-113.4945358536
92	0.5813149966	0.5429590450	-268.9476683334
93	2.0862747805	0.5429590450	-368.9324602326
94	0.2065048508	0.5429590450	-162.4108849077
95	0.4429916695	0.5429590450	-274.8979392329
96	2.5049729642	0.5429590450	-376.3560930732
97	4.2210922566	0.5429590450	-374.0050381393
98	1.6865992385	0.5429590450	-329.6832722458
99	3.0509526968	0.5429590450	-386.1421699584
100	0.5700910057	0.5429590450	-162.4767884690
101	0.3155662570	0.5429590450	-212.1897020550
102	1.8193988130	0.5429590450	-381.8215207202
103	2.3349496472	0.5429590450	-369.2142457483
104	0.2536000897	0.5429590450	-127.6094725740
105	3.1098390302	0.5429590450	-377.4190703000
106	2.7908626673	0.5429590450	-361.3902013254
107	0.6264166420	0.5429590450	-266.9515755330
108	1.6586068191	0.5429590450	-353.5949502707
109	2.4761523627	0.5429590450	-376.0925009586
110	4.2041958748	0.5429590450	-370.4470392822
111	0.0000000000	0.5429590450	-2.4153091224
112	4.0159380475	0.5429590450	-381.9732138866
113	2.2617037175	0.5429590450	-386.7794486526
114	1.2157486358	0.5429590450	-303.6863997941
115	1.9789752987	0.5429590450	-379.7440926264
116	1.9701005493	0.5429590450	-385.6930208604
117	1.4678766227	0.5429590450	-355.6267464049
118	1.3062574507	0.5429590450	-342.9404003325
119	0.8034011995	0.5429590450	-326.6877639949
120	2.8762546833	0.5429590450	-375.9375598611
121	1.4484770277	0.5429590450	-305.9964757295
122	0.1616252965	0.5429590450	-108.6241011361
123	2.8075220635	0.5429590450	-382.4104484876
124	2.8305342232	0.5429590450	-371.4119590912
