site	rate	t	lnL
1	1.2420437312	0.0614771165	-135.8649057022
2	0.5343675924	0.0614771165	-81.3927126807
3	2.9535776378	0.0614771165	-148.9799753239
4	1.9770146695	0.0614771165	-131.0933239166
5	0.0606432625	0.0614771165	-15.5838260089
6	2.6744823408	0.0614771165	-176.6797761102
7	0.2566231814	0.0614771165	-17.5449446307
8	0.9860937435	0.0614771165	-111.3287713672
9	0.9763113395	0.0614771165	-132.1994488145
10	1.9067460571	0.0614771165	-139.8247762353
11	0.2586468528	0.0614771165	-47.4922656281
12	3.3804413596	0.0614771165	-136.8376225156
13	2.1128166579	0.0614771165	-161.8482789962
14	0.7868073394	0.0614771165	-69.9254579801
15	0.7942471447	0.0614771165	-69.1878129097
16	1.4878776220	0.0614771165	-115.1809788474
17	0.5343150253	0.0614771165	-80.5874536468
18	2.0783911915	0.0614771165	-127.3928841021
19	1.1502288454	0.0614771165	-114.4008696701
20	0.0741887295	0.0614771165	-13.0212914894
21	1.4109050582	0.0614771165	-85.6786629493
22	1.0132390174	0.0614771165	-99.4846098117
23	0.2091240217	0.0614771165	-24.1492243374
24	0.3542308364	0.0614771165	-27.0010612252
25	1.8611249477	0.0614771165	-175.8643269864
26	0.1194698186	0.0614771165	-22.3647900169
27	0.5800275755	0.0614771165	-90.0969440692
28	0.0000000000	0.0614771165	-2.4741282524
29	0.3314542197	0.0614771165	-46.2996377967
30	0.2871020692	0.0614771165	-42.7721706584
31	1.2169701013	0.0614771165	-91.5285384443
32	1.3780731968	0.0614771165	-123.4285025670
33	1.0980272039	0.0614771165	-90.4442370524
34	3.0518880645	0.0614771165	-172.7754942040
35	1.2160771620	0.0614771165	-111.5318466933
36	1.3253027105	0.0614771165	-149.4100794571
37	3.5927705209	0.0614771165	-196.4991229459
38	1.6101754408	0.0614771165	-123.0873301326
39	1.2609203938	0.0614771165	-141.4623455426
40	0.1939842461	0.0614771165	-28.7372690345
41	1.7201900405	0.0614771165	-145.7239847280
42	2.3519439058	0.0614771165	-190.2442043536
43	1.0961431418	0.0614771165	-147.9398203933
44	3.2283235991	0.0614771165	-132.9642505399
45	2.8662473861	0.0614771165	-224.1102770230
46	0.1483613827	0.0614771165	-20.5715582184
47	0.2461909509	0.0614771165	-31.2866011995
48	0.8161568987	0.0614771165	-107.6775019525
49	0.6916653967	0.0614771165	-102.3495756502
50	1.0007920029	0.0614771165	-97.4350903608
51	0.0000000000	0.0614771165	-2.5223949934
52	0.8925227491	0.0614771165	-87.7988147521
53	0.7029815393	0.0614771165	-72.0061201852
54	0.3625311267	0.0614771165	-60.3194860003
55	0.5297578937	0.0614771165	-80.4295357513
56	0.8384000503	0.0614771165	-68.4596922270
57	0.0000000000	0.0614771165	-2.8822145940
58	0.8966705012	0.0614771165	-104.7641503568
59	0.8842507294	0.0614771165	-87.3124754000
60	0.0000000000	0.0614771165	-3.1126965920
61	0.0000000000	0.0614771165	-2.4741282524
62	0.8138278130	0.0614771165	-99.6047579272
63	0.9507270766	0.0614771165	-106.9358781001
64	0.4533345651	0.0614771165	-50.9670075038
65	0.9358029957	0.0614771165	-117.2160215499
66	0.8257458868	0.0614771165	-76.3329531447
67	2.1084519006	0.0614771165	-179.8819388567
68	0.8486418042	0.0614771165	-116.9229426084
69	1.4431962856	0.0614771165	-147.7554417449
70	1.6629887853	0.0614771165	-118.5615370600
71	0.6623754742	0.0614771165	-96.5690666398
72	2.3259948315	0.0614771165	-177.1234139907
73	0.0000000000	0.0614771165	-2.4741282524
74	0.2215613827	0.0614771165	-27.9010746954
75	1.0745919487	0.0614771165	-109.4815180305
76	0.5093790918	0.0614771165	-49.6017631819
77	0.0607450085	0.0614771165	-12.6596954048
78	1.2905167288	0.0614771165	-137.7818526898
79	0.9451773892	0.0614771165	-103.9955885402
80	0.5581858948	0.0614771165	-53.1852074679
81	1.1878612379	0.0614771165	-161.3951588311
82	2.7371331848	0.0614771165	-198.5002713545
83	2.9618959341	0.0614771165	-161.3209318075
84	0.2273672802	0.0614771165	-30.8281681315
85	0.3721945271	0.0614771165	-60.4953910909
86	1.1506342684	0.0614771165	-102.9973851949
87	2.7749350438	0.0614771165	-166.5715037161
88	0.4990112267	0.0614771165	-66.2268308314
89	0.0999983322	0.0614771165	-20.5937935144
90	1.7321520901	0.0614771165	-148.2444091571
91	0.0598139875	0.0614771165	-12.6751503276
92	1.6489305366	0.0614771165	-115.5555914053
93	0.6467649903	0.0614771165	-88.1432672804
94	1.1945098766	0.0614771165	-80.8870036694
95	0.7078755101	0.0614771165	-67.3201213216
96	1.2742083812	0.0614771165	-115.0830971629
97	1.3593652937	0.0614771165	-123.6238255042
98	2.1834904285	0.0614771165	-171.7750910109
99	2.3935412543	0.0614771165	-190.2471941079
100	0.8371234648	0.0614771165	-75.5250072827
101	0.2087537254	0.0614771165	-23.5035735658
102	1.3576139367	0.0614771165	-148.1354043000
103	2.0905531906	0.0614771165	-166.5524463284
104	0.1235438575	0.0614771165	-24.0845323195
105	1.4695566294	0.0614771165	-150.8311824943
106	1.3301274869	0.0614771165	-113.2609035166
107	0.5289604478	0.0614771165	-35.1074735448
108	1.0713944684	0.0614771165	-136.8530208369
109	1.3082479858	0.0614771165	-154.1556881194
110	0.8936092556	0.0614771165	-96.1789430355
111	0.0000000000	0.0614771165	-2.4741282524
112	1.7447631265	0.0614771165	-103.1889005620
113	2.8172731310	0.0614771165	-163.3620122613
114	0.1502290200	0.0614771165	-22.4528824742
115	1.0137338618	0.0614771165	-68.4765875253
116	2.0374370443	0.0614771165	-174.9353286419
117	1.7160043172	0.0614771165	-162.6682223707
118	0.4280526410	0.0614771165	-64.4935714675
119	1.9481186063	0.0614771165	-172.3187340384
120	2.7089932804	0.0614771165	-163.1337790225
121	1.0836689718	0.0614771165	-128.9199417420
122	0.0595325172	0.0614771165	-9.7409482208
123	1.4764003246	0.0614771165	-169.3598680780
124	1.2183786385	0.0614771165	-116.1135064871
