site	rate	t	lnL
1	4.3736020519	0.0057907469	-49.0299357353
2	0.7201418195	0.0057907469	-12.4713721414
3	0.7201417748	0.0057907469	-12.4713721414
4	2.9045185217	0.0057907469	-35.3214941348
5	0.0000000000	0.0057907469	-2.9957322736
6	1.4442290017	0.0057907469	-20.5554777277
7	0.0000000000	0.0057907469	-2.9957322736
8	0.7202935673	0.0057907469	-12.4711624560
9	1.4439203238	0.0057907469	-20.5559004992
10	0.0000000000	0.0057907469	-2.9957322736
11	0.0000000000	0.0057907469	-2.9957322736
12	2.1713929940	0.0057907469	-28.1123263567
13	0.0000000000	0.0057907469	-2.9957322736
14	0.7202935990	0.0057907469	-12.4711624560
15	0.7202935583	0.0057907469	-12.4711624560
16	1.4439204303	0.0057907469	-20.5559004992
17	0.0000000000	0.0057907469	-2.9957322736
18	0.7201416911	0.0057907469	-12.4713721414
19	2.1709225243	0.0057907469	-28.1129655463
20	0.0000000000	0.0057907469	-2.9957322736
21	1.4436117184	0.0057907469	-20.5563231793
22	1.4439203609	0.0057907469	-20.5559004992
23	0.7201417571	0.0057907469	-12.4713721414
24	0.0000000000	0.0057907469	-2.9957322736
25	0.0000000000	0.0057907469	-2.9957322736
26	0.0000000000	0.0057907469	-2.9957322736
27	0.0000000000	0.0057907469	-2.9957322736
28	0.0000000000	0.0057907469	-2.9957322736
29	0.0000000000	0.0057907469	-2.9957322736
30	0.7201418403	0.0057907469	-12.4713721414
31	0.7201416722	0.0057907469	-12.4713721414
32	2.9007010989	0.0057907469	-35.3266423273
33	0.0000000000	0.0057907469	-2.9957322736
34	0.0000000000	0.0057907469	-2.9957322736
35	1.4439204477	0.0057907469	-20.5559004992
36	0.0000000000	0.0057907469	-2.9957322736
37	2.1709212928	0.0057907469	-28.1129663645
38	1.4439205105	0.0057907469	-20.5559001414
39	2.1713931823	0.0057907469	-28.1123263580
40	0.0000000000	0.0057907469	-2.9957322736
41	0.7201417134	0.0057907469	-12.4713721414
42	1.4439203696	0.0057907469	-20.5559004992
43	1.4436118221	0.0057907469	-20.5563231793
44	0.7202936217	0.0057907469	-12.4711624560
45	0.7201416962	0.0057907469	-12.4713721414
46	0.0000000000	0.0057907469	-2.9957322736
47	1.4439208933	0.0057907469	-20.5559001414
48	2.1713931486	0.0057907469	-28.1123263567
49	1.4439203635	0.0057907469	-20.5559004992
50	0.0000000000	0.0057907469	-2.9957322736
51	0.0000000000	0.0057907469	-2.9957322736
52	0.0000000000	0.0057907469	-2.9957322736
53	0.0000000000	0.0057907469	-2.9957322736
54	7.3668964321	0.0057907469	-74.5117393518
55	0.0000000000	0.0057907469	-2.9957322736
56	0.7202935583	0.0057907469	-12.4711624560
57	0.0000000000	0.0057907469	-2.9957322736
58	0.7201417009	0.0057907469	-12.4713721414
59	0.7201418080	0.0057907469	-12.4713721414
60	0.0000000000	0.0057907469	-2.9957322736
61	0.0000000000	0.0057907469	-2.9957322736
62	1.4442296600	0.0057907469	-20.5554773697
63	1.4436117184	0.0057907469	-20.5563231793
64	0.0000000000	0.0057907469	-2.9957322736
65	2.1709225325	0.0057907469	-28.1129655473
66	0.0000000000	0.0057907469	-2.9957322736
67	2.1709225783	0.0057907469	-28.1129655463
68	0.7201417058	0.0057907469	-12.4713721414
69	1.4439208920	0.0057907469	-20.5559001417
70	0.7201416722	0.0057907469	-12.4713721414
71	0.0000000000	0.0057907469	-2.9957322736
72	1.4439209033	0.0057907469	-20.5559001417
73	0.0000000000	0.0057907469	-2.9957322736
74	1.4442301095	0.0057907469	-20.5554770124
75	0.0000000000	0.0057907469	-2.9957322736
76	0.7202935583	0.0057907469	-12.4711624560
77	0.0000000000	0.0057907469	-2.9957322736
78	2.9019804834	0.0057907469	-35.3249214703
79	2.1709225963	0.0057907469	-28.1129655463
80	0.7201416210	0.0057907469	-12.4713721414
81	0.7201415893	0.0057907469	-12.4713721414
82	1.4439211328	0.0057907469	-20.5559001417
83	2.9007011042	0.0057907469	-35.3266423273
84	0.7201417027	0.0057907469	-12.4713721414
85	0.7201416722	0.0057907469	-12.4713721414
86	0.0000000000	0.0057907469	-2.9957322736
87	0.7202936857	0.0057907469	-12.4711623680
88	0.7201418313	0.0057907469	-12.4713721414
89	0.0000000000	0.0057907469	-2.9957322736
90	2.9019804399	0.0057907469	-35.3249214677
91	0.7202936104	0.0057907469	-12.4711623680
92	1.4436117756	0.0057907469	-20.5563231793
93	2.1713931566	0.0057907469	-28.1123263569
94	0.7202936094	0.0057907469	-12.4711624560
95	0.7202936857	0.0057907469	-12.4711623680
96	2.1709213303	0.0057907469	-28.1129663645
97	1.4439203592	0.0057907469	-20.5559004992
98	0.0000000000	0.0057907469	-2.9957322736
99	2.1709212151	0.0057907469	-28.1129663645
100	0.0000000000	0.0057907469	-2.9957322736
101	0.7202936858	0.0057907469	-12.4711623680
102	2.1732712742	0.0057907469	-28.1097725705
103	1.4439209435	0.0057907469	-20.5559001414
104	1.4439208815	0.0057907469	-20.5559001414
105	1.4436117192	0.0057907469	-20.5563231793
106	3.6376595065	0.0057907469	-42.2781939726
107	0.0000000000	0.0057907469	-2.9957322736
108	0.7201416723	0.0057907469	-12.4713721414
109	0.7202937184	0.0057907469	-12.4711623680
110	2.9026183673	0.0057907469	-35.3240622253
111	0.0000000000	0.0057907469	-2.9957322736
112	0.0000000000	0.0057907469	-2.9957322736
113	1.4442291396	0.0057907469	-20.5554777277
114	0.7201416722	0.0057907469	-12.4713721414
115	0.0000000000	0.0057907469	-2.9957322736
116	1.4448439451	0.0057907469	-20.5546340229
117	2.1709225353	0.0057907469	-28.1129655463
118	0.0000000000	0.0057907469	-2.9957322736
119	2.1709213306	0.0057907469	-28.1129663645
120	1.4439202796	0.0057907469	-20.5559004992
121	0.0000000000	0.0057907469	-2.9957322736
122	0.0000000000	0.0057907469	-2.9957322736
123	2.1709224149	0.0057907469	-28.1129655463
124	0.7201416700	0.0057907469	-12.4713721414
