site	rate	t	lnL
1	1.7890780430	0.0067925383	-30.7782944778
2	0.6171614044	0.0067925383	-11.3743539292
3	3.7897821702	0.0067925383	-52.3672794049
4	2.4891995196	0.0067925383	-37.1240735351
5	0.0000000000	0.0067925383	-2.5137978322
6	3.0982723848	0.0067925383	-42.8701115758
7	0.0000000000	0.0067925383	-1.9981589082
8	0.6134164340	0.0067925383	-13.2594330411
9	0.6751386892	0.0067925383	-11.7751584720
10	0.5992988967	0.0067925383	-13.1663426173
11	0.0000000000	0.0067925383	-2.9015224056
12	2.5790704186	0.0067925383	-33.5991995843
13	0.6179349792	0.0067925383	-11.3731051001
14	0.6404274715	0.0067925383	-10.8647061593
15	0.0000000000	0.0067925383	-1.9981589082
16	0.0000000000	0.0067925383	-3.0350537982
17	0.6362267806	0.0067925383	-11.3668801543
18	0.0000000000	0.0067925383	-2.6326514797
19	3.0103015130	0.0067925383	-44.4259686339
20	0.0000000000	0.0067925383	-2.4287988549
21	1.3542297583	0.0067925383	-18.7071693530
22	2.4768417247	0.0067925383	-36.5246902660
23	0.6134164106	0.0067925383	-11.4906419679
24	0.0000000000	0.0067925383	-2.4287988549
25	1.8465640232	0.0067925383	-27.1974040840
26	0.0000000000	0.0067925383	-2.6326514797
27	0.0000000000	0.0067925383	-2.4937663458
28	0.0000000000	0.0067925383	-2.5137978322
29	0.0000000000	0.0067925383	-1.9981589082
30	0.0000000000	0.0067925383	-3.3770458281
31	1.2319415083	0.0067925383	-21.2622759711
32	4.3557024868	0.0067925383	-55.9130522896
33	0.0000000000	0.0067925383	-3.7347756244
34	0.6397816433	0.0067925383	-12.4948590800
35	0.6744103294	0.0067925383	-10.8780874668
36	0.6034768304	0.0067925383	-13.6559147113
37	0.5977502905	0.0067925383	-13.8503450851
38	1.2467135239	0.0067925383	-20.6734521325
39	0.0000000000	0.0067925383	-2.9666727347
40	0.6034767999	0.0067925383	-11.8871236381
41	1.2279307673	0.0067925383	-21.3667007698
42	1.8063303636	0.0067925383	-29.6486387009
43	1.2801879806	0.0067925383	-20.3230810105
44	0.0000000000	0.0067925383	-3.0117366797
45	0.0000000000	0.0067925383	-3.0350537982
46	0.6397816417	0.0067925383	-11.7014591932
47	0.0000000000	0.0067925383	-1.9981589082
48	0.5972262186	0.0067925383	-13.1759121248
49	0.6032981398	0.0067925383	-13.5165672927
50	1.8050655018	0.0067925383	-29.8922373354
51	0.0000000000	0.0067925383	-2.4287988549
52	1.1980133013	0.0067925383	-22.7750428699
53	0.6751386776	0.0067925383	-10.8770088272
54	0.0000000000	0.0067925383	-3.6934260646
55	1.2634725313	0.0067925383	-20.4226625438
56	0.0000000000	0.0067925383	-3.0389933962
57	0.0000000000	0.0067925383	-3.7347756244
58	2.0091984503	0.0067925383	-27.7877656990
59	0.0000000000	0.0067925383	-2.4937663458
60	0.6751387573	0.0067925383	-11.0158939611
61	0.0000000000	0.0067925383	-2.5137978322
62	1.8465241454	0.0067925383	-27.6973814476
63	2.7247724424	0.0067925383	-36.0760759598
64	1.2387623560	0.0067925383	-19.3802220424
65	2.4994184488	0.0067925383	-35.5513297061
66	0.0000000000	0.0067925383	-2.5137978322
67	1.8212299413	0.0067925383	-27.5815296501
68	0.0000000000	0.0067925383	-2.4287988549
69	1.9265587451	0.0067925383	-26.4785382030
70	0.6358898109	0.0067925383	-11.5712598270
71	0.0000000000	0.0067925383	-2.8339066287
72	1.8496930432	0.0067925383	-27.8682222814
73	0.0000000000	0.0067925383	-2.5137978322
74	0.0000000000	0.0067925383	-2.4287988549
75	1.1990800063	0.0067925383	-21.3884440925
76	1.2750107826	0.0067925383	-20.7439867185
77	0.0000000000	0.0067925383	-3.0117366797
78	1.1965872513	0.0067925383	-21.0175306137
79	1.8562224044	0.0067925383	-27.2694174690
80	1.2283122090	0.0067925383	-21.3134425261
81	1.2423337442	0.0067925383	-19.9131192504
82	2.4765149494	0.0067925383	-36.4930429452
83	1.2102499947	0.0067925383	-22.4307967552
84	0.0000000000	0.0067925383	-3.7010499897
85	0.0000000000	0.0067925383	-3.0350537982
86	0.6040087838	0.0067925383	-12.8398887379
87	0.0000000000	0.0067925383	-3.7164744601
88	0.6358897920	0.0067925383	-11.7725149760
89	1.2750105652	0.0067925383	-19.5413100907
90	1.8682510699	0.0067925383	-27.4514074243
91	0.0000000000	0.0067925383	-2.5137978322
92	0.6751386928	0.0067925383	-11.4182962797
93	2.9886453263	0.0067925383	-45.3413149975
94	0.0000000000	0.0067925383	-1.9981589082
95	0.5991018882	0.0067925383	-13.8480911283
96	1.1988739481	0.0067925383	-22.0837008600
97	2.0374487072	0.0067925383	-27.4081334047
98	0.6285041069	0.0067925383	-11.5829173551
99	0.6285040741	0.0067925383	-13.2766659053
100	0.0000000000	0.0067925383	-2.4287988549
101	1.3448725307	0.0067925383	-19.5854654302
102	3.0966244610	0.0067925383	-42.3993844732
103	2.5507012466	0.0067925383	-35.3100453996
104	0.0000000000	0.0067925383	-2.6326514797
105	0.6171613828	0.0067925383	-13.5637099170
106	0.6171614044	0.0067925383	-11.3743539292
107	0.6285041682	0.0067925383	-11.9230576380
108	0.6358424526	0.0067925383	-11.9504202169
109	2.4982591699	0.0067925383	-33.7993410646
110	0.6745291170	0.0067925383	-12.0775702098
111	0.0000000000	0.0067925383	-2.5137978322
112	0.6283894905	0.0067925383	-12.4812496085
113	1.8196484651	0.0067925383	-29.2204218968
114	2.4760328713	0.0067925383	-35.8214025372
115	1.8492167515	0.0067925383	-28.2744835378
116	1.8014361445	0.0067925383	-29.3814813264
117	4.2462492613	0.0067925383	-56.3892532928
118	0.6751386691	0.0067925383	-10.8770088272
119	1.9192404891	0.0067925383	-27.0241838171
120	0.6200402159	0.0067925383	-11.7977029705
121	1.8682511415	0.0067925383	-27.9532858698
122	0.0000000000	0.0067925383	-2.5137978322
123	0.0000000000	0.0067925383	-2.6326514797
124	2.4872763488	0.0067925383	-35.5559317726
