site	rate	t	lnL
1	1.1818573770	0.0058375556	-24.7696925345
2	4.6684679521	0.0058375556	-30.2859140274
3	0.0000000000	0.0058375556	-3.4320359844
4	2.1237399034	0.0058375556	-25.3900290113
5	0.0000000000	0.0058375556	-2.5208263656
6	1.0181101923	0.0058375556	-22.0438367852
7	0.0000000000	0.0058375556	-2.9914571507
8	0.4409012561	0.0058375556	-13.6992630439
9	0.0000000000	0.0058375556	-2.9095823226
10	0.6083123301	0.0058375556	-11.7987680563
11	1.5887737662	0.0058375556	-13.7561294072
12	0.5145557732	0.0058375556	-14.5178414167
13	1.3694956715	0.0058375556	-35.1734445164
14	0.0000000000	0.0058375556	-2.6135536770
15	0.0000000000	0.0058375556	-1.9399426072
16	3.2357039435	0.0058375556	-21.6437953964
17	0.0000000000	0.0058375556	-2.6135536770
18	0.6287856392	0.0058375556	-13.2955119429
19	3.4570125564	0.0058375556	-42.0142057023
20	2.5940359603	0.0058375556	-38.8634804536
21	1.8978748619	0.0058375556	-30.6753719039
22	1.1370923165	0.0058375556	-21.2856502711
23	0.0000000000	0.0058375556	-2.9914571507
24	0.0000000000	0.0058375556	-3.1725247889
25	1.0258258342	0.0058375556	-21.8164411103
26	0.0000000000	0.0058375556	-2.7635570502
27	0.8676800287	0.0058375556	-15.7066657843
28	0.0000000000	0.0058375556	-2.5208263656
29	0.0000000000	0.0058375556	-1.9399426072
30	1.2284421158	0.0058375556	-21.7377621485
31	0.0000000000	0.0058375556	-2.8889866289
32	0.6160899335	0.0058375556	-13.7774056085
33	1.5243614722	0.0058375556	-14.0805342575
34	1.8901068776	0.0058375556	-29.2764759565
35	2.3791879085	0.0058375556	-29.3613162568
36	2.0023054645	0.0058375556	-33.8294919718
37	1.8803720565	0.0058375556	-29.4767079803
38	2.4479421542	0.0058375556	-31.9899051448
39	4.3281649042	0.0058375556	-28.6144018861
40	0.0000000000	0.0058375556	-1.9399426072
41	0.0000000000	0.0058375556	-2.5366244825
42	0.8560048682	0.0058375556	-11.8509910293
43	1.0282209403	0.0058375556	-20.0020981521
44	5.1102123922	0.0058375556	-37.3161036112
45	2.9560218620	0.0058375556	-50.9415153831
46	0.0000000000	0.0058375556	-2.6135536770
47	0.0000000000	0.0058375556	-2.9095823226
48	1.6135242315	0.0058375556	-11.4342543671
49	0.8322541362	0.0058375556	-11.0595969588
50	0.0000000000	0.0058375556	-3.0972359889
51	0.0000000000	0.0058375556	-2.6135536770
52	0.0000000000	0.0058375556	-1.9399426072
53	0.0000000000	0.0058375556	-1.9399426072
54	0.0000000000	0.0058375556	-3.2061671053
55	7.5763925142	0.0058375556	-42.4444032042
56	0.8581411141	0.0058375556	-14.2189390868
57	0.7141369756	0.0058375556	-15.1525471030
58	0.4917190412	0.0058375556	-11.8183076010
59	1.9230038300	0.0058375556	-33.8411857496
60	0.0000000000	0.0058375556	-2.7635570502
61	0.0000000000	0.0058375556	-2.5208263656
62	1.6106213006	0.0058375556	-12.3816193811
63	0.0000000000	0.0058375556	-4.0304047586
64	0.0000000000	0.0058375556	-2.6135536770
65	1.0303956801	0.0058375556	-22.2077632454
66	0.0000000000	0.0058375556	-3.4281449289
67	1.3463249769	0.0058375556	-25.8819688374
68	2.4739631518	0.0058375556	-28.1873183326
69	7.6540676385	0.0058375556	-44.7738353930
70	1.3275712696	0.0058375556	-21.6652782274
71	0.0000000000	0.0058375556	-2.5366244825
72	2.5546279564	0.0058375556	-26.1278033656
73	0.0000000000	0.0058375556	-2.5208263656
74	0.0000000000	0.0058375556	-2.6135536770
75	0.8511426470	0.0058375556	-11.4366288960
76	2.9926926976	0.0058375556	-38.0906753904
77	0.0000000000	0.0058375556	-2.5208263656
78	2.3855825668	0.0058375556	-39.3988640848
79	0.6067897926	0.0058375556	-11.8012666866
80	2.7663505773	0.0058375556	-43.1942725714
81	0.4944021052	0.0058375556	-13.5641972783
82	0.7129525131	0.0058375556	-14.4600581959
83	1.0235129785	0.0058375556	-19.5882033998
84	1.3818792029	0.0058375556	-31.1539825767
85	0.8590151696	0.0058375556	-13.4232932633
86	2.5658426779	0.0058375556	-26.4051080404
87	1.2318641709	0.0058375556	-21.8771784534
88	0.0000000000	0.0058375556	-1.9399426072
89	0.0000000000	0.0058375556	-1.9399426072
90	3.4177444219	0.0058375556	-35.3447153735
91	0.0000000000	0.0058375556	-2.5208263656
92	0.5476743435	0.0058375556	-13.4845908575
93	3.5568960573	0.0058375556	-43.6573526957
94	0.0000000000	0.0058375556	-1.9399426072
95	0.0000000000	0.0058375556	-3.4184830179
96	6.4971527958	0.0058375556	-43.8010598157
97	2.8771412618	0.0058375556	-39.2153678590
98	3.0175227195	0.0058375556	-21.4525683400
99	2.5790144175	0.0058375556	-28.0818996162
100	0.0000000000	0.0058375556	-2.6135536770
101	0.0000000000	0.0058375556	-1.9399426072
102	0.0000000000	0.0058375556	-2.9914571507
103	1.8439691676	0.0058375556	-25.1279271400
104	0.0000000000	0.0058375556	-2.7635570502
105	0.0000000000	0.0058375556	-3.1725247889
106	0.6125639201	0.0058375556	-12.0771578884
107	1.5839980593	0.0058375556	-12.3742233050
108	0.8734512968	0.0058375556	-15.6495111605
109	0.0000000000	0.0058375556	-3.2061671053
110	1.1656011956	0.0058375556	-21.1007149083
111	0.0000000000	0.0058375556	-2.5208263656
112	1.7939620730	0.0058375556	-28.8190620578
113	3.0571184036	0.0058375556	-22.8714143385
114	0.0000000000	0.0058375556	-4.0304047586
115	0.0000000000	0.0058375556	-3.4320359844
116	2.1608015798	0.0058375556	-30.4182615329
117	0.0000000000	0.0058375556	-2.5366244825
118	4.0653080265	0.0058375556	-28.7427290870
119	0.0000000000	0.0058375556	-3.4184830179
120	0.8979257725	0.0058375556	-22.1985797992
121	2.5862098093	0.0058375556	-20.9873064693
122	0.0000000000	0.0058375556	-2.5208263656
123	0.4562455280	0.0058375556	-14.0819780760
124	0.9306348097	0.0058375556	-18.8341681006
