site	rate	t	lnL
1	0.0000000000	0.0005933369	-3.2186868306
2	0.0000000000	0.0005933369	-3.0207399559
3	0.0000000000	0.0005933369	-3.2604935618
4	0.0000000000	0.0005933369	-3.0285220964
5	0.0000000000	0.0005933369	-2.7408400239
6	10.2871266427	0.0005933369	-25.5470450450
7	0.0000000000	0.0005933369	-2.6195907803
8	0.0000000000	0.0005933369	-2.8743714165
9	9.5996192773	0.0005933369	-15.3288835227
10	10.9304191530	0.0005933369	-16.2430655800
11	0.0000000000	0.0005933369	-2.6195907803
12	0.0000000000	0.0005933369	-3.0285220964
13	0.0000000000	0.0005933369	-2.6309001657
14	7.1799071529	0.0005933369	-14.9791236344
15	0.0000000000	0.0005933369	-3.2186868306
16	0.0000000000	0.0005933369	-3.2604935618
17	0.0000000000	0.0005933369	-2.7379146196
18	0.0000000000	0.0005933369	-3.4339872045
19	5.3474908963	0.0005933369	-13.0530101997
20	0.0000000000	0.0005933369	-2.7379146196
21	0.0000000000	0.0005933369	-2.6309001657
22	0.0000000000	0.0005933369	-2.2327525204
23	0.0000000000	0.0005933369	-2.2327525204
24	0.0000000000	0.0005933369	-2.8844668472
25	0.0000000000	0.0005933369	-4.1271343850
26	6.2521387026	0.0005933369	-11.7632529140
27	0.0000000000	0.0005933369	-2.2327525204
28	0.0000000000	0.0005933369	-2.7408400239
29	0.0000000000	0.0005933369	-2.2327525204
30	0.0000000000	0.0005933369	-2.2327525204
31	5.7968955653	0.0005933369	-12.4620647535
32	0.0000000000	0.0005933369	-2.2327525204
33	0.0000000000	0.0005933369	-2.8844668472
34	0.0000000000	0.0005933369	-3.0207399559
35	0.0000000000	0.0005933369	-2.6309001657
36	4.9970557629	0.0005933369	-9.8312157871
37	0.0000000000	0.0005933369	-3.0285220964
38	0.0000000000	0.0005933369	-3.0272208600
39	0.0000000000	0.0005933369	-3.0285220964
40	0.0000000000	0.0005933369	-3.4339872045
41	0.0000000000	0.0005933369	-2.8844668472
42	0.0000000000	0.0005933369	-2.2327525204
43	0.0000000000	0.0005933369	-3.2092823726
44	0.0000000000	0.0005933369	-2.8743714165
45	0.0000000000	0.0005933369	-3.0285220964
46	15.1642895864	0.0005933369	-11.5084160691
47	0.0000000000	0.0005933369	-2.8721417612
48	0.0000000000	0.0005933369	-3.0272208600
49	0.0000000000	0.0005933369	-3.2092823726
50	0.0000000000	0.0005933369	-3.0207399559
51	0.0000000000	0.0005933369	-2.7379146196
52	0.0000000000	0.0005933369	-3.0350537982
53	4.5422048911	0.0005933369	-11.1416240927
54	0.0000000000	0.0005933369	-2.8743714165
55	0.0000000000	0.0005933369	-3.0272208600
56	0.0000000000	0.0005933369	-3.4223365873
57	0.0000000000	0.0005933369	-2.8721417612
58	0.0000000000	0.0005933369	-2.6309001657
59	0.0000000000	0.0005933369	-3.2092823726
60	0.0000000000	0.0005933369	-2.6195907803
61	0.0000000000	0.0005933369	-2.7408400239
62	0.0000000000	0.0005933369	-3.4223365873
63	0.0000000000	0.0005933369	-3.2604935618
64	0.0000000000	0.0005933369	-2.7379146196
65	0.0000000000	0.0005933369	-3.0207399559
66	0.0000000000	0.0005933369	-3.0272208600
67	0.0000000000	0.0005933369	-2.6195907803
68	0.0000000000	0.0005933369	-2.7379146196
69	0.0000000000	0.0005933369	-2.7408400239
70	6.1625321620	0.0005933369	-10.9095843409
71	0.0000000000	0.0005933369	-3.4223365873
72	5.0562081421	0.0005933369	-12.9728580765
73	0.0000000000	0.0005933369	-2.7408400239
74	0.0000000000	0.0005933369	-2.7379146196
75	0.0000000000	0.0005933369	-3.2186868306
76	0.0000000000	0.0005933369	-3.2108436532
77	0.0000000000	0.0005933369	-2.7408400239
78	0.0000000000	0.0005933369	-2.8743714165
79	0.0000000000	0.0005933369	-2.6309001657
80	0.0000000000	0.0005933369	-2.6195907803
81	0.0000000000	0.0005933369	-2.2327525204
82	5.0562081391	0.0005933369	-12.9728580765
83	0.0000000000	0.0005933369	-4.1271343850
84	5.8653018922	0.0005933369	-14.2520897874
85	0.0000000000	0.0005933369	-2.2327525204
86	0.0000000000	0.0005933369	-2.8721417612
87	0.0000000000	0.0005933369	-2.2327525204
88	0.0000000000	0.0005933369	-3.2108436532
89	0.0000000000	0.0005933369	-2.2327525204
90	0.0000000000	0.0005933369	-3.0207399559
91	0.0000000000	0.0005933369	-2.7408400239
92	0.0000000000	0.0005933369	-2.2327525204
93	0.0000000000	0.0005933369	-3.0350537982
94	0.0000000000	0.0005933369	-3.0350537982
95	0.0000000000	0.0005933369	-3.0350537982
96	0.0000000000	0.0005933369	-3.0350537982
97	0.0000000000	0.0005933369	-2.8743714165
98	0.0000000000	0.0005933369	-3.2604935618
99	0.0000000000	0.0005933369	-2.8844668472
100	0.0000000000	0.0005933369	-2.7379146196
101	0.0000000000	0.0005933369	-2.8721417612
102	0.0000000000	0.0005933369	-3.0285220964
103	0.0000000000	0.0005933369	-2.6309001657
104	0.0000000000	0.0005933369	-3.4339872045
105	0.0000000000	0.0005933369	-3.2108436532
106	0.0000000000	0.0005933369	-2.6195907803
107	0.0000000000	0.0005933369	-4.1349775625
108	0.0000000000	0.0005933369	-2.8721417612
109	5.3394551191	0.0005933369	-10.9781222563
110	0.0000000000	0.0005933369	-3.2092823726
111	0.0000000000	0.0005933369	-2.7408400239
112	0.0000000000	0.0005933369	-3.2108436532
113	0.0000000000	0.0005933369	-2.6309001657
114	0.0000000000	0.0005933369	-2.6195907803
115	0.0000000000	0.0005933369	-3.2108436532
116	0.0000000000	0.0005933369	-3.2092823726
117	4.9885922777	0.0005933369	-11.0479613938
118	0.0000000000	0.0005933369	-2.2327525204
119	0.0000000000	0.0005933369	-3.4223365873
120	0.0000000000	0.0005933369	-3.0207399559
121	5.8855154751	0.0005933369	-11.5542368271
122	0.0000000000	0.0005933369	-3.0272208600
123	0.0000000000	0.0005933369	-2.8743714165
124	5.5646919728	0.0005933369	-12.2001171150
