site	rate	t	lnL
1	2.0148932235	0.0064223525	-28.7841266884
2	1.3383570872	0.0064223525	-20.1532937056
3	1.2792484937	0.0064223525	-22.8919850392
4	2.5419114580	0.0064223525	-37.1698867164
5	0.0000000000	0.0064223525	-2.4295139067
6	0.6320487797	0.0064223525	-13.3815636121
7	0.0000000000	0.0064223525	-2.1739959588
8	0.6460799440	0.0064223525	-12.5122279764
9	0.0000000000	0.0064223525	-2.9212103606
10	1.3401558874	0.0064223525	-20.2675065026
11	0.0000000000	0.0064223525	-2.3779345302
12	2.5850457868	0.0064223525	-37.5692099659
13	0.0000000000	0.0064223525	-2.5575423812
14	0.6454188369	0.0064223525	-12.9938252828
15	0.0000000000	0.0064223525	-2.1739959588
16	1.9016417977	0.0064223525	-28.7120211759
17	0.6472202122	0.0064223525	-12.9358570574
18	0.0000000000	0.0064223525	-3.1399775373
19	1.9478609267	0.0064223525	-28.0577068792
20	0.0000000000	0.0064223525	-2.6015877223
21	0.0000000000	0.0064223525	-2.3779345302
22	2.0476320598	0.0064223525	-28.0635875867
23	0.0000000000	0.0064223525	-3.1938021873
24	0.0000000000	0.0064223525	-2.6015877223
25	2.0954543411	0.0064223525	-27.4016920003
26	0.0000000000	0.0064223525	-3.1399775373
27	0.0000000000	0.0064223525	-2.5575423812
28	0.0000000000	0.0064223525	-2.4295139067
29	0.0000000000	0.0064223525	-2.1739959588
30	0.6762978402	0.0064223525	-12.6330293885
31	0.6764050793	0.0064223525	-11.4261856456
32	0.0000000000	0.0064223525	-2.5575423812
33	0.0000000000	0.0064223525	-3.2092823726
34	0.0000000000	0.0064223525	-2.6015877223
35	0.6801117269	0.0064223525	-10.9856054028
36	3.3205578631	0.0064223525	-40.6687848139
37	3.2759997894	0.0064223525	-43.6959617354
38	0.0000000000	0.0064223525	-2.1739959588
39	1.3637812309	0.0064223525	-20.4041028515
40	0.6431981640	0.0064223525	-12.0610964056
41	1.9425516470	0.0064223525	-28.4078299113
42	0.0000000000	0.0064223525	-2.6015877223
43	0.0000000000	0.0064223525	-2.9258997010
44	1.3420042879	0.0064223525	-19.2259416365
45	0.6519910762	0.0064223525	-11.9545628221
46	0.0000000000	0.0064223525	-2.6015877223
47	2.0413533946	0.0064223525	-30.0525126183
48	1.3067057085	0.0064223525	-22.7213069379
49	0.6518927638	0.0064223525	-13.1319470838
50	0.0000000000	0.0064223525	-2.1739959588
51	0.0000000000	0.0064223525	-2.6015877223
52	0.0000000000	0.0064223525	-3.1141140267
53	0.6687979273	0.0064223525	-12.7858647999
54	2.0941748579	0.0064223525	-28.7453614079
55	0.6963382508	0.0064223525	-11.1416887295
56	1.9022666068	0.0064223525	-29.4434978159
57	0.0000000000	0.0064223525	-3.2092823726
58	5.1817081608	0.0064223525	-61.8412714004
59	0.6431654199	0.0064223525	-13.4474420064
60	0.0000000000	0.0064223525	-3.1399775373
61	0.0000000000	0.0064223525	-2.4295139067
62	3.9803718603	0.0064223525	-47.0860395852
63	1.3340629066	0.0064223525	-21.3425025599
64	1.2978429082	0.0064223525	-19.6761228703
65	1.9626964600	0.0064223525	-27.3652063364
66	0.6458882625	0.0064223525	-11.7606196364
67	0.6964814888	0.0064223525	-10.9618758037
68	0.6475689829	0.0064223525	-12.1431177324
69	2.0505987885	0.0064223525	-28.8121298231
70	1.9406584068	0.0064223525	-27.9024065733
71	0.6455025436	0.0064223525	-12.5258045837
72	0.6385544133	0.0064223525	-12.9493094583
73	0.0000000000	0.0064223525	-2.4295139067
74	0.6663702448	0.0064223525	-11.2296258743
75	0.0000000000	0.0064223525	-2.1739959588
76	0.0000000000	0.0064223525	-3.7347756244
77	0.0000000000	0.0064223525	-2.4295139067
78	0.0000000000	0.0064223525	-3.0589276111
79	1.9096456880	0.0064223525	-29.9215123757
80	0.0000000000	0.0064223525	-2.1739959588
81	0.0000000000	0.0064223525	-2.1739959588
82	1.3064658143	0.0064223525	-20.9062237170
83	1.3932639793	0.0064223525	-21.1066772512
84	1.9188080368	0.0064223525	-28.2414963487
85	1.9622230440	0.0064223525	-29.0739623098
86	2.5472587674	0.0064223525	-37.0470162299
87	2.6070093268	0.0064223525	-36.5195293112
88	0.6487971314	0.0064223525	-11.7561364550
89	1.3547473802	0.0064223525	-20.8363887937
90	1.2701724845	0.0064223525	-21.7107774190
91	0.0000000000	0.0064223525	-2.4295139067
92	0.6272598177	0.0064223525	-14.0275433058
93	0.6442629102	0.0064223525	-12.7452566549
94	0.0000000000	0.0064223525	-2.1739959588
95	0.0000000000	0.0064223525	-3.1014288672
96	1.9243148548	0.0064223525	-29.4567659580
97	1.3491336082	0.0064223525	-20.9209483922
98	0.6443053039	0.0064223525	-13.0375531392
99	1.9560350871	0.0064223525	-27.4687882046
100	0.0000000000	0.0064223525	-2.6015877223
101	0.6515513047	0.0064223525	-12.4566223333
102	1.9370154792	0.0064223525	-29.3015533402
103	2.6229249878	0.0064223525	-36.5736653000
104	0.0000000000	0.0064223525	-3.1399775373
105	2.7351247261	0.0064223525	-36.7525800724
106	0.6801117269	0.0064223525	-11.9257234707
107	0.0000000000	0.0064223525	-3.1561187535
108	1.2659657930	0.0064223525	-21.9386131355
109	1.3640708536	0.0064223525	-20.1755467739
110	3.9040869386	0.0064223525	-49.4725651082
111	0.0000000000	0.0064223525	-2.4295139067
112	1.3067579290	0.0064223525	-19.8704917371
113	0.6472688249	0.0064223525	-12.6434212841
114	0.0000000000	0.0064223525	-3.3937904054
115	1.9415625124	0.0064223525	-27.5395977637
116	2.5912860269	0.0064223525	-34.8095025462
117	2.6035382625	0.0064223525	-35.8433836374
118	0.0000000000	0.0064223525	-2.5575423812
119	1.3403284488	0.0064223525	-20.3616910264
120	2.5653387268	0.0064223525	-36.5635834736
121	1.3073200528	0.0064223525	-19.2619420520
122	0.0000000000	0.0064223525	-2.4295139067
123	0.0000000000	0.0064223525	-3.1399775373
124	1.9078640484	0.0064223525	-27.7789588455
