site	rate	t	lnL
1	1.0286036276	0.0587881700	-98.2460601221
2	0.7258231182	0.0587881700	-74.5095084252
3	1.1835983967	0.0587881700	-105.4697732543
4	1.5771320831	0.0587881700	-135.8441869595
5	0.1422289026	0.0587881700	-20.5559004992
6	1.2601599029	0.0587881700	-114.1190140502
7	0.3583933209	0.0587881700	-42.2771313212
8	0.6514852399	0.0587881700	-68.3289763514
9	1.6607252704	0.0587881700	-139.2960659376
10	1.9960539494	0.0587881700	-157.7857674645
11	0.5782807142	0.0587881700	-60.9235359199
12	1.2593621958	0.0587881700	-113.0279938641
13	0.8769693983	0.0587881700	-83.2499999565
14	1.6643636768	0.0587881700	-135.8637666157
15	0.2139782194	0.0587881700	-28.1110539804
16	0.6508804887	0.0587881700	-68.3369698308
17	1.3407302459	0.0587881700	-115.1763258386
18	0.5044254518	0.0587881700	-54.5004488339
19	1.5693492501	0.0587881700	-137.0313640924
20	0.0000000000	0.0587881700	-2.9957322736
21	1.0270837974	0.0587881700	-98.2654068229
22	1.5757210007	0.0587881700	-134.7551919688
23	0.6517789350	0.0587881700	-67.2261016468
24	0.0000000000	0.0587881700	-2.9957322736
25	0.8003640113	0.0587881700	-80.5873160936
26	1.6510717296	0.0587881700	-139.5306621929
27	0.6523595091	0.0587881700	-65.2720365521
28	0.0000000000	0.0587881700	-2.9957322736
29	0.1422289011	0.0587881700	-20.5559004992
30	0.7258693527	0.0587881700	-73.4098603296
31	1.7364668717	0.0587881700	-143.2082233715
32	0.2139419310	0.0587881700	-28.1116853934
33	0.2857873700	0.0587881700	-35.3257834721
34	1.2589526936	0.0587881700	-113.0332123495
35	1.1848868007	0.0587881700	-107.3999678883
36	1.9767742866	0.0587881700	-158.5843051299
37	1.8934244576	0.0587881700	-155.7012477248
38	1.6576683431	0.0587881700	-139.0419091430
39	1.5684158795	0.0587881700	-134.5564209928
40	0.6519903722	0.0587881700	-67.2233718980
41	2.7120159170	0.0587881700	-191.5254961425
42	1.4985495320	0.0587881700	-131.5764690331
43	0.9513140873	0.0587881700	-92.4541374018
44	2.4081019458	0.0587881700	-181.3050686624
45	0.8001878452	0.0587881700	-80.5897012884
46	0.2859160396	0.0587881700	-34.6308970775
47	0.6522481927	0.0587881700	-68.3189381611
48	1.1836402438	0.0587881700	-106.4346297544
49	0.7279363781	0.0587881700	-71.3026214706
50	2.2431679733	0.0587881700	-176.7511542201
51	0.0000000000	0.0587881700	-2.9957322736
52	0.1422289154	0.0587881700	-20.5559004992
53	0.0000000000	0.0587881700	-2.9957322736
54	0.8758992663	0.0587881700	-85.4622680409
55	0.2858506175	0.0587881700	-35.3249214677
56	1.1092563683	0.0587881700	-101.7246984024
57	0.0709421819	0.0587881700	-12.4713721460
58	0.6521412362	0.0587881700	-67.2213749373
59	1.2629887306	0.0587881700	-112.9820717782
60	0.8770903086	0.0587881700	-84.7539315855
61	0.0000000000	0.0587881700	-2.9957322736
62	1.1055868904	0.0587881700	-102.8713815887
63	1.9059688137	0.0587881700	-156.6426717584
64	0.1421985138	0.0587881700	-20.5563231793
65	1.9845657015	0.0587881700	-159.4140675664
66	2.3089756842	0.0587881700	-181.8897628214
67	1.0268078848	0.0587881700	-96.4765091778
68	1.4131385893	0.0587881700	-123.7618357021
69	1.8212216112	0.0587881700	-146.1574321219
70	1.4173686490	0.0587881700	-126.1988794220
71	0.5772991251	0.0587881700	-62.0354374455
72	1.4195542866	0.0587881700	-121.8475237123
73	0.0000000000	0.0587881700	-2.9957322736
74	0.5790356484	0.0587881700	-59.8146137661
75	1.5007626935	0.0587881700	-127.1472935759
76	1.5771861608	0.0587881700	-133.6359442789
77	0.0000000000	0.0587881700	-2.9957322736
78	2.3163930771	0.0587881700	-174.4817636348
79	1.7467018809	0.0587881700	-145.1681597518
80	0.8007318688	0.0587881700	-79.4834340093
81	1.5834719207	0.0587881700	-131.4805246154
82	1.4982992307	0.0587881700	-128.5320926168
83	1.3351745827	0.0587881700	-119.6794942249
84	0.2858501849	0.0587881700	-35.3249244240
85	0.5042740459	0.0587881700	-54.9082010545
86	1.1861288805	0.0587881700	-102.2770367135
87	1.0275691899	0.0587881700	-97.5659533906
88	0.6527744399	0.0587881700	-66.2319136600
89	0.0709503045	0.0587881700	-12.4711623680
90	1.6593516180	0.0587881700	-141.1056730402
91	0.0000000000	0.0587881700	-2.9957322736
92	0.9512632195	0.0587881700	-91.3553816268
93	1.0312554874	0.0587881700	-98.2147015710
94	0.3580755707	0.0587881700	-42.2814512957
95	0.5776988668	0.0587881700	-60.9312316729
96	1.5834846443	0.0587881700	-133.5597414948
97	1.1840364351	0.0587881700	-107.4121565591
98	1.5768514765	0.0587881700	-132.6580361117
99	1.3356175006	0.0587881700	-119.6745892899
100	0.0000000000	0.0587881700	-2.9957322736
101	0.0709571439	0.0587881700	-12.4711624607
102	1.6627130772	0.0587881700	-133.0865938257
103	0.6532700597	0.0587881700	-68.3051923159
104	0.2137935549	0.0587881700	-28.1136054127
105	2.3292764636	0.0587881700	-176.3991561695
106	1.1042013598	0.0587881700	-101.7891060053
107	0.5036922601	0.0587881700	-55.6090814418
108	1.1822977646	0.0587881700	-107.8403266683
109	1.9789174307	0.0587881700	-160.7642848782
110	0.8765729568	0.0587881700	-86.5528712635
111	0.0000000000	0.0587881700	-2.9957322736
112	1.7343069021	0.0587881700	-143.3683033908
113	1.9083656270	0.0587881700	-152.1886607468
114	1.0293362491	0.0587881700	-97.1384804824
115	1.4438674719	0.0587881700	-125.8580283884
116	1.4208142965	0.0587881700	-122.9740040519
117	1.1844817465	0.0587881700	-108.5048041132
118	1.6555693609	0.0587881700	-142.2519161056
119	1.1087235963	0.0587881700	-100.6318068892
120	0.8756386554	0.0587881700	-84.3662719290
121	0.1422289015	0.0587881700	-20.5559004992
122	0.0709421716	0.0587881700	-12.4713721460
123	1.5767544029	0.0587881700	-133.0062502218
124	1.8349185155	0.0587881700	-147.5045689011
