site	rate	t	lnL
1	4.2708181347	0.0055941985	-28.3510261895
2	0.6727033122	0.0055941985	-13.0135937349
3	2.7061685304	0.0055941985	-38.2524889085
4	2.1023869951	0.0055941985	-31.2546951836
5	0.0000000000	0.0055941985	-2.2704702508
6	1.1069887519	0.0055941985	-23.6149934900
7	0.5485548755	0.0055941985	-13.7101893496
8	0.0000000000	0.0055941985	-2.5382181083
9	2.0699672485	0.0055941985	-31.1831031237
10	0.0000000000	0.0055941985	-2.5931274349
11	1.7770174149	0.0055941985	-11.2882946973
12	0.6311898783	0.0055941985	-13.4442209411
13	5.4106393570	0.0055941985	-30.7051208024
14	1.5789084332	0.0055941985	-18.6690023912
15	0.4668885113	0.0055941985	-12.6248569255
16	2.8302753326	0.0055941985	-17.5918371324
17	0.0000000000	0.0055941985	-2.4252312449
18	0.0000000000	0.0055941985	-2.3923035766
19	0.4707384369	0.0055941985	-13.5044908596
20	0.0000000000	0.0055941985	-2.4252312449
21	0.0000000000	0.0055941985	-2.7214970611
22	2.6881330432	0.0055941985	-22.3911896602
23	0.6507602370	0.0055941985	-14.9578280420
24	0.0000000000	0.0055941985	-2.4252312449
25	3.2134256016	0.0055941985	-40.8538593158
26	0.6722550586	0.0055941985	-14.7119964686
27	0.7241252421	0.0055941985	-14.2594260499
28	0.0000000000	0.0055941985	-2.2704702508
29	0.0000000000	0.0055941985	-2.5931274349
30	1.3213065408	0.0055941985	-27.7286890812
31	0.7589319413	0.0055941985	-14.6845187616
32	0.4683055578	0.0055941985	-14.6271199634
33	0.0000000000	0.0055941985	-3.0079028092
34	2.2471564037	0.0055941985	-38.9797023260
35	0.6672735240	0.0055941985	-11.3036857319
36	2.2405327007	0.0055941985	-30.6529158346
37	0.0000000000	0.0055941985	-3.0389933962
38	0.0000000000	0.0055941985	-4.0304047586
39	1.9114975870	0.0055941985	-33.0995925216
40	2.6572362698	0.0055941985	-38.8970309215
41	0.0000000000	0.0055941985	-2.9839571156
42	2.2221022017	0.0055941985	-34.5639161710
43	1.0120112602	0.0055941985	-14.3766063347
44	2.7216614594	0.0055941985	-33.1789938957
45	0.6227412572	0.0055941985	-14.1674647557
46	0.6731769884	0.0055941985	-12.9753867609
47	0.4239050060	0.0055941985	-17.8351567959
48	1.7776016471	0.0055941985	-10.6571013657
49	1.1081798720	0.0055941985	-24.6255693371
50	1.7891045964	0.0055941985	-12.5277668607
51	0.0000000000	0.0055941985	-2.4252312449
52	0.0000000000	0.0055941985	-3.2234224354
53	2.0933654243	0.0055941985	-23.1809862612
54	1.4180070176	0.0055941985	-32.7343243198
55	1.0052247636	0.0055941985	-12.3891742760
56	0.8514510192	0.0055941985	-30.2625701785
57	0.0000000000	0.0055941985	-4.0925820035
58	1.6664719876	0.0055941985	-30.4501912263
59	1.7778791731	0.0055941985	-11.4496712881
60	1.6768675352	0.0055941985	-30.2734124761
61	0.0000000000	0.0055941985	-2.2704702508
62	2.3563653115	0.0055941985	-31.5541060388
63	0.0000000000	0.0055941985	-2.9839571156
64	0.7898658547	0.0055941985	-11.8620529778
65	3.3521458133	0.0055941985	-47.6024814792
66	0.0000000000	0.0055941985	-3.0079028092
67	2.4117262498	0.0055941985	-31.2026936328
68	0.0000000000	0.0055941985	-2.9839571156
69	0.6488199376	0.0055941985	-13.5033032871
70	1.6897748264	0.0055941985	-32.9445215617
71	0.0000000000	0.0055941985	-2.7776417901
72	3.9372399355	0.0055941985	-23.2933416196
73	0.0000000000	0.0055941985	-2.2704702508
74	0.7955422294	0.0055941985	-12.1611937635
75	3.1325067712	0.0055941985	-34.6707229667
76	2.0560959435	0.0055941985	-21.5415902894
77	0.0000000000	0.0055941985	-2.2704702508
78	0.0000000000	0.0055941985	-2.9839571156
79	0.6761159574	0.0055941985	-12.2017802731
80	0.0000000000	0.0055941985	-2.3923035766
81	1.3639008692	0.0055941985	-21.7350461363
82	5.8534153700	0.0055941985	-29.7071115279
83	3.5685494086	0.0055941985	-19.7929061750
84	0.0000000000	0.0055941985	-3.4477534002
85	0.0000000000	0.0055941985	-2.5931274349
86	0.0000000000	0.0055941985	-3.0079028092
87	3.5743212193	0.0055941985	-32.8104679281
88	1.0058821439	0.0055941985	-11.7809466060
89	0.0000000000	0.0055941985	-3.2234224354
90	0.5446202878	0.0055941985	-14.1459385363
91	0.0000000000	0.0055941985	-2.2704702508
92	1.8965220748	0.0055941985	-40.0330447545
93	1.0369586354	0.0055941985	-14.8029250643
94	0.8014125289	0.0055941985	-11.6370439595
95	0.0000000000	0.0055941985	-3.4070106168
96	5.8508044693	0.0055941985	-27.3752808944
97	2.2438181061	0.0055941985	-23.6883484664
98	0.0000000000	0.0055941985	-2.4252312449
99	1.1019124452	0.0055941985	-17.9470709841
100	0.0000000000	0.0055941985	-2.4252312449
101	0.0000000000	0.0055941985	-2.3923035766
102	2.8940000078	0.0055941985	-23.0183771709
103	2.7553034593	0.0055941985	-43.9794650657
104	0.0000000000	0.0055941985	-3.0482466017
105	0.0000000000	0.0055941985	-3.0389933962
106	0.0000000000	0.0055941985	-2.3923035766
107	0.0000000000	0.0055941985	-3.0482466017
108	2.4868731044	0.0055941985	-35.3977550742
109	2.0112580754	0.0055941985	-27.0808185997
110	0.6211484807	0.0055941985	-12.1162259861
111	0.0000000000	0.0055941985	-2.2704702508
112	1.0210923683	0.0055941985	-24.0536944127
113	0.7973819817	0.0055941985	-11.6421046025
114	0.0000000000	0.0055941985	-3.4477534002
115	1.9500165052	0.0055941985	-13.9172416027
116	1.2752249256	0.0055941985	-36.3878055605
117	3.5069800232	0.0055941985	-26.3784943775
118	1.1006750798	0.0055941985	-22.6495720938
119	1.8903591627	0.0055941985	-28.3858957183
120	1.4126120229	0.0055941985	-27.9803039925
121	0.0000000000	0.0055941985	-2.4252312449
122	0.6221177303	0.0055941985	-13.5115321486
123	1.3503937138	0.0055941985	-20.3414497817
124	2.8996633474	0.0055941985	-40.5331458816
