site	rate	t	lnL
1	2.0822266021	0.5464652306	-381.6176980310
2	0.4303207723	0.5464652306	-199.6862272136
3	1.8911143105	0.5464652306	-367.3749985461
4	5.0666905589	0.5464652306	-386.2811814801
5	0.1421793697	0.5464652306	-77.6472911167
6	2.8900646249	0.5464652306	-379.8633241686
7	0.6593991656	0.5464652306	-252.6410770489
8	1.4310545280	0.5464652306	-344.1851028044
9	3.5546238340	0.5464652306	-378.2416063571
10	1.7909051291	0.5464652306	-376.6767565617
11	0.5731602887	0.5464652306	-226.0102664011
12	2.2760795482	0.5464652306	-389.8903469492
13	2.0935270225	0.5464652306	-354.2164199603
14	1.0392063764	0.5464652306	-275.4422886182
15	0.5001115084	0.5464652306	-217.9520511354
16	2.6263534408	0.5464652306	-373.9760622780
17	1.5573268084	0.5464652306	-337.6533974019
18	1.2692865616	0.5464652306	-311.8444276327
19	2.6931932252	0.5464652306	-380.3727185709
20	0.7449280174	0.5464652306	-220.1987472655
21	1.2350150212	0.5464652306	-309.1504679657
22	2.0187026888	0.5464652306	-362.1067159826
23	0.8258979199	0.5464652306	-291.5791530647
24	0.1427010513	0.5464652306	-72.7595376670
25	2.3249706412	0.5464652306	-370.7822213599
26	0.6192846189	0.5464652306	-178.6630628038
27	0.3230058785	0.5464652306	-195.9791795936
28	0.0133407310	0.5464652306	-11.4680881890
29	0.2238917294	0.5464652306	-160.1296274153
30	0.4956001631	0.5464652306	-241.5834229470
31	3.2090108872	0.5464652306	-374.1576253337
32	0.5613947507	0.5464652306	-266.1864281817
33	0.0985218844	0.5464652306	-98.8776284484
34	1.8513074550	0.5464652306	-361.0502723002
35	1.9105953190	0.5464652306	-328.4945506611
36	2.9568070322	0.5464652306	-389.6507722487
37	1.3921964765	0.5464652306	-334.5062316568
38	3.8052609317	0.5464652306	-391.1722225404
39	2.1094672096	0.5464652306	-370.2535102813
40	0.7962240485	0.5464652306	-330.7657768297
41	0.9123324585	0.5464652306	-349.2452214337
42	4.9384329506	0.5464652306	-383.8399713600
43	2.2169283187	0.5464652306	-373.7444665188
44	3.1268759954	0.5464652306	-388.3891610618
45	1.3470781385	0.5464652306	-343.8846486733
46	0.7550365686	0.5464652306	-224.3859592439
47	0.3189625616	0.5464652306	-190.0530800590
48	1.4265754514	0.5464652306	-351.7949657922
49	0.7957420043	0.5464652306	-327.8655256881
50	0.4995077674	0.5464652306	-232.7024217287
51	0.0000000000	0.5464652306	-2.6592960399
52	0.5093279427	0.5464652306	-242.5861152833
53	0.8236093605	0.5464652306	-282.3157772054
54	0.8623168250	0.5464652306	-297.4839963615
55	0.3829397571	0.5464652306	-189.1319826953
56	1.5993746118	0.5464652306	-363.5464172402
57	0.0919547125	0.5464652306	-92.5437772916
58	0.9998139230	0.5464652306	-319.4739412926
59	3.5119473566	0.5464652306	-376.9631445383
60	0.9725099141	0.5464652306	-257.1751137466
61	0.0680599125	0.5464652306	-42.3879741479
62	2.6579980973	0.5464652306	-376.9302300955
63	0.5763300449	0.5464652306	-240.9485668151
64	1.2388690890	0.5464652306	-304.9840690664
65	1.6005166987	0.5464652306	-364.0181041040
66	0.4265447834	0.5464652306	-253.2933312125
67	3.3670570981	0.5464652306	-399.2730510668
68	0.9347958629	0.5464652306	-259.3658599428
69	4.2890155597	0.5464652306	-386.1023763174
70	3.8461406107	0.5464652306	-383.2630457790
71	1.6971371348	0.5464652306	-346.8284914432
72	2.0201361717	0.5464652306	-373.3449347382
73	0.0663877660	0.5464652306	-36.6026522190
74	1.0336092093	0.5464652306	-279.8403047418
75	0.8645852975	0.5464652306	-291.1655382313
76	1.9416111555	0.5464652306	-385.7603510539
77	0.1252401527	0.5464652306	-66.0023561316
78	4.6384065088	0.5464652306	-381.0986149033
79	2.5730070531	0.5464652306	-369.3524866295
80	0.5073166721	0.5464652306	-234.6149001978
81	0.8279547959	0.5464652306	-315.4970951550
82	2.4517408539	0.5464652306	-385.9089080363
83	4.0794625565	0.5464652306	-392.8325694651
84	0.7475511452	0.5464652306	-259.0121662765
85	0.7905835320	0.5464652306	-284.5481782478
86	0.9769963338	0.5464652306	-383.5424322139
87	1.3715846695	0.5464652306	-336.9930313161
88	0.4623544943	0.5464652306	-264.2588828230
89	0.2650188520	0.5464652306	-167.8137508808
90	2.9005052710	0.5464652306	-366.3417006974
91	0.0529074615	0.5464652306	-31.7177638998
92	0.9533212083	0.5464652306	-303.2178875318
93	1.6698831392	0.5464652306	-356.2390311690
94	0.3524271241	0.5464652306	-186.6455849395
95	0.2979649437	0.5464652306	-218.1103208670
96	1.7789591276	0.5464652306	-356.5981621313
97	2.6082569404	0.5464652306	-369.7949411261
98	1.3783997480	0.5464652306	-310.8642053794
99	2.7722337175	0.5464652306	-385.5754709849
100	0.2567422721	0.5464652306	-112.6840266971
101	0.1996211838	0.5464652306	-116.6232533401
102	3.9305886216	0.5464652306	-379.1526798846
103	1.3833614292	0.5464652306	-333.4369770543
104	0.3797418150	0.5464652306	-123.6525128558
105	2.3606293792	0.5464652306	-376.5162709683
106	3.2961374900	0.5464652306	-378.9611269133
107	0.3809808795	0.5464652306	-195.2339922722
108	2.0860993136	0.5464652306	-370.5181924126
109	3.1691453076	0.5464652306	-376.1564256832
110	2.3301260217	0.5464652306	-372.0604289603
111	0.0132908060	0.5464652306	-11.9991032893
112	3.6669007575	0.5464652306	-379.5818577473
113	2.9852491787	0.5464652306	-391.8831055988
114	0.6991869953	0.5464652306	-263.3744276703
115	1.5938074320	0.5464652306	-361.2474095646
116	2.2190230265	0.5464652306	-387.3389412507
117	4.7328488089	0.5464652306	-376.0863660770
118	1.4742006068	0.5464652306	-317.7574841162
119	1.0090180441	0.5464652306	-341.4275475998
120	2.6253185314	0.5464652306	-365.3699597747
121	0.5807134523	0.5464652306	-192.7261887360
122	0.0819969412	0.5464652306	-49.0008744966
123	2.9538251341	0.5464652306	-377.1408696121
124	2.4535375879	0.5464652306	-378.1465203705
