site	rate	t	lnL
1	3.5172920347	0.5304889671	-393.3199527243
2	0.3261016274	0.5304889671	-226.3244430255
3	6.6637708560	0.5304889671	-397.2686936722
4	3.1742436264	0.5304889671	-374.8576362017
5	0.0600130224	0.5304889671	-80.8717341642
6	2.9647831773	0.5304889671	-378.3130681205
7	0.4496544926	0.5304889671	-283.7042450877
8	0.4658623263	0.5304889671	-272.4646632941
9	3.8323184492	0.5304889671	-389.5250754302
10	2.5261259087	0.5304889671	-359.6761367664
11	0.6040203223	0.5304889671	-247.8946859022
12	168.5151403578	0.5304889671	-392.9425704531
13	1.7738370296	0.5304889671	-346.4002624546
14	0.8240972408	0.5304889671	-327.4525903651
15	0.7417927404	0.5304889671	-241.3356903562
16	5.5902342297	0.5304889671	-390.0018941716
17	4.1112802927	0.5304889671	-376.9898840484
18	2.2050414419	0.5304889671	-356.0397266406
19	1.8554316103	0.5304889671	-363.4172823268
20	0.2729880201	0.5304889671	-182.5311205232
21	1.3056619012	0.5304889671	-343.6695799316
22	2.9575162948	0.5304889671	-377.8494927650
23	1.7232701382	0.5304889671	-319.3818374311
24	0.1306113613	0.5304889671	-54.4707124067
25	2.1492080354	0.5304889671	-375.4234695750
26	0.2200007132	0.5304889671	-180.8741206660
27	0.6482841045	0.5304889671	-289.2980563506
28	0.0000000000	0.5304889671	-2.3861201148
29	0.0869645880	0.5304889671	-106.3837970600
30	0.5569456518	0.5304889671	-299.4847469468
31	4.1904309623	0.5304889671	-377.9886527033
32	2.3431069320	0.5304889671	-350.5195040684
33	0.4423562343	0.5304889671	-222.6067098758
34	1.1941100536	0.5304889671	-366.2054397370
35	2.3936034903	0.5304889671	-337.1085144779
36	2.2305284510	0.5304889671	-376.7938074006
37	1.3084331251	0.5304889671	-303.1891269831
38	3.8548314363	0.5304889671	-379.7622798818
39	3.5960720146	0.5304889671	-389.1301251962
40	0.9408319560	0.5304889671	-353.7691219927
41	2.8488851357	0.5304889671	-386.8342240601
42	3.6391005728	0.5304889671	-387.5873645279
43	2.0836996729	0.5304889671	-369.5556499567
44	2.2485581566	0.5304889671	-375.6882775637
45	4.1845701979	0.5304889671	-381.4461494542
46	0.4830498634	0.5304889671	-265.2571601825
47	0.4340355558	0.5304889671	-232.2551918083
48	1.6581563800	0.5304889671	-349.2334595452
49	0.6639001865	0.5304889671	-305.3410599249
50	0.5402883650	0.5304889671	-276.3570511187
51	0.0000000000	0.5304889671	-2.6940980869
52	1.0073315402	0.5304889671	-262.3759702660
53	1.6392838540	0.5304889671	-298.6849322257
54	0.5814302383	0.5304889671	-303.1918743394
55	0.6705392917	0.5304889671	-253.1886468312
56	1.3202556021	0.5304889671	-374.9661971105
57	0.3077050462	0.5304889671	-171.3984249708
58	1.0998327316	0.5304889671	-337.4837498191
59	5.0609512598	0.5304889671	-373.7153683395
60	0.1971576891	0.5304889671	-157.8869490959
61	0.0122872316	0.5304889671	-24.1164910614
62	3.7820415308	0.5304889671	-379.3517046048
63	0.6694048281	0.5304889671	-293.8132787298
64	0.9776679029	0.5304889671	-350.8741375724
65	2.0721076505	0.5304889671	-391.5005153191
66	0.3177294945	0.5304889671	-286.1014463255
67	4.3489211780	0.5304889671	-395.3369439902
68	0.6969992651	0.5304889671	-314.9166584769
69	2.0728380511	0.5304889671	-391.1297774089
70	3.8905723404	0.5304889671	-378.8945809260
71	1.7316803824	0.5304889671	-378.0077311445
72	4.2379782029	0.5304889671	-372.7096593936
73	0.0000000000	0.5304889671	-2.3861201148
74	0.5793912076	0.5304889671	-278.4525522286
75	1.7239584145	0.5304889671	-329.1749733598
76	3.1679804169	0.5304889671	-388.0939967313
77	0.0000000000	0.5304889671	-2.3861201148
78	4.9981674253	0.5304889671	-389.7066231521
79	825.4221968959	0.5304889671	-384.6033033810
80	1.3793643000	0.5304889671	-304.6859402865
81	1.5753654838	0.5304889671	-357.1363440684
82	4.2536586948	0.5304889671	-387.9229668926
83	3.9189622785	0.5304889671	-391.6107287450
84	0.9232474560	0.5304889671	-311.8876175355
85	1.5593611294	0.5304889671	-332.4063626910
86	1.4517421539	0.5304889671	-387.5148538371
87	3.2446892523	0.5304889671	-377.9241335289
88	1.1353393854	0.5304889671	-317.0595226927
89	0.1715726994	0.5304889671	-166.8266317569
90	3.0657456490	0.5304889671	-384.7965763233
91	0.0673627953	0.5304889671	-86.0168328521
92	0.8576191677	0.5304889671	-300.2337531285
93	3.2636430197	0.5304889671	-374.8622407353
94	0.7272047557	0.5304889671	-250.2389319996
95	0.3810570090	0.5304889671	-223.0844089218
96	2.1432421667	0.5304889671	-372.8063067117
97	4.8580992074	0.5304889671	-380.2919991492
98	0.7079662180	0.5304889671	-318.5969127418
99	1.6583452164	0.5304889671	-379.6510731024
100	0.0919505651	0.5304889671	-87.8563369402
101	0.1267367854	0.5304889671	-145.5347738080
102	6.2256791825	0.5304889671	-386.9651586884
103	3.6585651206	0.5304889671	-354.3701407603
104	0.2403496628	0.5304889671	-199.2911145417
105	2.2263857633	0.5304889671	-380.1393903275
106	2.7768228138	0.5304889671	-374.8104929661
107	0.2114541275	0.5304889671	-183.8106998313
108	1235.8970766937	0.5304889671	-362.8281482837
109	3.0397290179	0.5304889671	-371.1785556396
110	9.2850917595	0.5304889671	-389.9094747320
111	0.0060763660	0.5304889671	-12.9663693365
112	3.8876405285	0.5304889671	-382.4815697658
113	5.7816407608	0.5304889671	-389.1179473095
114	0.9209934847	0.5304889671	-325.1071347717
115	2.8594839300	0.5304889671	-372.1555785505
116	2.7354832954	0.5304889671	-384.6092129454
117	2.7672719334	0.5304889671	-362.0432648763
118	1.7424395444	0.5304889671	-344.1837524610
119	2.4797225823	0.5304889671	-372.1679166297
120	3.5471179022	0.5304889671	-376.6920806165
121	0.5388902879	0.5304889671	-281.7313934577
122	0.0780221726	0.5304889671	-88.4225418709
123	2.5187311179	0.5304889671	-372.2293540239
124	3.0989009050	0.5304889671	-381.6181136372
