site	rate	t	lnL
1	2.9060891229	0.5606784040	-383.4018306943
2	0.4602341779	0.5606784040	-227.2542700746
3	2.2009495771	0.5606784040	-377.2917279813
4	2.4744726895	0.5606784040	-361.0739491750
5	0.3512958344	0.5606784040	-148.2904468969
6	1.9079055122	0.5606784040	-379.2958982021
7	0.2280572003	0.5606784040	-139.8572221061
8	0.6628933054	0.5606784040	-289.1521682463
9	1.7795063581	0.5606784040	-378.4200465727
10	2.2889582747	0.5606784040	-367.4326220284
11	0.3550768416	0.5606784040	-168.6650684884
12	96.4299325181	0.5606784040	-390.5667646687
13	1.9868836698	0.5606784040	-358.8136325648
14	1.0698169257	0.5606784040	-289.9421286668
15	0.4206844035	0.5606784040	-199.8996557818
16	2.8664337279	0.5606784040	-381.6769615909
17	3.0137812680	0.5606784040	-377.0945140252
18	1.9775148817	0.5606784040	-331.6595149831
19	1.7478011661	0.5606784040	-372.6177838542
20	0.2651954894	0.5606784040	-112.1028114261
21	0.8624981943	0.5606784040	-294.9336412581
22	2.0936253790	0.5606784040	-373.9926851841
23	0.6682049158	0.5606784040	-263.1845364921
24	0.1245433897	0.5606784040	-72.6624974607
25	1.0552737545	0.5606784040	-344.1146228816
26	0.2350435479	0.5606784040	-87.1406484527
27	0.3404393286	0.5606784040	-194.7136466768
28	0.0000000000	0.5606784040	-2.4202578777
29	0.1250791347	0.5606784040	-108.6754493540
30	0.5629411953	0.5606784040	-278.4932013039
31	2.0026484135	0.5606784040	-348.9781917963
32	0.7381663482	0.5606784040	-286.0623158697
33	0.1729726954	0.5606784040	-138.4442695267
34	2.1510944810	0.5606784040	-366.3071042323
35	1.9785334098	0.5606784040	-352.4498007769
36	2.7336796008	0.5606784040	-376.8710083932
37	1.6561491206	0.5606784040	-360.7320089718
38	2.8904034857	0.5606784040	-383.6034025251
39	5.5785553588	0.5606784040	-385.3037697893
40	0.9013239354	0.5606784040	-327.7151246673
41	0.8203313267	0.5606784040	-326.6365483909
42	3.1010961776	0.5606784040	-383.4871937407
43	1.9811153390	0.5606784040	-366.8194536030
44	2.0198279414	0.5606784040	-372.9987709440
45	1.9058509132	0.5606784040	-366.9062414130
46	0.8566133606	0.5606784040	-250.8728200773
47	0.3819420729	0.5606784040	-242.5210141504
48	1.5391074118	0.5606784040	-342.6355311974
49	0.9307670704	0.5606784040	-330.0561096898
50	0.6057408799	0.5606784040	-258.5933000203
51	0.0138990963	0.5606784040	-11.4774915846
52	0.4023654848	0.5606784040	-203.2708106237
53	0.7822772860	0.5606784040	-273.1189870388
54	0.9049939791	0.5606784040	-310.8655208553
55	0.2749799706	0.5606784040	-161.3521754643
56	1.0097795826	0.5606784040	-344.6763302985
57	0.0728219447	0.5606784040	-75.7171881063
58	1.2099883067	0.5606784040	-332.1344503606
59	3.7469988537	0.5606784040	-382.2760078615
60	0.6729161419	0.5606784040	-205.8601055608
61	0.0126776607	0.5606784040	-11.5695590535
62	4.7244378977	0.5606784040	-385.7636026200
63	0.3703721336	0.5606784040	-186.6467193443
64	1.1974660095	0.5606784040	-306.1797993729
65	1.8438721203	0.5606784040	-373.2951423209
66	0.5819147930	0.5606784040	-290.6159475498
67	3.3161985093	0.5606784040	-392.5090388840
68	0.9183909376	0.5606784040	-266.2876678230
69	1.8909041520	0.5606784040	-387.6523817796
70	4.4514184718	0.5606784040	-386.1821687149
71	2.2187928506	0.5606784040	-345.2259486354
72	2.9110887645	0.5606784040	-372.1027880570
73	0.1092629969	0.5606784040	-62.3088964537
74	0.9885372004	0.5606784040	-273.8546190287
75	0.8943726605	0.5606784040	-317.0773639562
76	3.3701612767	0.5606784040	-395.9534977273
77	0.0874439034	0.5606784040	-53.2174950140
78	5.2563324674	0.5606784040	-389.9971766000
79	4.3470493376	0.5606784040	-379.2277325702
80	0.8608480054	0.5606784040	-299.2011131714
81	1.3318043387	0.5606784040	-346.2817621054
82	2.7774416139	0.5606784040	-368.1590867368
83	4.5218467589	0.5606784040	-390.0830205522
84	0.4914136804	0.5606784040	-216.9306381551
85	0.5739217606	0.5606784040	-265.9071264439
86	0.7717207088	0.5606784040	-353.2859048195
87	5.1133780260	0.5606784040	-385.7238749348
88	0.4458366968	0.5606784040	-280.6746612487
89	0.2223240308	0.5606784040	-142.6912143297
90	2.8110289064	0.5606784040	-371.7525971024
91	0.1167711211	0.5606784040	-65.3519582610
92	0.6893344415	0.5606784040	-277.4738426517
93	2.2371124371	0.5606784040	-367.8761960443
94	0.4660403813	0.5606784040	-214.7066746713
95	0.3112221538	0.5606784040	-230.0048389342
96	1.9471867664	0.5606784040	-362.5789865897
97	3.0386296450	0.5606784040	-375.0113074283
98	1.4660439605	0.5606784040	-331.9747488166
99	2.3611458727	0.5606784040	-392.9270824508
100	0.1929456862	0.5606784040	-91.4578603701
101	0.3370348966	0.5606784040	-194.0798321863
102	4.2938208671	0.5606784040	-391.6659820450
103	1.4316132322	0.5606784040	-337.0265957730
104	0.6586709201	0.5606784040	-179.9418995857
105	2.2962613025	0.5606784040	-390.1200374600
106	1.9427645529	0.5606784040	-359.2708201269
107	0.8346708512	0.5606784040	-275.1260948044
108	2.7809679513	0.5606784040	-370.5394218514
109	4.1294967027	0.5606784040	-381.5656711876
110	2.5038658253	0.5606784040	-362.2641503331
111	0.0000000000	0.5606784040	-2.4202578777
112	2.7852797120	0.5606784040	-379.5903804197
113	1.8007467896	0.5606784040	-379.7399882458
114	0.6810646403	0.5606784040	-270.6124739100
115	2.3636380189	0.5606784040	-371.9196493016
116	3.3742841350	0.5606784040	-391.4119174424
117	2.3904845044	0.5606784040	-365.6456820454
118	1.5553960178	0.5606784040	-323.2513235613
119	0.9488488341	0.5606784040	-340.7866399641
120	2.2128553367	0.5606784040	-366.2449467711
121	1.5171582620	0.5606784040	-323.6379981665
122	0.3502640221	0.5606784040	-150.9006603529
123	3.8651250314	0.5606784040	-378.1769328581
124	2.0455939030	0.5606784040	-368.8927642316
