site	rate	t	lnL
1	1.8503496302	0.5420763626	-385.3645436142
2	0.5896075210	0.5420763626	-262.0045367284
3	2.0540089596	0.5420763626	-369.8076386059
4	4.2430187010	0.5420763626	-382.4543818750
5	0.6202122282	0.5420763626	-249.6460869711
6	4.5863528136	0.5420763626	-382.1052039893
7	0.4152797870	0.5420763626	-249.0473285467
8	0.3860648745	0.5420763626	-261.2187484487
9	2.3897153632	0.5420763626	-384.6907967466
10	2.2214682013	0.5420763626	-367.0684654944
11	0.4775082903	0.5420763626	-246.5163569616
12	4.6934009551	0.5420763626	-382.6931196590
13	2.3261029932	0.5420763626	-368.6178103320
14	1.7933554395	0.5420763626	-317.9827156160
15	0.3554907731	0.5420763626	-221.6242179097
16	2.3848665780	0.5420763626	-358.9581137049
17	2.2643188628	0.5420763626	-349.8471467131
18	1.4762208437	0.5420763626	-328.3764050060
19	3.1150027984	0.5420763626	-373.0637158250
20	0.9131191638	0.5420763626	-203.4450289740
21	1.1161400183	0.5420763626	-330.7852569400
22	2.4522748254	0.5420763626	-361.3931434488
23	0.5216472675	0.5420763626	-275.5025530710
24	0.4992282096	0.5420763626	-156.2764027815
25	1.1379139775	0.5420763626	-355.7204286364
26	0.2782964571	0.5420763626	-120.8266480669
27	0.3964221427	0.5420763626	-220.8211998749
28	0.0000000000	0.5420763626	-2.4651929733
29	0.1990822445	0.5420763626	-173.7843168437
30	0.3699480604	0.5420763626	-239.8135728555
31	5.1260034567	0.5420763626	-377.3269904009
32	0.5338738797	0.5420763626	-283.1813915422
33	0.2136660630	0.5420763626	-151.5349610581
34	2.0285165681	0.5420763626	-345.8820829924
35	0.9917258965	0.5420763626	-325.3032798998
36	2.4540268647	0.5420763626	-382.1768276493
37	1.9336380732	0.5420763626	-327.2816766639
38	3.9755172162	0.5420763626	-384.3327838742
39	7.7099120899	0.5420763626	-381.3657436696
40	1.2045552876	0.5420763626	-349.6291327987
41	1.2593651977	0.5420763626	-345.8864346423
42	7.4289400305	0.5420763626	-389.0313138957
43	2.7317443502	0.5420763626	-368.7605781698
44	2.5896094723	0.5420763626	-380.4535870641
45	2.4659715195	0.5420763626	-375.7680513667
46	1.2643520144	0.5420763626	-265.4581111782
47	0.5788003300	0.5420763626	-281.9737256496
48	0.9486591085	0.5420763626	-331.9688656220
49	0.9577314805	0.5420763626	-322.5810918261
50	0.5012066547	0.5420763626	-245.6335325209
51	0.0191420915	0.5420763626	-11.1654279678
52	0.2867225427	0.5420763626	-191.6142362667
53	0.3508353408	0.5420763626	-224.8065905710
54	0.6604655620	0.5420763626	-256.8334161637
55	0.2750525582	0.5420763626	-202.1134477247
56	1.5444117968	0.5420763626	-368.9042364945
57	0.1533232568	0.5420763626	-120.9761109053
58	1.1073209846	0.5420763626	-323.0139805993
59	2.7291712455	0.5420763626	-368.7101039705
60	0.4613549691	0.5420763626	-174.5464617876
61	0.0100924710	0.5420763626	-11.8060414341
62	2.6423669559	0.5420763626	-378.1850333807
63	0.4484063843	0.5420763626	-195.7819457948
64	1.5445660071	0.5420763626	-297.8972478959
65	1.9554350733	0.5420763626	-378.3206352722
66	0.2091906425	0.5420763626	-160.8733593148
67	2.9858348115	0.5420763626	-382.8175778276
68	1.1408668088	0.5420763626	-258.1903262428
69	2.2577499406	0.5420763626	-391.5900456252
70	2.3427148376	0.5420763626	-360.4976308802
71	1.5493825976	0.5420763626	-346.8173187042
72	2.1886798694	0.5420763626	-359.7707792839
73	0.0403654709	0.5420763626	-31.8684037380
74	0.8716547030	0.5420763626	-222.9269796314
75	1.4334287524	0.5420763626	-333.4810570211
76	2.4173533685	0.5420763626	-357.9017111616
77	0.0599634340	0.5420763626	-43.4077484416
78	3.1317324052	0.5420763626	-373.8968818420
79	2.7634440612	0.5420763626	-360.8099985610
80	0.3135370536	0.5420763626	-226.9946894686
81	1.2169356687	0.5420763626	-328.1680059452
82	2.6591769340	0.5420763626	-383.2009250567
83	2.6793664390	0.5420763626	-380.2501327234
84	0.9804840861	0.5420763626	-269.8993715265
85	0.3989368101	0.5420763626	-264.0182557572
86	0.8655921489	0.5420763626	-367.9308056627
87	2.7625082549	0.5420763626	-356.2111119208
88	0.3658017853	0.5420763626	-259.8802995681
89	0.3571739774	0.5420763626	-200.1255226918
90	3.7576391342	0.5420763626	-382.2462309829
91	0.1788394511	0.5420763626	-104.6912729379
92	0.6433586772	0.5420763626	-282.3888921728
93	2.5069359099	0.5420763626	-372.2904001350
94	0.3390843543	0.5420763626	-213.0666656450
95	0.3116024485	0.5420763626	-220.1707635674
96	3.1041506573	0.5420763626	-381.7798682994
97	2.3307163189	0.5420763626	-370.2442495817
98	2.3381450841	0.5420763626	-349.5713900511
99	2.6798174049	0.5420763626	-372.1240369835
100	0.3003162858	0.5420763626	-96.5559656171
101	0.1319485231	0.5420763626	-130.5697302657
102	2.4084007055	0.5420763626	-375.6180566125
103	1173.5794037529	0.5420763626	-371.6163095205
104	0.4213796041	0.5420763626	-167.6387735367
105	3.0259715127	0.5420763626	-374.6267631422
106	3.4201479237	0.5420763626	-371.1039913009
107	0.4103227982	0.5420763626	-208.2285389979
108	2.9636452002	0.5420763626	-364.4754133979
109	5.7842009947	0.5420763626	-381.7320361860
110	2.4751345196	0.5420763626	-370.1876862148
111	0.0201206907	0.5420763626	-19.0466784209
112	2.0324413649	0.5420763626	-366.7153292535
113	3.9540185615	0.5420763626	-389.1488380480
114	1.4063947215	0.5420763626	-334.2678865849
115	2.0638565545	0.5420763626	-367.3787007498
116	118.4634257399	0.5420763626	-390.5628708800
117	3.8437596877	0.5420763626	-373.0593393535
118	1.1883128039	0.5420763626	-328.5119428903
119	1.2076965306	0.5420763626	-355.6525341458
120	3.4166116143	0.5420763626	-377.7773990505
121	1.1766495227	0.5420763626	-266.1436933282
122	0.2787293967	0.5420763626	-152.1016337168
123	3.1822298746	0.5420763626	-381.0824424795
124	3.0863017797	0.5420763626	-379.6613806957
