site	rate	t	lnL
1	5.1611339234	0.0007336671	-13.0158174341
2	0.0000000000	0.0007336671	-3.0298250282
3	11.0641119212	0.0007336671	-11.3985682390
4	0.0000000000	0.0007336671	-3.0298250282
5	0.0000000000	0.0007336671	-2.7427950588
6	0.0000000000	0.0007336671	-2.3412515243
7	3.5252762585	0.0007336671	-9.3432360471
8	0.0000000000	0.0007336671	-2.7388888038
9	3.9788796851	0.0007336671	-10.5579366466
10	0.0000000000	0.0007336671	-3.0298250282
11	0.0000000000	0.0007336671	-2.7388888038
12	11.3941775944	0.0007336671	-15.3355828793
13	0.0000000000	0.0007336671	-2.1153612575
14	0.0000000000	0.0007336671	-3.0259213147
15	0.0000000000	0.0007336671	-2.7388888038
16	0.0000000000	0.0007336671	-3.7164744601
17	0.0000000000	0.0007336671	-3.0259213147
18	0.0000000000	0.0007336671	-3.2092823726
19	8.1504205621	0.0007336671	-24.6584159278
20	0.0000000000	0.0007336671	-3.2092823726
21	0.0000000000	0.0007336671	-3.2046131034
22	0.0000000000	0.0007336671	-3.7216692769
23	0.0000000000	0.0007336671	-2.1122313645
24	0.0000000000	0.0007336671	-2.7427950588
25	0.0000000000	0.0007336671	-2.1153612575
26	0.0000000000	0.0007336671	-3.2092823726
27	0.0000000000	0.0007336671	-3.7164744601
28	0.0000000000	0.0007336671	-2.4238077572
29	0.0000000000	0.0007336671	-2.1122313645
30	0.0000000000	0.0007336671	-2.1122313645
31	4.9304795175	0.0007336671	-13.1854595508
32	6.5305424908	0.0007336671	-12.2087883662
33	0.0000000000	0.0007336671	-3.4320359844
34	0.0000000000	0.0007336671	-3.2046131034
35	0.0000000000	0.0007336671	-3.2092823726
36	0.0000000000	0.0007336671	-2.3412515243
37	0.0000000000	0.0007336671	-2.1153612575
38	0.0000000000	0.0007336671	-2.4238077572
39	0.0000000000	0.0007336671	-2.1153612575
40	0.0000000000	0.0007336671	-3.0259213147
41	0.0000000000	0.0007336671	-2.1122313645
42	0.0000000000	0.0007336671	-3.0272208600
43	0.0000000000	0.0007336671	-2.3412515243
44	3.9312043030	0.0007336671	-13.2879926135
45	0.0000000000	0.0007336671	-3.4339872045
46	0.0000000000	0.0007336671	-2.7427950588
47	0.0000000000	0.0007336671	-3.4320359844
48	0.0000000000	0.0007336671	-2.1153612575
49	0.0000000000	0.0007336671	-3.0259213147
50	0.0000000000	0.0007336671	-3.2092823726
51	0.0000000000	0.0007336671	-2.7427950588
52	0.0000000000	0.0007336671	-3.0272208600
53	4.6424922745	0.0007336671	-10.9465631837
54	0.0000000000	0.0007336671	-3.0259213147
55	0.0000000000	0.0007336671	-2.3412515243
56	0.0000000000	0.0007336671	-2.7388888038
57	0.0000000000	0.0007336671	-2.3412515243
58	0.0000000000	0.0007336671	-3.2046131034
59	0.0000000000	0.0007336671	-2.1153612575
60	0.0000000000	0.0007336671	-3.4339872045
61	0.0000000000	0.0007336671	-2.4238077572
62	0.0000000000	0.0007336671	-3.0298250282
63	0.0000000000	0.0007336671	-2.3412515243
64	0.0000000000	0.0007336671	-2.3412515243
65	4.0128852751	0.0007336671	-16.8552764420
66	6.5923697819	0.0007336671	-12.2024553751
67	0.0000000000	0.0007336671	-2.3412515243
68	0.0000000000	0.0007336671	-2.7427950588
69	11.4646438199	0.0007336671	-21.1456793292
70	0.0000000000	0.0007336671	-3.0272208600
71	0.0000000000	0.0007336671	-2.1153612575
72	0.0000000000	0.0007336671	-3.2092823726
73	0.0000000000	0.0007336671	-2.4238077572
74	0.0000000000	0.0007336671	-3.2092823726
75	4.0276814169	0.0007336671	-14.8270380007
76	0.0000000000	0.0007336671	-3.7164744601
77	0.0000000000	0.0007336671	-2.4238077572
78	0.0000000000	0.0007336671	-2.1122313645
79	0.0000000000	0.0007336671	-3.4339872045
80	0.0000000000	0.0007336671	-2.1122313645
81	0.0000000000	0.0007336671	-3.2092823726
82	4.6786285421	0.0007336671	-15.9825435772
83	0.0000000000	0.0007336671	-3.0272208600
84	0.0000000000	0.0007336671	-4.8124994252
85	0.0000000000	0.0007336671	-3.0272208600
86	0.0000000000	0.0007336671	-4.7670370511
87	0.0000000000	0.0007336671	-3.7216692769
88	0.0000000000	0.0007336671	-4.1193522446
89	0.0000000000	0.0007336671	-2.4238077572
90	8.3699866572	0.0007336671	-18.9416528913
91	0.0000000000	0.0007336671	-2.4238077572
92	0.0000000000	0.0007336671	-3.0272208600
93	0.0000000000	0.0007336671	-2.1122313645
94	0.0000000000	0.0007336671	-2.1122313645
95	3.9827657278	0.0007336671	-12.5387725249
96	0.0000000000	0.0007336671	-3.4418303819
97	0.0000000000	0.0007336671	-2.1153612575
98	0.0000000000	0.0007336671	-3.0259213147
99	0.0000000000	0.0007336671	-3.4339872045
100	0.0000000000	0.0007336671	-3.4418303819
101	0.0000000000	0.0007336671	-2.1153612575
102	0.0000000000	0.0007336671	-2.4238077572
103	0.0000000000	0.0007336671	-2.1122313645
104	0.0000000000	0.0007336671	-2.7388888038
105	0.0000000000	0.0007336671	-3.7216692769
106	0.0000000000	0.0007336671	-3.4418303819
107	0.0000000000	0.0007336671	-3.2092823726
108	0.0000000000	0.0007336671	-2.1122313645
109	5.7450159655	0.0007336671	-12.9212990720
110	6.0272342881	0.0007336671	-13.6995727235
111	0.0000000000	0.0007336671	-2.4238077572
112	4.6988990911	0.0007336671	-17.1762514138
113	0.0000000000	0.0007336671	-4.1193522446
114	0.0000000000	0.0007336671	-2.1153612575
115	0.0000000000	0.0007336671	-3.0298250282
116	0.0000000000	0.0007336671	-3.4320359844
117	0.0000000000	0.0007336671	-3.2046131034
118	0.0000000000	0.0007336671	-2.3412515243
119	0.0000000000	0.0007336671	-2.1122313645
120	0.0000000000	0.0007336671	-2.1122313645
121	0.0000000000	0.0007336671	-2.7427950588
122	0.0000000000	0.0007336671	-2.1122313645
123	0.0000000000	0.0007336671	-2.1122313645
124	11.6096845430	0.0007336671	-22.0117766880
