site	rate	t	lnL
1	0.6450125062	0.0064665995	-12.4711624560
2	1.9440299640	0.0064665995	-28.1129655473
3	0.6450125309	0.0064665995	-12.4711624560
4	3.2574687321	0.0064665995	-42.2781962617
5	0.0000000000	0.0064665995	-2.9957322736
6	1.9436075866	0.0064665995	-28.1136054127
7	0.6450125493	0.0064665995	-12.4711624560
8	3.9173735173	0.0064665995	-49.0286328829
9	1.2927335378	0.0064665995	-20.5563231793
10	0.0000000000	0.0064665995	-2.9957322736
11	0.6448765373	0.0064665995	-12.4713721414
12	0.6448765340	0.0064665995	-12.4713721414
13	0.6448765466	0.0064665995	-12.4713721414
14	0.6450125455	0.0064665995	-12.4711624560
15	0.6448764616	0.0064665995	-12.4713721414
16	2.5986797849	0.0064665995	-35.3249229471
17	1.2932869187	0.0064665995	-20.5554773700
18	3.2589883386	0.0064665995	-41.1771895861
19	1.2927335329	0.0064665995	-20.5563231793
20	0.0000000000	0.0064665995	-2.9957322736
21	0.0000000000	0.0064665995	-2.9957322736
22	0.6448764839	0.0064665995	-12.4713721414
23	1.2927335323	0.0064665995	-20.5563231793
24	0.0000000000	0.0064665995	-2.9957322736
25	0.6450126617	0.0064665995	-12.4711623680
26	0.0000000000	0.0064665995	-2.9957322736
27	1.2930103818	0.0064665995	-20.5559001417
28	0.0000000000	0.0064665995	-2.9957322736
29	0.6450126450	0.0064665995	-12.4711623680
30	0.0000000000	0.0064665995	-2.9957322736
31	0.6450126451	0.0064665995	-12.4711623680
32	1.9448717900	0.0064665995	-28.1116878456
33	0.0000000000	0.0064665995	-2.9957322736
34	0.0000000000	0.0064665995	-2.9957322736
35	3.9155996116	0.0064665995	-49.0312553501
36	1.9448761745	0.0064665995	-28.1116845835
37	0.6448765191	0.0064665995	-12.4713721414
38	0.6448765191	0.0064665995	-12.4713721414
39	0.6450125494	0.0064665995	-12.4711624560
40	2.5992510804	0.0064665995	-35.3240636997
41	0.6450126537	0.0064665995	-12.4711624560
42	1.2938369159	0.0064665995	-20.5546340229
43	3.9251644800	0.0064665995	-46.8195393378
44	2.5986797147	0.0064665995	-35.3249229471
45	1.2932868585	0.0064665995	-20.5554773697
46	3.2552855010	0.0064665995	-42.2814489580
47	1.9436077552	0.0064665995	-28.1136054127
48	0.0000000000	0.0064665995	-2.9957322736
49	0.6450125395	0.0064665995	-12.4711624560
50	0.6448765023	0.0064665995	-12.4713721414
51	0.0000000000	0.0064665995	-2.9957322736
52	1.2927337749	0.0064665995	-20.5563231793
53	0.6448764693	0.0064665995	-12.4713721414
54	0.0000000000	0.0064665995	-2.9957322736
55	0.0000000000	0.0064665995	-2.9957322736
56	1.9457998184	0.0064665995	-27.0116267489
57	0.6450125828	0.0064665995	-12.4711624560
58	0.6448765191	0.0064665995	-12.4713721414
59	0.0000000000	0.0064665995	-2.9957322736
60	0.0000000000	0.0064665995	-2.9957322736
61	0.6450126116	0.0064665995	-12.4711623680
62	0.0000000000	0.0064665995	-2.9957322736
63	1.2930096870	0.0064665995	-20.5559004992
64	0.6450126450	0.0064665995	-12.4711623680
65	0.0000000000	0.0064665995	-2.9957322736
66	0.0000000000	0.0064665995	-2.9957322736
67	1.2930103871	0.0064665995	-20.5559001414
68	1.2930104213	0.0064665995	-20.5559001414
69	0.0000000000	0.0064665995	-2.9957322736
70	3.2567333112	0.0064665995	-42.2792862217
71	0.6450127175	0.0064665995	-12.4711623680
72	0.6450126612	0.0064665995	-12.4711623680
73	0.6450125811	0.0064665995	-12.4711624560
74	0.0000000000	0.0064665995	-2.9957322736
75	2.5992352795	0.0064665995	-35.3240757842
76	1.9436075620	0.0064665995	-28.1136054127
77	0.0000000000	0.0064665995	-2.9957322736
78	1.2930099203	0.0064665995	-20.5559004992
79	2.5998225498	0.0064665995	-35.3232042679
80	0.0000000000	0.0064665995	-2.9957322736
81	1.2932872514	0.0064665995	-20.5554770121
82	0.6450126520	0.0064665995	-12.4711623680
83	2.6009561043	0.0064665995	-35.3214926609
84	1.2930104159	0.0064665995	-20.5559001417
85	0.6448764593	0.0064665995	-12.4713721414
86	0.0000000000	0.0064665995	-2.9957322736
87	1.2930103885	0.0064665995	-20.5559001414
88	0.0000000000	0.0064665995	-2.9957322736
89	0.0000000000	0.0064665995	-2.9957322736
90	1.2932873529	0.0064665995	-20.5554770114
91	0.0000000000	0.0064665995	-2.9957322736
92	0.0000000000	0.0064665995	-2.9957322736
93	1.2932864041	0.0064665995	-20.5554777277
94	0.6448764314	0.0064665995	-12.4713721414
95	1.2932868861	0.0064665995	-20.5554773700
96	2.5992588433	0.0064665995	-35.3240578206
97	0.6448764364	0.0064665995	-12.4713721414
98	1.2930103855	0.0064665995	-20.5559001417
99	1.9440298826	0.0064665995	-28.1129655473
100	0.0000000000	0.0064665995	-2.9957322736
101	0.6448765354	0.0064665995	-12.4713721414
102	0.6450126604	0.0064665995	-12.4711623680
103	0.0000000000	0.0064665995	-2.9957322736
104	0.0000000000	0.0064665995	-2.9957322736
105	1.2930099118	0.0064665995	-20.5559004992
106	0.6450126602	0.0064665995	-12.4711623680
107	0.6450125962	0.0064665995	-12.4711624560
108	1.2932869433	0.0064665995	-20.5554773697
109	1.9440289162	0.0064665995	-28.1129663645
110	0.6448765312	0.0064665995	-12.4713721414
111	0.0000000000	0.0064665995	-2.9957322736
112	0.0000000000	0.0064665995	-2.9957322736
113	1.2941139560	0.0064665995	-20.5542107975
114	0.0000000000	0.0064665995	-2.9957322736
115	1.9440288279	0.0064665995	-28.1129663645
116	3.2552855186	0.0064665995	-42.2814489529
117	1.2930099216	0.0064665995	-20.5559004992
118	1.2927335338	0.0064665995	-20.5563231793
119	0.6448765176	0.0064665995	-12.4713721414
120	0.6450126614	0.0064665995	-12.4711624560
121	0.0000000000	0.0064665995	-2.9957322736
122	0.0000000000	0.0064665995	-2.9957322736
123	1.9436075656	0.0064665995	-28.1136054127
124	1.9436076449	0.0064665995	-28.1136054127
