site	rate	t	lnL
1	7.1539640199	0.0006481655	-11.5063300113
2	0.0000000000	0.0006481655	-3.0272208600
3	6.4219805697	0.0006481655	-12.9429590787
4	0.0000000000	0.0006481655	-2.7398639380
5	0.0000000000	0.0006481655	-2.8721417612
6	0.0000000000	0.0006481655	-2.8788456969
7	6.3174645064	0.0006481655	-12.5604022861
8	0.0000000000	0.0006481655	-1.9307782402
9	0.0000000000	0.0006481655	-3.7216692769
10	0.0000000000	0.0006481655	-3.4339872045
11	0.0000000000	0.0006481655	-1.9307782402
12	0.0000000000	0.0006481655	-4.1271343850
13	6.4767518989	0.0006481655	-12.3821206313
14	6.5347525725	0.0006481655	-11.9480081496
15	0.0000000000	0.0006481655	-2.6204562066
16	0.0000000000	0.0006481655	-3.4300885641
17	0.0000000000	0.0006481655	-2.8777252486
18	0.0000000000	0.0006481655	-2.7398639380
19	0.0000000000	0.0006481655	-3.4418303819
20	0.0000000000	0.0006481655	-2.6230569883
21	0.0000000000	0.0006481655	-2.6204562066
22	0.0000000000	0.0006481655	-3.2015123257
23	0.0000000000	0.0006481655	-3.0324359957
24	0.0000000000	0.0006481655	-3.4300885641
25	0.0000000000	0.0006481655	-1.9307782402
26	0.0000000000	0.0006481655	-2.7398639380
27	0.0000000000	0.0006481655	-2.6204562066
28	0.0000000000	0.0006481655	-2.8721417612
29	0.0000000000	0.0006481655	-3.7061650904
30	0.0000000000	0.0006481655	-1.9307782402
31	0.0000000000	0.0006481655	-3.0272208600
32	0.0000000000	0.0006481655	-3.0324359957
33	6.5329317342	0.0006481655	-12.9145864131
34	6.4235082106	0.0006481655	-12.3860815556
35	0.0000000000	0.0006481655	-2.8777252486
36	0.0000000000	0.0006481655	-2.8788456969
37	0.0000000000	0.0006481655	-4.1271343850
38	0.0000000000	0.0006481655	-2.6204562066
39	0.0000000000	0.0006481655	-1.9307782402
40	0.0000000000	0.0006481655	-2.7437740114
41	0.0000000000	0.0006481655	-2.8777252486
42	0.0000000000	0.0006481655	-2.7398639380
43	0.0000000000	0.0006481655	-3.0272208600
44	0.0000000000	0.0006481655	-2.6230569883
45	0.0000000000	0.0006481655	-3.4339872045
46	0.0000000000	0.0006481655	-2.6230569883
47	0.0000000000	0.0006481655	-2.7437740114
48	0.0000000000	0.0006481655	-3.0311296598
49	0.0000000000	0.0006481655	-3.0324359957
50	0.0000000000	0.0006481655	-3.0311296598
51	0.0000000000	0.0006481655	-2.6230569883
52	0.0000000000	0.0006481655	-1.9307782402
53	0.0000000000	0.0006481655	-1.9307782402
54	0.0000000000	0.0006481655	-2.8788456969
55	0.0000000000	0.0006481655	-3.4339872045
56	0.0000000000	0.0006481655	-3.4300885641
57	0.0000000000	0.0006481655	-2.7437740114
58	0.0000000000	0.0006481655	-2.6204562066
59	0.0000000000	0.0006481655	-1.9307782402
60	0.0000000000	0.0006481655	-2.7398639380
61	0.0000000000	0.0006481655	-2.8721417612
62	0.0000000000	0.0006481655	-3.0272208600
63	0.0000000000	0.0006481655	-3.2015123257
64	6.4748986630	0.0006481655	-12.5539099646
65	0.0000000000	0.0006481655	-3.0272208600
66	0.0000000000	0.0006481655	-3.0311296598
67	0.0000000000	0.0006481655	-2.6230569883
68	0.0000000000	0.0006481655	-2.6230569883
69	12.8708728367	0.0006481655	-22.1655258594
70	6.5927999747	0.0006481655	-12.1071304826
71	0.0000000000	0.0006481655	-3.0272208600
72	0.0000000000	0.0006481655	-2.8788456969
73	0.0000000000	0.0006481655	-2.8721417612
74	0.0000000000	0.0006481655	-2.6230569883
75	0.0000000000	0.0006481655	-1.9307782402
76	0.0000000000	0.0006481655	-3.4300885641
77	0.0000000000	0.0006481655	-2.8721417612
78	0.0000000000	0.0006481655	-3.0324359957
79	0.0000000000	0.0006481655	-2.8788456969
80	0.0000000000	0.0006481655	-2.7437740114
81	6.4215287782	0.0006481655	-13.6335987320
82	0.0000000000	0.0006481655	-2.8777252486
83	0.0000000000	0.0006481655	-3.0311296598
84	0.0000000000	0.0006481655	-4.1193522446
85	7.1539638252	0.0006481655	-10.9252738921
86	12.9839927501	0.0006481655	-20.7601325750
87	6.5347031424	0.0006481655	-12.4057530491
88	0.0000000000	0.0006481655	-3.4339872045
89	0.0000000000	0.0006481655	-1.9307782402
90	6.3131646399	0.0006481655	-13.6468266202
91	0.0000000000	0.0006481655	-2.8721417612
92	0.0000000000	0.0006481655	-3.0311296598
93	0.0000000000	0.0006481655	-3.4418303819
94	0.0000000000	0.0006481655	-2.6204562066
95	0.0000000000	0.0006481655	-3.0311296598
96	0.0000000000	0.0006481655	-1.9307782402
97	0.0000000000	0.0006481655	-2.7437740114
98	0.0000000000	0.0006481655	-3.7216692769
99	0.0000000000	0.0006481655	-3.0311296598
100	0.0000000000	0.0006481655	-3.2015123257
101	0.0000000000	0.0006481655	-1.9307782402
102	0.0000000000	0.0006481655	-1.9307782402
103	0.0000000000	0.0006481655	-3.0311296598
104	0.0000000000	0.0006481655	-2.7398639380
105	0.0000000000	0.0006481655	-3.0311296598
106	0.0000000000	0.0006481655	-1.9307782402
107	0.0000000000	0.0006481655	-2.7398639380
108	0.0000000000	0.0006481655	-2.6204562066
109	0.0000000000	0.0006481655	-2.6204562066
110	0.0000000000	0.0006481655	-1.9307782402
111	0.0000000000	0.0006481655	-2.6230569883
112	0.0000000000	0.0006481655	-1.9307782402
113	0.0000000000	0.0006481655	-2.8788456969
114	0.0000000000	0.0006481655	-3.2015123257
115	6.2117463057	0.0006481655	-14.0761387865
116	0.0000000000	0.0006481655	-3.2015123257
117	0.0000000000	0.0006481655	-3.7216692769
118	0.0000000000	0.0006481655	-2.8777252486
119	0.0000000000	0.0006481655	-3.7061650904
120	0.0000000000	0.0006481655	-3.7061650904
121	0.0000000000	0.0006481655	-2.6230569883
122	0.0000000000	0.0006481655	-2.8721417612
123	6.4219567431	0.0006481655	-12.5400945376
124	0.0000000000	0.0006481655	-2.7437740114
