site	rate	t	lnL
1	0.0000000000	0.0005138150	-3.4339872045
2	0.0000000000	0.0005138150	-3.4339872045
3	0.0000000000	0.0005138150	-4.1271343850
4	0.0000000000	0.0005138150	-3.2108436532
5	0.0000000000	0.0005138150	-2.3334236957
6	0.0000000000	0.0005138150	-3.7164744601
7	0.0000000000	0.0005138150	-3.0155853053
8	0.0000000000	0.0005138150	-3.4657359028
9	0.0000000000	0.0005138150	-4.8202815656
10	0.0000000000	0.0005138150	-3.4339872045
11	0.0000000000	0.0005138150	-2.4230967724
12	0.0000000000	0.0005138150	-3.1968791128
13	7.3857171507	0.0005138150	-11.9632920274
14	0.0000000000	0.0005138150	-2.2571367199
15	0.0000000000	0.0005138150	-2.4230967724
16	7.1059583823	0.0005138150	-12.3664265877
17	0.0000000000	0.0005138150	-2.5192601946
18	0.0000000000	0.0005138150	-3.0350537982
19	0.0000000000	0.0005138150	-2.7408400239
20	0.0000000000	0.0005138150	-2.2571367199
21	0.0000000000	0.0005138150	-3.4657359028
22	0.0000000000	0.0005138150	-3.2108436532
23	0.0000000000	0.0005138150	-2.2571367199
24	0.0000000000	0.0005138150	-2.2571367199
25	0.0000000000	0.0005138150	-2.4230967724
26	0.0000000000	0.0005138150	-3.1968791128
27	0.0000000000	0.0005138150	-3.0155853053
28	0.0000000000	0.0005138150	-2.3334236957
29	0.0000000000	0.0005138150	-2.4230967724
30	0.0000000000	0.0005138150	-2.4230967724
31	0.0000000000	0.0005138150	-2.8743714165
32	0.0000000000	0.0005138150	-3.0155853053
33	0.0000000000	0.0005138150	-2.2571367199
34	0.0000000000	0.0005138150	-2.2571367199
35	0.0000000000	0.0005138150	-3.4339872045
36	0.0000000000	0.0005138150	-2.3334236957
37	0.0000000000	0.0005138150	-3.2108436532
38	8.2470881963	0.0005138150	-15.2573566680
39	0.0000000000	0.0005138150	-3.2092823726
40	0.0000000000	0.0005138150	-2.8743714165
41	0.0000000000	0.0005138150	-2.8788456969
42	0.0000000000	0.0005138150	-3.7164744601
43	0.0000000000	0.0005138150	-3.1968791128
44	0.0000000000	0.0005138150	-2.4230967724
45	19.3178702895	0.0005138150	-11.7443811825
46	18.7870575600	0.0005138150	-13.8819519049
47	0.0000000000	0.0005138150	-3.0350537982
48	0.0000000000	0.0005138150	-3.0233272795
49	0.0000000000	0.0005138150	-3.4300885641
50	0.0000000000	0.0005138150	-2.8743714165
51	0.0000000000	0.0005138150	-2.2571367199
52	0.0000000000	0.0005138150	-2.8743714165
53	10.4222632549	0.0005138150	-11.4832646154
54	0.0000000000	0.0005138150	-2.7408400239
55	0.0000000000	0.0005138150	-3.0233272795
56	0.0000000000	0.0005138150	-2.8788456969
57	0.0000000000	0.0005138150	-3.2108436532
58	0.0000000000	0.0005138150	-3.0233272795
59	0.0000000000	0.0005138150	-3.1968791128
60	0.0000000000	0.0005138150	-3.0350537982
61	0.0000000000	0.0005138150	-2.3334236957
62	0.0000000000	0.0005138150	-2.7408400239
63	0.0000000000	0.0005138150	-3.2092823726
64	18.3790584968	0.0005138150	-12.6966640164
65	0.0000000000	0.0005138150	-2.7408400239
66	0.0000000000	0.0005138150	-3.2108436532
67	0.0000000000	0.0005138150	-2.3334236957
68	0.0000000000	0.0005138150	-2.2571367199
69	0.0000000000	0.0005138150	-3.0233272795
70	0.0000000000	0.0005138150	-3.4300885641
71	0.0000000000	0.0005138150	-2.5192601946
72	0.0000000000	0.0005138150	-2.5192601946
73	0.0000000000	0.0005138150	-2.3334236957
74	0.0000000000	0.0005138150	-2.5192601946
75	0.0000000000	0.0005138150	-2.8788456969
76	0.0000000000	0.0005138150	-2.2571367199
77	0.0000000000	0.0005138150	-2.3334236957
78	0.0000000000	0.0005138150	-2.5192601946
79	0.0000000000	0.0005138150	-2.4230967724
80	0.0000000000	0.0005138150	-2.5192601946
81	0.0000000000	0.0005138150	-2.5192601946
82	0.0000000000	0.0005138150	-3.2092823726
83	0.0000000000	0.0005138150	-3.2108436532
84	0.0000000000	0.0005138150	-3.2092823726
85	0.0000000000	0.0005138150	-2.4230967724
86	0.0000000000	0.0005138150	-3.2108436532
87	0.0000000000	0.0005138150	-3.0233272795
88	6.7036107874	0.0005138150	-12.3271622049
89	0.0000000000	0.0005138150	-3.0155853053
90	0.0000000000	0.0005138150	-4.1271343850
91	0.0000000000	0.0005138150	-2.3334236957
92	0.0000000000	0.0005138150	-3.2108436532
93	0.0000000000	0.0005138150	-2.4230967724
94	0.0000000000	0.0005138150	-3.0233272795
95	0.0000000000	0.0005138150	-3.4657359028
96	0.0000000000	0.0005138150	-2.8788456969
97	0.0000000000	0.0005138150	-3.2108436532
98	7.1396028594	0.0005138150	-14.1234945443
99	0.0000000000	0.0005138150	-2.7408400239
100	0.0000000000	0.0005138150	-2.2571367199
101	0.0000000000	0.0005138150	-3.0155853053
102	7.1058459614	0.0005138150	-10.6015639125
103	0.0000000000	0.0005138150	-3.4300885641
104	0.0000000000	0.0005138150	-3.0350537982
105	0.0000000000	0.0005138150	-2.8743714165
106	0.0000000000	0.0005138150	-3.0155853053
107	0.0000000000	0.0005138150	-3.0350537982
108	0.0000000000	0.0005138150	-2.8788456969
109	0.0000000000	0.0005138150	-3.2092823726
110	0.0000000000	0.0005138150	-2.7408400239
111	0.0000000000	0.0005138150	-2.3334236957
112	0.0000000000	0.0005138150	-2.4230967724
113	45.5686798066	0.0005138150	-27.7430481380
114	0.0000000000	0.0005138150	-2.7408400239
115	0.0000000000	0.0005138150	-3.2108436532
116	8.1693069990	0.0005138150	-13.7063786765
117	0.0000000000	0.0005138150	-2.8743714165
118	0.0000000000	0.0005138150	-2.8788456969
119	0.0000000000	0.0005138150	-2.8743714165
120	0.0000000000	0.0005138150	-2.3334236957
121	0.0000000000	0.0005138150	-2.2571367199
122	0.0000000000	0.0005138150	-2.3334236957
123	0.0000000000	0.0005138150	-3.4300885641
124	0.0000000000	0.0005138150	-2.7408400239
