site	rate	t	lnL
1	4.9029842890	0.4717177227	-377.2938264038
2	0.6035209771	0.4717177227	-291.9132747962
3	1.9493352248	0.4717177227	-364.9009869000
4	2.5099266113	0.4717177227	-382.7005419889
5	0.3902353287	0.4717177227	-236.5730551727
6	3.5271263474	0.4717177227	-378.0088218626
7	0.3287258186	0.4717177227	-209.9844139909
8	0.6434974475	0.4717177227	-282.3108655145
9	2.2943013554	0.4717177227	-380.6055206805
10	2.5819717998	0.4717177227	-375.7023777680
11	0.6111443022	0.4717177227	-258.9602157496
12	3.9944241830	0.4717177227	-388.9519164054
13	1.4741655128	0.4717177227	-334.7144544905
14	0.7545983841	0.4717177227	-295.9532695419
15	0.7744709482	0.4717177227	-256.8766837526
16	1.7676139716	0.4717177227	-388.0401962228
17	1.3154615980	0.4717177227	-348.9540288754
18	2.5429761927	0.4717177227	-360.4467083158
19	2.9132884398	0.4717177227	-373.9216104205
20	0.3270720660	0.4717177227	-186.2904483108
21	1.2608864509	0.4717177227	-327.3339136852
22	1.7210627382	0.4717177227	-323.1160311884
23	1.2519219441	0.4717177227	-323.0976458908
24	0.1247182809	0.4717177227	-54.6797786986
25	1.8802244484	0.4717177227	-382.0461405595
26	0.1054915742	0.4717177227	-98.1154611848
27	0.8927736001	0.4717177227	-271.5270521508
28	0.0000000000	0.4717177227	-2.4666766531
29	0.0687477526	0.4717177227	-66.4412383682
30	0.5591912208	0.4717177227	-292.0577960943
31	2.1860877957	0.4717177227	-363.5032761369
32	1.8441428087	0.4717177227	-317.7603475926
33	0.2632114652	0.4717177227	-169.7824170136
34	2.2021350069	0.4717177227	-379.6549787896
35	1.2172768907	0.4717177227	-303.5559073919
36	5.3537048004	0.4717177227	-385.8060595441
37	2.0309652989	0.4717177227	-346.5342021124
38	1.8129760094	0.4717177227	-374.6701109816
39	4.3503124018	0.4717177227	-376.1398655778
40	0.9444647352	0.4717177227	-322.0748786769
41	1.7314479786	0.4717177227	-387.6961451697
42	1302.8458458143	0.4717177227	-395.8390668077
43	1.3238305532	0.4717177227	-387.0082275056
44	3.3100392258	0.4717177227	-394.6538357997
45	1.7079187303	0.4717177227	-366.7673685131
46	0.7442844510	0.4717177227	-294.6009901303
47	0.6491543169	0.4717177227	-298.5572768513
48	2.2260560077	0.4717177227	-369.1965902564
49	0.6067742241	0.4717177227	-318.2958731238
50	0.8218069119	0.4717177227	-282.6864109126
51	0.0091851714	0.4717177227	-12.3910721453
52	0.7960733535	0.4717177227	-260.0541301699
53	0.6997878453	0.4717177227	-268.0030485026
54	0.6825696285	0.4717177227	-327.8091705490
55	0.7036481038	0.4717177227	-274.1785119997
56	1.6367761445	0.4717177227	-376.7135574227
57	0.0419593978	0.4717177227	-51.1751367040
58	1.3798655301	0.4717177227	-351.2894597130
59	3.1703723531	0.4717177227	-382.7505344282
60	0.8737213885	0.4717177227	-275.4585813571
61	0.0703035970	0.4717177227	-80.9649122797
62	1.6156980033	0.4717177227	-380.8143146844
63	0.3619215554	0.4717177227	-199.8041203625
64	1.0023684241	0.4717177227	-331.8882702115
65	3.0595248644	0.4717177227	-390.7947899377
66	0.1836340085	0.4717177227	-186.3955837026
67	3.5187756385	0.4717177227	-390.3422114549
68	0.6964600723	0.4717177227	-290.2161165836
69	2.6967106635	0.4717177227	-373.9513968583
70	3.2391301150	0.4717177227	-367.1537104415
71	2.3225274692	0.4717177227	-367.1938436328
72	2.4054122547	0.4717177227	-363.2803387971
73	0.0748418620	0.4717177227	-75.0917469847
74	0.4718759737	0.4717177227	-234.8005543486
75	2.2463371404	0.4717177227	-337.5138204024
76	2.5922039731	0.4717177227	-379.6889524495
77	0.1449133953	0.4717177227	-124.9601713734
78	3.9797139727	0.4717177227	-386.9125931311
79	3.3487424277	0.4717177227	-375.3560501241
80	1.2755949892	0.4717177227	-296.3808383920
81	1.5139174021	0.4717177227	-341.3752295292
82	2.2897247731	0.4717177227	-364.6883231558
83	2.6229613426	0.4717177227	-373.0457086323
84	0.6342979551	0.4717177227	-263.7689692798
85	1.3035196397	0.4717177227	-316.2526917767
86	1.2633544960	0.4717177227	-367.5284562099
87	2.9125391447	0.4717177227	-363.5377112879
88	1.3509090977	0.4717177227	-343.9959720967
89	0.1404346004	0.4717177227	-119.0099056624
90	3.2654500234	0.4717177227	-385.5860186510
91	0.0546296427	0.4717177227	-53.0914992643
92	0.5491189870	0.4717177227	-250.8048775015
93	1.8505319219	0.4717177227	-360.1152224233
94	0.6254984081	0.4717177227	-269.2883783346
95	0.3655165096	0.4717177227	-259.2675928950
96	2.5556681391	0.4717177227	-364.4625471027
97	3.5106683421	0.4717177227	-363.6798717218
98	0.8508635852	0.4717177227	-318.3590569435
99	1.9412931251	0.4717177227	-355.0195266445
100	0.1646903403	0.4717177227	-108.0949519854
101	0.1871149318	0.4717177227	-119.1331478247
102	3.0445078135	0.4717177227	-376.5833618612
103	2.8868099869	0.4717177227	-351.1646624375
104	0.1960594954	0.4717177227	-135.0210384021
105	2.1919666524	0.4717177227	-362.7430849203
106	3.3009550204	0.4717177227	-374.3412151327
107	0.4160922411	0.4717177227	-236.9558391204
108	2.6534396260	0.4717177227	-371.8177498960
109	5.4146811256	0.4717177227	-377.7036188475
110	5.0019917084	0.4717177227	-369.0995545960
111	0.0000000000	0.4717177227	-2.4666766531
112	3.0017681840	0.4717177227	-383.7847053784
113	2.4761667522	0.4717177227	-386.1427637472
114	0.5361952789	0.4717177227	-254.5655943991
115	2.7600394460	0.4717177227	-360.1745776715
116	2.8676807152	0.4717177227	-389.7112093661
117	2.5224498998	0.4717177227	-367.6149695015
118	2.3359802617	0.4717177227	-359.8388322497
119	1.7582022098	0.4717177227	-373.0675050585
120	2.6117905506	0.4717177227	-380.1207061688
121	0.7232981695	0.4717177227	-287.4674955851
122	0.1390732515	0.4717177227	-105.2876016205
123	4.0394304827	0.4717177227	-381.5503349219
124	3.1224415897	0.4717177227	-369.4026454561
