site	rate	t	lnL
1	2.1407054653	0.3728855903	-379.7567286672
2	1.0226618263	0.3728855903	-303.7593825103
3	1.6202860681	0.3728855903	-366.0145174306
4	2.2675314119	0.3728855903	-364.2026709422
5	0.2071816804	0.3728855903	-111.6292684066
6	1.7502702960	0.3728855903	-371.7407853538
7	0.5008751914	0.3728855903	-192.5067962026
8	1.4904483061	0.3728855903	-345.2156885569
9	2.4868512302	0.3728855903	-384.7467066007
10	2.0176549563	0.3728855903	-363.0261573837
11	0.5835935211	0.3728855903	-224.7201381509
12	2.0653892401	0.3728855903	-384.1358495828
13	1.0820476489	0.3728855903	-303.4076283514
14	1.0485467553	0.3728855903	-315.8618854691
15	0.6802416307	0.3728855903	-235.9257500745
16	1.5567030541	0.3728855903	-370.8244314212
17	1.6527736621	0.3728855903	-351.2120271888
18	0.7329350058	0.3728855903	-265.2168428329
19	1.7570876275	0.3728855903	-365.1091116707
20	0.3072449401	0.3728855903	-151.0452692875
21	0.8982727824	0.3728855903	-293.3591010801
22	1.2140745668	0.3728855903	-353.7330166104
23	0.6446080261	0.3728855903	-234.8883056194
24	0.2599012921	0.3728855903	-138.0314609912
25	1.4306093464	0.3728855903	-358.8605264062
26	0.4968624820	0.3728855903	-212.7313921123
27	0.5000820876	0.3728855903	-205.4288970863
28	0.0000000000	0.3728855903	-2.4570718508
29	0.2102022913	0.3728855903	-109.8933319142
30	0.7902498467	0.3728855903	-282.5708692073
31	2.3924994360	0.3728855903	-364.0556862664
32	0.9951039559	0.3728855903	-289.7017908636
33	0.3082018908	0.3728855903	-162.9031810604
34	1.2942428217	0.3728855903	-341.2255862626
35	1.2245872315	0.3728855903	-308.1409160149
36	2.0322714299	0.3728855903	-370.9991820390
37	1.1802384690	0.3728855903	-342.2835956639
38	1.6740828452	0.3728855903	-370.2713703032
39	2.3453742418	0.3728855903	-371.3669420492
40	0.9581865967	0.3728855903	-306.6370596435
41	1.2645202933	0.3728855903	-353.4711361733
42	2.8123915608	0.3728855903	-377.9332339523
43	2.3687898775	0.3728855903	-376.0111856365
44	2.7601947342	0.3728855903	-386.0396129184
45	1.4536125606	0.3728855903	-360.1244180515
46	0.7412471942	0.3728855903	-260.0882086518
47	0.5398337037	0.3728855903	-228.6171366586
48	1.4746055538	0.3728855903	-354.8945141258
49	0.9923487896	0.3728855903	-315.3398892187
50	0.6230057838	0.3728855903	-250.0495992632
51	0.0344207000	0.3728855903	-26.5253064407
52	0.5702711553	0.3728855903	-227.8002881042
53	0.7553711336	0.3728855903	-265.3228409341
54	1.0113064482	0.3728855903	-313.4416007589
55	0.4052222555	0.3728855903	-183.6558181525
56	0.9963066393	0.3728855903	-320.1925673081
57	0.2831952147	0.3728855903	-154.8317836091
58	1.2305554124	0.3728855903	-330.5994391588
59	1.6129644257	0.3728855903	-352.8505081133
60	0.7044483399	0.3728855903	-249.0392184426
61	0.1924743378	0.3728855903	-104.9912497251
62	2.7901414589	0.3728855903	-375.5921460752
63	0.4682399131	0.3728855903	-219.3718375000
64	0.7945162172	0.3728855903	-281.3526590743
65	2.5290021371	0.3728855903	-382.6847402607
66	0.7187702556	0.3728855903	-274.8126141351
67	2.2370684714	0.3728855903	-388.7218982845
68	0.6765703995	0.3728855903	-264.7291753993
69	1.6902168819	0.3728855903	-373.5274792485
70	2.4428979208	0.3728855903	-372.4583565230
71	1.4945721831	0.3728855903	-349.4333573048
72	2.2061861278	0.3728855903	-366.8581520012
73	0.0587194782	0.3728855903	-40.0016433688
74	0.8430338878	0.3728855903	-289.6624958035
75	0.8318976621	0.3728855903	-274.6368144775
76	1.4071611317	0.3728855903	-364.4906107011
77	0.3522034935	0.3728855903	-167.0053463507
78	2.7184071338	0.3728855903	-383.2434290689
79	2.1825517662	0.3728855903	-366.1900373120
80	0.5069676510	0.3728855903	-205.7954621210
81	1.0993937988	0.3728855903	-313.9328408055
82	2.9783811376	0.3728855903	-382.3939135063
83	2.6046264123	0.3728855903	-385.8056087031
84	0.6383802810	0.3728855903	-257.5622385750
85	0.7731202902	0.3728855903	-268.1243343775
86	1.0309740318	0.3728855903	-335.5537529662
87	1.9006296628	0.3728855903	-369.4942020581
88	0.7826203253	0.3728855903	-284.8772073610
89	0.3173005752	0.3728855903	-150.1654197648
90	1.8804643420	0.3728855903	-356.5344645879
91	0.1190254199	0.3728855903	-73.1666173221
92	0.9319572480	0.3728855903	-290.5907693853
93	1.4474986045	0.3728855903	-345.4093706284
94	0.5235321224	0.3728855903	-210.1350363837
95	0.5707411070	0.3728855903	-233.4872024459
96	2.0908950019	0.3728855903	-368.2418817824
97	1.8008884311	0.3728855903	-354.2780410922
98	1.9403059718	0.3728855903	-369.0661250943
99	2.0330900753	0.3728855903	-364.8873767263
100	0.3224773409	0.3728855903	-149.1973186861
101	0.2770738039	0.3728855903	-130.9237358269
102	2.8765796094	0.3728855903	-380.4367817486
103	1.3485374786	0.3728855903	-334.8771035811
104	0.3317334157	0.3728855903	-162.2371331773
105	1.2709096170	0.3728855903	-353.4923462582
106	2.0860688471	0.3728855903	-364.2135524778
107	0.6945082613	0.3728855903	-264.4929015199
108	1.5304274523	0.3728855903	-354.9253548144
109	3.8319612416	0.3728855903	-383.8044156179
110	2.2506866101	0.3728855903	-368.5838115708
111	0.0116228433	0.3728855903	-11.5769072097
112	2.4750762683	0.3728855903	-374.3424586430
113	2.6195835008	0.3728855903	-389.0823805258
114	0.6918389851	0.3728855903	-267.0240451017
115	1.2525144556	0.3728855903	-347.4324262834
116	1.7309541350	0.3728855903	-369.2588432770
117	1.6101626123	0.3728855903	-352.7678929609
118	1.0333207782	0.3728855903	-316.6596583575
119	1.2915741737	0.3728855903	-345.2623528653
120	1.9184675322	0.3728855903	-370.1862829156
121	0.7005095854	0.3728855903	-261.4716283261
122	0.1945505243	0.3728855903	-103.5223421638
123	1.7802098681	0.3728855903	-372.3551976165
124	3.5168535266	0.3728855903	-380.7569897484
