site	rate	t	lnL
1	3.4775648135	0.0057529045	-28.7230351008
2	0.6409147952	0.0057529045	-12.6160083328
3	2.2711170202	0.0057529045	-39.4806844924
4	2.3926139201	0.0057529045	-29.5630217683
5	0.0000000000	0.0057529045	-2.2704702508
6	1.0190838221	0.0057529045	-23.1432507180
7	0.5048499650	0.0057529045	-13.4945111510
8	0.0000000000	0.0057529045	-2.5382181083
9	2.3743468200	0.0057529045	-32.6530817947
10	0.0000000000	0.0057529045	-2.5931274349
11	2.6746915432	0.0057529045	-11.9226456835
12	0.6163105214	0.0057529045	-13.3782199862
13	7.6060301124	0.0057529045	-28.6644115206
14	1.3945379108	0.0057529045	-20.2095428401
15	0.5795449305	0.0057529045	-13.4521136282
16	2.2977791985	0.0057529045	-17.6778573721
17	0.0000000000	0.0057529045	-2.4252312449
18	0.0000000000	0.0057529045	-2.3923035766
19	0.5805545520	0.0057529045	-13.5665407077
20	0.0000000000	0.0057529045	-2.4252312449
21	0.0000000000	0.0057529045	-2.7214970611
22	2.3211360593	0.0057529045	-22.6358445475
23	0.8077441025	0.0057529045	-14.4639440055
24	0.0000000000	0.0057529045	-2.4252312449
25	2.8459551906	0.0057529045	-43.0535992604
26	0.5556521334	0.0057529045	-13.9481886036
27	0.5855612079	0.0057529045	-14.4148761634
28	0.0000000000	0.0057529045	-2.2704702508
29	0.0000000000	0.0057529045	-2.5931274349
30	1.6321727142	0.0057529045	-27.2260300385
31	0.7646974773	0.0057529045	-14.1837303337
32	0.5803127111	0.0057529045	-14.5704458855
33	0.0000000000	0.0057529045	-3.0079028092
34	2.0506534585	0.0057529045	-37.1240254726
35	0.5560108868	0.0057529045	-10.6669860837
36	2.8680177538	0.0057529045	-31.7756739887
37	0.0000000000	0.0057529045	-3.0389933962
38	0.0000000000	0.0057529045	-4.0304047586
39	1.8767052575	0.0057529045	-32.3938251061
40	3.2569643340	0.0057529045	-37.0057010195
41	0.0000000000	0.0057529045	-2.9839571156
42	1.7863181036	0.0057529045	-34.8121365467
43	0.7767363927	0.0057529045	-12.5197336832
44	2.7932333180	0.0057529045	-32.4341427353
45	0.6154867537	0.0057529045	-14.5992344996
46	0.6421940487	0.0057529045	-15.0109276942
47	0.4374729414	0.0057529045	-15.8518464999
48	2.6668277088	0.0057529045	-11.7636553088
49	1.1092100851	0.0057529045	-23.0346466338
50	2.6636765573	0.0057529045	-11.8310869192
51	0.0000000000	0.0057529045	-2.4252312449
52	0.0000000000	0.0057529045	-3.2234224354
53	1.5780359639	0.0057529045	-22.0001941076
54	1.7617497470	0.0057529045	-32.6227764252
55	0.7837258945	0.0057529045	-13.3594084349
56	0.8710963167	0.0057529045	-26.4132432725
57	0.0000000000	0.0057529045	-4.0925820035
58	1.5296764410	0.0057529045	-29.8833820460
59	2.6609275288	0.0057529045	-12.5152039275
60	1.5533088943	0.0057529045	-29.3518571853
61	0.0000000000	0.0057529045	-2.2704702508
62	2.6896264185	0.0057529045	-30.1343249935
63	0.0000000000	0.0057529045	-2.9839571156
64	0.6944793327	0.0057529045	-12.5008058973
65	4.1053890634	0.0057529045	-47.6647914136
66	0.0000000000	0.0057529045	-3.0079028092
67	3.8265694158	0.0057529045	-28.6427660883
68	0.0000000000	0.0057529045	-2.9839571156
69	0.8076856112	0.0057529045	-14.2113294999
70	1.5453265259	0.0057529045	-30.9368494796
71	0.0000000000	0.0057529045	-2.7776417901
72	2.2089318380	0.0057529045	-22.3787881831
73	0.0000000000	0.0057529045	-2.2704702508
74	0.6962573820	0.0057529045	-11.5552125166
75	2.4052208274	0.0057529045	-34.3413373412
76	1.5754376239	0.0057529045	-20.1152614873
77	0.0000000000	0.0057529045	-2.2704702508
78	0.0000000000	0.0057529045	-2.9839571156
79	0.6393809411	0.0057529045	-12.0470957330
80	0.0000000000	0.0057529045	-2.3923035766
81	1.2936465027	0.0057529045	-21.9850387074
82	3.3380757801	0.0057529045	-29.5122211402
83	5.3258702651	0.0057529045	-18.5836523127
84	0.0000000000	0.0057529045	-3.4477534002
85	0.0000000000	0.0057529045	-2.5931274349
86	0.0000000000	0.0057529045	-3.0079028092
87	2.6871841263	0.0057529045	-32.1447326933
88	0.7796651837	0.0057529045	-11.5831915124
89	0.0000000000	0.0057529045	-3.2234224354
90	0.5012431736	0.0057529045	-13.5994041169
91	0.0000000000	0.0057529045	-2.2704702508
92	1.9293266079	0.0057529045	-41.3247906687
93	0.7819116811	0.0057529045	-13.2939393361
94	1.2024855014	0.0057529045	-12.6408301295
95	0.0000000000	0.0057529045	-3.4070106168
96	3.3283488421	0.0057529045	-27.9988177790
97	1.7626562441	0.0057529045	-24.2767606091
98	0.0000000000	0.0057529045	-2.4252312449
99	1.0129819373	0.0057529045	-17.8595507186
100	0.0000000000	0.0057529045	-2.4252312449
101	0.0000000000	0.0057529045	-2.3923035766
102	2.3285607078	0.0057529045	-22.5988792817
103	3.2271259722	0.0057529045	-39.9414893404
104	0.0000000000	0.0057529045	-3.0482466017
105	0.0000000000	0.0057529045	-3.0389933962
106	0.0000000000	0.0057529045	-2.3923035766
107	0.0000000000	0.0057529045	-3.0482466017
108	3.4820337593	0.0057529045	-34.4252254445
109	1.7417711333	0.0057529045	-29.6185643855
110	0.6123226806	0.0057529045	-12.6827115912
111	0.0000000000	0.0057529045	-2.2704702508
112	1.1921210194	0.0057529045	-23.9587149881
113	1.1927476755	0.0057529045	-12.6490157896
114	0.0000000000	0.0057529045	-3.4477534002
115	1.1075088817	0.0057529045	-14.9223108700
116	1.3098894916	0.0057529045	-32.8383455191
117	4.9530205757	0.0057529045	-24.6995175455
118	1.0087888328	0.0057529045	-21.3502698806
119	1.8506397279	0.0057529045	-27.8180344471
120	1.7497831753	0.0057529045	-27.8274530355
121	0.0000000000	0.0057529045	-2.4252312449
122	0.6125847552	0.0057529045	-13.3016114563
123	1.2852186060	0.0057529045	-19.3666768147
124	2.3597229624	0.0057529045	-41.7294000367
