site	rate	t	lnL
1	2.8709885868	0.0058703730	-36.5174629692
2	1.4637646621	0.0058703730	-19.7136984787
3	3.5240962714	0.0058703730	-43.7317023434
4	1.4615293572	0.0058703730	-20.6074966494
5	0.0000000000	0.0058703730	-2.3392888151
6	0.0000000000	0.0058703730	-3.2124073751
7	1.5245222244	0.0058703730	-17.9621463765
8	0.0000000000	0.0058703730	-2.1907561276
9	3.0685608317	0.0058703730	-35.0567852848
10	1.4342192784	0.0058703730	-20.2948170130
11	0.0000000000	0.0058703730	-2.1907561276
12	0.7143016634	0.0058703730	-11.8859268722
13	1.4038834557	0.0058703730	-20.9251825463
14	1.4050988355	0.0058703730	-20.7034602902
15	0.0000000000	0.0058703730	-2.1907561276
16	1.4331278470	0.0058703730	-20.5733476506
17	2.2144247680	0.0058703730	-28.1243435829
18	0.7622852796	0.0058703730	-11.9931978970
19	1.4257682214	0.0058703730	-20.7297547279
20	0.0000000000	0.0058703730	-2.5145763453
21	1.5044596773	0.0058703730	-21.5257542147
22	0.7097642892	0.0058703730	-12.1243107748
23	0.0000000000	0.0058703730	-3.5259825719
24	0.6809524712	0.0058703730	-13.8262062605
25	0.6979001956	0.0058703730	-13.3004081712
26	0.0000000000	0.0058703730	-2.1907561276
27	0.0000000000	0.0058703730	-2.1690221988
28	0.0000000000	0.0058703730	-2.3392888151
29	0.0000000000	0.0058703730	-2.1907561276
30	1.5309750016	0.0058703730	-19.0113267833
31	2.8533552332	0.0058703730	-36.7429407503
32	0.0000000000	0.0058703730	-2.1690221988
33	0.0000000000	0.0058703730	-3.4697763123
34	1.4253131778	0.0058703730	-19.9578433901
35	1.5240772570	0.0058703730	-19.8554879268
36	0.7601620124	0.0058703730	-12.0177146564
37	2.2954183074	0.0058703730	-28.8804995676
38	3.5527930563	0.0058703730	-42.5762314016
39	0.7300863853	0.0058703730	-11.2155878773
40	1.3963377783	0.0058703730	-20.7572641860
41	0.6984119808	0.0058703730	-13.3548086298
42	0.7622852170	0.0058703730	-12.9278555058
43	0.0000000000	0.0058703730	-2.1690221988
44	0.0000000000	0.0058703730	-3.2265920101
45	0.7081760657	0.0058703730	-13.0585580546
46	0.0000000000	0.0058703730	-2.5145763453
47	0.7029312226	0.0058703730	-12.6606935796
48	1.4054420061	0.0058703730	-21.6818686961
49	3.0063770045	0.0058703730	-35.4988438142
50	0.7622851769	0.0058703730	-11.4754993940
51	0.0000000000	0.0058703730	-2.5145763453
52	0.0000000000	0.0058703730	-2.1690221988
53	0.0000000000	0.0058703730	-3.4146442416
54	0.7597836302	0.0058703730	-11.8906857148
55	0.0000000000	0.0058703730	-3.2837504240
56	2.1993540857	0.0058703730	-31.4501270591
57	0.7027013644	0.0058703730	-13.1871124573
58	0.0000000000	0.0058703730	-2.5939702500
59	1.4626857064	0.0058703730	-19.1974665560
60	0.7144461717	0.0058703730	-12.3148328110
61	0.0000000000	0.0058703730	-2.3392888151
62	0.0000000000	0.0058703730	-3.2124073751
63	0.0000000000	0.0058703730	-2.9436832164
64	0.0000000000	0.0058703730	-2.9436832164
65	0.7014771422	0.0058703730	-12.2941787814
66	0.6843783241	0.0058703730	-13.0571697835
67	2.1187159063	0.0058703730	-30.2417407854
68	0.0000000000	0.0058703730	-2.5145763453
69	1.4039616996	0.0058703730	-20.1757183751
70	0.0000000000	0.0058703730	-2.8969457386
71	2.1412730455	0.0058703730	-28.6196446899
72	3.5810635659	0.0058703730	-42.9187185537
73	0.0000000000	0.0058703730	-2.3392888151
74	1.4725332991	0.0058703730	-19.1650163534
75	0.7601622245	0.0058703730	-11.8868208387
76	1.5174211623	0.0058703730	-18.3963949002
77	0.0000000000	0.0058703730	-2.3392888151
78	0.0000000000	0.0058703730	-2.5145763453
79	4.3369704747	0.0058703730	-47.9236712697
80	0.7618416370	0.0058703730	-11.9937793704
81	2.2520768348	0.0058703730	-27.9252976871
82	2.2027818379	0.0058703730	-26.3242194213
83	0.7110095485	0.0058703730	-14.2475128479
84	0.0000000000	0.0058703730	-2.9436832164
85	0.0000000000	0.0058703730	-2.1907561276
86	1.4068638108	0.0058703730	-21.3954319610
87	1.4435027581	0.0058703730	-18.7988066879
88	0.7610758722	0.0058703730	-11.6297142445
89	0.0000000000	0.0058703730	-3.2837504240
90	1.3742325415	0.0058703730	-22.1997305056
91	0.0000000000	0.0058703730	-2.3392888151
92	0.0000000000	0.0058703730	-2.3392888151
93	0.7130802408	0.0058703730	-11.6105532260
94	2.2531810252	0.0058703730	-29.0301141069
95	0.7620452221	0.0058703730	-11.5225520868
96	0.0000000000	0.0058703730	-3.2124073751
97	1.3970965711	0.0058703730	-20.1646373977
98	0.0000000000	0.0058703730	-3.4146442416
99	1.4106314043	0.0058703730	-20.8995183865
100	0.0000000000	0.0058703730	-2.5145763453
101	0.0000000000	0.0058703730	-2.1690221988
102	0.0000000000	0.0058703730	-3.2124073751
103	0.6977265297	0.0058703730	-13.4384608409
104	0.7103598548	0.0058703730	-12.8735599109
105	2.1350086429	0.0058703730	-32.0513915381
106	0.0000000000	0.0058703730	-2.5939702500
107	0.7293189581	0.0058703730	-12.4622586333
108	3.7078533255	0.0058703730	-42.7528608416
109	2.1116988093	0.0058703730	-28.0298904658
110	1.4066300830	0.0058703730	-19.4107782112
111	0.0000000000	0.0058703730	-2.3392888151
112	1.4311995147	0.0058703730	-20.3213449568
113	0.7469773467	0.0058703730	-11.7127450818
114	0.0000000000	0.0058703730	-2.9436832164
115	0.7091155069	0.0058703730	-12.1252234659
116	0.0000000000	0.0058703730	-3.3881776685
117	0.7009734263	0.0058703730	-14.1559585528
118	3.5168742001	0.0058703730	-41.8318904297
119	2.8484529515	0.0058703730	-37.3410179352
120	2.8141509854	0.0058703730	-35.9941015402
121	0.0000000000	0.0058703730	-2.5145763453
122	0.0000000000	0.0058703730	-2.1907561276
123	3.5187827899	0.0058703730	-43.1963740454
124	1.3872231780	0.0058703730	-21.7986147111
