site	rate	t	lnL
1	1.4100088907	0.0719584338	-136.2482837579
2	0.1709058930	0.0719584338	-40.2595541748
3	2.3033419805	0.0719584338	-166.5635404653
4	0.8696652014	0.0719584338	-88.4631326197
5	0.0000000000	0.0719584338	-2.3109364005
6	1.8779258879	0.0719584338	-175.8864631385
7	0.4466368793	0.0719584338	-54.2400697221
8	0.7050262580	0.0719584338	-99.6285157328
9	1.6387573895	0.0719584338	-176.7492475310
10	1.1582330848	0.0719584338	-132.5357774453
11	1.7433073860	0.0719584338	-164.4151544820
12	1.1795969673	0.0719584338	-165.3155633886
13	0.5635284230	0.0719584338	-67.3213980235
14	0.1152907484	0.0719584338	-23.5446499346
15	0.4620022557	0.0719584338	-60.9654057058
16	0.6270824902	0.0719584338	-95.2471832277
17	0.8115370220	0.0719584338	-102.5704319508
18	0.5454941541	0.0719584338	-94.3703353140
19	2.3871085162	0.0719584338	-176.5907279810
20	0.1758076531	0.0719584338	-31.5654383131
21	0.9731039687	0.0719584338	-76.1430849356
22	0.7395072859	0.0719584338	-116.9684950694
23	1.1227648702	0.0719584338	-101.0109510929
24	0.1730068157	0.0719584338	-28.1402583307
25	0.9778787430	0.0719584338	-116.5538252237
26	0.0418977939	0.0719584338	-15.0813182881
27	1.5089244803	0.0719584338	-143.6926742331
28	0.0000000000	0.0719584338	-2.3109364005
29	0.0537341114	0.0719584338	-9.8913865314
30	1.1816409973	0.0719584338	-129.4754690386
31	1.6831988700	0.0719584338	-151.8206661485
32	1.8497704649	0.0719584338	-149.3026073186
33	0.2409492214	0.0719584338	-30.9376345454
34	0.8439407763	0.0719584338	-95.2893996412
35	1.9421452263	0.0719584338	-167.1340878371
36	1.2367082063	0.0719584338	-171.3303799176
37	2.4217420890	0.0719584338	-174.4968869112
38	1.3396515114	0.0719584338	-145.2468314434
39	2.3039031646	0.0719584338	-135.8093473106
40	1.2151398776	0.0719584338	-114.2119442203
41	1.3596401796	0.0719584338	-179.6377789884
42	1.4753040712	0.0719584338	-175.3492795154
43	0.4919617280	0.0719584338	-81.1272193970
44	1.9053096233	0.0719584338	-181.8667512951
45	2.4736915726	0.0719584338	-183.8639398413
46	0.1155831452	0.0719584338	-21.3400926361
47	1.3035469242	0.0719584338	-90.6311825496
48	1.4621743906	0.0719584338	-125.1566475384
49	0.2825006268	0.0719584338	-62.2370211529
50	1.2950880651	0.0719584338	-60.4719476422
51	0.4670637330	0.0719584338	-59.5057079349
52	0.2478561812	0.0719584338	-28.7298517608
53	0.2764547284	0.0719584338	-45.5046977323
54	0.4045842773	0.0719584338	-55.3171271675
55	0.4483602940	0.0719584338	-67.4728398382
56	2.0361061991	0.0719584338	-218.5784557516
57	0.3390548828	0.0719584338	-33.5708221296
58	0.9990647300	0.0719584338	-155.4169361842
59	0.7894137251	0.0719584338	-118.8384197686
60	0.4537115552	0.0719584338	-79.3381355857
61	0.0000000000	0.0719584338	-2.3109364005
62	0.9579039836	0.0719584338	-132.4757155516
63	1.3581963213	0.0719584338	-139.2652158413
64	0.2287938662	0.0719584338	-32.8541155933
65	1.0648572046	0.0719584338	-134.9479537976
66	0.5198674238	0.0719584338	-71.0787260174
67	2.9856345260	0.0719584338	-169.5659424923
68	1.9048690298	0.0719584338	-161.1017064332
69	2.6568570422	0.0719584338	-199.0505560701
70	2.2022359211	0.0719584338	-144.5867566514
71	0.8411725848	0.0719584338	-105.1073043134
72	1.5327884692	0.0719584338	-188.8881252127
73	0.0000000000	0.0719584338	-2.3109364005
74	1.7307625488	0.0719584338	-119.4413252424
75	1.7808125364	0.0719584338	-185.7725430884
76	0.8025614229	0.0719584338	-66.8403117358
77	0.1390716056	0.0719584338	-21.6117838047
78	0.9842270828	0.0719584338	-121.6442300720
79	1.8481129741	0.0719584338	-173.1862078456
80	0.2925775090	0.0719584338	-34.6987125111
81	0.4593368839	0.0719584338	-92.2966991422
82	1.3195217528	0.0719584338	-128.1864064827
83	1.8326117104	0.0719584338	-175.8016596151
84	0.3268497420	0.0719584338	-52.1693011996
85	1.1890707542	0.0719584338	-107.8320662615
86	1.5875875612	0.0719584338	-78.9482451049
87	1.8837907577	0.0719584338	-181.6514749519
88	0.8910457735	0.0719584338	-145.1528502537
89	0.0538355596	0.0719584338	-13.2967679040
90	1.0769873376	0.0719584338	-152.0230519599
91	0.1359943764	0.0719584338	-20.2667476273
92	0.5498548256	0.0719584338	-63.0475382571
93	1.5921854800	0.0719584338	-139.4400196183
94	0.2200503407	0.0719584338	-41.6911017028
95	0.7864089023	0.0719584338	-63.2613293009
96	2.3602407984	0.0719584338	-166.3300301708
97	1.1734880804	0.0719584338	-136.8547421318
98	1.4293930766	0.0719584338	-176.1382288305
99	4.6352671476	0.0719584338	-204.8294155552
100	0.1163154503	0.0719584338	-20.9738562974
101	0.3587777929	0.0719584338	-40.7279682436
102	1.3988385431	0.0719584338	-170.5374457978
103	1.8191741423	0.0719584338	-112.0782763675
104	0.0837473527	0.0719584338	-20.5690693812
105	0.8981212535	0.0719584338	-137.9376368524
106	1.2126988096	0.0719584338	-175.0558406037
107	1.6106895959	0.0719584338	-172.8831295280
108	1.0163391523	0.0719584338	-127.3462492918
109	1.8374562253	0.0719584338	-172.5951289779
110	1.4490951900	0.0719584338	-162.9374539287
111	0.0000000000	0.0719584338	-2.3109364005
112	1.4809000631	0.0719584338	-168.4273990365
113	1.5066694468	0.0719584338	-142.4615563890
114	0.6672366937	0.0719584338	-110.2362178084
115	2.6234745729	0.0719584338	-176.7224546229
116	1.4621197009	0.0719584338	-126.9634597986
117	1.3348024801	0.0719584338	-154.1514307993
118	2.2327807219	0.0719584338	-165.0628245229
119	1.1550029974	0.0719584338	-119.2646293215
120	1.8407516264	0.0719584338	-162.6154939696
121	1.5481058213	0.0719584338	-139.0421609251
122	0.0000000000	0.0719584338	-2.3109364005
123	1.0292640312	0.0719584338	-157.8290897262
124	1.5368056821	0.0719584338	-154.5304564991
