site	rate	t	lnL
1	3.0547406116	0.3728008286	-378.7517234340
2	0.4972294658	0.3728008286	-216.6970027460
3	2.5985087513	0.3728008286	-377.2472576746
4	2.2490771597	0.3728008286	-371.5395840649
5	0.3005543281	0.3728008286	-146.4251960250
6	1.5108138926	0.3728008286	-358.7545672130
7	0.5677379600	0.3728008286	-234.4738957652
8	0.8186891162	0.3728008286	-285.5694974120
9	2.2322598984	0.3728008286	-369.6168378738
10	1.7042608817	0.3728008286	-367.1817006366
11	0.5390921068	0.3728008286	-226.3308091974
12	2.5678728462	0.3728008286	-375.1008710938
13	1.1642265938	0.3728008286	-330.6050292140
14	0.9875784434	0.3728008286	-323.4260367826
15	0.5366655141	0.3728008286	-223.5966131564
16	1.9814338266	0.3728008286	-374.5850898253
17	1.3880625539	0.3728008286	-351.9381396601
18	1.1364296555	0.3728008286	-331.5758991011
19	2.7370549064	0.3728008286	-376.9958464730
20	0.2476617482	0.3728008286	-131.7684611527
21	1.1552219255	0.3728008286	-335.2322502982
22	1.3459234116	0.3728008286	-353.6966314092
23	0.6555807776	0.3728008286	-252.9455722747
24	0.1261545128	0.3728008286	-79.8990203266
25	1.5072452073	0.3728008286	-356.2109531137
26	0.2608371650	0.3728008286	-137.5803275132
27	0.4926930074	0.3728008286	-213.6383370019
28	0.0000000000	0.3728008286	-2.9957322736
29	0.2741056219	0.3728008286	-141.6802402332
30	0.9672721143	0.3728008286	-315.6954703275
31	1.8826399133	0.3728008286	-367.5230798456
32	0.9357942750	0.3728008286	-309.4258585436
33	0.3520471691	0.3728008286	-173.8639848471
34	1.4694069947	0.3728008286	-356.6281947931
35	1.0930672637	0.3728008286	-324.9714957357
36	2.0559847762	0.3728008286	-366.5633959568
37	1.4396415508	0.3728008286	-353.7045618282
38	1.7032355283	0.3728008286	-359.5634209492
39	2.3633752530	0.3728008286	-373.8471930036
40	1.3476605581	0.3728008286	-349.4906006018
41	1.3406980503	0.3728008286	-351.5264760508
42	2.1488853033	0.3728008286	-367.6553740700
43	1.5696520036	0.3728008286	-353.4779152489
44	2.6002779229	0.3728008286	-373.9887425313
45	1.5252555066	0.3728008286	-358.5229857181
46	0.3001836031	0.3728008286	-150.4442969116
47	0.6379917326	0.3728008286	-257.5990531422
48	1.1904946547	0.3728008286	-339.1708336995
49	1.2308711552	0.3728008286	-340.5456620391
50	1.0596105009	0.3728008286	-317.8727190134
51	0.0337260201	0.3728008286	-28.1129739636
52	0.7057809870	0.3728008286	-267.8199558634
53	0.7122005590	0.3728008286	-262.5424128281
54	0.8750134685	0.3728008286	-299.7990367369
55	0.6078962781	0.3728008286	-247.2389511331
56	1.0449569812	0.3728008286	-323.9281983976
57	0.1379586235	0.3728008286	-86.5748763006
58	1.1179427852	0.3728008286	-330.4927176879
59	2.0584344664	0.3728008286	-369.2225657068
60	0.7321603674	0.3728008286	-276.3007611651
61	0.0337188831	0.3728008286	-28.1136054468
62	2.8404862748	0.3728008286	-376.5686460263
63	0.3000000729	0.3728008286	-150.8873768673
64	1.3390961833	0.3728008286	-351.2048349443
65	1.5180969393	0.3728008286	-361.1801640686
66	0.7298720108	0.3728008286	-274.0382525780
67	3.1302540639	0.3728008286	-379.5537945068
68	0.9102121897	0.3728008286	-308.4134712566
69	2.3484984857	0.3728008286	-372.6996494709
70	1.8449497254	0.3728008286	-366.0952851511
71	1.1442171394	0.3728008286	-332.3904087125
72	1.6820331563	0.3728008286	-358.7481590641
73	0.0111865086	0.3728008286	-12.4713721423
74	0.9156934249	0.3728008286	-306.9525164677
75	1.1077175366	0.3728008286	-327.7040501497
76	2.8012422575	0.3728008286	-377.0483870530
77	0.1026435423	0.3728008286	-68.3370650446
78	1.9642125983	0.3728008286	-366.3175125851
79	2.8445481768	0.3728008286	-377.4227082114
80	0.6188718874	0.3728008286	-248.7324427234
81	1.2642055201	0.3728008286	-339.5696165181
82	2.5065100644	0.3728008286	-374.3633933721
83	3.0171725598	0.3728008286	-379.3719636446
84	0.5060830824	0.3728008286	-219.2231718932
85	0.7343338071	0.3728008286	-272.3480113565
86	1.2744693144	0.3728008286	-337.3295146849
87	1.8580760458	0.3728008286	-369.1699562280
88	0.8067799654	0.3728008286	-286.1682650074
89	0.5199096344	0.3728008286	-226.2726862077
90	2.9543956830	0.3728008286	-379.2390771094
91	0.0224237432	0.3728008286	-20.5563231793
92	0.8708596323	0.3728008286	-297.2690816557
93	1.8741609423	0.3728008286	-364.7277540811
94	0.4647367719	0.3728008286	-206.8644980875
95	0.7373434305	0.3728008286	-276.1717647870
96	2.7092877001	0.3728008286	-377.9408472316
97	1.5070042839	0.3728008286	-349.7742900229
98	1.1269597763	0.3728008286	-334.6253540921
99	2.3047243909	0.3728008286	-373.8511065713
100	0.5410227686	0.3728008286	-223.6886356117
101	0.2611046838	0.3728008286	-138.3723314511
102	2.5069559879	0.3728008286	-374.6058169908
103	1.3116528006	0.3728008286	-352.8598267883
104	0.1622073442	0.3728008286	-94.7782486511
105	1.2756076069	0.3728008286	-342.8415639753
106	2.3103121952	0.3728008286	-375.2767596022
107	0.6835378120	0.3728008286	-264.2131452415
108	2.5020902742	0.3728008286	-374.9181970354
109	2.4101619450	0.3728008286	-373.4289462815
110	2.9300762788	0.3728008286	-379.1544638361
111	0.0224284616	0.3728008286	-20.5559038372
112	1.8883187477	0.3728008286	-362.2845210946
113	1.9877676373	0.3728008286	-365.1305162257
114	0.5084971840	0.3728008286	-217.0569290976
115	1.2845669832	0.3728008286	-344.4866610447
116	2.4974138168	0.3728008286	-373.4909343442
117	2.3778456977	0.3728008286	-374.4782777869
118	1.3362992674	0.3728008286	-350.0337050547
119	1.7140926386	0.3728008286	-364.6565085059
120	2.6481942787	0.3728008286	-375.9503808461
121	0.6760110265	0.3728008286	-255.6959493536
122	0.2234396637	0.3728008286	-121.8809317394
123	2.0860115973	0.3728008286	-372.4110873156
124	2.6928928355	0.3728008286	-376.0755394822
