site	rate	t	lnL
1	2.3174010165	0.3768031202	-376.6574844677
2	0.8425997926	0.3768031202	-283.7396315488
3	1.7777248822	0.3768031202	-387.6037312927
4	1.6832762653	0.3768031202	-352.7913751192
5	0.0820603397	0.3768031202	-55.3999969207
6	2.5564585559	0.3768031202	-381.6616003104
7	0.5605666603	0.3768031202	-206.8599772175
8	1.4525229666	0.3768031202	-338.5525064308
9	2.1549725731	0.3768031202	-374.9725284471
10	1.5433610683	0.3768031202	-333.3484282246
11	0.5148800747	0.3768031202	-213.8019288335
12	2.4509114403	0.3768031202	-378.9652786981
13	0.9075221528	0.3768031202	-290.9699534787
14	0.7285764887	0.3768031202	-263.7498381749
15	0.6119677917	0.3768031202	-223.4976461997
16	1.7811926871	0.3768031202	-368.1355178406
17	1.3647691678	0.3768031202	-343.9292527820
18	1.1965052832	0.3768031202	-312.6468386005
19	1.7705289929	0.3768031202	-374.1997484289
20	0.3479357100	0.3768031202	-160.5735048204
21	0.9957670149	0.3768031202	-316.2358115507
22	1.5379667677	0.3768031202	-373.9138561915
23	0.9498718908	0.3768031202	-286.5240960433
24	0.1819612305	0.3768031202	-108.7749480773
25	1.5762480792	0.3768031202	-377.7446530023
26	0.4071842902	0.3768031202	-183.2679174368
27	0.8318168030	0.3768031202	-274.1331470947
28	0.0000000000	0.3768031202	-2.4287988549
29	0.5583393045	0.3768031202	-223.2598924686
30	0.5839140209	0.3768031202	-245.4351715795
31	2.0566136870	0.3768031202	-368.9423108486
32	0.8535451702	0.3768031202	-273.5794622458
33	0.3582404336	0.3768031202	-173.6826401203
34	1.4404580138	0.3768031202	-357.2518720919
35	1.3178980922	0.3768031202	-316.7721433395
36	2.2837527460	0.3768031202	-374.8368706677
37	1.2673344491	0.3768031202	-349.8545190995
38	1.8966205350	0.3768031202	-372.1053697931
39	1.9082818232	0.3768031202	-356.0280633119
40	1.5076259328	0.3768031202	-356.2111437793
41	0.8951699084	0.3768031202	-309.7172152987
42	3.0225991321	0.3768031202	-383.7839957766
43	2.0557849557	0.3768031202	-368.0687379693
44	1.5857086444	0.3768031202	-378.1549361830
45	1.3069696164	0.3768031202	-340.7749679037
46	0.2024015830	0.3768031202	-114.9878705498
47	0.5428362081	0.3768031202	-231.7369221094
48	1.2832777524	0.3768031202	-336.9980003115
49	1.1694014175	0.3768031202	-333.4920507932
50	0.9130208343	0.3768031202	-299.5499841839
51	0.0000000000	0.3768031202	-2.5747629789
52	0.6023010876	0.3768031202	-231.9770158421
53	0.5248079445	0.3768031202	-208.6843471313
54	0.7961557758	0.3768031202	-276.2497609550
55	0.7282027620	0.3768031202	-252.6161910553
56	1.2055661164	0.3768031202	-350.1790418505
57	0.1012797585	0.3768031202	-68.3722185884
58	1.1200693334	0.3768031202	-312.4312929904
59	1.9969481454	0.3768031202	-368.9038323096
60	0.6895939156	0.3768031202	-252.0964822981
61	0.0465228126	0.3768031202	-32.9748982764
62	1.9613118080	0.3768031202	-363.6233902120
63	0.5661150861	0.3768031202	-239.7035909200
64	0.8806030002	0.3768031202	-285.3925701287
65	2.7586753682	0.3768031202	-380.5996217252
66	0.4097924933	0.3768031202	-192.7122373105
67	1.7394830823	0.3768031202	-387.3742824190
68	1.0029148841	0.3768031202	-316.1543062269
69	2.0852092729	0.3768031202	-377.0521552781
70	1.8061944256	0.3768031202	-360.0918389213
71	1.1409531339	0.3768031202	-326.7011260199
72	1.9254202497	0.3768031202	-365.4247449309
73	0.1553066535	0.3768031202	-88.9055496547
74	0.6533373642	0.3768031202	-254.2010810491
75	1.3094913899	0.3768031202	-320.8393099214
76	1.9017769052	0.3768031202	-378.1385288125
77	0.1058044123	0.3768031202	-68.8649330989
78	2.3663784511	0.3768031202	-377.4023507555
79	1.9489308387	0.3768031202	-364.0659782457
80	0.7287374784	0.3768031202	-254.2398457163
81	1.4625203859	0.3768031202	-344.8133630656
82	2.1134192261	0.3768031202	-371.7386215197
83	1.5548479678	0.3768031202	-375.2883051667
84	0.7497951273	0.3768031202	-290.8471538382
85	0.8350654480	0.3768031202	-274.5044305357
86	1.4071926748	0.3768031202	-363.5592747544
87	1.4078354931	0.3768031202	-361.4860367533
88	0.7891781743	0.3768031202	-277.6053472486
89	0.4151898114	0.3768031202	-178.8141451126
90	2.3355264340	0.3768031202	-370.3324869872
91	0.2569444002	0.3768031202	-127.1470908367
92	0.6931697173	0.3768031202	-244.8303376146
93	2.1616739263	0.3768031202	-360.0974804112
94	0.3564320792	0.3768031202	-161.8634240212
95	0.4277826523	0.3768031202	-200.4289368687
96	2.3002475999	0.3768031202	-373.4591193104
97	1.7858553401	0.3768031202	-357.2988080290
98	1.3896793461	0.3768031202	-352.0712393753
99	2.4439562825	0.3768031202	-386.9410769937
100	0.0692890762	0.3768031202	-44.7338648453
101	0.4108346973	0.3768031202	-170.8783276919
102	2.8319039726	0.3768031202	-382.4222057616
103	2.1902294522	0.3768031202	-366.3283059472
104	0.4880578640	0.3768031202	-215.0187132973
105	1.4928983117	0.3768031202	-386.0090633429
106	1.9248620259	0.3768031202	-362.5364338246
107	0.6544237133	0.3768031202	-252.2983002635
108	1.9212602969	0.3768031202	-354.2778059851
109	2.0195531940	0.3768031202	-374.0406158853
110	2.5769891024	0.3768031202	-366.6019155365
111	0.0000000000	0.3768031202	-2.4287988549
112	1.6374628040	0.3768031202	-367.7267011203
113	1.7212103733	0.3768031202	-373.4367335929
114	0.7525167644	0.3768031202	-292.3952047572
115	1.6554075608	0.3768031202	-366.1518669500
116	2.2476261874	0.3768031202	-387.6699662849
117	1.6562527475	0.3768031202	-355.2340792776
118	1.3814621405	0.3768031202	-341.8926057662
119	1.0703173756	0.3768031202	-332.9908414814
120	2.6980904920	0.3768031202	-379.8471386964
121	0.5506953379	0.3768031202	-221.3885671490
122	0.2315457725	0.3768031202	-116.2483117751
123	1.5793867288	0.3768031202	-375.0023018687
124	2.8937187520	0.3768031202	-384.6309290924
