site	rate	t	lnL
1	0.0000000000	0.0006115977	-2.3353749158
2	0.0000000000	0.0006115977	-2.8743714165
3	6.9555923913	0.0006115977	-11.4747100111
4	0.0000000000	0.0006115977	-2.8822145940
5	0.0000000000	0.0006115977	-2.3353749158
6	0.0000000000	0.0006115977	-3.2108436532
7	0.0000000000	0.0006115977	-2.8732559675
8	6.7510630440	0.0006115977	-13.8176702314
9	6.6968987472	0.0006115977	-13.1286789501
10	6.8557896446	0.0006115977	-13.4606422842
11	0.0000000000	0.0006115977	-2.5184780279
12	0.0000000000	0.0006115977	-3.4262050640
13	6.7794055702	0.0006115977	-13.0689276730
14	0.0000000000	0.0006115977	-2.8743714165
15	0.0000000000	0.0006115977	-4.1039673258
16	0.0000000000	0.0006115977	-3.2092823726
17	0.0000000000	0.0006115977	-2.6792967066
18	0.0000000000	0.0006115977	-2.2601514946
19	0.0000000000	0.0006115977	-3.7216692769
20	0.0000000000	0.0006115977	-2.6792967066
21	0.0000000000	0.0006115977	-2.8743714165
22	6.8089184225	0.0006115977	-13.6086396881
23	0.0000000000	0.0006115977	-2.8732559675
24	0.0000000000	0.0006115977	-3.2092823726
25	0.0000000000	0.0006115977	-2.8822145940
26	0.0000000000	0.0006115977	-2.2601514946
27	0.0000000000	0.0006115977	-2.8732559675
28	0.0000000000	0.0006115977	-2.3353749158
29	0.0000000000	0.0006115977	-2.5184780279
30	0.0000000000	0.0006115977	-4.1232357446
31	0.0000000000	0.0006115977	-3.2108436532
32	0.0000000000	0.0006115977	-2.5184780279
33	0.0000000000	0.0006115977	-3.4418303819
34	0.0000000000	0.0006115977	-2.6792967066
35	0.0000000000	0.0006115977	-2.2601514946
36	0.0000000000	0.0006115977	-2.8822145940
37	0.0000000000	0.0006115977	-3.9039908337
38	0.0000000000	0.0006115977	-2.8732559675
39	6.7510630301	0.0006115977	-12.9037168594
40	0.0000000000	0.0006115977	-3.2108436532
41	13.7586132072	0.0006115977	-20.9034074689
42	0.0000000000	0.0006115977	-2.8743714165
43	0.0000000000	0.0006115977	-3.7216692769
44	0.0000000000	0.0006115977	-4.1232357446
45	0.0000000000	0.0006115977	-2.2601514946
46	0.0000000000	0.0006115977	-2.6792967066
47	0.0000000000	0.0006115977	-3.4418303819
48	0.0000000000	0.0006115977	-2.5184780279
49	0.0000000000	0.0006115977	-2.8743714165
50	6.8086511814	0.0006115977	-12.2464894252
51	0.0000000000	0.0006115977	-2.6792967066
52	0.0000000000	0.0006115977	-2.7418170636
53	0.0000000000	0.0006115977	-2.5184780279
54	0.0000000000	0.0006115977	-3.0298250282
55	0.0000000000	0.0006115977	-2.7418170636
56	0.0000000000	0.0006115977	-4.1039673258
57	0.0000000000	0.0006115977	-3.4418303819
58	0.0000000000	0.0006115977	-2.8743714165
59	7.2037338504	0.0006115977	-12.1114181319
60	0.0000000000	0.0006115977	-2.2601514946
61	0.0000000000	0.0006115977	-2.3353749158
62	0.0000000000	0.0006115977	-2.8732559675
63	0.0000000000	0.0006115977	-2.8743714165
64	0.0000000000	0.0006115977	-3.0298250282
65	6.8653841132	0.0006115977	-12.2206919606
66	0.0000000000	0.0006115977	-2.7418170636
67	0.0000000000	0.0006115977	-2.3353749158
68	0.0000000000	0.0006115977	-2.6792967066
69	7.0481221297	0.0006115977	-11.6446275279
70	0.0000000000	0.0006115977	-2.8743714165
71	0.0000000000	0.0006115977	-2.3353749158
72	0.0000000000	0.0006115977	-3.9039908337
73	0.0000000000	0.0006115977	-2.3353749158
74	0.0000000000	0.0006115977	-3.7216692769
75	7.1739094104	0.0006115977	-11.2830538951
76	0.0000000000	0.0006115977	-3.2046131034
77	0.0000000000	0.0006115977	-2.3353749158
78	0.0000000000	0.0006115977	-3.2046131034
79	0.0000000000	0.0006115977	-2.7418170636
80	0.0000000000	0.0006115977	-2.7418170636
81	0.0000000000	0.0006115977	-3.0298250282
82	0.0000000000	0.0006115977	-2.2601514946
83	0.0000000000	0.0006115977	-3.2092823726
84	0.0000000000	0.0006115977	-2.8743714165
85	0.0000000000	0.0006115977	-2.7418170636
86	6.8063829747	0.0006115977	-13.6154698935
87	0.0000000000	0.0006115977	-3.2108436532
88	0.0000000000	0.0006115977	-3.2092823726
89	0.0000000000	0.0006115977	-2.7418170636
90	0.0000000000	0.0006115977	-2.8743714165
91	0.0000000000	0.0006115977	-2.3353749158
92	0.0000000000	0.0006115977	-3.4262050640
93	0.0000000000	0.0006115977	-2.2601514946
94	0.0000000000	0.0006115977	-2.5184780279
95	0.0000000000	0.0006115977	-3.4262050640
96	0.0000000000	0.0006115977	-2.5184780279
97	0.0000000000	0.0006115977	-2.8732559675
98	0.0000000000	0.0006115977	-2.6792967066
99	0.0000000000	0.0006115977	-2.8822145940
100	0.0000000000	0.0006115977	-2.2601514946
101	0.0000000000	0.0006115977	-2.8732559675
102	0.0000000000	0.0006115977	-2.2601514946
103	0.0000000000	0.0006115977	-3.0233272795
104	0.0000000000	0.0006115977	-2.2601514946
105	0.0000000000	0.0006115977	-3.0233272795
106	0.0000000000	0.0006115977	-3.2108436532
107	0.0000000000	0.0006115977	-3.0233272795
108	0.0000000000	0.0006115977	-3.0298250282
109	0.0000000000	0.0006115977	-3.2046131034
110	0.0000000000	0.0006115977	-2.2601514946
111	0.0000000000	0.0006115977	-2.3353749158
112	0.0000000000	0.0006115977	-2.8743714165
113	0.0000000000	0.0006115977	-2.2601514946
114	13.4194607459	0.0006115977	-20.9452719100
115	0.0000000000	0.0006115977	-2.8822145940
116	0.0000000000	0.0006115977	-3.0233272795
117	6.9245521974	0.0006115977	-12.4109720074
118	0.0000000000	0.0006115977	-2.8743714165
119	0.0000000000	0.0006115977	-3.2092823726
120	0.0000000000	0.0006115977	-3.0298250282
121	0.0000000000	0.0006115977	-2.5184780279
122	0.0000000000	0.0006115977	-2.3353749158
123	0.0000000000	0.0006115977	-2.5184780279
124	0.0000000000	0.0006115977	-2.8743714165
