site	rate	t	lnL
1	1.4336247602	0.0061169613	-34.5528140284
2	0.9499856986	0.0061169613	-23.3404323340
3	2.0949405841	0.0061169613	-23.8629439408
4	2.1471900610	0.0061169613	-36.7042196715
5	0.0000000000	0.0061169613	-2.4295139067
6	1.0023586014	0.0061169613	-15.5222599628
7	0.0000000000	0.0061169613	-2.1739959588
8	0.5490114992	0.0061169613	-14.4907847664
9	0.0000000000	0.0061169613	-2.9212103606
10	0.9449841815	0.0061169613	-22.0841330900
11	0.0000000000	0.0061169613	-2.3779345302
12	2.2118308048	0.0061169613	-36.0365583593
13	0.0000000000	0.0061169613	-2.5575423812
14	0.7442579477	0.0061169613	-14.1627638283
15	0.0000000000	0.0061169613	-2.1739959588
16	1.6025548687	0.0061169613	-30.9334712934
17	0.6397957268	0.0061169613	-13.6436726548
18	0.0000000000	0.0061169613	-3.1399775373
19	2.2769774989	0.0061169613	-34.3822513589
20	0.0000000000	0.0061169613	-2.6015877223
21	0.0000000000	0.0061169613	-2.3779345302
22	1.8656299457	0.0061169613	-29.5896350967
23	0.0000000000	0.0061169613	-3.1938021873
24	0.0000000000	0.0061169613	-2.6015877223
25	1.5725875540	0.0061169613	-32.1889959748
26	0.0000000000	0.0061169613	-3.1399775373
27	0.0000000000	0.0061169613	-2.5575423812
28	0.0000000000	0.0061169613	-2.4295139067
29	0.0000000000	0.0061169613	-2.1739959588
30	0.8820431467	0.0061169613	-12.2822012762
31	0.8449390690	0.0061169613	-11.7734901122
32	0.0000000000	0.0061169613	-2.5575423812
33	0.0000000000	0.0061169613	-3.2092823726
34	0.0000000000	0.0061169613	-2.6015877223
35	0.6030807012	0.0061169613	-10.5678101602
36	2.6779729452	0.0061169613	-43.3931646658
37	3.2785799383	0.0061169613	-43.5235454308
38	0.0000000000	0.0061169613	-2.1739959588
39	1.2265246635	0.0061169613	-22.7110794364
40	0.4337795785	0.0061169613	-12.3971514019
41	1.5438215476	0.0061169613	-33.7854427284
42	0.0000000000	0.0061169613	-2.6015877223
43	0.0000000000	0.0061169613	-2.9258997010
44	1.8285957765	0.0061169613	-23.1235602589
45	0.6787609359	0.0061169613	-14.6451505479
46	0.0000000000	0.0061169613	-2.6015877223
47	1.9310904974	0.0061169613	-36.4602659806
48	1.3667200533	0.0061169613	-25.2982182755
49	0.6752367693	0.0061169613	-13.7586972288
50	0.0000000000	0.0061169613	-2.1739959588
51	0.0000000000	0.0061169613	-2.6015877223
52	0.0000000000	0.0061169613	-3.1141140267
53	0.4668235836	0.0061169613	-14.1986937557
54	1.5049332781	0.0061169613	-28.9002074887
55	0.4968523285	0.0061169613	-9.6858116987
56	1.7376023204	0.0061169613	-31.1034325896
57	0.0000000000	0.0061169613	-3.2092823726
58	4.9200099098	0.0061169613	-67.7720230526
59	0.4347576986	0.0061169613	-13.8548255923
60	0.0000000000	0.0061169613	-3.1399775373
61	0.0000000000	0.0061169613	-2.4295139067
62	5.1906798772	0.0061169613	-54.8970129444
63	3.2876647924	0.0061169613	-21.4790608375
64	1.5528937725	0.0061169613	-25.7100053028
65	2.4343277844	0.0061169613	-26.9056283837
66	0.5463407596	0.0061169613	-11.3358277833
67	0.4973966484	0.0061169613	-10.7604736509
68	0.6425938358	0.0061169613	-13.5165956866
69	1.8712185649	0.0061169613	-35.3570513072
70	1.3837284873	0.0061169613	-36.9225893616
71	0.7337418887	0.0061169613	-10.6019760152
72	1.0307782553	0.0061169613	-13.1669170592
73	0.0000000000	0.0061169613	-2.4295139067
74	1.7328098300	0.0061169613	-12.2923707860
75	0.0000000000	0.0061169613	-2.1739959588
76	0.0000000000	0.0061169613	-3.7347756244
77	0.0000000000	0.0061169613	-2.4295139067
78	0.0000000000	0.0061169613	-3.0589276111
79	6.5123386187	0.0061169613	-29.7386846790
80	0.0000000000	0.0061169613	-2.1739959588
81	0.0000000000	0.0061169613	-2.1739959588
82	1.6150633881	0.0061169613	-20.8867218531
83	1.0112318749	0.0061169613	-22.8935406236
84	3.1199643458	0.0061169613	-28.4455568590
85	2.0779877077	0.0061169613	-33.7963976262
86	7.9158787620	0.0061169613	-38.4826576254
87	2.5946816106	0.0061169613	-40.7450018890
88	0.5437260293	0.0061169613	-11.3406548604
89	1.1605804496	0.0061169613	-23.4975440008
90	1.0886310371	0.0061169613	-20.6865455841
91	0.0000000000	0.0061169613	-2.4295139067
92	0.5890207983	0.0061169613	-15.0676995512
93	0.5045847929	0.0061169613	-14.4276563197
94	0.0000000000	0.0061169613	-2.1739959588
95	0.0000000000	0.0061169613	-3.1014288672
96	3.1534127175	0.0061169613	-30.2726050971
97	1.2350572763	0.0061169613	-25.5107121417
98	0.5060683815	0.0061169613	-15.3297254779
99	1.6585444387	0.0061169613	-30.3142120287
100	0.0000000000	0.0061169613	-2.6015877223
101	0.6662698960	0.0061169613	-11.9550627112
102	1.6514682142	0.0061169613	-30.6625595810
103	3.4647013989	0.0061169613	-42.3353325818
104	0.0000000000	0.0061169613	-3.1399775373
105	2.5402847617	0.0061169613	-42.4344613325
106	0.6156294397	0.0061169613	-15.8074607170
107	0.0000000000	0.0061169613	-3.1561187535
108	1.1706495809	0.0061169613	-24.4495724197
109	1.2175716334	0.0061169613	-21.3509957067
110	2.7251422609	0.0061169613	-57.1570710830
111	0.0000000000	0.0061169613	-2.4295139067
112	1.6288339313	0.0061169613	-20.4069046479
113	0.6342951702	0.0061169613	-14.2715910578
114	0.0000000000	0.0061169613	-3.3937904054
115	1.5530687970	0.0061169613	-32.7929672305
116	2.2324086718	0.0061169613	-41.1030615032
117	2.8854489487	0.0061169613	-36.9463638549
118	0.0000000000	0.0061169613	-2.5575423812
119	0.9394243706	0.0061169613	-20.2567352638
120	2.2156207842	0.0061169613	-35.3305412674
121	1.6440234772	0.0061169613	-20.5687918663
122	0.0000000000	0.0061169613	-2.4295139067
123	0.0000000000	0.0061169613	-3.1399775373
124	5.7035366747	0.0061169613	-32.0773236470
