site	rate	t	lnL
1	0.8993202121	0.0664836304	-121.9998367832
2	0.7964165650	0.0664836304	-66.5844314045
3	0.8292399628	0.0664836304	-80.8052167609
4	0.8445020899	0.0664836304	-114.1243047799
5	1.6083315602	0.0664836304	-142.3826404604
6	2.2360031048	0.0664836304	-176.2759472807
7	0.1453243259	0.0664836304	-24.3840151625
8	1.0859740086	0.0664836304	-109.4279850455
9	1.0756229319	0.0664836304	-119.5297261417
10	0.8769021944	0.0664836304	-99.5553565869
11	0.3153901664	0.0664836304	-46.7226486242
12	1.9079287800	0.0664836304	-169.7805962544
13	1.4517453643	0.0664836304	-145.1907051526
14	0.7295913123	0.0664836304	-76.0617651273
15	0.2951417047	0.0664836304	-36.2432683401
16	1.7934855924	0.0664836304	-158.2491710558
17	2.3100065511	0.0664836304	-88.3300521984
18	1.2407936961	0.0664836304	-114.9559288716
19	1.9151468327	0.0664836304	-173.9116502789
20	0.1844759690	0.0664836304	-14.0552295313
21	0.4790158592	0.0664836304	-72.6072141216
22	1.4912217284	0.0664836304	-138.7097778966
23	0.1561165691	0.0664836304	-29.7085229666
24	0.0000000000	0.0664836304	-3.2703946328
25	1.1349632960	0.0664836304	-123.3096449774
26	0.2170959428	0.0664836304	-17.4139220824
27	0.2768675315	0.0664836304	-39.3448241366
28	0.0000000000	0.0664836304	-2.4548683978
29	0.0513857520	0.0664836304	-9.4895106087
30	0.2645138075	0.0664836304	-41.5172432145
31	2.0405175043	0.0664836304	-178.3105660933
32	1.7950449835	0.0664836304	-157.2820307353
33	0.0532717527	0.0664836304	-12.7268378570
34	1.7060650630	0.0664836304	-81.6797353550
35	0.7150516369	0.0664836304	-91.3579733542
36	0.5964910619	0.0664836304	-98.2568699856
37	0.5756003636	0.0664836304	-82.9803546256
38	3.0249130393	0.0664836304	-134.6370141196
39	1.7440915758	0.0664836304	-179.0725589438
40	0.7960151805	0.0664836304	-98.0320970391
41	3.1811039823	0.0664836304	-149.6782442735
42	1.9624369295	0.0664836304	-125.7896894325
43	2.5286148862	0.0664836304	-155.8568797623
44	1.5367798260	0.0664836304	-149.5243631711
45	1.3000875651	0.0664836304	-162.4527885105
46	0.0000000000	0.0664836304	-2.5326514936
47	1.6693653813	0.0664836304	-82.6778697640
48	1.4635631632	0.0664836304	-140.1264932480
49	1.0958544843	0.0664836304	-130.0250097519
50	1.5600123936	0.0664836304	-102.4251986446
51	0.0000000000	0.0664836304	-2.5326514936
52	0.0950340110	0.0664836304	-19.4841271626
53	0.5155097429	0.0664836304	-66.2817663444
54	0.3773144090	0.0664836304	-48.4374470863
55	0.2334914135	0.0664836304	-42.0471862456
56	1.2952268794	0.0664836304	-126.1278922708
57	0.0531885006	0.0664836304	-12.7284018024
58	2.3494988546	0.0664836304	-141.2977343572
59	0.8496828385	0.0664836304	-103.3852186222
60	0.2073192737	0.0664836304	-19.0646982755
61	0.1541933096	0.0664836304	-11.7574614346
62	1.7374200859	0.0664836304	-171.5556192230
63	2.2062090935	0.0664836304	-196.5609340497
64	1.1050862152	0.0664836304	-57.2613294551
65	1.7226688288	0.0664836304	-162.8012303521
66	0.1331665125	0.0664836304	-19.6761696595
67	1.0351799587	0.0664836304	-132.9261355565
68	1.1124098903	0.0664836304	-120.9027620934
69	3.3229404914	0.0664836304	-168.9230397110
70	0.6926053873	0.0664836304	-104.0699629360
71	1.9122941355	0.0664836304	-161.0767380246
72	0.8493872946	0.0664836304	-116.5914782481
73	0.0000000000	0.0664836304	-2.4548683978
74	1.5834714930	0.0664836304	-133.1015234361
75	1.0424550901	0.0664836304	-138.8704339480
76	1.3356130654	0.0664836304	-114.0662865214
77	0.1595287180	0.0664836304	-13.5924771590
78	2.4060036334	0.0664836304	-160.0746048745
79	1.4216123849	0.0664836304	-146.6026205066
80	1.1020683208	0.0664836304	-109.6139049313
81	0.4445157579	0.0664836304	-66.4085404247
82	1.1785291752	0.0664836304	-102.6714383802
83	1.2243013117	0.0664836304	-155.8932680959
84	0.1570446321	0.0664836304	-19.6609555796
85	0.4296958587	0.0664836304	-66.0709915385
86	1.7786454832	0.0664836304	-188.1436188478
87	1.4322251420	0.0664836304	-133.2369320958
88	0.0452490862	0.0664836304	-10.2732710047
89	0.1572861361	0.0664836304	-28.6657413257
90	4.7496634614	0.0664836304	-182.5737400362
91	0.1541994395	0.0664836304	-11.7574614354
92	0.6380013914	0.0664836304	-69.4070031130
93	1.6711802327	0.0664836304	-146.7057120870
94	0.1031549313	0.0664836304	-19.9583019925
95	0.4577762687	0.0664836304	-72.5850810045
96	1.5667580535	0.0664836304	-151.6816349952
97	1.1015107038	0.0664836304	-120.0648676323
98	2.2575856289	0.0664836304	-147.3179853190
99	0.9123281365	0.0664836304	-104.0387370285
100	0.5401897960	0.0664836304	-26.1952195998
101	0.0511943894	0.0664836304	-11.5159273839
102	1.0733980421	0.0664836304	-136.9019436621
103	3.2678138535	0.0664836304	-147.8793815724
104	0.3228880600	0.0664836304	-25.2317121521
105	0.8612470289	0.0664836304	-47.2443899432
106	0.8050191745	0.0664836304	-112.7053922146
107	0.1360313774	0.0664836304	-21.5795529347
108	1.5857273878	0.0664836304	-180.3384883138
109	2.1672927876	0.0664836304	-182.3026868189
110	1.3769472880	0.0664836304	-137.0056687741
111	0.1583427144	0.0664836304	-11.6752966336
112	2.1197740313	0.0664836304	-175.9619821581
113	1.7957270348	0.0664836304	-173.2410465316
114	1.0014549799	0.0664836304	-103.0166453098
115	0.8391843094	0.0664836304	-95.8877168648
116	1.3572625005	0.0664836304	-135.3508397878
117	1.2188282675	0.0664836304	-140.5942784001
118	0.3370144933	0.0664836304	-31.1289521844
119	1.0710833776	0.0664836304	-138.2809563293
120	1.0058509364	0.0664836304	-110.6040706679
121	1.0545401851	0.0664836304	-108.3026235318
122	0.1554390055	0.0664836304	-12.0037922785
123	2.9558117272	0.0664836304	-139.8147068722
124	0.9609823983	0.0664836304	-131.4701052532
