site	rate	t	lnL
1	0.7814119270	0.0703721322	-93.0733249336
2	1.3710329330	0.0703721322	-140.7828171793
3	1.1990321081	0.0703721322	-127.8627770062
4	2.0565543990	0.0703721322	-181.0500049392
5	0.3094228634	0.0703721322	-41.9427798014
6	1.0484890231	0.0703721322	-116.7838458457
7	0.9077337940	0.0703721322	-98.6855991611
8	1.4734370861	0.0703721322	-145.8163001629
9	0.9074985391	0.0703721322	-105.2341930849
10	0.4428514051	0.0703721322	-54.2212177694
11	0.2378864771	0.0703721322	-33.7259945640
12	1.5304473563	0.0703721322	-143.5320050461
13	0.7819320598	0.0703721322	-92.4076680858
14	1.1079969774	0.0703721322	-115.7996757843
15	0.0640662440	0.0703721322	-11.7184075775
16	1.1260438038	0.0703721322	-123.6229185493
17	0.9125385740	0.0703721322	-105.6090864144
18	0.9921063101	0.0703721322	-104.8464445455
19	1.4488294428	0.0703721322	-146.8616617681
20	1.4721484804	0.0703721322	-142.5781680132
21	1.7066902952	0.0703721322	-151.0905070204
22	1.4470449758	0.0703721322	-145.6422363834
23	0.5050842403	0.0703721322	-60.0345005786
24	0.1185376427	0.0703721322	-20.5459121552
25	1.2945081241	0.0703721322	-137.8795574478
26	1.3180746463	0.0703721322	-133.8238694912
27	1.4706594851	0.0703721322	-134.5413965780
28	0.0000000000	0.0703721322	-2.4711409462
29	0.0000000000	0.0703721322	-2.1132735741
30	1.0347795858	0.0703721322	-111.0016296168
31	0.4389636708	0.0703721322	-54.1059285203
32	1.3170429207	0.0703721322	-135.2784857711
33	0.1762816359	0.0703721322	-28.7620539837
34	1.2518161474	0.0703721322	-130.7221210663
35	0.1246386963	0.0703721322	-20.1941874033
36	0.8691276772	0.0703721322	-95.1128666641
37	1.2341843920	0.0703721322	-130.7465244345
38	1.4028682422	0.0703721322	-135.2765452517
39	1.7769088533	0.0703721322	-172.8473725540
40	1.6596575537	0.0703721322	-151.6544721629
41	1.6530783234	0.0703721322	-163.4885985993
42	2.0090669128	0.0703721322	-178.1838750578
43	1.5284220979	0.0703721322	-149.4951539510
44	1.5583140238	0.0703721322	-151.6039822481
45	1.1296996216	0.0703721322	-117.6653616875
46	0.1190774292	0.0703721322	-20.1726295610
47	0.0582885116	0.0703721322	-12.9225577498
48	0.7440848198	0.0703721322	-86.8983864208
49	2.4530067702	0.0703721322	-206.5174809324
50	0.1778483244	0.0703721322	-29.1731165817
51	0.0000000000	0.0703721322	-2.9654494929
52	0.4904827724	0.0703721322	-59.9991701959
53	0.6524852737	0.0703721322	-72.3622802125
54	0.2959934633	0.0703721322	-41.4241936429
55	0.4418235448	0.0703721322	-54.8512424997
56	0.3028545427	0.0703721322	-41.8365916155
57	0.0000000000	0.0703721322	-3.3844532694
58	1.0629242182	0.0703721322	-109.0743937071
59	1.1198139079	0.0703721322	-119.5356019345
60	2.3494960342	0.0703721322	-206.9666564314
61	0.0000000000	0.0703721322	-2.4711409462
62	1.7288900291	0.0703721322	-164.7590103687
63	2.0529381644	0.0703721322	-181.3141151756
64	1.4340710386	0.0703721322	-145.1133411339
65	1.6816749642	0.0703721322	-156.3433918080
66	0.2932326812	0.0703721322	-43.1411966232
67	1.2335097557	0.0703721322	-134.6581625137
68	1.1594037477	0.0703721322	-119.8632168937
69	1.5753240137	0.0703721322	-154.3425176214
70	1.1608980792	0.0703721322	-123.2472428907
71	1.2770260793	0.0703721322	-119.0595393623
72	1.3586091121	0.0703721322	-134.8424706225
73	0.0000000000	0.0703721322	-2.4711409462
74	0.6714926536	0.0703721322	-81.6684010742
75	0.8637788395	0.0703721322	-90.1818608903
76	0.8540190112	0.0703721322	-98.7780115760
77	0.4899755942	0.0703721322	-59.1067664548
78	1.3597135906	0.0703721322	-146.1951832642
79	1.1238864590	0.0703721322	-119.5115395821
80	0.5721333141	0.0703721322	-64.2705383764
81	0.8447481011	0.0703721322	-93.4313156370
82	1.1680021068	0.0703721322	-126.2917206922
83	1.4383744401	0.0703721322	-151.5570328083
84	0.2917003468	0.0703721322	-44.7953094978
85	0.2584113782	0.0703721322	-34.4445572870
86	0.6677192622	0.0703721322	-77.2572858938
87	0.9681077583	0.0703721322	-111.0522617793
88	0.9014636402	0.0703721322	-94.7356093565
89	0.1814310306	0.0703721322	-26.3096528750
90	1.3647580532	0.0703721322	-140.6730899263
91	0.0615575706	0.0703721322	-11.0263441144
92	0.5816260811	0.0703721322	-66.5309815874
93	0.9896566396	0.0703721322	-100.1903868404
94	0.2579445156	0.0703721322	-33.1074891311
95	2.5130924000	0.0703721322	-199.9680794286
96	1.0913526063	0.0703721322	-116.5830083995
97	0.8291619891	0.0703721322	-90.3470547325
98	2.0741787391	0.0703721322	-182.5432450502
99	0.9878931293	0.0703721322	-109.5786684150
100	1.8928980867	0.0703721322	-176.1181339265
101	0.1908211529	0.0703721322	-27.1508457070
102	1.4392137164	0.0703721322	-140.3926542025
103	1.7879021138	0.0703721322	-166.7717260215
104	0.4833944764	0.0703721322	-62.3795121926
105	1.5020254596	0.0703721322	-157.1073275469
106	0.7259214841	0.0703721322	-77.2257805003
107	0.4230714561	0.0703721322	-53.5800606372
108	1.7938229832	0.0703721322	-168.1121467047
109	0.9641699752	0.0703721322	-109.8249155149
110	1.4692216282	0.0703721322	-140.9769145107
111	0.0000000000	0.0703721322	-2.4711409462
112	1.1241635638	0.0703721322	-121.7216417959
113	1.2565188666	0.0703721322	-133.2271520992
114	1.7162272694	0.0703721322	-164.2835374519
115	1.1984735463	0.0703721322	-126.8327858770
116	2.0593961394	0.0703721322	-197.9962811418
117	1.7000832123	0.0703721322	-166.1264738591
118	0.9845051448	0.0703721322	-108.4219449156
119	1.9637036267	0.0703721322	-171.3882923033
120	1.4412426162	0.0703721322	-140.3108084068
121	1.3830927491	0.0703721322	-136.4886251990
122	0.0615115198	0.0703721322	-12.1909617914
123	1.0345103896	0.0703721322	-117.4775671206
124	1.3834250841	0.0703721322	-143.3006756786
