site	rate	t	lnL
1	0.0000000000	0.0007252732	-3.2077235258
2	0.0000000000	0.0007252732	-3.7190684952
3	0.0000000000	0.0007252732	-2.3340736795
4	0.0000000000	0.0007252732	-2.7320893604
5	0.0000000000	0.0007252732	-2.6230569883
6	0.0000000000	0.0007252732	-2.7320893604
7	0.0000000000	0.0007252732	-2.6230569883
8	0.0000000000	0.0007252732	-3.0259213147
9	0.0000000000	0.0007252732	-3.0350537982
10	0.0000000000	0.0007252732	-2.8799674021
11	0.0000000000	0.0007252732	-2.5216103719
12	0.0000000000	0.0007252732	-3.0311296598
13	0.0000000000	0.0007252732	-2.6230569883
14	7.2278905660	0.0007252732	-10.8557529612
15	0.0000000000	0.0007252732	-2.5216103719
16	0.0000000000	0.0007252732	-3.4339872045
17	5.4012873622	0.0007252732	-13.8014465535
18	0.0000000000	0.0007252732	-3.2077235258
19	0.0000000000	0.0007252732	-2.3334236957
20	0.0000000000	0.0007252732	-2.3334236957
21	0.0000000000	0.0007252732	-2.5216103719
22	12.4504256537	0.0007252732	-22.9694115568
23	0.0000000000	0.0007252732	-2.3334236957
24	0.0000000000	0.0007252732	-2.3340736795
25	5.3834587813	0.0007252732	-14.6604059141
26	0.0000000000	0.0007252732	-3.4339872045
27	0.0000000000	0.0007252732	-2.6230569883
28	0.0000000000	0.0007252732	-2.6230569883
29	0.0000000000	0.0007252732	-3.0259213147
30	6.1529409162	0.0007252732	-11.3162042540
31	0.0000000000	0.0007252732	-2.3340736795
32	0.0000000000	0.0007252732	-2.7486832014
33	0.0000000000	0.0007252732	-2.3340736795
34	6.0192057011	0.0007252732	-12.8524004104
35	0.0000000000	0.0007252732	-3.4339872045
36	0.0000000000	0.0007252732	-2.8799674021
37	0.0000000000	0.0007252732	-3.4339872045
38	0.0000000000	0.0007252732	-2.6230569883
39	0.0000000000	0.0007252732	-2.7486832014
40	0.0000000000	0.0007252732	-3.7138871365
41	0.0000000000	0.0007252732	-3.0311296598
42	0.0000000000	0.0007252732	-3.7138871365
43	0.0000000000	0.0007252732	-3.7138871365
44	6.0565997851	0.0007252732	-12.8281078832
45	0.0000000000	0.0007252732	-3.4339872045
46	0.0000000000	0.0007252732	-2.7320893604
47	0.0000000000	0.0007252732	-3.0259213147
48	0.0000000000	0.0007252732	-3.0311296598
49	7.2069562372	0.0007252732	-10.8586614492
50	7.9943711731	0.0007252732	-13.6595483808
51	0.0000000000	0.0007252732	-2.3340736795
52	4.6618640242	0.0007252732	-10.7341926936
53	7.8979894573	0.0007252732	-10.7952126551
54	0.0000000000	0.0007252732	-2.7320893604
55	0.0000000000	0.0007252732	-2.3334236957
56	0.0000000000	0.0007252732	-2.7486832014
57	0.0000000000	0.0007252732	-3.0259213147
58	0.0000000000	0.0007252732	-2.5216103719
59	0.0000000000	0.0007252732	-2.6230569883
60	0.0000000000	0.0007252732	-2.5216103719
61	0.0000000000	0.0007252732	-2.6230569883
62	0.0000000000	0.0007252732	-2.7320893604
63	0.0000000000	0.0007252732	-3.4339872045
64	0.0000000000	0.0007252732	-3.7190684952
65	0.0000000000	0.0007252732	-2.6230569883
66	0.0000000000	0.0007252732	-3.0350537982
67	0.0000000000	0.0007252732	-2.3334236957
68	0.0000000000	0.0007252732	-3.4339872045
69	0.0000000000	0.0007252732	-2.8799674021
70	0.0000000000	0.0007252732	-3.0350537982
71	4.3744297017	0.0007252732	-14.8439315561
72	0.0000000000	0.0007252732	-2.7320893604
73	0.0000000000	0.0007252732	-2.6230569883
74	0.0000000000	0.0007252732	-2.3340736795
75	4.8736120343	0.0007252732	-13.0380328414
76	0.0000000000	0.0007252732	-2.3340736795
77	0.0000000000	0.0007252732	-2.6230569883
78	0.0000000000	0.0007252732	-3.2077235258
79	0.0000000000	0.0007252732	-2.3334236957
80	0.0000000000	0.0007252732	-2.7320893604
81	0.0000000000	0.0007252732	-3.0350537982
82	0.0000000000	0.0007252732	-3.0259213147
83	12.3921906823	0.0007252732	-13.4013609605
84	0.0000000000	0.0007252732	-3.0311296598
85	0.0000000000	0.0007252732	-2.6230569883
86	0.0000000000	0.0007252732	-3.4339872045
87	0.0000000000	0.0007252732	-2.7320893604
88	0.0000000000	0.0007252732	-2.8799674021
89	0.0000000000	0.0007252732	-2.3334236957
90	0.0000000000	0.0007252732	-3.0259213147
91	0.0000000000	0.0007252732	-2.6230569883
92	0.0000000000	0.0007252732	-2.6230569883
93	0.0000000000	0.0007252732	-2.5216103719
94	0.0000000000	0.0007252732	-2.8799674021
95	0.0000000000	0.0007252732	-3.2077235258
96	0.0000000000	0.0007252732	-2.3334236957
97	0.0000000000	0.0007252732	-2.3340736795
98	7.9421371202	0.0007252732	-12.7311665646
99	6.0079555159	0.0007252732	-11.4345549026
100	0.0000000000	0.0007252732	-2.3340736795
101	0.0000000000	0.0007252732	-2.3334236957
102	12.4331349982	0.0007252732	-12.5119124122
103	0.0000000000	0.0007252732	-2.7486832014
104	0.0000000000	0.0007252732	-2.5216103719
105	0.0000000000	0.0007252732	-3.0311296598
106	0.0000000000	0.0007252732	-2.6230569883
107	0.0000000000	0.0007252732	-3.7190684952
108	0.0000000000	0.0007252732	-2.3334236957
109	0.0000000000	0.0007252732	-3.4339872045
110	3.9722665555	0.0007252732	-14.6221246214
111	0.0000000000	0.0007252732	-2.6230569883
112	0.0000000000	0.0007252732	-2.3334236957
113	0.0000000000	0.0007252732	-3.0311296598
114	0.0000000000	0.0007252732	-2.7486832014
115	0.0000000000	0.0007252732	-3.0311296598
116	0.0000000000	0.0007252732	-3.0311296598
117	4.8806502159	0.0007252732	-15.7154449063
118	0.0000000000	0.0007252732	-2.6230569883
119	0.0000000000	0.0007252732	-3.2077235258
120	0.0000000000	0.0007252732	-2.3340736795
121	0.0000000000	0.0007252732	-2.3340736795
122	0.0000000000	0.0007252732	-2.6230569883
123	0.0000000000	0.0007252732	-2.3340736795
124	0.0000000000	0.0007252732	-3.4339872045
