site	rate	t	lnL
1	0.0000000000	0.0008550584	-2.8699170662
2	0.0000000000	0.0008550584	-2.6291519135
3	0.0000000000	0.0008550584	-2.0472046813
4	0.0000000000	0.0008550584	-2.5052739526
5	0.0000000000	0.0008550584	-2.1828997460
6	0.0000000000	0.0008550584	-3.2108436532
7	4.9176156429	0.0008550584	-11.3887637519
8	0.0000000000	0.0008550584	-2.8699170662
9	0.0000000000	0.0008550584	-3.4223365873
10	0.0000000000	0.0008550584	-2.8699170662
11	0.0000000000	0.0008550584	-2.7359690937
12	0.0000000000	0.0008550584	-2.1828997460
13	0.0000000000	0.0008550584	-2.5052739526
14	9.9349604107	0.0008550584	-20.1697988370
15	0.0000000000	0.0008550584	-2.8699170662
16	0.0000000000	0.0008550584	-3.7010499897
17	0.0000000000	0.0008550584	-2.7359690937
18	0.0000000000	0.0008550584	-3.2108436532
19	9.7367456671	0.0008550584	-21.0167210007
20	5.3185505491	0.0008550584	-12.1468070765
21	0.0000000000	0.0008550584	-2.6291519135
22	4.8609647159	0.0008550584	-13.2193074916
23	0.0000000000	0.0008550584	-2.0472046813
24	0.0000000000	0.0008550584	-3.7010499897
25	0.0000000000	0.0008550584	-3.5068939753
26	0.0000000000	0.0008550584	-2.6291519135
27	4.7633553678	0.0008550584	-13.0417883813
28	0.0000000000	0.0008550584	-2.1828997460
29	0.0000000000	0.0008550584	-2.0472046813
30	4.8250510229	0.0008550584	-13.3761418807
31	5.2240888082	0.0008550584	-11.0994899117
32	9.6185490350	0.0008550584	-21.8497087010
33	0.0000000000	0.0008550584	-3.2171132662
34	0.0000000000	0.0008550584	-3.7113064899
35	0.0000000000	0.0008550584	-2.8699170662
36	0.0000000000	0.0008550584	-3.2171132662
37	0.0000000000	0.0008550584	-3.7010499897
38	0.0000000000	0.0008550584	-2.7359690937
39	0.0000000000	0.0008550584	-3.4657359028
40	0.0000000000	0.0008550584	-2.5052739526
41	4.7820669049	0.0008550584	-12.4705432278
42	0.0000000000	0.0008550584	-2.6291519135
43	0.0000000000	0.0008550584	-3.5068939753
44	0.0000000000	0.0008550584	-3.0363652738
45	0.0000000000	0.0008550584	-2.0472046813
46	0.0000000000	0.0008550584	-2.8732559675
47	0.0000000000	0.0008550584	-3.7061650904
48	0.0000000000	0.0008550584	-3.0233272795
49	0.0000000000	0.0008550584	-3.7061650904
50	0.0000000000	0.0008550584	-3.2108436532
51	0.0000000000	0.0008550584	-2.8732559675
52	0.0000000000	0.0008550584	-3.4223365873
53	0.0000000000	0.0008550584	-2.1828997460
54	0.0000000000	0.0008550584	-2.5052739526
55	0.0000000000	0.0008550584	-3.0233272795
56	4.8630769096	0.0008550584	-12.9414721467
57	0.0000000000	0.0008550584	-2.8732559675
58	5.0458711083	0.0008550584	-11.9745516286
59	0.0000000000	0.0008550584	-3.0233272795
60	0.0000000000	0.0008550584	-3.2108436532
61	0.0000000000	0.0008550584	-2.1828997460
62	0.0000000000	0.0008550584	-2.6291519135
63	0.0000000000	0.0008550584	-2.5052739526
64	0.0000000000	0.0008550584	-2.5052739526
65	0.0000000000	0.0008550584	-2.7359690937
66	0.0000000000	0.0008550584	-3.0363652738
67	0.0000000000	0.0008550584	-3.2108436532
68	0.0000000000	0.0008550584	-2.8732559675
69	5.2221936262	0.0008550584	-11.6309444369
70	0.0000000000	0.0008550584	-3.4223365873
71	0.0000000000	0.0008550584	-2.1828997460
72	0.0000000000	0.0008550584	-3.0350537982
73	0.0000000000	0.0008550584	-2.1828997460
74	0.0000000000	0.0008550584	-2.8732559675
75	0.0000000000	0.0008550584	-2.6291519135
76	0.0000000000	0.0008550584	-3.4657359028
77	0.0000000000	0.0008550584	-2.1828997460
78	0.0000000000	0.0008550584	-2.1828997460
79	0.0000000000	0.0008550584	-2.0472046813
80	4.8671054600	0.0008550584	-14.3294966494
81	0.0000000000	0.0008550584	-2.0472046813
82	5.3230269622	0.0008550584	-11.0689537809
83	0.0000000000	0.0008550584	-3.0363652738
84	4.8612139462	0.0008550584	-13.1866310845
85	0.0000000000	0.0008550584	-2.0472046813
86	0.0000000000	0.0008550584	-2.5052739526
87	0.0000000000	0.0008550584	-4.8124994252
88	0.0000000000	0.0008550584	-3.0233272795
89	0.0000000000	0.0008550584	-3.6684247624
90	0.0000000000	0.0008550584	-3.7113064899
91	0.0000000000	0.0008550584	-2.1828997460
92	0.0000000000	0.0008550584	-2.0472046813
93	0.0000000000	0.0008550584	-2.7359690937
94	0.0000000000	0.0008550584	-2.0472046813
95	4.9111653402	0.0008550584	-13.0112927727
96	0.0000000000	0.0008550584	-3.0233272795
97	0.0000000000	0.0008550584	-3.0350537982
98	0.0000000000	0.0008550584	-2.6291519135
99	0.0000000000	0.0008550584	-3.7113064899
100	0.0000000000	0.0008550584	-2.8732559675
101	0.0000000000	0.0008550584	-2.0472046813
102	0.0000000000	0.0008550584	-3.5068939753
103	0.0000000000	0.0008550584	-2.0472046813
104	0.0000000000	0.0008550584	-2.6291519135
105	4.9933768229	0.0008550584	-11.8215070002
106	0.0000000000	0.0008550584	-2.5052739526
107	0.0000000000	0.0008550584	-2.7359690937
108	0.0000000000	0.0008550584	-2.5052739526
109	0.0000000000	0.0008550584	-2.0472046813
110	4.7537584772	0.0008550584	-13.6396191062
111	0.0000000000	0.0008550584	-2.1828997460
112	4.9503047555	0.0008550584	-12.9123056786
113	0.0000000000	0.0008550584	-3.0363652738
114	4.8135667437	0.0008550584	-12.4639918766
115	0.0000000000	0.0008550584	-3.2171132662
116	0.0000000000	0.0008550584	-2.0472046813
117	0.0000000000	0.0008550584	-2.0472046813
118	0.0000000000	0.0008550584	-3.7061650904
119	0.0000000000	0.0008550584	-3.0233272795
120	4.7953195731	0.0008550584	-11.9663138703
121	0.0000000000	0.0008550584	-2.8732559675
122	0.0000000000	0.0008550584	-2.1828997460
123	0.0000000000	0.0008550584	-3.2171132662
124	0.0000000000	0.0008550584	-3.0363652738
