site	rate	t	lnL
1	0.7400053294	0.0744234595	-139.5554161563
2	1.7202903978	0.0744234595	-91.9965879870
3	1.3507098547	0.0744234595	-151.8820757875
4	0.7196187401	0.0744234595	-120.5738682659
5	0.7830767394	0.0744234595	-57.9736365316
6	1.4107981295	0.0744234595	-154.0744976068
7	0.5892205328	0.0744234595	-50.5579447909
8	0.8217280872	0.0744234595	-99.2832398442
9	1.1378957004	0.0744234595	-129.4752336241
10	0.8871340738	0.0744234595	-108.1740933436
11	0.1707726517	0.0744234595	-19.9223528350
12	1.1693199220	0.0744234595	-122.1347303822
13	1.7997273531	0.0744234595	-167.4293680252
14	1.3642802185	0.0744234595	-158.5699534322
15	0.1633769585	0.0744234595	-25.7991311268
16	0.8866869323	0.0744234595	-116.6359395731
17	1.9912856774	0.0744234595	-170.0475766446
18	1.4014356411	0.0744234595	-132.1858595494
19	1.2024471576	0.0744234595	-148.9146282033
20	1.0763236590	0.0744234595	-182.0321434499
21	0.8379421608	0.0744234595	-81.0414425529
22	1.4505371480	0.0744234595	-164.2397133045
23	0.6721422767	0.0744234595	-71.4839067368
24	0.3109660783	0.0744234595	-31.5543547505
25	0.9176939077	0.0744234595	-103.1027435955
26	0.1468884773	0.0744234595	-11.5100585201
27	0.0536976006	0.0744234595	-13.8813104684
28	0.0000000000	0.0744234595	-2.4345336376
29	0.0000000000	0.0744234595	-2.2487433853
30	0.1666629710	0.0744234595	-25.6662607210
31	2.7055589808	0.0744234595	-210.5148629973
32	0.5855160935	0.0744234595	-79.1481399319
33	0.2372799888	0.0744234595	-39.6945833569
34	1.3535298599	0.0744234595	-161.8943411676
35	0.4469543328	0.0744234595	-43.6233356328
36	1.2962528266	0.0744234595	-140.1002907152
37	1.2414862540	0.0744234595	-140.8831114917
38	1.2906791027	0.0744234595	-132.3932618869
39	1.0593046283	0.0744234595	-135.1480705271
40	1.3556365572	0.0744234595	-160.6905049946
41	0.7932045826	0.0744234595	-101.4904872005
42	1.3744393565	0.0744234595	-195.0008688667
43	1.7674197110	0.0744234595	-92.1248399775
44	1.7563570489	0.0744234595	-119.4741939303
45	0.3820795189	0.0744234595	-58.7158501456
46	1.9478020768	0.0744234595	-121.7671804008
47	0.4971810098	0.0744234595	-70.2068235284
48	0.4903240009	0.0744234595	-75.1518671197
49	1.1412523849	0.0744234595	-114.8718277734
50	0.6680616705	0.0744234595	-59.7969827205
51	0.0000000000	0.0744234595	-3.2155421740
52	0.9215529393	0.0744234595	-119.0486971419
53	0.4083910451	0.0744234595	-56.6880866238
54	0.1973391954	0.0744234595	-27.7834099208
55	0.1324102923	0.0744234595	-26.4913311700
56	0.4954626480	0.0744234595	-74.1467387498
57	0.0000000000	0.0744234595	-3.1169549377
58	3.8345793044	0.0744234595	-258.3144568907
59	2.4009170034	0.0744234595	-161.6455938121
60	0.9438653212	0.0744234595	-105.3142879227
61	0.0000000000	0.0744234595	-2.4345336376
62	1.2458569441	0.0744234595	-138.4376307717
63	0.0000000000	0.0744234595	-3.0028137397
64	0.8931409942	0.0744234595	-118.2785432419
65	1.4678755920	0.0744234595	-140.9575037040
66	0.9875635207	0.0744234595	-121.1148293016
67	2.2052547727	0.0744234595	-151.0277870065
68	0.9123101722	0.0744234595	-72.3902237143
69	0.8868129610	0.0744234595	-113.9161614298
70	1.3968118172	0.0744234595	-162.4832044458
71	1.4559733083	0.0744234595	-158.9248457214
72	2.0525601734	0.0744234595	-186.3744542037
73	0.0000000000	0.0744234595	-2.4345336376
74	1.6150634247	0.0744234595	-164.3173218741
75	2.5767734530	0.0744234595	-202.9533580428
76	1.6420214556	0.0744234595	-160.8605954185
77	0.1061393311	0.0744234595	-12.5405608359
78	2.4183689339	0.0744234595	-150.3493380052
79	1.4788785198	0.0744234595	-157.6743321252
80	0.1077642515	0.0744234595	-16.8995061046
81	0.6820940336	0.0744234595	-77.7134840844
82	1.4387084239	0.0744234595	-158.4002649842
83	2.0007862648	0.0744234595	-184.6145666049
84	0.0637850306	0.0744234595	-14.6372749524
85	0.2237248693	0.0744234595	-28.7792699902
86	1.2563068393	0.0744234595	-144.2665244783
87	2.5049510736	0.0744234595	-148.1783859159
88	1.0300212354	0.0744234595	-124.9787292592
89	1.2837290864	0.0744234595	-98.8331108894
90	1.4918572437	0.0744234595	-144.8383648777
91	0.0000000000	0.0744234595	-2.4345336376
92	0.7824645599	0.0744234595	-90.3910561066
93	3.0750289931	0.0744234595	-189.4010580320
94	0.2156944947	0.0744234595	-32.2524752233
95	0.3225505733	0.0744234595	-61.6033061090
96	0.8330403829	0.0744234595	-114.3895986947
97	2.1673006246	0.0744234595	-185.2308191353
98	1.4232600727	0.0744234595	-156.2533178164
99	1.8085791880	0.0744234595	-143.7101106059
100	0.1000661464	0.0744234595	-11.8625621975
101	0.2753635886	0.0744234595	-38.8018058003
102	1.4762617044	0.0744234595	-142.5299092457
103	0.5463478253	0.0744234595	-69.1922116352
104	0.1420123206	0.0744234595	-13.5218599697
105	3.1091560388	0.0744234595	-181.1062526100
106	1.1753578177	0.0744234595	-141.8314630462
107	1.0812961630	0.0744234595	-56.5229018766
108	2.1972629534	0.0744234595	-123.9804152352
109	0.6866358359	0.0744234595	-105.3532969957
110	1.0705510134	0.0744234595	-90.1737648683
111	0.0000000000	0.0744234595	-2.4345336376
112	1.0142178114	0.0744234595	-148.5495259776
113	2.0395507060	0.0744234595	-199.7874119003
114	0.1969074643	0.0744234595	-25.4814323553
115	2.2961487046	0.0744234595	-148.6859330405
116	1.9105767632	0.0744234595	-163.4974707748
117	1.4302371208	0.0744234595	-170.6717176082
118	1.0359210516	0.0744234595	-86.1831548329
119	0.4086611047	0.0744234595	-67.5068467212
120	1.3128304700	0.0744234595	-127.7261085683
121	2.0053477972	0.0744234595	-168.7015844517
122	0.0000000000	0.0744234595	-2.4345336376
123	1.0200284427	0.0744234595	-113.8310495238
124	1.8181551427	0.0744234595	-111.5859560050
