site	rate	t	lnL
1	0.0000000000	0.0006893748	-3.2077235258
2	0.0000000000	0.0006893748	-3.7190684952
3	0.0000000000	0.0006893748	-2.3340736795
4	0.0000000000	0.0006893748	-2.7320893604
5	0.0000000000	0.0006893748	-2.6230569883
6	0.0000000000	0.0006893748	-2.7320893604
7	0.0000000000	0.0006893748	-2.6230569883
8	0.0000000000	0.0006893748	-3.0259213147
9	0.0000000000	0.0006893748	-3.0350537982
10	0.0000000000	0.0006893748	-2.8799674021
11	0.0000000000	0.0006893748	-2.5216103719
12	0.0000000000	0.0006893748	-3.0311296598
13	0.0000000000	0.0006893748	-2.6230569883
14	9.2549691053	0.0006893748	-10.7856277157
15	0.0000000000	0.0006893748	-2.5216103719
16	0.0000000000	0.0006893748	-3.4339872045
17	8.3361342247	0.0006893748	-13.7628596785
18	0.0000000000	0.0006893748	-3.2077235258
19	0.0000000000	0.0006893748	-2.3334236957
20	0.0000000000	0.0006893748	-2.3334236957
21	0.0000000000	0.0006893748	-2.5216103719
22	11.9738302760	0.0006893748	-23.7454857940
23	0.0000000000	0.0006893748	-2.3334236957
24	0.0000000000	0.0006893748	-2.3340736795
25	8.3272131372	0.0006893748	-14.4647922684
26	0.0000000000	0.0006893748	-3.4339872045
27	0.0000000000	0.0006893748	-2.6230569883
28	0.0000000000	0.0006893748	-2.6230569883
29	0.0000000000	0.0006893748	-3.0259213147
30	5.8983783765	0.0006893748	-11.1704392637
31	0.0000000000	0.0006893748	-2.3340736795
32	0.0000000000	0.0006893748	-2.7486832014
33	0.0000000000	0.0006893748	-2.3340736795
34	6.6216686326	0.0006893748	-13.1955341288
35	0.0000000000	0.0006893748	-3.4339872045
36	0.0000000000	0.0006893748	-2.8799674021
37	0.0000000000	0.0006893748	-3.4339872045
38	0.0000000000	0.0006893748	-2.6230569883
39	0.0000000000	0.0006893748	-2.7486832014
40	0.0000000000	0.0006893748	-3.7138871365
41	0.0000000000	0.0006893748	-3.0311296598
42	0.0000000000	0.0006893748	-3.7138871365
43	0.0000000000	0.0006893748	-3.7138871365
44	6.6652874394	0.0006893748	-13.4421715743
45	0.0000000000	0.0006893748	-3.4339872045
46	0.0000000000	0.0006893748	-2.7320893604
47	0.0000000000	0.0006893748	-3.0259213147
48	0.0000000000	0.0006893748	-3.0311296598
49	9.2210884483	0.0006893748	-10.7893041372
50	6.9538703883	0.0006893748	-14.9223727638
51	0.0000000000	0.0006893748	-2.3340736795
52	4.3098643692	0.0006893748	-10.9080192991
53	6.6857058930	0.0006893748	-10.6482356629
54	0.0000000000	0.0006893748	-2.7320893604
55	0.0000000000	0.0006893748	-2.3334236957
56	0.0000000000	0.0006893748	-2.7486832014
57	0.0000000000	0.0006893748	-3.0259213147
58	0.0000000000	0.0006893748	-2.5216103719
59	0.0000000000	0.0006893748	-2.6230569883
60	0.0000000000	0.0006893748	-2.5216103719
61	0.0000000000	0.0006893748	-2.6230569883
62	0.0000000000	0.0006893748	-2.7320893604
63	0.0000000000	0.0006893748	-3.4339872045
64	0.0000000000	0.0006893748	-3.7190684952
65	0.0000000000	0.0006893748	-2.6230569883
66	0.0000000000	0.0006893748	-3.0350537982
67	0.0000000000	0.0006893748	-2.3334236957
68	0.0000000000	0.0006893748	-3.4339872045
69	0.0000000000	0.0006893748	-2.8799674021
70	0.0000000000	0.0006893748	-3.0350537982
71	5.8304496963	0.0006893748	-14.8862890918
72	0.0000000000	0.0006893748	-2.7320893604
73	0.0000000000	0.0006893748	-2.6230569883
74	0.0000000000	0.0006893748	-2.3340736795
75	4.6545129786	0.0006893748	-14.0597864473
76	0.0000000000	0.0006893748	-2.3340736795
77	0.0000000000	0.0006893748	-2.6230569883
78	0.0000000000	0.0006893748	-3.2077235258
79	0.0000000000	0.0006893748	-2.3334236957
80	0.0000000000	0.0006893748	-2.7320893604
81	0.0000000000	0.0006893748	-3.0350537982
82	0.0000000000	0.0006893748	-3.0259213147
83	19.2686826594	0.0006893748	-13.2460459109
84	0.0000000000	0.0006893748	-3.0311296598
85	0.0000000000	0.0006893748	-2.6230569883
86	0.0000000000	0.0006893748	-3.4339872045
87	0.0000000000	0.0006893748	-2.7320893604
88	0.0000000000	0.0006893748	-2.8799674021
89	0.0000000000	0.0006893748	-2.3334236957
90	0.0000000000	0.0006893748	-3.0259213147
91	0.0000000000	0.0006893748	-2.6230569883
92	0.0000000000	0.0006893748	-2.6230569883
93	0.0000000000	0.0006893748	-2.5216103719
94	0.0000000000	0.0006893748	-2.8799674021
95	0.0000000000	0.0006893748	-3.2077235258
96	0.0000000000	0.0006893748	-2.3334236957
97	0.0000000000	0.0006893748	-2.3340736795
98	6.7241781221	0.0006893748	-12.9926311739
99	6.6103093016	0.0006893748	-11.3441164327
100	0.0000000000	0.0006893748	-2.3340736795
101	0.0000000000	0.0006893748	-2.3334236957
102	19.4141777765	0.0006893748	-12.8799711592
103	0.0000000000	0.0006893748	-2.7486832014
104	0.0000000000	0.0006893748	-2.5216103719
105	0.0000000000	0.0006893748	-3.0311296598
106	0.0000000000	0.0006893748	-2.6230569883
107	0.0000000000	0.0006893748	-3.7190684952
108	0.0000000000	0.0006893748	-2.3334236957
109	0.0000000000	0.0006893748	-3.4339872045
110	3.7614819974	0.0006893748	-15.1288746684
111	0.0000000000	0.0006893748	-2.6230569883
112	0.0000000000	0.0006893748	-2.3334236957
113	0.0000000000	0.0006893748	-3.0311296598
114	0.0000000000	0.0006893748	-2.7486832014
115	0.0000000000	0.0006893748	-3.0311296598
116	0.0000000000	0.0006893748	-3.0311296598
117	4.7524962547	0.0006893748	-16.7020690223
118	0.0000000000	0.0006893748	-2.6230569883
119	0.0000000000	0.0006893748	-3.2077235258
120	0.0000000000	0.0006893748	-2.3340736795
121	0.0000000000	0.0006893748	-2.3340736795
122	0.0000000000	0.0006893748	-2.6230569883
123	0.0000000000	0.0006893748	-2.3340736795
124	0.0000000000	0.0006893748	-3.4339872045
