site	rate	t	lnL
1	1.9356075678	0.3793591018	-383.4611350781
2	0.7454874198	0.3793591018	-267.8406836157
3	1.4795817108	0.3793591018	-373.5758609189
4	1.8919214911	0.3793591018	-367.8339873089
5	0.5763411635	0.3793591018	-227.6067880001
6	3.8546232514	0.3793591018	-384.9763003144
7	0.6469236388	0.3793591018	-241.7648013202
8	0.6825154588	0.3793591018	-250.8170579183
9	2.4324415147	0.3793591018	-383.3356532837
10	1.9593277982	0.3793591018	-362.2243233341
11	0.7581285119	0.3793591018	-257.3548729747
12	3.0493323507	0.3793591018	-380.9516352747
13	1.6963652835	0.3793591018	-360.6948977525
14	1.1152954672	0.3793591018	-327.8372857709
15	0.5902144870	0.3793591018	-219.4338640504
16	1.2374892327	0.3793591018	-348.5308359309
17	1.8322221180	0.3793591018	-352.3569457197
18	1.3361226541	0.3793591018	-327.3132159848
19	2.0722619174	0.3793591018	-363.9630144508
20	0.5112642359	0.3793591018	-204.7872765642
21	1.3516398589	0.3793591018	-332.6533626666
22	1.3806735504	0.3793591018	-367.7616471051
23	0.8103606859	0.3793591018	-266.0228285984
24	0.2627783739	0.3793591018	-151.6514190548
25	1.2751344634	0.3793591018	-346.7082428472
26	0.2488935668	0.3793591018	-128.7832550395
27	0.6901015469	0.3793591018	-247.3621172672
28	0.0000000000	0.3793591018	-2.4651929733
29	0.3968459881	0.3793591018	-172.6096780330
30	0.6472617782	0.3793591018	-249.9827018671
31	1.9703946398	0.3793591018	-363.9934731064
32	0.7078609914	0.3793591018	-258.3230774765
33	0.3373790691	0.3793591018	-172.3930800166
34	1.2774272467	0.3793591018	-344.9468432407
35	1.0809147914	0.3793591018	-309.0336093984
36	2.0836846073	0.3793591018	-376.8392201582
37	1.0968204264	0.3793591018	-324.3938493951
38	2.6599712936	0.3793591018	-380.5817325841
39	2.5455371580	0.3793591018	-372.6594947043
40	1.3324236463	0.3793591018	-352.0708160762
41	1.2480422576	0.3793591018	-355.9250760240
42	3.0024185981	0.3793591018	-385.3027958766
43	1.7676723827	0.3793591018	-358.6674660981
44	1.5376102168	0.3793591018	-380.2083107842
45	1.3714951073	0.3793591018	-357.5093287120
46	0.7069698407	0.3793591018	-262.5718959507
47	0.8538876330	0.3793591018	-289.0079612837
48	1.1047282534	0.3793591018	-324.2560803103
49	1.0080634479	0.3793591018	-330.6575919488
50	0.6713343706	0.3793591018	-252.9495767851
51	0.0113128277	0.3793591018	-11.4846654296
52	0.5218989733	0.3793591018	-207.9128913825
53	0.6489500584	0.3793591018	-230.5681762929
54	0.7136083615	0.3793591018	-269.9972001818
55	0.4954492396	0.3793591018	-212.6514378085
56	1.1296325279	0.3793591018	-341.5997230063
57	0.2521767685	0.3793591018	-148.7475620256
58	1.0868875715	0.3793591018	-316.8085550178
59	1.7231645043	0.3793591018	-354.9061021868
60	0.4430698802	0.3793591018	-193.5820208926
61	0.0114193678	0.3793591018	-11.4753165044
62	1.9285309949	0.3793591018	-368.2984094604
63	0.4161866803	0.3793591018	-208.0392986137
64	0.8941416336	0.3793591018	-299.0876574618
65	2.1562726609	0.3793591018	-375.6571939418
66	0.3396059505	0.3793591018	-172.0221623917
67	1.9557554812	0.3793591018	-381.6314846454
68	0.6378718449	0.3793591018	-253.7408105337
69	1.7746826451	0.3793591018	-372.3699120098
70	2.2476161479	0.3793591018	-364.6490049781
71	1.4389507071	0.3793591018	-342.7739929290
72	1.7825372000	0.3793591018	-351.8267628154
73	0.0459647210	0.3793591018	-32.4466519455
74	0.5145603421	0.3793591018	-223.0044446383
75	1.4292772705	0.3793591018	-334.0425411993
76	1.3665088125	0.3793591018	-362.3213246600
77	0.0692897890	0.3793591018	-47.4211173926
78	1.8188326814	0.3793591018	-370.8478018613
79	2.1248956239	0.3793591018	-358.9475247186
80	0.5245897368	0.3793591018	-215.5806172654
81	1.2833974375	0.3793591018	-323.5290284823
82	2.1347224119	0.3793591018	-384.0580322777
83	2.0496674645	0.3793591018	-375.5491853963
84	0.7610680336	0.3793591018	-291.2662621450
85	0.6466963288	0.3793591018	-239.3363547663
86	1.1442890659	0.3793591018	-356.5177912991
87	1.3465717066	0.3793591018	-354.3663576719
88	0.5973661838	0.3793591018	-246.1373996060
89	0.6580204378	0.3793591018	-242.8950568043
90	2.5934989981	0.3793591018	-378.3721565256
91	0.2141081929	0.3793591018	-114.7329843159
92	1.0261664253	0.3793591018	-298.3514276464
93	1.5182715118	0.3793591018	-357.9981123589
94	0.6248457353	0.3793591018	-240.5421096823
95	0.5610047371	0.3793591018	-227.2295856819
96	2.2804567972	0.3793591018	-374.4725852009
97	1.8250526305	0.3793591018	-355.1483957192
98	1.4114079434	0.3793591018	-344.2336972264
99	1.8166734741	0.3793591018	-382.2941100352
100	0.1767135043	0.3793591018	-98.0452012271
101	0.2764592957	0.3793591018	-130.6025029094
102	1.6399457067	0.3793591018	-357.3396029203
103	2.4460458515	0.3793591018	-367.4789812315
104	0.4159901025	0.3793591018	-184.9496288501
105	1.7699109021	0.3793591018	-373.6091789685
106	2.3556905398	0.3793591018	-364.2820065409
107	0.5774032681	0.3793591018	-234.7554523175
108	2.3037156663	0.3793591018	-363.1892928217
109	3.6270487938	0.3793591018	-381.4248431164
110	2.0693144898	0.3793591018	-364.6981872422
111	0.0228899757	0.3793591018	-19.9627229705
112	1.8988937146	0.3793591018	-364.1109495793
113	2.0237911741	0.3793591018	-379.5935881999
114	0.9706279850	0.3793591018	-332.3368562327
115	1.5185865970	0.3793591018	-355.2017767351
116	2.0372189939	0.3793591018	-377.0990416269
117	1.7413653614	0.3793591018	-358.6272079623
118	1.1506084970	0.3793591018	-320.6406521237
119	1.3183214836	0.3793591018	-351.6171916172
120	2.2712590500	0.3793591018	-371.6937493968
121	0.7852217886	0.3793591018	-279.8811066258
122	0.3234046839	0.3793591018	-144.8408351857
123	1.5654547465	0.3793591018	-364.1593296564
124	2.6928769785	0.3793591018	-378.2882495960
