site	rate	t	lnL
1	1.8740717033	0.0622646367	-158.5126944057
2	0.6429620162	0.0622646367	-67.5535481748
3	2.2611588759	0.0622646367	-174.1323308312
4	1.6560434608	0.0622646367	-140.8482109956
5	0.0000000000	0.0622646367	-2.4937663458
6	1.7211188486	0.0622646367	-147.6829224080
7	0.6586475700	0.0622646367	-61.9340395868
8	0.2179043354	0.0622646367	-28.0027893004
9	1.2061309728	0.0622646367	-118.1570040720
10	1.6254482747	0.0622646367	-146.0093822890
11	0.1443982966	0.0622646367	-19.6388402233
12	1.6400242004	0.0622646367	-135.0273795529
13	1.0532369184	0.0622646367	-98.6031060618
14	1.0309845067	0.0622646367	-106.1726949302
15	0.2901252730	0.0622646367	-33.0753536545
16	2.4629634518	0.0622646367	-197.5739287338
17	1.2622420010	0.0622646367	-113.2238751421
18	0.6139833771	0.0622646367	-66.6708701310
19	0.8423671676	0.0622646367	-87.2597995869
20	0.0000000000	0.0622646367	-2.8414375949
21	1.3386128533	0.0622646367	-114.6622543089
22	0.8207656632	0.0622646367	-84.0151388521
23	1.5405705120	0.0622646367	-127.8881313732
24	0.0662820180	0.0622646367	-12.5472626343
25	1.2458471382	0.0622646367	-124.3170713899
26	0.0667942786	0.0622646367	-11.6815322770
27	0.7074981584	0.0622646367	-72.5422495402
28	0.0000000000	0.0622646367	-2.4937663458
29	0.0000000000	0.0622646367	-2.1263936783
30	0.2796165667	0.0622646367	-35.5901921368
31	1.5793098479	0.0622646367	-140.4173187442
32	0.7071149202	0.0622646367	-71.3747516785
33	0.0000000000	0.0622646367	-3.2313652889
34	1.7404559657	0.0622646367	-139.3155654910
35	0.4777309956	0.0622646367	-54.1883511210
36	1.2837195094	0.0622646367	-112.7030036857
37	1.4813325163	0.0622646367	-140.3868913389
38	1.7839687768	0.0622646367	-155.6632212126
39	1.4949512301	0.0622646367	-137.1614347028
40	1.6270560492	0.0622646367	-146.2059304847
41	0.5551107107	0.0622646367	-60.4015957508
42	1.7389128103	0.0622646367	-149.5614827885
43	0.6126118767	0.0622646367	-67.2563683669
44	1.8824753272	0.0622646367	-163.4076836233
45	1.5476267071	0.0622646367	-140.5306751312
46	0.5516248754	0.0622646367	-62.4939000546
47	0.0662382691	0.0622646367	-11.8487007238
48	0.7754352521	0.0622646367	-80.5538891822
49	1.7637767036	0.0622646367	-153.9437513897
50	0.3431540322	0.0622646367	-43.4785195228
51	0.0000000000	0.0622646367	-2.8414375949
52	0.2783572353	0.0622646367	-34.5422760290
53	1.6293331270	0.0622646367	-139.1093079823
54	0.9877677185	0.0622646367	-98.3891547699
55	0.4780908646	0.0622646367	-55.7882733002
56	0.6816776143	0.0622646367	-72.2160186436
57	0.1987239229	0.0622646367	-29.2283621196
58	1.2753910646	0.0622646367	-111.8815419138
59	1.4912684822	0.0622646367	-137.2195911896
60	0.6235462967	0.0622646367	-68.9680086630
61	0.0000000000	0.0622646367	-2.4937663458
62	1.2970714023	0.0622646367	-119.6419986906
63	0.1315897816	0.0622646367	-21.0598494902
64	0.3412654507	0.0622646367	-42.5326315133
65	0.7511271727	0.0622646367	-81.3618366788
66	0.6699795299	0.0622646367	-77.7356226274
67	1.6779844568	0.0622646367	-155.7635317178
68	1.3379602967	0.0622646367	-122.7897344675
69	1.7828885683	0.0622646367	-159.6387225369
70	1.3432433871	0.0622646367	-124.2553128901
71	1.4128182194	0.0622646367	-127.4056650976
72	1.2973044103	0.0622646367	-129.2714976865
73	0.0000000000	0.0622646367	-2.4937663458
74	0.1354570142	0.0622646367	-21.6475896522
75	1.0468440710	0.0622646367	-102.2694566303
76	1.2517704401	0.0622646367	-118.0190416559
77	0.0000000000	0.0622646367	-2.4937663458
78	2.2994918750	0.0622646367	-189.1315308045
79	1.3901041393	0.0622646367	-123.3693979205
80	0.2782449359	0.0622646367	-35.9204531372
81	1.0644509628	0.0622646367	-100.7709516510
82	1.8758281767	0.0622646367	-163.3444986585
83	1.6367967688	0.0622646367	-144.1918501672
84	1.5767143065	0.0622646367	-141.0207533152
85	0.5818680356	0.0622646367	-61.0729598890
86	1.4863846269	0.0622646367	-135.0478008217
87	1.1280944528	0.0622646367	-109.0860972349
88	1.3976607408	0.0622646367	-132.1113275306
89	0.2913650209	0.0622646367	-33.5470739032
90	1.1233965423	0.0622646367	-108.2494806577
91	0.1388606992	0.0622646367	-21.0563457087
92	0.8078026924	0.0622646367	-83.2644098280
93	1.4178401983	0.0622646367	-129.8442030630
94	0.4912914189	0.0622646367	-54.9951692295
95	0.8232861897	0.0622646367	-88.7158365833
96	1.7865172956	0.0622646367	-158.3274167296
97	1.2082108558	0.0622646367	-113.7766789348
98	1.3543142606	0.0622646367	-129.1125785855
99	1.1193198986	0.0622646367	-109.9983365150
100	0.7527553153	0.0622646367	-79.5254803728
101	0.3633508767	0.0622646367	-40.1540231740
102	2.8377221818	0.0622646367	-217.1790395040
103	0.9715938051	0.0622646367	-89.4192952219
104	0.0667202624	0.0622646367	-12.3039434227
105	1.0409874313	0.0622646367	-100.4633670875
106	1.2538076062	0.0622646367	-119.1939681640
107	0.5550361962	0.0622646367	-60.1764418236
108	1.2629882773	0.0622646367	-122.4641977726
109	1.6856976651	0.0622646367	-158.0985871288
110	1.8090949204	0.0622646367	-154.4949128566
111	0.0000000000	0.0622646367	-2.4937663458
112	1.5497464892	0.0622646367	-141.4705139134
113	1.3694765946	0.0622646367	-134.6596402191
114	0.8936937995	0.0622646367	-95.1283281807
115	1.1085699957	0.0622646367	-106.7785827896
116	1.5410400853	0.0622646367	-141.5024536680
117	1.5616731168	0.0622646367	-137.8544089744
118	0.4821750339	0.0622646367	-56.4414237344
119	1.2890594292	0.0622646367	-125.1737584311
120	1.3116443483	0.0622646367	-127.5949478104
121	0.7493112242	0.0622646367	-82.0069183146
122	1.4821721849	0.0622646367	-132.8462365402
123	1.2725495011	0.0622646367	-121.9730044598
124	1.5472033148	0.0622646367	-142.5910187952
