site	rate	t	lnL
1	2.4662978368	0.3716352649	-372.8929985224
2	0.5464770509	0.3716352649	-230.0156900308
3	1.6677624376	0.3716352649	-364.5087217462
4	2.5886663955	0.3716352649	-376.0096093100
5	0.1033045179	0.3716352649	-64.0308625073
6	2.5922467779	0.3716352649	-374.9284455752
7	0.4930352888	0.3716352649	-215.0266201037
8	1.2220008966	0.3716352649	-344.6970801867
9	2.5862715330	0.3716352649	-376.4953790680
10	1.8742051808	0.3716352649	-365.8372281095
11	0.5885812201	0.3716352649	-241.7366308675
12	2.8801870245	0.3716352649	-376.6808905481
13	1.2489268206	0.3716352649	-340.4429859116
14	0.4503035255	0.3716352649	-198.7007557141
15	0.4373226595	0.3716352649	-197.8930939460
16	2.3201773370	0.3716352649	-371.1326379832
17	1.5078965516	0.3716352649	-354.5947862662
18	1.1442922226	0.3716352649	-327.4482714862
19	2.1691987216	0.3716352649	-369.9765840690
20	0.1871168051	0.3716352649	-106.4440858931
21	1.4223218362	0.3716352649	-357.5910993411
22	1.3323950305	0.3716352649	-351.5960412839
23	0.7641993568	0.3716352649	-282.0099979503
24	0.0912861965	0.3716352649	-61.3457803453
25	1.4809522873	0.3716352649	-348.2973630928
26	0.1867840335	0.3716352649	-106.4703712524
27	0.4515122555	0.3716352649	-204.4292122555
28	0.1030498582	0.3716352649	-65.5569399229
29	0.2369763023	0.3716352649	-126.6048692633
30	0.7521843276	0.3716352649	-275.0363599358
31	1.9930140163	0.3716352649	-370.5227021648
32	0.9425091376	0.3716352649	-313.5198106595
33	0.2740621968	0.3716352649	-146.4386623874
34	1.6176844327	0.3716352649	-362.1922110720
35	1.2448938493	0.3716352649	-345.2643169455
36	2.1034200672	0.3716352649	-371.3036561981
37	0.7877993244	0.3716352649	-282.7513335476
38	2.1205331013	0.3716352649	-368.1529977448
39	2.1723093109	0.3716352649	-372.4226112668
40	1.2858921789	0.3716352649	-341.9597468777
41	1.1517538406	0.3716352649	-331.1054354624
42	1.6757928331	0.3716352649	-360.4057587801
43	1.1649999205	0.3716352649	-331.7865096933
44	2.0575070143	0.3716352649	-374.0979952183
45	1.0442151515	0.3716352649	-319.9469629554
46	0.8373409735	0.3716352649	-286.7713001386
47	0.6914673359	0.3716352649	-262.9155888676
48	1.5333090670	0.3716352649	-358.5935380728
49	0.9545875976	0.3716352649	-309.9778434238
50	0.9949254541	0.3716352649	-313.0231542494
51	0.0000000000	0.3716352649	-2.9957322736
52	0.5586733674	0.3716352649	-232.0014853872
53	0.8771343969	0.3716352649	-295.6748408747
54	1.0518966441	0.3716352649	-315.9543021334
55	0.6972236719	0.3716352649	-264.9611188823
56	1.1210119205	0.3716352649	-334.3423903087
57	0.1384021539	0.3716352649	-85.8815001926
58	1.1873554652	0.3716352649	-338.9115292643
59	2.5246167944	0.3716352649	-374.4681808545
60	0.8746712478	0.3716352649	-298.2067666006
61	0.1031188619	0.3716352649	-67.2253910528
62	1.9887030657	0.3716352649	-368.7519003219
63	0.6018208574	0.3716352649	-241.0260215513
64	0.8945274278	0.3716352649	-297.7084667892
65	2.3429750982	0.3716352649	-373.3664341767
66	0.7938103979	0.3716352649	-284.7422855451
67	2.0719759847	0.3716352649	-367.0432563055
68	0.8833640148	0.3716352649	-291.6411189752
69	2.2263910073	0.3716352649	-373.9938292494
70	1.8633448211	0.3716352649	-369.2123125506
71	1.2393145504	0.3716352649	-338.1437916164
72	2.0768425704	0.3716352649	-373.1686648318
73	0.0798387799	0.3716352649	-53.5160436344
74	0.6660213861	0.3716352649	-256.9584042954
75	1.1314649361	0.3716352649	-335.7428972463
76	2.0647443554	0.3716352649	-365.1250908990
77	0.0566431915	0.3716352649	-42.2814513019
78	2.4254626410	0.3716352649	-371.7737527865
79	2.9220721287	0.3716352649	-378.9265696527
80	0.8411490631	0.3716352649	-284.5057894794
81	1.1232546471	0.3716352649	-324.3677062164
82	2.3760405249	0.3716352649	-372.4954662208
83	1.9620772973	0.3716352649	-364.5847386666
84	0.9424045016	0.3716352649	-305.4710589372
85	0.7158475602	0.3716352649	-266.9835275697
86	1.2591850537	0.3716352649	-342.1640302320
87	2.1387106570	0.3716352649	-370.5902824151
88	0.6586524506	0.3716352649	-255.3895718559
89	0.3788706330	0.3716352649	-178.9532819631
90	2.7014331628	0.3716352649	-374.9529578359
91	0.3944448755	0.3716352649	-185.9623858531
92	0.7764104460	0.3716352649	-276.9424331009
93	1.6223069946	0.3716352649	-356.6211215480
94	0.5688936470	0.3716352649	-235.6497766986
95	0.8427550654	0.3716352649	-291.7284484525
96	2.3529889906	0.3716352649	-373.5568545589
97	1.9137351878	0.3716352649	-368.5777826742
98	0.8507114296	0.3716352649	-291.7164961955
99	3.3812519025	0.3716352649	-380.6369821921
100	0.4967371039	0.3716352649	-212.5138113485
101	0.3015209597	0.3716352649	-152.4873449178
102	2.9547849733	0.3716352649	-377.5488288670
103	1.5948090138	0.3716352649	-362.2067435151
104	0.3803466521	0.3716352649	-181.9623205181
105	1.6820044736	0.3716352649	-364.1090977357
106	1.6177223363	0.3716352649	-359.5770175009
107	0.5728269530	0.3716352649	-241.5155349784
108	2.4083703077	0.3716352649	-376.0758799625
109	2.5988323192	0.3716352649	-376.3902047361
110	2.7126026107	0.3716352649	-375.3428720351
111	0.0112216044	0.3716352649	-12.4713721424
112	2.2885688479	0.3716352649	-371.1998838479
113	1.6462884016	0.3716352649	-358.8533214467
114	0.5845987896	0.3716352649	-237.0756509039
115	1.5408235591	0.3716352649	-357.5949840392
116	2.6159824095	0.3716352649	-374.0370404916
117	1.9759881927	0.3716352649	-366.2402363699
118	1.1420928452	0.3716352649	-333.8705839661
119	1.1554683396	0.3716352649	-337.0259761224
120	2.4028538883	0.3716352649	-378.6637747832
121	0.4368476955	0.3716352649	-194.4760010337
122	0.3273165700	0.3716352649	-159.9021940651
123	1.6352598588	0.3716352649	-372.6655517431
124	2.5030297998	0.3716352649	-373.1011763024
