site	rate	t	lnL
1	1.5050406994	0.0617344037	-147.3806460173
2	0.2340904229	0.0617344037	-37.8515103655
3	1.1450342049	0.0617344037	-103.6194990175
4	1.0989529984	0.0617344037	-104.0603709905
5	0.0518725417	0.0617344037	-13.6375006263
6	1.1391164191	0.0617344037	-122.2901500964
7	0.5540337069	0.0617344037	-43.0522124114
8	0.6670534573	0.0617344037	-74.0531800465
9	1.9785208525	0.0617344037	-177.7369765249
10	1.0546650723	0.0617344037	-119.3562518997
11	1.6576694126	0.0617344037	-150.8976418560
12	3.5171079925	0.0617344037	-161.3805441998
13	0.9378476658	0.0617344037	-116.9399451035
14	0.5690480038	0.0617344037	-53.2710920016
15	1.5935827978	0.0617344037	-88.8612093569
16	1.5071470914	0.0617344037	-163.7084646162
17	0.8083541952	0.0617344037	-78.6211701627
18	0.2583119156	0.0617344037	-34.7221808447
19	2.8327396062	0.0617344037	-150.9876528606
20	0.3057084637	0.0617344037	-29.5491292396
21	1.0654117134	0.0617344037	-105.0123939333
22	1.2344192312	0.0617344037	-135.5875447673
23	0.4319937782	0.0617344037	-65.0337558141
24	0.1604617349	0.0617344037	-19.5433641116
25	2.2825223626	0.0617344037	-173.6205449464
26	0.0646650012	0.0617344037	-11.3914063073
27	0.3555889049	0.0617344037	-33.7703472234
28	0.0000000000	0.0617344037	-2.5200429735
29	0.0000000000	0.0617344037	-2.0297876953
30	0.1370457938	0.0617344037	-34.1096212505
31	2.4636727138	0.0617344037	-182.9212186098
32	1.5201223362	0.0617344037	-166.5305907968
33	0.0000000000	0.0617344037	-3.9585790240
34	1.7487818486	0.0617344037	-155.6153568814
35	0.5286281210	0.0617344037	-32.6908433124
36	1.5099032668	0.0617344037	-123.2433647412
37	0.8020288873	0.0617344037	-68.2924651984
38	1.6140956904	0.0617344037	-136.2124632390
39	1.5818425370	0.0617344037	-186.5468314968
40	0.9102753783	0.0617344037	-88.2132230640
41	2.5811928153	0.0617344037	-186.2240271772
42	1.6840135572	0.0617344037	-154.8995054407
43	1.0163889417	0.0617344037	-74.0693964534
44	1.5153127167	0.0617344037	-134.4788885612
45	0.5060224425	0.0617344037	-55.1412264646
46	0.1591528682	0.0617344037	-19.7269966157
47	1.1377316628	0.0617344037	-66.3663455733
48	0.8239086118	0.0617344037	-99.2805390115
49	0.6890349730	0.0617344037	-95.0357408396
50	0.7872157221	0.0617344037	-79.1963893851
51	0.0000000000	0.0617344037	-2.4316621353
52	0.4359282399	0.0617344037	-53.2295888744
53	1.3647904689	0.0617344037	-149.2661949259
54	0.8085916163	0.0617344037	-108.7064132267
55	2.7459773478	0.0617344037	-171.9101361101
56	1.0904659353	0.0617344037	-102.1000958128
57	0.4334010603	0.0617344037	-32.1523680775
58	0.7820250744	0.0617344037	-72.0372941006
59	1.4157723890	0.0617344037	-146.7126317264
60	0.4261388073	0.0617344037	-57.8459496528
61	0.0521440519	0.0617344037	-12.5640994343
62	2.1445549496	0.0617344037	-171.7495299060
63	0.5101683640	0.0617344037	-57.2386661804
64	1.6900906103	0.0617344037	-156.3129396171
65	1.5309793072	0.0617344037	-156.5999804385
66	0.1361910569	0.0617344037	-29.3171948899
67	1.8686620761	0.0617344037	-110.3509947811
68	0.0790599011	0.0617344037	-11.1844544609
69	0.8952090534	0.0617344037	-116.9192540895
70	1.1301866837	0.0617344037	-125.3928185855
71	0.8014019939	0.0617344037	-111.3549315301
72	1.7842068208	0.0617344037	-118.9037097760
73	0.0521391059	0.0617344037	-12.5640994298
74	0.0794614533	0.0617344037	-11.5828002509
75	0.9659571291	0.0617344037	-111.5853243787
76	1.2658559948	0.0617344037	-69.1341060273
77	0.1573181129	0.0617344037	-29.3455476134
78	1.3295296685	0.0617344037	-119.7040826166
79	1.0341898408	0.0617344037	-113.4401370556
80	0.3672579015	0.0617344037	-54.3159652545
81	1.0401175823	0.0617344037	-96.2090116733
82	2.4274620378	0.0617344037	-185.9411289754
83	2.1575092926	0.0617344037	-122.5033667470
84	2.2227263248	0.0617344037	-125.3793282662
85	0.4222480436	0.0617344037	-66.3363967588
86	1.3207362416	0.0617344037	-98.6815935419
87	1.8286858798	0.0617344037	-133.0762886266
88	1.2100577610	0.0617344037	-134.5062961004
89	0.1139862758	0.0617344037	-20.2367004952
90	1.4845450667	0.0617344037	-120.2072295745
91	0.0519644856	0.0617344037	-14.5294606380
92	2.0592825187	0.0617344037	-100.2766892720
93	1.9771149124	0.0617344037	-122.9159670340
94	0.2877979358	0.0617344037	-43.0386220305
95	0.2335851797	0.0617344037	-28.0609178535
96	0.8874320183	0.0617344037	-142.1000961389
97	1.1670858902	0.0617344037	-128.6862418243
98	0.9057526474	0.0617344037	-90.5014739542
99	1.6983931441	0.0617344037	-144.1416043114
100	0.0795279325	0.0617344037	-12.2234559508
101	0.2174150683	0.0617344037	-21.7865927000
102	3.2142781709	0.0617344037	-218.8208323296
103	1.9807500768	0.0617344037	-151.9760844128
104	1.6765609274	0.0617344037	-95.0185354769
105	1.7373669128	0.0617344037	-102.9736984987
106	2.3635913178	0.0617344037	-117.2101219656
107	0.5215172526	0.0617344037	-68.2939563987
108	1.3916076478	0.0617344037	-148.8036658820
109	1.5088861473	0.0617344037	-159.1179082854
110	2.1707915590	0.0617344037	-167.9947304883
111	0.0000000000	0.0617344037	-2.5200429735
112	1.7943793481	0.0617344037	-179.6838560729
113	1.5760564070	0.0617344037	-167.8378247495
114	1.4895874187	0.0617344037	-120.2481687765
115	1.2224063318	0.0617344037	-76.7028786268
116	1.2127613919	0.0617344037	-146.0918506669
117	2.4337535335	0.0617344037	-205.3454941892
118	0.9940063951	0.0617344037	-116.9246984486
119	0.7017115498	0.0617344037	-67.0611840866
120	2.1723633616	0.0617344037	-173.1247145739
121	0.3139443255	0.0617344037	-36.8756475585
122	0.0000000000	0.0617344037	-2.5200429735
123	1.1442930846	0.0617344037	-128.7147063953
124	2.3594758461	0.0617344037	-124.9543166482
