site	rate	t	lnL
1	1.3640633670	0.0061284463	-20.5563231793
2	0.0000000000	0.0061284463	-2.9957322736
3	1.3643549417	0.0061284463	-20.5559004992
4	1.3640635305	0.0061284463	-20.5563231793
5	0.0000000000	0.0061284463	-2.9957322736
6	2.7426736942	0.0061284463	-35.3240622253
7	0.6804592836	0.0061284463	-12.4713721414
8	0.6804593349	0.0061284463	-12.4713721414
9	0.0000000000	0.0061284463	-2.9957322736
10	3.4349045472	0.0061284463	-42.2814489580
11	0.6804592836	0.0061284463	-12.4713721414
12	0.6806028494	0.0061284463	-12.4711624560
13	0.6804592836	0.0061284463	-12.4713721414
14	0.0000000000	0.0061284463	-2.9957322736
15	0.0000000000	0.0061284463	-2.9957322736
16	0.6806029442	0.0061284463	-12.4711623680
17	0.0000000000	0.0061284463	-2.9957322736
18	0.0000000000	0.0061284463	-2.9957322736
19	0.6804593051	0.0061284463	-12.4713721414
20	0.0000000000	0.0061284463	-2.9957322736
21	0.0000000000	0.0061284463	-2.9957322736
22	0.6804592766	0.0061284463	-12.4713721414
23	0.6804592836	0.0061284463	-12.4713721414
24	0.0000000000	0.0061284463	-2.9957322736
25	0.0000000000	0.0061284463	-2.9957322736
26	0.0000000000	0.0061284463	-2.9957322736
27	0.0000000000	0.0061284463	-2.9957322736
28	0.0000000000	0.0061284463	-2.9957322736
29	1.3646474251	0.0061284463	-20.5554773700
30	2.7420688227	0.0061284463	-35.3249229471
31	2.0512957479	0.0061284463	-28.1129663645
32	1.3643556606	0.0061284463	-20.5559001414
33	0.0000000000	0.0061284463	-2.9957322736
34	0.6806028864	0.0061284463	-12.4711623680
35	0.6806028742	0.0061284463	-12.4711624560
36	1.3640635265	0.0061284463	-20.5563231793
37	1.3643551599	0.0061284463	-20.5559004992
38	1.3646469261	0.0061284463	-20.5554777276
39	1.3643551735	0.0061284463	-20.5559004992
40	1.3655203030	0.0061284463	-20.5542107978
41	2.0512969581	0.0061284463	-28.1129655473
42	0.6804592666	0.0061284463	-12.4713721414
43	2.0517427270	0.0061284463	-28.1123255381
44	0.6806029418	0.0061284463	-12.4711623680
45	0.0000000000	0.0061284463	-2.9957322736
46	0.0000000000	0.0061284463	-2.9957322736
47	0.0000000000	0.0061284463	-2.9957322736
48	0.0000000000	0.0061284463	-2.9957322736
49	1.3646473967	0.0061284463	-20.5554773700
50	0.6806029508	0.0061284463	-12.4711623680
51	0.0000000000	0.0061284463	-2.9957322736
52	0.0000000000	0.0061284463	-2.9957322736
53	1.3643551599	0.0061284463	-20.5559004992
54	1.3643552292	0.0061284463	-20.5559004992
55	0.0000000000	0.0061284463	-2.9957322736
56	0.6804592683	0.0061284463	-12.4713721414
57	0.0000000000	0.0061284463	-2.9957322736
58	2.7420687619	0.0061284463	-35.3249229471
59	1.3640635137	0.0061284463	-20.5563231793
60	0.6804591413	0.0061284463	-12.4713721414
61	0.0000000000	0.0061284463	-2.9957322736
62	1.3646467951	0.0061284463	-20.5554777277
63	2.0517427913	0.0061284463	-28.1123255404
64	1.3643551455	0.0061284463	-20.5559004992
65	1.3640633004	0.0061284463	-20.5563231793
66	1.3646469184	0.0061284463	-20.5554777277
67	3.4390731410	0.0061284463	-41.1768242068
68	2.0508534879	0.0061284463	-28.1136037912
69	0.6806028207	0.0061284463	-12.4711624560
70	0.6806028190	0.0061284463	-12.4711624560
71	1.3646473889	0.0061284463	-20.5554773697
72	1.3643556576	0.0061284463	-20.5559001414
73	0.0000000000	0.0061284463	-2.9957322736
74	0.0000000000	0.0061284463	-2.9957322736
75	0.6806029246	0.0061284463	-12.4711624560
76	4.1354084915	0.0061284463	-49.0260023695
77	0.0000000000	0.0061284463	-2.9957322736
78	1.3643556430	0.0061284463	-20.5559001410
79	2.0517404530	0.0061284463	-28.1123271755
80	1.3640635277	0.0061284463	-20.5563231793
81	0.0000000000	0.0061284463	-2.9957322736
82	0.6804592762	0.0061284463	-12.4713721414
83	2.7420727772	0.0061284463	-35.3249200195
84	2.7408620506	0.0061284463	-35.3266423273
85	0.0000000000	0.0061284463	-2.9957322736
86	0.6804593079	0.0061284463	-12.4713721414
87	1.3643556523	0.0061284463	-20.5559001417
88	0.0000000000	0.0061284463	-2.9957322736
89	0.6806028002	0.0061284463	-12.4711624560
90	0.6804593035	0.0061284463	-12.4713721414
91	0.0000000000	0.0061284463	-2.9957322736
92	1.3646473888	0.0061284463	-20.5554773697
93	0.6804592836	0.0061284463	-12.4713721414
94	0.0000000000	0.0061284463	-2.9957322736
95	0.0000000000	0.0061284463	-2.9957322736
96	4.8328675956	0.0061284463	-55.6075367342
97	1.3643551173	0.0061284463	-20.5559004992
98	2.7432586218	0.0061284463	-35.3232158022
99	0.6806028534	0.0061284463	-12.4711623680
100	0.0000000000	0.0061284463	-2.9957322736
101	0.0000000000	0.0061284463	-2.9957322736
102	1.3646474140	0.0061284463	-20.5554773700
103	1.3655208895	0.0061284463	-20.5542104389
104	0.0000000000	0.0061284463	-2.9957322736
105	0.6804592595	0.0061284463	-12.4713721414
106	2.0517416056	0.0061284463	-28.1123263556
107	2.0517427482	0.0061284463	-28.1123255394
108	0.0000000000	0.0061284463	-2.9957322736
109	0.6806029207	0.0061284463	-12.4711623680
110	2.0521864684	0.0061284463	-28.1116870277
111	0.0000000000	0.0061284463	-2.9957322736
112	1.3640633981	0.0061284463	-20.5563231793
113	2.7420667489	0.0061284463	-35.3249244240
114	0.6806029483	0.0061284463	-12.4711623680
115	0.0000000000	0.0061284463	-2.9957322736
116	0.6806028266	0.0061284463	-12.4711623680
117	4.1335249616	0.0061284463	-49.0286328919
118	2.0517415814	0.0061284463	-28.1123263569
119	0.6804593566	0.0061284463	-12.4713721414
120	0.6804593054	0.0061284463	-12.4713721414
121	1.3646478495	0.0061284463	-20.5554770158
122	0.0000000000	0.0061284463	-2.9957322736
123	2.0512957722	0.0061284463	-28.1129663645
124	2.0526227091	0.0061284463	-28.1110539804
