site	rate	t	lnL
1	2.2235886882	0.0056560440	-28.1116870277
2	2.2231064954	0.0056560440	-28.1123263580
3	1.4779923542	0.0056560440	-20.5563231793
4	0.0000000000	0.0056560440	-2.9957322736
5	0.0000000000	0.0056560440	-2.9957322736
6	2.2226246725	0.0056560440	-28.1129655463
7	0.0000000000	0.0056560440	-2.9957322736
8	0.7372924290	0.0056560440	-12.4713721414
9	2.9736901859	0.0056560440	-35.3214948809
10	1.4783089057	0.0056560440	-20.5559001414
11	0.7372924113	0.0056560440	-12.4713721414
12	1.4786245246	0.0056560440	-20.5554777277
13	0.0000000000	0.0056560440	-2.9957322736
14	1.4783089356	0.0056560440	-20.5559001417
15	0.0000000000	0.0056560440	-2.9957322736
16	0.7374478840	0.0056560440	-12.4711624560
17	0.7372923807	0.0056560440	-12.4713721414
18	1.4779924074	0.0056560440	-20.5563231793
19	2.9717441405	0.0056560440	-35.3240637022
20	0.7372924884	0.0056560440	-12.4713721414
21	0.0000000000	0.0056560440	-2.9957322736
22	0.7374478841	0.0056560440	-12.4711624560
23	0.0000000000	0.0056560440	-2.9957322736
24	0.0000000000	0.0056560440	-2.9957322736
25	0.7374479123	0.0056560440	-12.4711624560
26	0.0000000000	0.0056560440	-2.9957322736
27	0.0000000000	0.0056560440	-2.9957322736
28	0.0000000000	0.0056560440	-2.9957322736
29	0.0000000000	0.0056560440	-2.9957322736
30	1.4779924086	0.0056560440	-20.5563231793
31	0.7374480146	0.0056560440	-12.4711623680
32	0.7372923807	0.0056560440	-12.4713721414
33	0.7374480146	0.0056560440	-12.4711623680
34	0.7374478841	0.0056560440	-12.4711624560
35	0.7372923553	0.0056560440	-12.4713721414
36	1.4786250907	0.0056560440	-20.5554773697
37	1.4783099908	0.0056560440	-20.5558994299
38	0.0000000000	0.0056560440	-2.9957322736
39	3.7357323104	0.0056560440	-42.2631533626
40	2.2226234474	0.0056560440	-28.1129663632
41	1.4783089354	0.0056560440	-20.5559001417
42	1.4795714151	0.0056560440	-20.5542104392
43	2.2231064848	0.0056560440	-28.1123263569
44	0.7374480145	0.0056560440	-12.4711623680
45	1.4779920140	0.0056560440	-20.5563231793
46	0.0000000000	0.0056560440	-2.9957322736
47	2.2231064925	0.0056560440	-28.1123263569
48	0.0000000000	0.0056560440	-2.9957322736
49	0.0000000000	0.0056560440	-2.9957322736
50	0.7374479204	0.0056560440	-12.4711624560
51	0.0000000000	0.0056560440	-2.9957322736
52	0.0000000000	0.0056560440	-2.9957322736
53	0.7372924090	0.0056560440	-12.4713721414
54	1.4786242888	0.0056560440	-20.5554777277
55	0.0000000000	0.0056560440	-2.9957322736
56	0.0000000000	0.0056560440	-2.9957322736
57	0.0000000000	0.0056560440	-2.9957322736
58	2.2231052638	0.0056560440	-28.1123271755
59	2.2231064999	0.0056560440	-28.1123263569
60	0.7374478841	0.0056560440	-12.4711624560
61	0.0000000000	0.0056560440	-2.9957322736
62	0.0000000000	0.0056560440	-2.9957322736
63	1.4786255992	0.0056560440	-20.5554770124
64	0.0000000000	0.0056560440	-2.9957322736
65	1.4786254622	0.0056560440	-20.5554770121
66	2.2231101921	0.0056560440	-28.1123239161
67	2.2226246832	0.0056560440	-28.1129655473
68	0.0000000000	0.0056560440	-2.9957322736
69	4.4807540881	0.0056560440	-49.0260356891
70	0.0000000000	0.0056560440	-2.9957322736
71	0.7374478959	0.0056560440	-12.4711624560
72	0.7374480145	0.0056560440	-12.4711623680
73	0.0000000000	0.0056560440	-2.9957322736
74	0.0000000000	0.0056560440	-2.9957322736
75	3.7259161230	0.0056560440	-42.2760526035
76	0.0000000000	0.0056560440	-2.9957322736
77	0.0000000000	0.0056560440	-2.9957322736
78	2.2226234377	0.0056560440	-28.1129663645
79	1.4779924268	0.0056560440	-20.5563231793
80	0.0000000000	0.0056560440	-2.9957322736
81	0.0000000000	0.0056560440	-2.9957322736
82	1.4783089824	0.0056560440	-20.5559001417
83	1.4783083480	0.0056560440	-20.5559004992
84	0.0000000000	0.0056560440	-2.9957322736
85	0.0000000000	0.0056560440	-2.9957322736
86	0.0000000000	0.0056560440	-2.9957322736
87	3.7250943818	0.0056560440	-42.2771301151
88	0.7374480145	0.0056560440	-12.4711623680
89	0.0000000000	0.0056560440	-2.9957322736
90	2.9710910213	0.0056560440	-35.3249229471
91	0.0000000000	0.0056560440	-2.9957322736
92	0.7372923807	0.0056560440	-12.4713721414
93	3.7209681101	0.0056560440	-42.2825288425
94	0.0000000000	0.0056560440	-2.9957322736
95	0.0000000000	0.0056560440	-2.9957322736
96	0.7372923614	0.0056560440	-12.4713721414
97	0.7374480146	0.0056560440	-12.4711623680
98	1.4786255586	0.0056560440	-20.5554770121
99	4.4767355297	0.0056560440	-49.0312553500
100	0.0000000000	0.0056560440	-2.9957322736
101	0.7372924189	0.0056560440	-12.4713721414
102	0.7374480577	0.0056560440	-12.4711623680
103	2.9704359710	0.0056560440	-35.3257834721
104	0.0000000000	0.0056560440	-2.9957322736
105	0.7374480335	0.0056560440	-12.4711623680
106	0.0000000000	0.0056560440	-2.9957322736
107	0.0000000000	0.0056560440	-2.9957322736
108	2.2231065370	0.0056560440	-28.1123263569
109	1.4783089335	0.0056560440	-20.5559001417
110	0.0000000000	0.0056560440	-2.9957322736
111	0.0000000000	0.0056560440	-2.9957322736
112	2.2231065178	0.0056560440	-28.1123263580
113	0.0000000000	0.0056560440	-2.9957322736
114	4.4807671464	0.0056560440	-49.0260271561
115	0.0000000000	0.0056560440	-2.9957322736
116	0.7372924048	0.0056560440	-12.4713721414
117	1.4783089365	0.0056560440	-20.5559001414
118	1.4786245221	0.0056560440	-20.5554777277
119	0.0000000000	0.0056560440	-2.9957322736
120	0.0000000000	0.0056560440	-2.9957322736
121	0.7372923008	0.0056560440	-12.4713721414
122	0.0000000000	0.0056560440	-2.9957322736
123	2.9717463835	0.0056560440	-35.3240622196
124	1.4786250619	0.0056560440	-20.5554773700
