site	rate	t	lnL
1	1.3595258245	0.0071214847	-11.5946616719
2	0.0000000000	0.0071214847	-2.6820553290
3	3.0093516185	0.0071214847	-51.1845169794
4	2.4782050531	0.0071214847	-41.6468533563
5	0.4565974716	0.0071214847	-11.7087632424
6	4.4338889304	0.0071214847	-27.5001676381
7	0.4730667228	0.0071214847	-11.6030136752
8	0.0000000000	0.0071214847	-2.0967271780
9	0.0000000000	0.0071214847	-2.8621693794
10	2.5549343728	0.0071214847	-33.8609392058
11	0.0000000000	0.0071214847	-2.8676973095
12	1.9856982923	0.0071214847	-37.6298084963
13	0.0000000000	0.0071214847	-2.6820553290
14	0.5246235086	0.0071214847	-12.9156966517
15	0.5908374407	0.0071214847	-11.8687333924
16	2.8200282554	0.0071214847	-30.7839166439
17	0.0000000000	0.0071214847	-2.0967271780
18	0.0000000000	0.0071214847	-3.0495755056
19	1.7257425993	0.0071214847	-34.7827140948
20	0.0000000000	0.0071214847	-2.5271156945
21	1.2138443016	0.0071214847	-18.0366647141
22	0.5795039149	0.0071214847	-13.4896615178
23	0.5202066406	0.0071214847	-13.1379468886
24	0.0000000000	0.0071214847	-3.1861510406
25	0.4759426542	0.0071214847	-16.0225775161
26	0.5746602925	0.0071214847	-11.2409473027
27	2.1378763516	0.0071214847	-29.9347734852
28	0.0000000000	0.0071214847	-2.2908099350
29	0.0000000000	0.0071214847	-2.0967271780
30	4.1562891701	0.0071214847	-28.4082759870
31	0.5361097126	0.0071214847	-11.9619840325
32	0.9889374969	0.0071214847	-20.7011631998
33	0.0000000000	0.0071214847	-2.5271156945
34	1.0875707358	0.0071214847	-24.0321219036
35	1.0538930887	0.0071214847	-22.9427597326
36	0.5594412962	0.0071214847	-13.4926885257
37	0.0000000000	0.0071214847	-3.1861510406
38	3.7771293698	0.0071214847	-35.8594620620
39	3.1034101928	0.0071214847	-19.0636848580
40	1.0390012540	0.0071214847	-23.6545681403
41	4.6751353116	0.0071214847	-28.9664500315
42	0.5107596644	0.0071214847	-14.0483644613
43	0.0000000000	0.0071214847	-2.9642277457
44	2.6717142218	0.0071214847	-22.9433311066
45	0.0000000000	0.0071214847	-2.9389099377
46	1.5233374119	0.0071214847	-11.5038204977
47	0.0000000000	0.0071214847	-3.2139735462
48	0.5586694883	0.0071214847	-11.2688898764
49	0.5353118907	0.0071214847	-13.2080474324
50	0.0000000000	0.0071214847	-2.8676973095
51	0.0000000000	0.0071214847	-2.5271156945
52	0.0000000000	0.0071214847	-2.0967271780
53	1.1329223419	0.0071214847	-23.6118710220
54	0.0000000000	0.0071214847	-2.7486832014
55	0.9551082855	0.0071214847	-17.5741923131
56	2.4622886557	0.0071214847	-37.6824309189
57	0.0000000000	0.0071214847	-3.2139735462
58	0.5239693051	0.0071214847	-14.6938009816
59	0.5088629456	0.0071214847	-11.1747287298
60	0.8731744237	0.0071214847	-12.3285088876
61	0.0000000000	0.0071214847	-2.2908099350
62	0.9854402399	0.0071214847	-20.6888478160
63	0.0000000000	0.0071214847	-3.1861510406
64	0.0000000000	0.0071214847	-2.8621693794
65	0.5748594908	0.0071214847	-11.5419070818
66	1.1320597217	0.0071214847	-19.8016312040
67	1.2176088323	0.0071214847	-19.8803961506
68	1.5517759352	0.0071214847	-11.8311949596
69	0.4604436283	0.0071214847	-15.2856733251
70	1.3879327190	0.0071214847	-30.7385302696
71	1.5504696886	0.0071214847	-31.2030483612
72	0.0000000000	0.0071214847	-2.7486832014
73	0.0000000000	0.0071214847	-2.2908099350
74	1.4379966121	0.0071214847	-31.1802161046
75	1.0955082910	0.0071214847	-21.0104546147
76	0.5744745554	0.0071214847	-11.4782031962
77	0.0000000000	0.0071214847	-2.2908099350
78	1.3320548187	0.0071214847	-12.1465620899
79	1.4410157692	0.0071214847	-30.1480679560
80	4.1103503420	0.0071214847	-31.9029748328
81	0.5750797421	0.0071214847	-11.7781826575
82	5.5806510717	0.0071214847	-95.6577133570
83	0.0000000000	0.0071214847	-2.9389099377
84	0.0000000000	0.0071214847	-2.9389099377
85	0.0000000000	0.0071214847	-2.0967271780
86	0.0000000000	0.0071214847	-2.8676973095
87	0.0000000000	0.0071214847	-2.0967271780
88	0.9583603909	0.0071214847	-26.8193860518
89	0.4669343249	0.0071214847	-10.7922505102
90	0.5913983560	0.0071214847	-14.0138279080
91	0.0000000000	0.0071214847	-2.2908099350
92	0.5876710422	0.0071214847	-14.8240780937
93	0.5109119272	0.0071214847	-14.2330440343
94	0.0000000000	0.0071214847	-3.4861032056
95	0.0000000000	0.0071214847	-2.8392800967
96	1.9081786831	0.0071214847	-22.6361257138
97	1.9919013085	0.0071214847	-38.7199553826
98	0.0000000000	0.0071214847	-2.5271156945
99	6.9688467669	0.0071214847	-53.5883037886
100	0.0000000000	0.0071214847	-2.5271156945
101	0.5746267658	0.0071214847	-9.8072571433
102	1.3861878842	0.0071214847	-30.3423683327
103	7.0670166317	0.0071214847	-48.6316613870
104	0.6146383055	0.0071214847	-11.2047857234
105	2.5420603412	0.0071214847	-21.2520950644
106	5.3406774707	0.0071214847	-79.5536871239
107	0.0000000000	0.0071214847	-2.6820553290
108	1.5366498664	0.0071214847	-25.3421844756
109	1.0234354130	0.0071214847	-20.5819833506
110	0.4575542053	0.0071214847	-13.5087165250
111	0.0000000000	0.0071214847	-2.2908099350
112	1.1557841684	0.0071214847	-20.4249347989
113	1.8912993074	0.0071214847	-31.1211329375
114	0.9475338566	0.0071214847	-13.9812692427
115	0.4703121037	0.0071214847	-13.2384997929
116	1.0382871654	0.0071214847	-23.5106286551
117	1.7406679521	0.0071214847	-26.9069650007
118	1.7895414188	0.0071214847	-24.3026820323
119	0.5624298756	0.0071214847	-12.4397489745
120	0.0000000000	0.0071214847	-2.9642277457
121	1.9643808107	0.0071214847	-38.8165028194
122	0.0000000000	0.0071214847	-2.2908099350
123	1.7299887138	0.0071214847	-32.8310410321
124	2.6219146183	0.0071214847	-30.6235651524
