site	rate	t	lnL
1	5.2043789380	0.5364143092	-390.8909781576
2	0.6676662097	0.5364143092	-300.8277720645
3	2.8220311281	0.5364143092	-390.8833923569
4	1.9470479579	0.5364143092	-346.6954463485
5	0.1703526412	0.5364143092	-172.4124404023
6	4.0635711577	0.5364143092	-383.5742647636
7	0.8706064930	0.5364143092	-271.6681351260
8	1.0568053978	0.5364143092	-329.1076739457
9	2.5740100171	0.5364143092	-388.7647722608
10	2.7316669252	0.5364143092	-373.4085348254
11	0.8836752320	0.5364143092	-257.6250372540
12	115.6540169464	0.5364143092	-389.1226040558
13	1.3691107410	0.5364143092	-362.4654546295
14	0.4924192398	0.5364143092	-266.4167440357
15	0.3554649247	0.5364143092	-244.8976730057
16	1.7172543687	0.5364143092	-373.1898664062
17	1.1180678034	0.5364143092	-346.5315021515
18	0.8562768849	0.5364143092	-333.7939377927
19	1.6352953990	0.5364143092	-377.2440702544
20	0.2345730299	0.5364143092	-156.8370494583
21	1.3564058740	0.5364143092	-321.1989426071
22	2.3735402188	0.5364143092	-376.1469801241
23	0.8691561351	0.5364143092	-294.1292795536
24	0.1492381704	0.5364143092	-57.1244914931
25	3.2933699088	0.5364143092	-387.1375751187
26	0.6860413348	0.5364143092	-296.8884029876
27	0.4137568852	0.5364143092	-223.8016581431
28	0.0060487875	0.5364143092	-12.7247647845
29	0.0879158854	0.5364143092	-102.1695509101
30	0.6073037326	0.5364143092	-294.5144360315
31	2.6780884927	0.5364143092	-373.3911899890
32	1.6529548655	0.5364143092	-311.0081272795
33	0.2021633177	0.5364143092	-135.2261777096
34	1.2937914269	0.5364143092	-373.8276509681
35	2.4908967783	0.5364143092	-347.6678842553
36	3.1839800628	0.5364143092	-378.1872179664
37	1.5061353752	0.5364143092	-320.5061359977
38	3.9016490601	0.5364143092	-385.3700671420
39	3.3155368123	0.5364143092	-380.7707717881
40	1.0342476496	0.5364143092	-374.6760212628
41	1.0729052020	0.5364143092	-366.7360323483
42	7.5647694704	0.5364143092	-384.0126889502
43	1.1016006638	0.5364143092	-373.7458835210
44	4.8169023876	0.5364143092	-387.7742080173
45	1.2866471725	0.5364143092	-358.3066544419
46	0.3290724456	0.5364143092	-215.0898931918
47	0.6118377613	0.5364143092	-275.4100568870
48	2.2848110256	0.5364143092	-359.3779632435
49	0.7456324740	0.5364143092	-342.8586515091
50	1.3765643377	0.5364143092	-323.4852142045
51	0.0000000000	0.5364143092	-2.6344058661
52	0.6529360822	0.5364143092	-290.7105566885
53	0.8949413613	0.5364143092	-290.8341466256
54	0.7461094134	0.5364143092	-345.7179219367
55	0.8050608602	0.5364143092	-296.3816778812
56	1.3104012084	0.5364143092	-356.6555733251
57	0.1487755938	0.5364143092	-107.3674281103
58	1.1664034301	0.5364143092	-361.8930189181
59	3.5376069402	0.5364143092	-379.8836947839
60	0.3348748124	0.5364143092	-228.1646903243
61	0.0251583925	0.5364143092	-43.0206629796
62	3.1228360514	0.5364143092	-383.9028441360
63	0.4140618303	0.5364143092	-233.1334305645
64	0.5300915376	0.5364143092	-270.7510329601
65	0.8289479317	0.5364143092	-336.2523301597
66	0.6639894146	0.5364143092	-342.6697673579
67	8.0317162220	0.5364143092	-396.2443105128
68	0.8213617957	0.5364143092	-340.1677689673
69	1.9561694891	0.5364143092	-383.9399254257
70	3.5952794091	0.5364143092	-374.4427778995
71	1.0055570925	0.5364143092	-364.3014950261
72	1.9168162530	0.5364143092	-359.1873485748
73	0.0443994257	0.5364143092	-60.4156415390
74	0.5916309397	0.5364143092	-291.6994961869
75	1.4683087341	0.5364143092	-331.0018214576
76	4.0669413779	0.5364143092	-392.4526403201
77	0.0515938942	0.5364143092	-64.3038007023
78	3.4122340213	0.5364143092	-383.0684437696
79	2.8650300933	0.5364143092	-365.9930755906
80	0.8716702322	0.5364143092	-254.2878205969
81	2.7037072969	0.5364143092	-354.4218064834
82	614.6258480656	0.5364143092	-393.9503268724
83	9.4815930699	0.5364143092	-395.4524979611
84	0.8844256979	0.5364143092	-315.5677469087
85	0.5330948154	0.5364143092	-287.3406915701
86	1.3967099819	0.5364143092	-390.7623388458
87	3.6109371285	0.5364143092	-374.9028753497
88	0.7502024053	0.5364143092	-302.6131365931
89	0.2042681333	0.5364143092	-167.6198272159
90	8.6229713952	0.5364143092	-378.3896746278
91	0.0796485342	0.5364143092	-93.0049885731
92	1.0641111021	0.5364143092	-328.7595161332
93	1.4808945784	0.5364143092	-369.3738377110
94	0.8331524404	0.5364143092	-292.6916794777
95	0.6273217643	0.5364143092	-265.4112200036
96	2.8665819894	0.5364143092	-371.6427266435
97	3.0006953217	0.5364143092	-359.5815039589
98	0.7260315165	0.5364143092	-318.8150865135
99	2.7224872875	0.5364143092	-387.2850584641
100	0.0829765689	0.5364143092	-79.2355299489
101	0.3345894127	0.5364143092	-214.8814513231
102	6.2382889980	0.5364143092	-385.1792702055
103	3.2338512389	0.5364143092	-352.0398633518
104	0.3760302689	0.5364143092	-242.7848244636
105	2.0249074589	0.5364143092	-367.9276852906
106	2.7437242596	0.5364143092	-363.6200505547
107	0.8480420440	0.5364143092	-331.4778368106
108	2.1073575711	0.5364143092	-368.4510923843
109	4.7197871846	0.5364143092	-387.2464322433
110	3.7875821252	0.5364143092	-390.5693224318
111	0.0000000000	0.5364143092	-2.4309455462
112	6.9626257959	0.5364143092	-387.3429820041
113	2.2491082588	0.5364143092	-377.0662960533
114	1.1145791566	0.5364143092	-349.3813698987
115	4.4564421374	0.5364143092	-385.6559343600
116	171.9135260884	0.5364143092	-395.4157055727
117	4.7244239185	0.5364143092	-376.9247130926
118	1.5023673001	0.5364143092	-334.8406902180
119	2.5248497582	0.5364143092	-374.8265632243
120	3.1856761530	0.5364143092	-380.7184650335
121	0.3832301461	0.5364143092	-220.3292405526
122	0.1195495521	0.5364143092	-126.5248302572
123	2.1936336061	0.5364143092	-390.6287283978
124	9.9147321353	0.5364143092	-394.0496552879
