site	rate	t	lnL
1	1.6199843144	0.0609990294	-141.5997529344
2	1.2348071902	0.0609990294	-114.1207077948
3	1.5887662098	0.0609990294	-131.3427806435
4	0.5206641655	0.0609990294	-52.8051881135
5	0.0000000000	0.0609990294	-2.3698154058
6	1.5863954101	0.0609990294	-141.2677834594
7	0.5554587027	0.0609990294	-59.1963463278
8	0.8496060506	0.0609990294	-83.2885839043
9	1.9897998196	0.0609990294	-161.3574358441
10	1.6371394287	0.0609990294	-145.0347845662
11	0.5024541685	0.0609990294	-53.0946025749
12	0.7863233678	0.0609990294	-80.6482252525
13	0.7494854754	0.0609990294	-71.7644966511
14	2.1662871257	0.0609990294	-162.4621087317
15	0.1412806504	0.0609990294	-18.4092694710
16	0.2005691233	0.0609990294	-29.8828886758
17	1.0564355835	0.0609990294	-104.4495613916
18	1.1359063689	0.0609990294	-110.5688591070
19	1.5101496031	0.0609990294	-138.7017718174
20	0.1396582480	0.0609990294	-20.8942161777
21	0.8664880901	0.0609990294	-89.6658010754
22	0.6193414256	0.0609990294	-70.5577321202
23	1.0900511686	0.0609990294	-103.4876250556
24	0.2035737612	0.0609990294	-27.9474183433
25	1.1353457676	0.0609990294	-105.1394831242
26	0.0674745206	0.0609990294	-13.4385513707
27	0.6483053824	0.0609990294	-64.3920846392
28	0.0716733902	0.0609990294	-11.3520981505
29	0.1404527904	0.0609990294	-20.2825989595
30	0.3450733210	0.0609990294	-40.0570255302
31	1.7369703992	0.0609990294	-148.8762037225
32	1.4275464634	0.0609990294	-129.3294487325
33	0.0000000000	0.0609990294	-3.4517216594
34	1.6034417439	0.0609990294	-139.9074881714
35	0.9094648159	0.0609990294	-84.7110299147
36	2.1515874670	0.0609990294	-168.7908328832
37	0.4101286531	0.0609990294	-48.7727204710
38	1.0131811092	0.0609990294	-95.4199160637
39	1.4791214108	0.0609990294	-125.9977878105
40	0.7094949768	0.0609990294	-76.1107911177
41	1.6249962048	0.0609990294	-141.8481802398
42	1.4926798010	0.0609990294	-138.6817823976
43	1.0520254090	0.0609990294	-102.1317959506
44	1.5881949125	0.0609990294	-144.2506219659
45	2.2331043741	0.0609990294	-177.3896523786
46	2.0791415725	0.0609990294	-159.8553253739
47	0.5521512430	0.0609990294	-62.6521344310
48	1.3030725936	0.0609990294	-116.3026560949
49	0.4088360202	0.0609990294	-49.3499892807
50	0.2754565914	0.0609990294	-35.4986589616
51	0.0000000000	0.0609990294	-2.6913060888
52	0.2208907262	0.0609990294	-27.9658496117
53	0.4839736570	0.0609990294	-54.2541376416
54	0.9124310626	0.0609990294	-91.7491873413
55	0.9208671402	0.0609990294	-86.0779666212
56	1.2042527732	0.0609990294	-107.1038203798
57	0.4123437125	0.0609990294	-50.4228021822
58	0.8674840602	0.0609990294	-87.4872923085
59	1.0943169772	0.0609990294	-102.8554393141
60	0.5586304234	0.0609990294	-60.6163366003
61	0.6685742451	0.0609990294	-63.8274402425
62	1.8772147084	0.0609990294	-156.2174103165
63	0.9425106258	0.0609990294	-89.6890791101
64	0.9433156938	0.0609990294	-89.2046152393
65	1.5652591232	0.0609990294	-128.3233885254
66	0.7066329025	0.0609990294	-72.3320153900
67	1.3453594668	0.0609990294	-126.3538084963
68	0.2807642602	0.0609990294	-35.3637024223
69	1.3477912063	0.0609990294	-123.5008145285
70	1.4946594211	0.0609990294	-137.2519643910
71	0.7670147898	0.0609990294	-78.1272518882
72	1.0181697096	0.0609990294	-99.0394924981
73	0.0000000000	0.0609990294	-2.3698154058
74	0.7133903547	0.0609990294	-70.6633281665
75	1.7367172195	0.0609990294	-140.0712983719
76	1.4279513154	0.0609990294	-133.3384059922
77	0.0000000000	0.0609990294	-2.3698154058
78	1.2317414095	0.0609990294	-114.5834339170
79	1.9423353370	0.0609990294	-154.2979907449
80	1.4240458662	0.0609990294	-132.0783526460
81	0.8607022346	0.0609990294	-83.8454998219
82	1.5415956381	0.0609990294	-132.6558036452
83	1.4163653234	0.0609990294	-130.9590067863
84	1.0781589321	0.0609990294	-110.2284559401
85	0.1408525039	0.0609990294	-21.0282723791
86	0.6820808964	0.0609990294	-75.0324349295
87	0.6437881401	0.0609990294	-69.8635116316
88	1.2542375689	0.0609990294	-123.1699368530
89	1.2588019787	0.0609990294	-111.6648526495
90	1.8857299692	0.0609990294	-150.7213972235
91	0.0000000000	0.0609990294	-2.3698154058
92	0.5835046966	0.0609990294	-60.3370777396
93	0.5206004326	0.0609990294	-53.6420999161
94	0.5513619969	0.0609990294	-61.5623615126
95	1.1582705272	0.0609990294	-107.8272753894
96	1.8787085370	0.0609990294	-157.6167389770
97	1.3959825279	0.0609990294	-126.6149363349
98	1.3216959697	0.0609990294	-118.1346426460
99	1.0554734689	0.0609990294	-104.6673561570
100	0.0696775407	0.0609990294	-11.5220426448
101	0.1469128388	0.0609990294	-18.8611280533
102	1.2577761460	0.0609990294	-106.7618275587
103	1.7840384823	0.0609990294	-140.5338775120
104	0.0000000000	0.0609990294	-3.2820711625
105	2.5366872125	0.0609990294	-194.3279394316
106	1.5383555257	0.0609990294	-133.1797658960
107	1.4188486726	0.0609990294	-130.1787107198
108	0.9782562473	0.0609990294	-96.9508814548
109	1.2390692789	0.0609990294	-114.4005422431
110	1.2215263792	0.0609990294	-109.7861802968
111	0.0000000000	0.0609990294	-2.3698154058
112	1.8048368537	0.0609990294	-156.1467362718
113	1.6454555668	0.0609990294	-144.5415630455
114	1.1863007460	0.0609990294	-119.8364764662
115	0.6281327148	0.0609990294	-65.2948742297
116	2.4457847171	0.0609990294	-195.3492755359
117	1.4119635475	0.0609990294	-124.1089732775
118	0.8489964158	0.0609990294	-85.7906786852
119	0.8393511267	0.0609990294	-85.7247390325
120	1.9513549744	0.0609990294	-167.4916297508
121	0.4186307059	0.0609990294	-49.5074443881
122	0.2156787710	0.0609990294	-28.7260580133
123	1.5834755881	0.0609990294	-146.1559506400
124	1.9565135714	0.0609990294	-172.5884133387
