site	rate	t	lnL
1	2.2595147931	0.0648855456	-184.2873855476
2	0.1288684974	0.0648855456	-20.5559005007
3	1.4320639331	0.0648855456	-134.6943496450
4	1.6510584167	0.0648855456	-152.6242005218
5	0.0000000000	0.0648855456	-2.9957322736
6	1.7195763431	0.0648855456	-152.5966712259
7	0.3903227330	0.0648855456	-49.0299494138
8	1.3511344767	0.0648855456	-130.5647774177
9	2.4724539655	0.0648855456	-191.5635195742
10	1.2884725730	0.0648855456	-123.9387261798
11	0.1939858360	0.0648855456	-27.0107723302
12	1.2108548901	0.0648855456	-118.2770324610
13	0.9331401475	0.0648855456	-98.2295984400
14	1.5703445261	0.0648855456	-143.3807323043
15	1.0024247037	0.0648855456	-100.3762775852
16	1.6498011008	0.0648855456	-146.0594419944
17	0.7267030215	0.0648855456	-79.4656084330
18	1.8719108070	0.0648855456	-166.8733838181
19	2.0241288501	0.0648855456	-173.2583822337
20	1.4989472761	0.0648855456	-140.4734203720
21	1.1439165481	0.0648855456	-115.1878497149
22	2.0233871892	0.0648855456	-172.5765594297
23	0.1937031162	0.0648855456	-28.1136054127
24	0.0000000000	0.0648855456	-2.9957322736
25	1.6602213482	0.0648855456	-150.0239044314
26	0.9318973884	0.0648855456	-96.1657997772
27	0.3244267620	0.0648855456	-42.2814513019
28	0.0000000000	0.0648855456	-2.9957322736
29	0.1937031162	0.0648855456	-28.1136054127
30	0.7955698820	0.0648855456	-84.7413761546
31	1.6439478557	0.0648855456	-151.6239875092
32	1.5036915283	0.0648855456	-138.9024588614
33	0.2589315824	0.0648855456	-35.3257834721
34	1.6450212720	0.0648855456	-148.4255281274
35	1.4237381052	0.0648855456	-135.9060390367
36	0.9338032425	0.0648855456	-94.6345185653
37	1.7203386656	0.0648855456	-152.4538386714
38	1.2133092844	0.0648855456	-120.7314163092
39	1.0713282961	0.0648855456	-108.5319142736
40	0.6579150725	0.0648855456	-73.4061382109
41	0.7253390037	0.0648855456	-80.5847402910
42	1.2130695607	0.0648855456	-116.4521778812
43	1.2882713036	0.0648855456	-122.5561035495
44	1.6440035449	0.0648855456	-149.4208437091
45	1.4234242023	0.0648855456	-135.9106604492
46	0.9998555450	0.0648855456	-103.9966828581
47	0.3244270762	0.0648855456	-42.2814489529
48	1.3604296198	0.0648855456	-130.4405753748
49	0.7936390308	0.0648855456	-85.8678088271
50	0.7948938835	0.0648855456	-85.4438873065
51	0.0000000000	0.0648855456	-2.9957322736
52	0.0642756117	0.0648855456	-12.4713721460
53	0.1288409469	0.0648855456	-20.5563231808
54	0.1288911373	0.0648855456	-20.5554770117
55	0.3244270740	0.0648855456	-42.2814489467
56	1.1406886875	0.0648855456	-113.4396488671
57	0.1288635277	0.0648855456	-20.5559001417
58	1.8677127833	0.0648855456	-164.1464122914
59	1.7159677368	0.0648855456	-156.7975734051
60	0.3244993650	0.0648855456	-42.2803665357
61	0.0642891695	0.0648855456	-12.4711624606
62	1.4290846388	0.0648855456	-133.6351979414
63	0.3909956677	0.0648855456	-47.2280674262
64	0.5899910548	0.0648855456	-68.3329675672
65	1.0738540250	0.0648855456	-107.3975499203
66	0.7248200897	0.0648855456	-80.5921852269
67	1.1402892836	0.0648855456	-112.1901025348
68	0.2591582476	0.0648855456	-35.3223547067
69	1.2829954502	0.0648855456	-125.1136574000
70	2.0291983814	0.0648855456	-174.0103307510
71	1.4286911014	0.0648855456	-132.5384768145
72	0.9317212244	0.0648855456	-96.0504729770
73	0.0000000000	0.0648855456	-2.9957322736
74	1.6440299563	0.0648855456	-149.4206478995
75	0.7257137566	0.0648855456	-79.4801475554
76	1.2824244322	0.0648855456	-122.9212207864
77	0.0000000000	0.0648855456	-2.9957322736
78	2.4523919341	0.0648855456	-196.3403833163
79	0.7930530785	0.0648855456	-86.5692254644
80	0.2589890853	0.0648855456	-35.3249200195
81	0.6568319086	0.0648855456	-74.5207824982
82	2.2557382788	0.0648855456	-189.3183247414
83	1.7979248603	0.0648855456	-161.7991621808
84	1.7175359247	0.0648855456	-157.8806478239
85	0.5904118258	0.0648855456	-68.3269013441
86	0.7258364964	0.0648855456	-79.4784379879
87	2.5336625686	0.0648855456	-197.8625967750
88	1.0705223856	0.0648855456	-108.9494426210
89	0.5232500124	0.0648855456	-60.6463451621
90	1.0711951601	0.0648855456	-107.8406138761
91	0.0642694525	0.0648855456	-12.4713721414
92	0.2590458036	0.0648855456	-35.3240622253
93	1.2165341951	0.0648855456	-120.6859417344
94	0.1288635160	0.0648855456	-20.5559001417
95	1.2830812807	0.0648855456	-124.4199102425
96	1.6496237714	0.0648855456	-149.3465339906
97	0.8617188131	0.0648855456	-92.4570282087
98	1.0711379001	0.0648855456	-105.4867049931
99	0.9296578067	0.0648855456	-98.2782498600
100	0.0642694490	0.0648855456	-12.4713721414
101	0.3910621916	0.0648855456	-47.9201761131
102	1.7952133010	0.0648855456	-158.5311885158
103	0.5245513243	0.0648855456	-58.6455953795
104	0.0642891867	0.0648855456	-12.4711623726
105	1.2861979823	0.0648855456	-124.0877530528
106	1.5060793150	0.0648855456	-136.7867338415
107	0.2589317784	0.0648855456	-35.3257819934
108	0.7935911787	0.0648855456	-85.4622588052
109	1.9537809411	0.0648855456	-170.0072570902
110	1.7968352906	0.0648855456	-160.0232547440
111	0.0000000000	0.0648855456	-2.9957322736
112	1.8058508597	0.0648855456	-156.3104027336
113	1.4267683866	0.0648855456	-134.7652868203
114	1.5001098650	0.0648855456	-137.8482671897
115	1.0003520070	0.0648855456	-102.8900123855
116	1.5711356731	0.0648855456	-145.3204416080
117	0.7939943825	0.0648855456	-85.4566554997
118	1.3564934918	0.0648855456	-128.2924355541
119	1.4280167489	0.0648855456	-132.3797726064
120	1.6481800264	0.0648855456	-144.3883990594
121	0.1288684923	0.0648855456	-20.5559005007
122	0.0000000000	0.0648855456	-2.9957322736
123	2.3527110045	0.0648855456	-190.2082311120
124	1.0746306424	0.0648855456	-108.4853825435
