site	rate	t	lnL
1	1.3883034389	0.0591477853	-147.0070444844
2	0.2242147193	0.0591477853	-37.1569808840
3	1.3494825916	0.0591477853	-106.8128358308
4	1.0638648801	0.0591477853	-105.0704569897
5	0.0490169783	0.0591477853	-13.8606094978
6	1.0772794198	0.0591477853	-123.6678394277
7	0.7632916924	0.0591477853	-45.3505662815
8	0.6364484335	0.0591477853	-75.1094950224
9	2.4466801503	0.0591477853	-179.3016222121
10	1.0041380782	0.0591477853	-122.5368826152
11	1.6652223773	0.0591477853	-153.6718784738
12	2.8784730129	0.0591477853	-164.5211762524
13	0.8924138432	0.0591477853	-121.5529040578
14	0.5349179582	0.0591477853	-55.6612085244
15	1.6767001559	0.0591477853	-93.4222625477
16	1.6914242587	0.0591477853	-166.6439960583
17	0.7618815664	0.0591477853	-80.1248569798
18	0.2397758847	0.0591477853	-35.3287278621
19	3.0131268460	0.0591477853	-156.6527049677
20	0.2854974129	0.0591477853	-28.8828390205
21	1.1477664388	0.0591477853	-107.7888222925
22	1.2090978918	0.0591477853	-140.0956267607
23	0.4067480983	0.0591477853	-66.8494429911
24	0.1497511196	0.0591477853	-19.1789192145
25	2.2127301076	0.0591477853	-175.1706892328
26	0.0596412177	0.0591477853	-11.2763008552
27	0.4525470467	0.0591477853	-33.7181287589
28	0.0000000000	0.0591477853	-2.5200429735
29	0.0000000000	0.0591477853	-2.0297876953
30	0.1369039330	0.0591477853	-36.2328516737
31	2.7254594893	0.0591477853	-189.6275250875
32	1.7573908199	0.0591477853	-171.1017812718
33	0.0000000000	0.0591477853	-3.9585790240
34	1.5385523573	0.0591477853	-156.2683621252
35	0.5297297717	0.0591477853	-32.9798873984
36	1.4785688677	0.0591477853	-124.6640645217
37	0.9278416294	0.0591477853	-69.2228391435
38	1.9205407991	0.0591477853	-136.5059087971
39	1.6423743997	0.0591477853	-195.7577269635
40	0.8781644435	0.0591477853	-88.4088465367
41	2.5568326830	0.0591477853	-188.9850800796
42	1.9152133594	0.0591477853	-161.9750184307
43	1.3449744734	0.0591477853	-74.5182733544
44	1.4234834787	0.0591477853	-132.4117934089
45	0.6141909799	0.0591477853	-56.1993121563
46	0.1491194841	0.0591477853	-20.0527421821
47	0.7613903533	0.0591477853	-67.1694006615
48	0.8000718525	0.0591477853	-101.6818263536
49	0.7607053155	0.0591477853	-98.7491875578
50	0.6942532284	0.0591477853	-82.3006660172
51	0.0000000000	0.0591477853	-2.4316621353
52	0.3941612696	0.0591477853	-54.5788683878
53	1.4762904009	0.0591477853	-151.6047228919
54	0.8877026127	0.0591477853	-108.5242999281
55	3.4842275218	0.0591477853	-173.9750965665
56	1.0508978490	0.0591477853	-103.6728744708
57	0.2857845557	0.0591477853	-36.1444493021
58	0.7260271107	0.0591477853	-71.2469890879
59	1.4189107737	0.0591477853	-157.1736259812
60	0.4017500477	0.0591477853	-60.1372611147
61	0.0491654532	0.0591477853	-12.7205474148
62	2.2138461729	0.0591477853	-177.5564272166
63	0.6180568022	0.0591477853	-56.7643557623
64	1.6298787777	0.0591477853	-159.3705436690
65	1.5696446461	0.0591477853	-160.5774710950
66	0.1345952786	0.0591477853	-30.2845326996
67	1.8504611045	0.0591477853	-113.0984966756
68	0.0738561749	0.0591477853	-11.0054914310
69	0.9009652349	0.0591477853	-123.4129652011
70	1.0830974515	0.0591477853	-128.4179880508
71	0.8857564116	0.0591477853	-111.6321138271
72	1.4833840914	0.0591477853	-124.6830276583
73	0.0491701363	0.0591477853	-12.7205474193
74	0.0741909184	0.0591477853	-10.8574485808
75	0.9458222877	0.0591477853	-116.4504511991
76	1.2458795643	0.0591477853	-71.0661064230
77	0.1489574684	0.0591477853	-30.1113291761
78	1.2820212832	0.0591477853	-118.6419245482
79	1.1816935197	0.0591477853	-116.3073206412
80	0.3509230212	0.0591477853	-58.0816148395
81	0.9954687399	0.0591477853	-96.6524742823
82	2.5799298869	0.0591477853	-192.4429466076
83	2.3012667321	0.0591477853	-129.1738047596
84	2.3387174323	0.0591477853	-131.1322026905
85	0.4130759847	0.0591477853	-71.2193190954
86	1.4795667075	0.0591477853	-100.2329562322
87	1.5524993258	0.0591477853	-130.4348557960
88	1.1788519184	0.0591477853	-141.7106968176
89	0.1054584898	0.0591477853	-19.8619132935
90	1.7117909259	0.0591477853	-123.1435475175
91	0.0493600384	0.0591477853	-15.2997113672
92	1.2235933566	0.0591477853	-104.6164942852
93	2.4707022815	0.0591477853	-126.0269829099
94	0.2700224290	0.0591477853	-44.4198103109
95	0.1972188820	0.0591477853	-29.4215524669
96	0.9041512224	0.0591477853	-149.3530527275
97	1.1481048627	0.0591477853	-132.7018574503
98	1.1301543143	0.0591477853	-91.3563823502
99	1.6655526416	0.0591477853	-142.3650356715
100	0.0743280902	0.0591477853	-12.6427915178
101	0.2994004093	0.0591477853	-24.1280738732
102	4.4809680233	0.0591477853	-225.9799856588
103	1.9779172837	0.0591477853	-154.3623025633
104	1.7203491264	0.0591477853	-97.8812397696
105	1.8496979122	0.0591477853	-105.6224900257
106	1.5903149587	0.0591477853	-122.1504381132
107	0.4840023129	0.0591477853	-69.0335978387
108	1.3509730210	0.0591477853	-152.1945655878
109	1.5218464455	0.0591477853	-163.7050072816
110	2.0989986388	0.0591477853	-171.0995820181
111	0.0000000000	0.0591477853	-2.5200429735
112	1.7863902450	0.0591477853	-185.0089467668
113	1.7534344915	0.0591477853	-168.6721345282
114	1.6482270543	0.0591477853	-122.4539080835
115	1.5690350649	0.0591477853	-76.3943580909
116	1.1817861550	0.0591477853	-150.8347258330
117	2.8651456786	0.0591477853	-212.5147580378
118	0.9432487329	0.0591477853	-120.6666496990
119	0.9654399783	0.0591477853	-68.5497745287
120	2.3290206831	0.0591477853	-177.0000170712
121	0.2944619034	0.0591477853	-37.2075090025
122	0.0000000000	0.0591477853	-2.5200429735
123	1.0679235813	0.0591477853	-130.3283745921
124	2.4107804436	0.0591477853	-130.0397814879
