site	rate	t	lnL
1	3.5985102633	0.5144262646	-382.9787953361
2	0.5383049599	0.5144262646	-258.5650100701
3	2.5262251148	0.5144262646	-373.2527669220
4	4.2159678399	0.5144262646	-382.9503165062
5	0.0593853656	0.5144262646	-48.5449165786
6	3.8038652749	0.5144262646	-375.7522454077
7	0.2651380509	0.5144262646	-178.4945111049
8	0.5779235813	0.5144262646	-287.9442858644
9	2.0521328369	0.5144262646	-391.4558947928
10	2.6238391986	0.5144262646	-376.5166420346
11	0.4986847852	0.5144262646	-245.8920513865
12	3.4107285797	0.5144262646	-383.1649771974
13	1.8502502285	0.5144262646	-362.3137069134
14	1.5969638445	0.5144262646	-293.2541763338
15	0.2357368150	0.5144262646	-159.0796566994
16	3.2986010479	0.5144262646	-384.6102432763
17	2.0764950828	0.5144262646	-339.5490095246
18	1.2879128179	0.5144262646	-313.2240134165
19	2.0206217158	0.5144262646	-368.6213675175
20	0.9680314667	0.5144262646	-230.6061052777
21	0.8675766652	0.5144262646	-295.4052363652
22	2.4906705795	0.5144262646	-345.1504395253
23	0.5492660797	0.5144262646	-254.6514551559
24	0.3194150749	0.5144262646	-96.4067089227
25	1.7155011315	0.5144262646	-363.5105726699
26	0.3546616630	0.5144262646	-137.0283663624
27	0.4637412733	0.5144262646	-242.5033162965
28	0.0000000000	0.5144262646	-2.3813370514
29	0.4887605865	0.5144262646	-245.7708089960
30	0.6535419976	0.5144262646	-288.7205324765
31	1.9319438068	0.5144262646	-358.7670073904
32	0.6846336314	0.5144262646	-292.4464663678
33	0.1280360418	0.5144262646	-108.3811131237
34	1.7774898388	0.5144262646	-320.6538458323
35	1.5503842887	0.5144262646	-349.3549910857
36	2.9074457690	0.5144262646	-382.7498411563
37	1.9765313750	0.5144262646	-315.2408047786
38	4.5986028837	0.5144262646	-390.4086447306
39	4.4267842811	0.5144262646	-375.7611736898
40	1.3359811019	0.5144262646	-340.2895817432
41	1.2500749416	0.5144262646	-350.6557704398
42	3.7969263772	0.5144262646	-383.6753603159
43	2.0143753289	0.5144262646	-363.1944088171
44	2.1210544781	0.5144262646	-364.6031582200
45	1.8294990169	0.5144262646	-344.3037169502
46	1.3784900745	0.5144262646	-278.5137984452
47	0.6989297350	0.5144262646	-310.4041182589
48	1.2604738688	0.5144262646	-340.0180726876
49	1.1053580988	0.5144262646	-330.3235094062
50	0.3810376677	0.5144262646	-209.6607780553
51	0.0376900280	0.5144262646	-17.6846506099
52	0.3568634455	0.5144262646	-219.4589712029
53	0.6493366893	0.5144262646	-293.0411279403
54	0.9643555231	0.5144262646	-308.0997070197
55	0.2547605872	0.5144262646	-174.6489915250
56	1.5846230333	0.5144262646	-380.1265078681
57	0.1123509146	0.5144262646	-103.3618521530
58	1.1657856057	0.5144262646	-320.8367837597
59	2.3411676248	0.5144262646	-378.5365681740
60	0.7883298712	0.5144262646	-252.8507193139
61	0.0000000000	0.5144262646	-2.3813370514
62	2.3476219602	0.5144262646	-371.2272108273
63	0.6331664750	0.5144262646	-211.3475177604
64	1.4696069084	0.5144262646	-293.4955579236
65	1.3415285771	0.5144262646	-347.2215264240
66	0.3410860211	0.5144262646	-205.7235245780
67	3.1273896243	0.5144262646	-385.7324561550
68	0.8413705107	0.5144262646	-222.5273291413
69	1.8865357181	0.5144262646	-380.8598815212
70	2.3712231299	0.5144262646	-357.4420430201
71	1.2161707344	0.5144262646	-341.7909409161
72	2.1163080520	0.5144262646	-362.1410149803
73	0.0000000000	0.5144262646	-2.3813370514
74	1.5724821061	0.5144262646	-309.1418425831
75	0.6867991485	0.5144262646	-282.7720670340
76	2.6190706272	0.5144262646	-372.3829230519
77	0.1254869313	0.5144262646	-71.8718403697
78	4.2168380159	0.5144262646	-389.9003854391
79	3.8354699486	0.5144262646	-378.4938214177
80	0.5094395707	0.5144262646	-287.4311759917
81	1.2481855629	0.5144262646	-331.9305104049
82	1.8454731314	0.5144262646	-384.4015019087
83	4.9065619054	0.5144262646	-393.0560668240
84	1.2095362292	0.5144262646	-296.5564356904
85	0.5790185409	0.5144262646	-290.8674432008
86	0.7969299307	0.5144262646	-356.4950539754
87	2.6403142114	0.5144262646	-368.0017036828
88	0.4044943673	0.5144262646	-249.4576840074
89	0.2534622761	0.5144262646	-165.8788872424
90	3.5486381102	0.5144262646	-386.3482588481
91	0.1111729918	0.5144262646	-67.8776740680
92	0.4230538828	0.5144262646	-227.0079092263
93	1.8798644339	0.5144262646	-366.5579785277
94	0.4360199626	0.5144262646	-239.0819376017
95	0.2056117363	0.5144262646	-168.5278071259
96	2.4112299057	0.5144262646	-378.1948926148
97	4.1844537998	0.5144262646	-368.3964328091
98	3.3457533905	0.5144262646	-367.4465718608
99	4.3841491740	0.5144262646	-391.2749264734
100	0.2445171946	0.5144262646	-80.9591821315
101	0.1423256732	0.5144262646	-124.9179610111
102	3.0744171970	0.5144262646	-388.1734276393
103	2.3002580154	0.5144262646	-336.2310640730
104	0.2586948267	0.5144262646	-117.5328488589
105	2.4612053504	0.5144262646	-353.7491848985
106	3.5725643653	0.5144262646	-361.7980815966
107	0.4381973914	0.5144262646	-201.9168990306
108	1.6055128067	0.5144262646	-356.6960079620
109	9.2225450032	0.5144262646	-371.8333386573
110	2.8065086615	0.5144262646	-381.5397180779
111	0.0103566784	0.5144262646	-11.8012560513
112	3.1937958470	0.5144262646	-384.5206463347
113	1681.0708263668	0.5144262646	-400.7133261100
114	1.0949604781	0.5144262646	-293.2253621223
115	4.9545646238	0.5144262646	-388.3317374353
116	3.3588084842	0.5144262646	-386.7506331398
117	3.5298001741	0.5144262646	-376.8711814572
118	1.5255713598	0.5144262646	-340.7152238205
119	0.8216970810	0.5144262646	-344.7418459215
120	1.9539139451	0.5144262646	-369.3078842598
121	0.5975494283	0.5144262646	-166.6216904604
122	0.3243324639	0.5144262646	-170.1485168935
123	1523.5780768278	0.5144262646	-382.2728609522
124	2.5456644052	0.5144262646	-381.8728420001
