site	rate	t	lnL
1	1.5223573722	0.0608885465	-157.1174729617
2	0.5949135504	0.0608885465	-42.7322369384
3	1.1735407784	0.0608885465	-93.7501636348
4	1.5316140103	0.0608885465	-175.3270606869
5	0.0000000000	0.0608885465	-2.4504760042
6	2.1968404088	0.0608885465	-114.8287607443
7	0.3291762837	0.0608885465	-66.8772786156
8	0.1999582831	0.0608885465	-37.1793143427
9	1.7660772390	0.0608885465	-174.2911736634
10	0.7384618501	0.0608885465	-102.8426708598
11	1.5693179610	0.0608885465	-159.0390417451
12	1.9360066243	0.0608885465	-115.0289844049
13	1.1581766935	0.0608885465	-111.8811556039
14	0.6595726722	0.0608885465	-88.0926287650
15	0.1521016283	0.0608885465	-33.3189997014
16	1.3243849739	0.0608885465	-150.3578058164
17	0.9560705609	0.0608885465	-112.1683979397
18	0.6265345779	0.0608885465	-82.2720768562
19	1.3852454708	0.0608885465	-135.3119047380
20	0.0648403221	0.0608885465	-11.5372690414
21	1.6219155877	0.0608885465	-93.5616647672
22	1.5771829811	0.0608885465	-88.0512707768
23	0.2029445327	0.0608885465	-40.7951683658
24	0.0000000000	0.0608885465	-3.3058413818
25	0.5266925840	0.0608885465	-87.4258647777
26	0.1931816910	0.0608885465	-34.2419660706
27	0.2253323282	0.0608885465	-34.3093943487
28	0.0000000000	0.0608885465	-2.4504760042
29	1.1570432176	0.0608885465	-92.3962973232
30	0.7299233376	0.0608885465	-80.4920364131
31	1.7673602992	0.0608885465	-133.9899749113
32	2.2219729442	0.0608885465	-158.3595054556
33	0.3380769042	0.0608885465	-47.0732509204
34	1.4092323551	0.0608885465	-146.4444752188
35	1.2387872857	0.0608885465	-92.6066707622
36	1.3514410848	0.0608885465	-145.1101260281
37	0.4050656786	0.0608885465	-29.4171650006
38	2.1498828154	0.0608885465	-215.6699850890
39	1.4851658374	0.0608885465	-111.5511300231
40	1.3619284309	0.0608885465	-147.3308048806
41	1.0183126867	0.0608885465	-127.8417351787
42	1.8198953178	0.0608885465	-176.0555420842
43	0.7656023668	0.0608885465	-104.4370475514
44	2.5652265713	0.0608885465	-207.0111736356
45	3.9981874180	0.0608885465	-180.8725843296
46	2.2141766843	0.0608885465	-188.1663347867
47	0.2134031795	0.0608885465	-35.3609678738
48	1.0919041117	0.0608885465	-96.1074469132
49	0.1891564772	0.0608885465	-37.2539077354
50	1.6940570108	0.0608885465	-167.8324116960
51	0.0648465476	0.0608885465	-11.5372690460
52	1.3124521268	0.0608885465	-140.6507062021
53	0.7758982877	0.0608885465	-107.4778600208
54	1.6102180128	0.0608885465	-131.5500811297
55	0.5814619599	0.0608885465	-69.6020672447
56	3.1353188960	0.0608885465	-196.9413919395
57	0.1308243515	0.0608885465	-21.1260739802
58	1.4238265557	0.0608885465	-129.7942807045
59	0.8996993409	0.0608885465	-119.0374997090
60	0.1082092489	0.0608885465	-20.5843764720
61	0.1036471398	0.0608885465	-23.3368820371
62	1.3975401711	0.0608885465	-145.8921562670
63	0.2817056709	0.0608885465	-34.1209338795
64	2.2871031419	0.0608885465	-155.7672583870
65	1.3649425298	0.0608885465	-143.3708666376
66	1.8648994582	0.0608885465	-140.4128115648
67	1.4151792297	0.0608885465	-148.6827918676
68	0.5580597192	0.0608885465	-66.1082076393
69	1.2546609830	0.0608885465	-143.8354993278
70	2.0924432432	0.0608885465	-178.0760055370
71	0.5402174638	0.0608885465	-82.0827287499
72	1.5132626815	0.0608885465	-135.9068119388
73	0.0000000000	0.0608885465	-2.4504760042
74	1.5650061316	0.0608885465	-167.9854447359
75	1.1397287060	0.0608885465	-104.2472218178
76	1.7043696701	0.0608885465	-163.4694115029
77	0.0000000000	0.0608885465	-2.4504760042
78	1.7173468661	0.0608885465	-196.7112918807
79	3.2727801900	0.0608885465	-170.5346452764
80	1.9807805813	0.0608885465	-162.7159086315
81	0.8450751002	0.0608885465	-129.0584688716
82	1.0094707564	0.0608885465	-126.6868681182
83	1.9764170144	0.0608885465	-204.7426575302
84	0.0700400757	0.0608885465	-12.6446890206
85	0.0987894717	0.0608885465	-15.5364357046
86	1.0968450444	0.0608885465	-146.8908432166
87	0.5296065464	0.0608885465	-74.4975329523
88	0.8852883191	0.0608885465	-78.8871984834
89	0.0990586658	0.0608885465	-19.8131935022
90	1.4086623294	0.0608885465	-173.3829815384
91	0.0000000000	0.0608885465	-2.4504760042
92	0.3612944143	0.0608885465	-59.2164007831
93	1.8313580244	0.0608885465	-199.8712507554
94	0.1509817953	0.0608885465	-28.3165246847
95	0.8928926719	0.0608885465	-91.9180149657
96	1.6291429188	0.0608885465	-155.6308376723
97	2.4231274436	0.0608885465	-130.3873478202
98	1.8675813636	0.0608885465	-165.1416274121
99	1.2885078891	0.0608885465	-146.2959614261
100	0.0000000000	0.0608885465	-2.6829765636
101	0.1647003870	0.0608885465	-21.9619114126
102	2.7680817228	0.0608885465	-217.4516188125
103	1.5153903053	0.0608885465	-156.5554057329
104	0.1644087216	0.0608885465	-33.6396401088
105	1.8241180821	0.0608885465	-160.8276011635
106	1.3150344672	0.0608885465	-139.5243277745
107	0.7964558848	0.0608885465	-50.1897825269
108	3.1218255566	0.0608885465	-241.9290073438
109	1.7538050413	0.0608885465	-147.8131418410
110	0.9408439886	0.0608885465	-131.6369845127
111	0.0000000000	0.0608885465	-2.4504760042
112	1.6176439237	0.0608885465	-152.3896696226
113	0.6083991068	0.0608885465	-91.1655113228
114	0.2876175216	0.0608885465	-41.7643731900
115	2.2786909119	0.0608885465	-188.4459171594
116	1.4314277589	0.0608885465	-143.9686926274
117	0.7451366158	0.0608885465	-93.3291034703
118	0.4860706151	0.0608885465	-78.6097593582
119	1.7462850503	0.0608885465	-127.3580916744
120	1.4670309191	0.0608885465	-128.5418650125
121	0.6033247496	0.0608885465	-67.0760395877
122	0.1547204729	0.0608885465	-33.7295553066
123	1.2372614593	0.0608885465	-138.0420933043
124	1.7692659004	0.0608885465	-178.8139242093
