site	rate	t	lnL
1	1.0726900853	0.0755035517	-176.9083144695
2	1.2992494382	0.0755035517	-107.2177646775
3	2.1516562918	0.0755035517	-143.1935459521
4	1.6379523520	0.0755035517	-149.8394360946
5	0.0000000000	0.0755035517	-2.1080733544
6	2.9948984250	0.0755035517	-191.1103966414
7	0.4107148440	0.0755035517	-53.7866521542
8	0.3069463402	0.0755035517	-49.1956843468
9	1.1036352121	0.0755035517	-131.1928976829
10	1.2000538140	0.0755035517	-142.2511133850
11	0.6061953032	0.0755035517	-68.6614383327
12	1.0830691098	0.0755035517	-126.6793776082
13	1.2584265486	0.0755035517	-154.2354897371
14	0.9387273175	0.0755035517	-82.3268514825
15	0.2317775912	0.0755035517	-36.0672212303
16	1.4311983031	0.0755035517	-158.7690855746
17	1.7160123043	0.0755035517	-152.5516743954
18	1.0406375306	0.0755035517	-117.1242032264
19	1.8736674810	0.0755035517	-112.0818630119
20	0.0000000000	0.0755035517	-2.5153554649
21	1.9156069069	0.0755035517	-108.3103189368
22	0.4668192254	0.0755035517	-45.1582041077
23	0.3047416936	0.0755035517	-55.0357563125
24	0.5775995875	0.0755035517	-46.2343305454
25	1.1483918410	0.0755035517	-114.6095111731
26	1.1513733081	0.0755035517	-110.6168757139
27	0.4297929187	0.0755035517	-80.5836315719
28	0.0000000000	0.0755035517	-2.1080733544
29	0.2516136876	0.0755035517	-46.1753982734
30	0.3192859572	0.0755035517	-41.9930659487
31	2.6484962670	0.0755035517	-154.5928252113
32	1.2511631300	0.0755035517	-105.0318251290
33	0.0891704125	0.0755035517	-20.0763354145
34	0.8960039359	0.0755035517	-102.6983225851
35	0.7141128078	0.0755035517	-76.9231330426
36	1.4578999058	0.0755035517	-148.2506307879
37	0.9124975365	0.0755035517	-99.9377522970
38	1.1897226788	0.0755035517	-141.2819427958
39	2.9860481596	0.0755035517	-166.6022214333
40	0.9452036370	0.0755035517	-143.8808109564
41	2.2438330983	0.0755035517	-144.8945377083
42	1.0574397091	0.0755035517	-138.2136049407
43	1.5084401127	0.0755035517	-196.1148348692
44	0.9307473744	0.0755035517	-157.2511941690
45	1.3523213974	0.0755035517	-157.2389546039
46	0.8559456763	0.0755035517	-103.5968372135
47	0.9780662755	0.0755035517	-118.0870017992
48	1.0971469201	0.0755035517	-143.5502377645
49	1.3650529916	0.0755035517	-126.2800687651
50	1.0938303255	0.0755035517	-116.0294771748
51	0.0000000000	0.0755035517	-2.5153554649
52	0.4254201294	0.0755035517	-69.8297418633
53	0.1714924168	0.0755035517	-30.8020792824
54	1.6262559720	0.0755035517	-108.2951817036
55	0.4550674430	0.0755035517	-67.7365371979
56	1.2886479725	0.0755035517	-144.8608160573
57	0.1711354962	0.0755035517	-26.5943517864
58	0.4061286581	0.0755035517	-53.6503321657
59	1.3183970125	0.0755035517	-150.3994328700
60	0.3639949577	0.0755035517	-29.2123421659
61	0.0000000000	0.0755035517	-2.1080733544
62	1.4437150213	0.0755035517	-154.4585680962
63	3.3530210750	0.0755035517	-257.8673449326
64	1.4422121618	0.0755035517	-125.0727803570
65	0.5487140410	0.0755035517	-65.5760304306
66	0.1588866149	0.0755035517	-24.6188224999
67	1.9612627076	0.0755035517	-195.5918224001
68	0.5787166554	0.0755035517	-44.8535387491
69	3.0757392834	0.0755035517	-179.1284520984
70	1.3603237709	0.0755035517	-139.5461581737
71	0.7607696867	0.0755035517	-110.3772856880
72	2.2562933467	0.0755035517	-154.6054770606
73	0.0000000000	0.0755035517	-2.1080733544
74	2.1981714729	0.0755035517	-130.6612368041
75	1.8652481624	0.0755035517	-189.8178683344
76	1.7247348004	0.0755035517	-165.1898515771
77	0.2052650025	0.0755035517	-19.3459419183
78	1.5599789826	0.0755035517	-152.4933348504
79	1.5233664694	0.0755035517	-157.6180842738
80	0.5176980094	0.0755035517	-77.0545272160
81	0.6040826947	0.0755035517	-79.9815442849
82	1.2601820240	0.0755035517	-152.5017439157
83	1.5110770430	0.0755035517	-155.0864080397
84	0.7484566030	0.0755035517	-67.3776068097
85	0.2513387951	0.0755035517	-53.3160401523
86	1.5908934188	0.0755035517	-138.9513898075
87	1.5881022137	0.0755035517	-144.9673948791
88	0.2091210834	0.0755035517	-53.4820759418
89	0.7018779121	0.0755035517	-83.9486581912
90	1.6699280751	0.0755035517	-162.5518230139
91	0.2964059591	0.0755035517	-26.1609933972
92	0.6220406677	0.0755035517	-50.7204149369
93	0.8756538315	0.0755035517	-122.5659759531
94	0.3393781134	0.0755035517	-59.9875936621
95	0.7311812236	0.0755035517	-85.9543084231
96	1.9593694902	0.0755035517	-177.3801924366
97	1.5971449198	0.0755035517	-108.9940981964
98	2.6156961136	0.0755035517	-156.5667084883
99	0.6262061910	0.0755035517	-73.6834112437
100	0.3413148015	0.0755035517	-26.8537261113
101	0.2284827441	0.0755035517	-28.9430607704
102	0.7088373882	0.0755035517	-108.9531444937
103	1.5362763060	0.0755035517	-189.9736752912
104	0.1192563615	0.0755035517	-12.2591030452
105	1.3173522362	0.0755035517	-155.7715834641
106	0.6218754039	0.0755035517	-83.3587777839
107	0.7248914338	0.0755035517	-81.0761277938
108	0.5886450369	0.0755035517	-84.9525874750
109	0.7839844535	0.0755035517	-131.9225695371
110	1.0916782435	0.0755035517	-155.5383072516
111	0.0000000000	0.0755035517	-2.1080733544
112	2.0581707935	0.0755035517	-167.2046210389
113	1.2188548956	0.0755035517	-112.3073622315
114	2.0502297511	0.0755035517	-199.2453805143
115	0.9486901924	0.0755035517	-98.2915087261
116	3.0623603003	0.0755035517	-209.3048273540
117	1.4516547935	0.0755035517	-170.9789422075
118	0.9195917304	0.0755035517	-121.3433730700
119	0.8462877680	0.0755035517	-115.0339861088
120	1.5918645068	0.0755035517	-174.3350675030
121	0.7636458844	0.0755035517	-56.4725483584
122	0.2056216930	0.0755035517	-20.4969854354
123	1.0730906179	0.0755035517	-119.7177516797
124	1.3870332365	0.0755035517	-90.0341592902
