site	rate	t	lnL
1	4.9829940758	0.0005643084	-12.8465907408
2	0.0000000000	0.0005643084	-2.6092636661
3	0.0000000000	0.0005643084	-3.4339872045
4	0.0000000000	0.0005643084	-2.6187261023
5	0.0000000000	0.0005643084	-2.4223862928
6	7.7648690839	0.0005643084	-12.0167869531
7	0.0000000000	0.0005643084	-2.6187261023
8	0.0000000000	0.0005643084	-2.0486698830
9	0.0000000000	0.0005643084	-2.0486698830
10	0.0000000000	0.0005643084	-4.1271343850
11	0.0000000000	0.0005643084	-2.0486698830
12	0.0000000000	0.0005643084	-2.0486698830
13	25.3566161699	0.0005643084	-24.5246709338
14	0.0000000000	0.0005643084	-3.0259213147
15	0.0000000000	0.0005643084	-2.0486698830
16	0.0000000000	0.0005643084	-3.4517216594
17	0.0000000000	0.0005643084	-2.5200429735
18	0.0000000000	0.0005643084	-2.8844668472
19	6.4259856932	0.0005643084	-11.1360800137
20	0.0000000000	0.0005643084	-3.0259213147
21	0.0000000000	0.0005643084	-2.6092636661
22	0.0000000000	0.0005643084	-3.4339872045
23	0.0000000000	0.0005643084	-2.0486698830
24	0.0000000000	0.0005643084	-3.4339872045
25	5.9317482952	0.0005643084	-13.1389104378
26	0.0000000000	0.0005643084	-2.6092636661
27	0.0000000000	0.0005643084	-3.4339872045
28	0.0000000000	0.0005643084	-2.4223862928
29	4.8261737906	0.0005643084	-12.4406119645
30	0.0000000000	0.0005643084	-2.0486698830
31	0.0000000000	0.0005643084	-2.6187261023
32	0.0000000000	0.0005643084	-2.8844668472
33	0.0000000000	0.0005643084	-3.7138871365
34	0.0000000000	0.0005643084	-2.5200429735
35	0.0000000000	0.0005643084	-2.4223862928
36	0.0000000000	0.0005643084	-3.4339872045
37	0.0000000000	0.0005643084	-2.6187261023
38	0.0000000000	0.0005643084	-2.7418170636
39	0.0000000000	0.0005643084	-2.0486698830
40	0.0000000000	0.0005643084	-3.0285220964
41	4.6154407830	0.0005643084	-13.4301953867
42	0.0000000000	0.0005643084	-3.4379011038
43	0.0000000000	0.0005643084	-2.6187261023
44	0.0000000000	0.0005643084	-2.6092636661
45	0.0000000000	0.0005643084	-2.7398639380
46	0.0000000000	0.0005643084	-2.7418170636
47	0.0000000000	0.0005643084	-3.4339872045
48	0.0000000000	0.0005643084	-2.4223862928
49	0.0000000000	0.0005643084	-3.4517216594
50	0.0000000000	0.0005643084	-2.6187261023
51	0.0000000000	0.0005643084	-3.0259213147
52	0.0000000000	0.0005643084	-2.0486698830
53	6.4390414549	0.0005643084	-10.7059767122
54	0.0000000000	0.0005643084	-2.7418170636
55	0.0000000000	0.0005643084	-2.7398639380
56	0.0000000000	0.0005643084	-2.6187261023
57	0.0000000000	0.0005643084	-3.7138871365
58	0.0000000000	0.0005643084	-3.4339872045
59	5.9559602926	0.0005643084	-15.0909341310
60	0.0000000000	0.0005643084	-2.6092636661
61	0.0000000000	0.0005643084	-2.4223862928
62	0.0000000000	0.0005643084	-2.5200429735
63	0.0000000000	0.0005643084	-2.7418170636
64	0.0000000000	0.0005643084	-2.6092636661
65	0.0000000000	0.0005643084	-3.0285220964
66	0.0000000000	0.0005643084	-3.4339872045
67	0.0000000000	0.0005643084	-2.6187261023
68	0.0000000000	0.0005643084	-2.5200429735
69	0.0000000000	0.0005643084	-3.0285220964
70	0.0000000000	0.0005643084	-2.7398639380
71	13.9769591487	0.0005643084	-23.4855450601
72	0.0000000000	0.0005643084	-2.0486698830
73	0.0000000000	0.0005643084	-2.4223862928
74	0.0000000000	0.0005643084	-3.7216692769
75	0.0000000000	0.0005643084	-2.0486698830
76	8.9468921098	0.0005643084	-16.3168026558
77	0.0000000000	0.0005643084	-2.4223862928
78	0.0000000000	0.0005643084	-2.7418170636
79	0.0000000000	0.0005643084	-3.4339872045
80	0.0000000000	0.0005643084	-2.5200429735
81	0.0000000000	0.0005643084	-2.7398639380
82	0.0000000000	0.0005643084	-3.4379011038
83	0.0000000000	0.0005643084	-3.7216692769
84	0.0000000000	0.0005643084	-3.4359422393
85	0.0000000000	0.0005643084	-2.7398639380
86	0.0000000000	0.0005643084	-2.4223862928
87	0.0000000000	0.0005643084	-2.5200429735
88	0.0000000000	0.0005643084	-2.7398639380
89	0.0000000000	0.0005643084	-2.0486698830
90	0.0000000000	0.0005643084	-2.6092636661
91	0.0000000000	0.0005643084	-2.4223862928
92	0.0000000000	0.0005643084	-2.4223862928
93	0.0000000000	0.0005643084	-4.1271343850
94	0.0000000000	0.0005643084	-2.0486698830
95	0.0000000000	0.0005643084	-4.1271343850
96	0.0000000000	0.0005643084	-3.0285220964
97	0.0000000000	0.0005643084	-3.4339872045
98	0.0000000000	0.0005643084	-2.5200429735
99	0.0000000000	0.0005643084	-3.7216692769
100	0.0000000000	0.0005643084	-3.0259213147
101	0.0000000000	0.0005643084	-2.8844668472
102	0.0000000000	0.0005643084	-2.7418170636
103	5.6152939049	0.0005643084	-12.5576956154
104	0.0000000000	0.0005643084	-2.6092636661
105	0.0000000000	0.0005643084	-3.4359422393
106	0.0000000000	0.0005643084	-2.5200429735
107	0.0000000000	0.0005643084	-3.4339872045
108	0.0000000000	0.0005643084	-2.7398639380
109	0.0000000000	0.0005643084	-3.0285220964
110	0.0000000000	0.0005643084	-2.8844668472
111	0.0000000000	0.0005643084	-2.4223862928
112	7.7557601163	0.0005643084	-13.1771108088
113	0.0000000000	0.0005643084	-3.7138871365
114	0.0000000000	0.0005643084	-2.6092636661
115	0.0000000000	0.0005643084	-3.4339872045
116	6.3665939618	0.0005643084	-17.1385951904
117	0.0000000000	0.0005643084	-3.4517216594
118	0.0000000000	0.0005643084	-2.0486698830
119	0.0000000000	0.0005643084	-2.8844668472
120	5.6552035526	0.0005643084	-13.9828564799
121	0.0000000000	0.0005643084	-3.0259213147
122	0.0000000000	0.0005643084	-3.4359422393
123	0.0000000000	0.0005643084	-2.6187261023
124	0.0000000000	0.0005643084	-3.0259213147
