site	rate	t	lnL
1	1.0336182357	0.0651635404	-132.3274859355
2	0.2619702020	0.0651635404	-39.2274355814
3	1.9009784145	0.0651635404	-153.9902930810
4	0.9868530810	0.0651635404	-106.7055658905
5	0.0813110952	0.0651635404	-10.9731918383
6	1.2145068714	0.0651635404	-146.8179436659
7	0.7892686385	0.0651635404	-96.6816952803
8	4.6363251191	0.0651635404	-209.3489464894
9	1.5970040552	0.0651635404	-201.7706313998
10	1.1172599026	0.0651635404	-142.8764318057
11	2.6465531272	0.0651635404	-229.0036318317
12	1.8940314034	0.0651635404	-217.2210181484
13	1.1467348267	0.0651635404	-130.8105768651
14	1.5735742433	0.0651635404	-120.0506541950
15	0.2495438596	0.0651635404	-42.5852396811
16	2.5069975968	0.0651635404	-204.0161472566
17	1.4744954401	0.0651635404	-76.4828742238
18	0.7399306784	0.0651635404	-62.1208084789
19	1.3504979918	0.0651635404	-144.2898368581
20	1.0533719344	0.0651635404	-53.0860520568
21	0.2155021770	0.0651635404	-36.9665733231
22	0.8162106641	0.0651635404	-90.5831938474
23	0.2621700736	0.0651635404	-44.9216324083
24	1.0695090463	0.0651635404	-41.6014573793
25	1.2366588961	0.0651635404	-144.4009887564
26	0.6802887166	0.0651635404	-96.7457484087
27	0.2146203024	0.0651635404	-39.5774578286
28	0.0000000000	0.0651635404	-2.6041398291
29	0.1557468105	0.0651635404	-28.5598507243
30	0.8828365112	0.0651635404	-76.4636852020
31	0.9643213336	0.0651635404	-126.7446530829
32	2.1044607285	0.0651635404	-142.0074601948
33	0.1123964559	0.0651635404	-22.4158555837
34	1.8588636386	0.0651635404	-111.5522937845
35	0.5437898280	0.0651635404	-76.3666280049
36	1.3694286019	0.0651635404	-146.6876473164
37	2.8606733163	0.0651635404	-201.4574662432
38	1.5860556842	0.0651635404	-139.1368857580
39	1.3354767394	0.0651635404	-100.8904429550
40	0.6480491729	0.0651635404	-68.6421197289
41	0.9161627241	0.0651635404	-137.0481587905
42	3.4504726051	0.0651635404	-134.4845137384
43	1.3613181112	0.0651635404	-112.9072257741
44	2.1313713709	0.0651635404	-143.6392369340
45	1.6368183472	0.0651635404	-148.1533986247
46	0.8172331824	0.0651635404	-46.8285264285
47	0.3359455737	0.0651635404	-48.1527656494
48	1.0084122100	0.0651635404	-122.0260747580
49	0.8224248343	0.0651635404	-88.8967425478
50	1.0779868021	0.0651635404	-124.0502718292
51	0.0000000000	0.0651635404	-2.5551063264
52	0.1032011069	0.0651635404	-15.9824522737
53	0.4774966597	0.0651635404	-67.1025184500
54	0.4386049885	0.0651635404	-43.0246207245
55	0.2081434213	0.0651635404	-42.6506966208
56	2.2564647520	0.0651635404	-89.0806125126
57	0.0549314810	0.0651635404	-11.4113261376
58	1.1276975746	0.0651635404	-105.1974413285
59	1.8237445407	0.0651635404	-185.0756660305
60	0.3656707121	0.0651635404	-52.2044200589
61	0.0821587164	0.0651635404	-12.9287822795
62	1.4923265405	0.0651635404	-132.1512621220
63	1.0726075308	0.0651635404	-146.8920564103
64	2.5032533410	0.0651635404	-209.2863554365
65	1.2599087360	0.0651635404	-136.3359172686
66	0.2163602227	0.0651635404	-35.2609614585
67	1.4641048558	0.0651635404	-168.3231234093
68	1.4575279388	0.0651635404	-125.3704272165
69	1.4790500541	0.0651635404	-145.1471208103
70	1.0067486970	0.0651635404	-148.1762605056
71	2.1354351461	0.0651635404	-195.9542606333
72	2.4194486567	0.0651635404	-210.7545754348
73	0.0814924700	0.0651635404	-12.1856269323
74	0.8421761627	0.0651635404	-104.6153834086
75	0.9395299312	0.0651635404	-119.1267301961
76	1.5004554840	0.0651635404	-158.7639850455
77	0.2818715079	0.0651635404	-38.9169982287
78	1.9518571532	0.0651635404	-166.1784929995
79	2.2395499809	0.0651635404	-204.1928925584
80	0.3918598608	0.0651635404	-66.5665750230
81	2.2359904309	0.0651635404	-129.0876364138
82	1.1384074555	0.0651635404	-137.8696776398
83	3.3666983851	0.0651635404	-168.5857593600
84	0.8537138484	0.0651635404	-69.7402189344
85	0.3609438559	0.0651635404	-72.7677934905
86	1.8756595499	0.0651635404	-150.4576507147
87	0.5526324685	0.0651635404	-79.6723181972
88	0.6721932252	0.0651635404	-97.7503050616
89	0.1723294101	0.0651635404	-34.1090875520
90	1.1730491076	0.0651635404	-150.4869044526
91	0.0000000000	0.0651635404	-2.6041398291
92	0.2086790498	0.0651635404	-31.1376393917
93	1.1627551729	0.0651635404	-131.9909715699
94	0.1566201721	0.0651635404	-28.6213365368
95	0.0474866400	0.0651635404	-15.4805266208
96	1.7394881241	0.0651635404	-150.6986510028
97	2.3220875867	0.0651635404	-133.7843427595
98	1.3233591029	0.0651635404	-82.9261271313
99	0.8405422623	0.0651635404	-88.2329470357
100	0.1698350633	0.0651635404	-13.9260405184
101	0.1032007991	0.0651635404	-19.8375795962
102	0.6039946933	0.0651635404	-114.9957617777
103	0.8409997427	0.0651635404	-109.8292390406
104	0.0000000000	0.0651635404	-3.0324359957
105	0.9151481860	0.0651635404	-119.9361604847
106	1.3990077649	0.0651635404	-139.9461745952
107	0.6817498727	0.0651635404	-53.7159266951
108	1.9681867950	0.0651635404	-177.2402325201
109	1.8336031366	0.0651635404	-172.0200829334
110	2.1802627104	0.0651635404	-181.9610031959
111	0.0000000000	0.0651635404	-2.6041398291
112	1.5221881410	0.0651635404	-170.4530261483
113	1.5299554166	0.0651635404	-172.8205516318
114	0.4896890321	0.0651635404	-38.4601611785
115	1.4512197796	0.0651635404	-188.2337747173
116	1.1407839341	0.0651635404	-101.4503232480
117	1.3524341355	0.0651635404	-139.4427658930
118	0.7253302211	0.0651635404	-97.9398573794
119	0.6230673389	0.0651635404	-107.6832884994
120	2.0142574484	0.0651635404	-190.8059539176
121	0.1678752755	0.0651635404	-11.2385520759
122	1.1594088150	0.0651635404	-138.4653911950
123	1.2324962073	0.0651635404	-160.7967286760
124	1.2270658986	0.0651635404	-101.9450242722
