site	rate	t	lnL
1	0.0000000000	0.0071628580	-2.1806663559
2	1.1570592211	0.0071628580	-19.9945436225
3	0.0000000000	0.0071628580	-3.6610446551
4	2.3566281292	0.0071628580	-36.5076156854
5	0.0000000000	0.0071628580	-2.1806663559
6	0.5856578500	0.0071628580	-12.1077050214
7	0.5973572154	0.0071628580	-12.2583525663
8	0.5736695462	0.0071628580	-12.7291284874
9	2.4655730177	0.0071628580	-34.9426500457
10	0.5624620738	0.0071628580	-13.8414611294
11	0.0000000000	0.0071628580	-2.6041398291
12	1.1603384763	0.0071628580	-19.8187961616
13	0.0000000000	0.0071628580	-2.6041398291
14	1.1767753373	0.0071628580	-20.6581863491
15	1.2277344704	0.0071628580	-19.6555259571
16	2.3627063297	0.0071628580	-32.4375856944
17	0.5854505871	0.0071628580	-13.4514675066
18	1.7504182751	0.0071628580	-26.9999592945
19	0.5854505276	0.0071628580	-13.4514675066
20	1.7819538219	0.0071628580	-27.4426949833
21	1.1776260621	0.0071628580	-20.3206231513
22	4.7633934843	0.0071628580	-62.5972632522
23	4.1546596292	0.0071628580	-53.0790809599
24	0.0000000000	0.0071628580	-2.9401011231
25	1.1984163059	0.0071628580	-19.5074035396
26	0.5973573018	0.0071628580	-12.6393889787
27	0.6124123134	0.0071628580	-11.5046556863
28	0.0000000000	0.0071628580	-2.1806663559
29	0.5913240399	0.0071628580	-11.5415706740
30	1.1855694006	0.0071628580	-20.4024236268
31	0.6237983215	0.0071628580	-11.3296118415
32	1.6995898915	0.0071628580	-29.0286979935
33	0.0000000000	0.0071628580	-3.7242768403
34	0.6124914179	0.0071628580	-11.3707534086
35	0.5849794544	0.0071628580	-12.4598895902
36	1.1702473666	0.0071628580	-19.8720236207
37	1.1615883249	0.0071628580	-20.9489573306
38	0.0000000000	0.0071628580	-2.9095823226
39	0.5924202213	0.0071628580	-11.3811110223
40	0.5767479743	0.0071628580	-12.5988314081
41	1.1765559601	0.0071628580	-21.6986534992
42	2.9317738294	0.0071628580	-42.9262465634
43	2.2804762181	0.0071628580	-34.7195746074
44	0.0000000000	0.0071628580	-3.2171132662
45	0.5761322546	0.0071628580	-12.7570375459
46	0.5914041126	0.0071628580	-12.1422572377
47	0.0000000000	0.0071628580	-3.5810019474
48	0.5973572467	0.0071628580	-12.3833096511
49	1.2279069934	0.0071628580	-19.9606871215
50	1.1498826061	0.0071628580	-20.6029108744
51	0.0000000000	0.0071628580	-2.9401011231
52	0.5914041029	0.0071628580	-12.2517316202
53	0.5874217281	0.0071628580	-12.3609174616
54	0.0000000000	0.0071628580	-3.3249226199
55	0.0000000000	0.0071628580	-3.0751661276
56	0.5695049071	0.0071628580	-12.2635640339
57	0.0000000000	0.0071628580	-2.7398639380
58	0.0000000000	0.0071628580	-2.7379146196
59	0.0000000000	0.0071628580	-2.7379146196
60	1.1724951169	0.0071628580	-20.0067788943
61	0.0000000000	0.0071628580	-2.1806663559
62	1.1542493942	0.0071628580	-20.7748426970
63	0.0000000000	0.0071628580	-3.2171132662
64	0.5841327965	0.0071628580	-12.2570467110
65	3.1512803749	0.0071628580	-42.0382172141
66	0.0000000000	0.0071628580	-3.3249226199
67	1.8663509883	0.0071628580	-27.7488204156
68	1.8818221538	0.0071628580	-26.6261591453
69	0.6237983311	0.0071628580	-11.4320554859
70	1.1854999372	0.0071628580	-21.2478959808
71	1.7094275834	0.0071628580	-27.5580205378
72	1.1341986975	0.0071628580	-21.8299603165
73	0.0000000000	0.0071628580	-2.1806663559
74	1.1706443211	0.0071628580	-20.4868834428
75	1.7703369431	0.0071628580	-28.5446262664
76	1.1840808482	0.0071628580	-21.8074761299
77	0.0000000000	0.0071628580	-2.1806663559
78	1.7092876543	0.0071628580	-29.7486014655
79	1.7833891205	0.0071628580	-27.2159867387
80	0.5805801216	0.0071628580	-11.7129161109
81	2.9047304925	0.0071628580	-44.4673790595
82	1.2267200244	0.0071628580	-19.6971405080
83	1.1728439714	0.0071628580	-21.0889725299
84	0.0000000000	0.0071628580	-3.2171132662
85	0.0000000000	0.0071628580	-2.3373299507
86	2.9104372067	0.0071628580	-43.5227982750
87	0.0000000000	0.0071628580	-2.7398639380
88	1.1345072600	0.0071628580	-21.9190942165
89	0.0000000000	0.0071628580	-3.0495755056
90	2.9748685835	0.0071628580	-41.8487430975
91	0.0000000000	0.0071628580	-2.1806663559
92	0.6235651453	0.0071628580	-11.6416467564
93	3.4986439828	0.0071628580	-49.5925227230
94	0.0000000000	0.0071628580	-2.3373299507
95	0.0000000000	0.0071628580	-3.0751661276
96	0.0000000000	0.0071628580	-3.6610446551
97	0.0000000000	0.0071628580	-2.7379146196
98	1.1790947712	0.0071628580	-20.2390466366
99	1.1728665398	0.0071628580	-20.7183937892
100	0.0000000000	0.0071628580	-2.9401011231
101	0.0000000000	0.0071628580	-2.3373299507
102	1.7828017069	0.0071628580	-29.5056308602
103	1.7505136734	0.0071628580	-27.0280646230
104	0.5973572815	0.0071628580	-12.2583525663
105	0.0000000000	0.0071628580	-3.5810019474
106	1.1541668235	0.0071628580	-20.1791572513
107	2.3632804508	0.0071628580	-33.3004724098
108	0.6124123185	0.0071628580	-12.0125644388
109	1.1679145065	0.0071628580	-20.6287819879
110	0.5690654412	0.0071628580	-12.3443772713
111	0.0000000000	0.0071628580	-2.1806663559
112	1.7492365001	0.0071628580	-28.6974238257
113	0.0000000000	0.0071628580	-2.8958048372
114	0.5971761538	0.0071628580	-12.7197347142
115	1.1638228277	0.0071628580	-21.4454474213
116	4.7320238130	0.0071628580	-62.6894049092
117	1.7825664371	0.0071628580	-28.4682717255
118	0.0000000000	0.0071628580	-3.1999655350
119	1.7333421524	0.0071628580	-30.1931232674
120	3.0837348177	0.0071628580	-42.8844965212
121	1.1972864013	0.0071628580	-21.1715726025
122	0.0000000000	0.0071628580	-2.3373299507
123	1.1556950514	0.0071628580	-21.6945304518
124	2.9512915376	0.0071628580	-42.7465702475
