site	rate	t	lnL
1	0.8060816980	0.0693834963	-91.3542586597
2	1.4004161019	0.0693834963	-139.3917385324
3	1.2017461255	0.0693834963	-122.8860364986
4	2.0716585186	0.0693834963	-181.6259854923
5	0.3035292166	0.0693834963	-42.2792947670
6	1.0670037646	0.0693834963	-114.1288748772
7	0.9349800428	0.0693834963	-103.9971172367
8	1.4721252530	0.0693834963	-143.2005442389
9	0.9367655411	0.0693834963	-101.7723211318
10	0.4274133628	0.0693834963	-54.9059015057
11	0.2421480027	0.0693834963	-34.6326176053
12	1.4785315133	0.0693834963	-141.1576102485
13	0.8057068207	0.0693834963	-90.6669185593
14	1.1346265367	0.0693834963	-117.4316901410
15	0.0601087757	0.0693834963	-12.4713721459
16	1.1354898394	0.0693834963	-120.7188690885
17	0.9349748629	0.0693834963	-103.9971664860
18	1.0018643786	0.0693834963	-107.5498108393
19	1.4748277696	0.0693834963	-143.2936241690
20	1.4737661676	0.0693834963	-140.2788579631
21	1.6397642896	0.0693834963	-152.6425680606
22	1.4837723334	0.0693834963	-145.5337628790
23	0.4891416896	0.0693834963	-62.0354374500
24	0.1205095990	0.0693834963	-20.5559004992
25	1.3297148837	0.0693834963	-137.0312460434
26	1.3359562629	0.0693834963	-134.7396931576
27	1.4031594471	0.0693834963	-138.3694461202
28	0.0000000000	0.0693834963	-2.9957322736
29	0.0000000000	0.0693834963	-2.9957322736
30	1.0009317055	0.0693834963	-108.5451427833
31	0.4273610369	0.0693834963	-55.5998465540
32	1.3348852337	0.0693834963	-132.7926422244
33	0.1812244853	0.0693834963	-28.1123263569
34	1.2696966362	0.0693834963	-127.4283802336
35	0.1205429006	0.0693834963	-20.5554777316
36	0.8722076398	0.0693834963	-95.7499305682
37	1.2665729954	0.0693834963	-128.8464504424
38	1.3403301198	0.0693834963	-133.5797325538
39	1.8211403155	0.0693834963	-167.0415621235
40	1.6090284867	0.0693834963	-152.5686425675
41	1.6890050026	0.0693834963	-159.4956531734
42	1.9685657481	0.0693834963	-178.5547613224
43	1.5396668978	0.0693834963	-150.4936091644
44	1.5413888626	0.0693834963	-150.4688606359
45	1.1350560343	0.0693834963	-118.5249646855
46	0.1205171258	0.0693834963	-20.5559005031
47	0.0601157056	0.0693834963	-12.4711624560
48	0.7419686095	0.0693834963	-85.4649627097
49	2.4956731073	0.0693834963	-205.2529949649
50	0.1811458429	0.0693834963	-28.1136054127
51	0.0000000000	0.0693834963	-2.9957322736
52	0.4900430573	0.0693834963	-62.0213011215
53	0.6154582973	0.0693834963	-73.4031450052
54	0.3033958930	0.0693834963	-42.2814443217
55	0.4267750406	0.0693834963	-55.6090814565
56	0.3035314168	0.0693834963	-42.2792768877
57	0.0000000000	0.0693834963	-2.9957322736
58	1.0693900353	0.0693834963	-110.9126019361
59	1.1358544467	0.0693834963	-118.5156054266
60	2.4379543681	0.0693834963	-205.4940272207
61	0.0000000000	0.0693834963	-2.9957322736
62	1.7667860736	0.0693834963	-163.4591933176
63	2.0528437507	0.0693834963	-179.7191349279
64	1.4695681030	0.0693834963	-146.4168838782
65	1.6851152607	0.0693834963	-156.4857732536
66	0.3034629202	0.0693834963	-42.2803665408
67	1.2668262718	0.0693834963	-129.4178259362
68	1.1321814574	0.0693834963	-119.6672360551
69	1.6118589037	0.0693834963	-153.9225789173
70	1.2016643785	0.0693834963	-122.8866358858
71	1.2007549991	0.0693834963	-120.8175118795
72	1.3318033260	0.0693834963	-134.7998732597
73	0.0000000000	0.0693834963	-2.9957322736
74	0.6815575943	0.0693834963	-78.4542539847
75	0.8064016550	0.0693834963	-91.3493608746
76	0.8724330699	0.0693834963	-96.8461433002
77	0.4902738776	0.0693834963	-59.8199241629
78	1.4016768499	0.0693834963	-142.2676252280
79	1.1395480146	0.0693834963	-115.4115784140
80	0.5523902585	0.0693834963	-66.5308428666
81	0.8709917622	0.0693834963	-96.4618505252
82	1.2004980117	0.0693834963	-122.9033889949
83	1.4706010340	0.0693834963	-146.4011958895
84	0.3033274635	0.0693834963	-42.2825334703
85	0.2421457174	0.0693834963	-35.3257834721
86	0.6796325632	0.0693834963	-77.3849548137
87	1.0040981130	0.0693834963	-109.5972168321
88	0.8725266656	0.0693834963	-95.0507946348
89	0.1812319505	0.0693834963	-28.1123255429
90	1.4023012273	0.0693834963	-138.6704172979
91	0.0601157056	0.0693834963	-12.4711624560
92	0.5517476231	0.0693834963	-68.3329353745
93	0.9367623637	0.0693834963	-100.6718777780
94	0.2424113617	0.0693834963	-35.3214919308
95	2.5039573222	0.0693834963	-204.5101021322
96	1.0694419388	0.0693834963	-113.2459938745
97	0.8062829065	0.0693834963	-89.6767930656
98	2.0474944703	0.0693834963	-180.4477168871
99	1.0009571920	0.0693834963	-108.5449565287
100	1.8937222553	0.0693834963	-176.8383863325
101	0.1812245820	0.0693834963	-28.1123255370
102	1.4717514027	0.0693834963	-143.0835632151
103	1.8273900786	0.0693834963	-168.6199368750
104	0.4900317762	0.0693834963	-62.0213932588
105	1.5437834982	0.0693834963	-152.6371904698
106	0.6779720666	0.0693834963	-80.5898715925
107	0.4277017988	0.0693834963	-53.5146511646
108	1.7519688957	0.0693834963	-166.8500831076
109	1.0000585366	0.0693834963	-108.5578470011
110	1.4729947903	0.0693834963	-143.1868842229
111	0.0000000000	0.0693834963	-2.9957322736
112	1.1331443474	0.0693834963	-118.5524313101
113	1.2674236753	0.0693834963	-127.3262290542
114	1.7501191674	0.0693834963	-160.3855208199
115	1.2057453770	0.0693834963	-123.9276417830
116	2.1388305615	0.0693834963	-190.0016428603
117	1.7546148184	0.0693834963	-161.4282087446
118	1.0016152191	0.0693834963	-107.4352923613
119	1.9778446122	0.0693834963	-175.3792599033
120	1.4056185808	0.0693834963	-135.7282167847
121	1.4036569313	0.0693834963	-138.0445046159
122	0.0601087745	0.0693834963	-12.4713721459
123	1.0675733470	0.0693834963	-114.1200355948
124	1.3997234294	0.0693834963	-141.1954581495
