site	rate	t	lnL
1	5.3048283772	0.0005406513	-16.8739303859
2	0.0000000000	0.0005406513	-2.3465043269
3	0.0000000000	0.0005406513	-2.8878547669
4	0.0000000000	0.0005406513	-3.4184830179
5	0.0000000000	0.0005406513	-2.4266567619
6	0.0000000000	0.0005406513	-4.1271343850
7	0.0000000000	0.0005406513	-2.3465043269
8	0.0000000000	0.0005406513	-2.4266567619
9	0.0000000000	0.0005406513	-2.8688065719
10	32.4199347134	0.0005406513	-11.4092296894
11	5.3815775572	0.0005406513	-13.9647741331
12	0.0000000000	0.0005406513	-3.0455940803
13	0.0000000000	0.0005406513	-3.3770458281
14	10.0081793667	0.0005406513	-17.1126145979
15	0.0000000000	0.0005406513	-2.1998110848
16	0.0000000000	0.0005406513	-3.7010499897
17	0.0000000000	0.0005406513	-2.4223862928
18	0.0000000000	0.0005406513	-2.8732559675
19	0.0000000000	0.0005406513	-2.8878547669
20	0.0000000000	0.0005406513	-2.4223862928
21	0.0000000000	0.0005406513	-3.4184830179
22	0.0000000000	0.0005406513	-3.0285220964
23	0.0000000000	0.0005406513	-2.1101501983
24	0.0000000000	0.0005406513	-3.0285220964
25	0.0000000000	0.0005406513	-2.1101501983
26	0.0000000000	0.0005406513	-2.8732559675
27	0.0000000000	0.0005406513	-2.1998110848
28	0.0000000000	0.0005406513	-2.4266567619
29	0.0000000000	0.0005406513	-2.1101501983
30	0.0000000000	0.0005406513	-2.1101501983
31	0.0000000000	0.0005406513	-2.3465043269
32	0.0000000000	0.0005406513	-3.4517216594
33	0.0000000000	0.0005406513	-2.4223862928
34	0.0000000000	0.0005406513	-2.4223862928
35	0.0000000000	0.0005406513	-2.4223862928
36	5.4158254524	0.0005406513	-14.2275417398
37	0.0000000000	0.0005406513	-3.0455940803
38	0.0000000000	0.0005406513	-2.8732559675
39	0.0000000000	0.0005406513	-2.1101501983
40	0.0000000000	0.0005406513	-2.1998110848
41	5.3760699118	0.0005406513	-14.2790691872
42	0.0000000000	0.0005406513	-3.4339872045
43	9.9582502310	0.0005406513	-16.2647715541
44	0.0000000000	0.0005406513	-3.0285220964
45	0.0000000000	0.0005406513	-2.1101501983
46	0.0000000000	0.0005406513	-2.4223862928
47	0.0000000000	0.0005406513	-4.7895099069
48	0.0000000000	0.0005406513	-2.3465043269
49	0.0000000000	0.0005406513	-2.8878547669
50	0.0000000000	0.0005406513	-2.3465043269
51	0.0000000000	0.0005406513	-2.4223862928
52	0.0000000000	0.0005406513	-2.1101501983
53	0.0000000000	0.0005406513	-2.1998110848
54	0.0000000000	0.0005406513	-2.4266567619
55	0.0000000000	0.0005406513	-2.1998110848
56	0.0000000000	0.0005406513	-3.4184830179
57	0.0000000000	0.0005406513	-3.4379011038
58	5.3374910824	0.0005406513	-13.0566885972
59	0.0000000000	0.0005406513	-2.3465043269
60	0.0000000000	0.0005406513	-2.3465043269
61	0.0000000000	0.0005406513	-2.4266567619
62	5.3453959541	0.0005406513	-13.8862385781
63	0.0000000000	0.0005406513	-3.7010499897
64	0.0000000000	0.0005406513	-2.8732559675
65	0.0000000000	0.0005406513	-3.3770458281
66	0.0000000000	0.0005406513	-3.3770458281
67	0.0000000000	0.0005406513	-2.8688065719
68	0.0000000000	0.0005406513	-2.8732559675
69	0.0000000000	0.0005406513	-3.0455940803
70	0.0000000000	0.0005406513	-2.3465043269
71	0.0000000000	0.0005406513	-3.4339872045
72	7.4517216010	0.0005406513	-13.4441231306
73	0.0000000000	0.0005406513	-2.4266567619
74	0.0000000000	0.0005406513	-2.8688065719
75	0.0000000000	0.0005406513	-2.1998110848
76	0.0000000000	0.0005406513	-3.0285220964
77	0.0000000000	0.0005406513	-2.4266567619
78	0.0000000000	0.0005406513	-4.0093513494
79	7.2958098613	0.0005406513	-12.5836057119
80	0.0000000000	0.0005406513	-2.3465043269
81	0.0000000000	0.0005406513	-2.1998110848
82	0.0000000000	0.0005406513	-2.4266567619
83	0.0000000000	0.0005406513	-3.3770458281
84	0.0000000000	0.0005406513	-3.7010499897
85	0.0000000000	0.0005406513	-2.1998110848
86	0.0000000000	0.0005406513	-3.4379011038
87	5.4891153415	0.0005406513	-13.7719034418
88	0.0000000000	0.0005406513	-3.0285220964
89	0.0000000000	0.0005406513	-2.1101501983
90	0.0000000000	0.0005406513	-2.8878547669
91	0.0000000000	0.0005406513	-2.8688065719
92	0.0000000000	0.0005406513	-3.4517216594
93	0.0000000000	0.0005406513	-2.8878547669
94	0.0000000000	0.0005406513	-2.1101501983
95	0.0000000000	0.0005406513	-2.1998110848
96	0.0000000000	0.0005406513	-2.4223862928
97	0.0000000000	0.0005406513	-2.1998110848
98	0.0000000000	0.0005406513	-2.4223862928
99	0.0000000000	0.0005406513	-3.0285220964
100	0.0000000000	0.0005406513	-2.4223862928
101	0.0000000000	0.0005406513	-2.1101501983
102	0.0000000000	0.0005406513	-2.8688065719
103	0.0000000000	0.0005406513	-2.1101501983
104	0.0000000000	0.0005406513	-2.8732559675
105	0.0000000000	0.0005406513	-2.4266567619
106	0.0000000000	0.0005406513	-2.1998110848
107	0.0000000000	0.0005406513	-2.8732559675
108	0.0000000000	0.0005406513	-3.4339872045
109	0.0000000000	0.0005406513	-3.4339872045
110	0.0000000000	0.0005406513	-2.1998110848
111	0.0000000000	0.0005406513	-2.4266567619
112	28.7168066644	0.0005406513	-11.5304784807
113	0.0000000000	0.0005406513	-2.1101501983
114	0.0000000000	0.0005406513	-4.1271343850
115	0.0000000000	0.0005406513	-3.4184830179
116	0.0000000000	0.0005406513	-2.8688065719
117	25.5032371590	0.0005406513	-32.3074269302
118	0.0000000000	0.0005406513	-2.3465043269
119	0.0000000000	0.0005406513	-2.8688065719
120	0.0000000000	0.0005406513	-2.1101501983
121	0.0000000000	0.0005406513	-2.4223862928
122	0.0000000000	0.0005406513	-2.1101501983
123	0.0000000000	0.0005406513	-4.0093513494
124	0.0000000000	0.0005406513	-2.1101501983
