site	rate	t	lnL
1	1.7823441192	0.0655904875	-87.2745033698
2	0.1911391398	0.0655904875	-23.8287885135
3	1.4194041011	0.0655904875	-142.1997394228
4	1.0313165037	0.0655904875	-105.1853095620
5	0.1410887110	0.0655904875	-12.0878977334
6	0.5890004616	0.0655904875	-80.7724888190
7	0.3871858744	0.0655904875	-50.9993351430
8	0.9707828081	0.0655904875	-100.6954737721
9	1.3311396782	0.0655904875	-149.1125153143
10	1.4472027911	0.0655904875	-150.7844772126
11	0.3910366607	0.0655904875	-52.3829849250
12	1.3061275542	0.0655904875	-143.2506934532
13	0.6361933085	0.0655904875	-67.9364175323
14	0.6018580442	0.0655904875	-38.8796341680
15	0.6584229813	0.0655904875	-81.3465573118
16	1.3170656814	0.0655904875	-147.3353454078
17	1.4140395955	0.0655904875	-152.4329814596
18	1.4888693273	0.0655904875	-123.1431303486
19	2.5142551087	0.0655904875	-140.1256614226
20	2.5228338769	0.0655904875	-219.3946849348
21	2.4321011967	0.0655904875	-140.0297876934
22	1.4006690466	0.0655904875	-87.0792078392
23	0.7944542433	0.0655904875	-105.6986071017
24	0.1290624241	0.0655904875	-12.5867535048
25	0.7509943904	0.0655904875	-96.4155401299
26	0.3691799672	0.0655904875	-34.7523742255
27	0.6568431466	0.0655904875	-73.2778499896
28	0.0000000000	0.0655904875	-2.4068821063
29	0.1078668785	0.0655904875	-17.5641509039
30	0.3785960996	0.0655904875	-54.5735110994
31	1.1448502758	0.0655904875	-126.8794279324
32	0.2116626627	0.0655904875	-42.3557840470
33	0.1139146972	0.0655904875	-18.9522846916
34	1.0020843884	0.0655904875	-58.7434680419
35	0.2387480324	0.0655904875	-42.5080167720
36	1.6713808596	0.0655904875	-166.9600901716
37	2.4095273847	0.0655904875	-215.1637917664
38	1.8556081825	0.0655904875	-177.9171916589
39	0.8567114991	0.0655904875	-118.9426036118
40	0.4807310689	0.0655904875	-56.0468878155
41	1.0071665356	0.0655904875	-117.8619435501
42	1.2543334025	0.0655904875	-144.4208991023
43	1.1217644138	0.0655904875	-128.8182900011
44	2.5321903879	0.0655904875	-180.0804590227
45	3.0407917507	0.0655904875	-165.6356816529
46	1.3099469120	0.0655904875	-123.4937182392
47	0.1024139935	0.0655904875	-21.9981770973
48	0.8620456127	0.0655904875	-88.5702682404
49	1.4729460116	0.0655904875	-153.7282765690
50	0.3691943861	0.0655904875	-51.1417679599
51	0.0000000000	0.0655904875	-2.8643768858
52	0.2332968132	0.0655904875	-41.8364326221
53	0.2721636494	0.0655904875	-39.4656848771
54	0.9324566893	0.0655904875	-113.1995875984
55	0.0510992285	0.0655904875	-11.2212374154
56	0.1655345191	0.0655904875	-27.2669748228
57	0.0549846850	0.0655904875	-12.3395794883
58	0.2820509904	0.0655904875	-36.8667962047
59	1.0504229438	0.0655904875	-128.2698388606
60	0.5751439889	0.0655904875	-43.5769903465
61	0.4188944633	0.0655904875	-26.7290285186
62	1.3643535024	0.0655904875	-144.1797721751
63	0.1580618880	0.0655904875	-21.8511551981
64	2.9534288212	0.0655904875	-189.5540856302
65	1.1119957255	0.0655904875	-127.6756625966
66	0.3131612899	0.0655904875	-45.2589273433
67	2.2011821236	0.0655904875	-206.6736006063
68	1.9786573250	0.0655904875	-186.0770719963
69	1.9681359421	0.0655904875	-184.6123551632
70	0.9217285877	0.0655904875	-115.6412085185
71	1.4875482531	0.0655904875	-135.7987566370
72	1.3531773695	0.0655904875	-162.9548423721
73	0.0000000000	0.0655904875	-2.4068821063
74	2.1143462610	0.0655904875	-156.4809171347
75	0.4273413025	0.0655904875	-75.5713605574
76	1.8987172440	0.0655904875	-150.0084943476
77	0.0000000000	0.0655904875	-2.4068821063
78	1.0174548193	0.0655904875	-112.4767609859
79	0.6475677712	0.0655904875	-95.5424240199
80	0.3122243734	0.0655904875	-50.9191177353
81	0.9898704623	0.0655904875	-129.1023109243
82	1.3431077618	0.0655904875	-137.6822964140
83	2.0544865899	0.0655904875	-177.1995002645
84	2.1146629313	0.0655904875	-170.9201617048
85	0.3867102289	0.0655904875	-53.8584717338
86	2.9221077104	0.0655904875	-247.5833068413
87	0.8628239152	0.0655904875	-132.0690077646
88	0.5405144526	0.0655904875	-71.0043353103
89	0.1073409904	0.0655904875	-16.6701963724
90	1.3411310959	0.0655904875	-165.7957188684
91	0.0000000000	0.0655904875	-2.4068821063
92	0.2725884477	0.0655904875	-42.0877900136
93	1.5168379708	0.0655904875	-155.0594332825
94	0.0000000000	0.0655904875	-2.1558785266
95	0.3996952776	0.0655904875	-64.0094239730
96	1.8395381739	0.0655904875	-184.8758203912
97	1.4111866723	0.0655904875	-138.1638490490
98	1.4846999310	0.0655904875	-68.5364506839
99	1.8356908156	0.0655904875	-163.6128411733
100	0.1537161663	0.0655904875	-12.3998023225
101	0.0000000000	0.0655904875	-2.5567297033
102	3.2761292528	0.0655904875	-206.6206208243
103	0.3341391873	0.0655904875	-52.0960805936
104	0.1953881821	0.0655904875	-19.0044512957
105	0.9415968200	0.0655904875	-113.3797904557
106	0.6038797938	0.0655904875	-73.7827931559
107	0.3864158983	0.0655904875	-45.5026445542
108	1.3115528995	0.0655904875	-138.0623440619
109	2.1149418660	0.0655904875	-209.9353018238
110	1.2792262764	0.0655904875	-106.0921796499
111	0.0000000000	0.0655904875	-2.4068821063
112	1.9792689613	0.0655904875	-161.4014295770
113	2.5770822419	0.0655904875	-157.6125475016
114	0.9069673148	0.0655904875	-97.0916823840
115	0.5999605555	0.0655904875	-79.2639496440
116	2.4156537548	0.0655904875	-177.2011307364
117	0.9925888268	0.0655904875	-118.7881343830
118	1.3425241392	0.0655904875	-132.3049479831
119	2.2409677029	0.0655904875	-196.5556725706
120	2.0459734355	0.0655904875	-176.2661111429
121	2.0075686574	0.0655904875	-181.6942697674
122	0.3972338842	0.0655904875	-56.8829835386
123	1.5178256379	0.0655904875	-146.3259125579
124	1.4814255063	0.0655904875	-141.9876760823
