site	rate	t	lnL
1	3.1393523093	0.5624592098	-387.5021175492
2	0.8261619070	0.5624592098	-267.7969774192
3	3.6125330831	0.5624592098	-385.8192928592
4	2.1842638099	0.5624592098	-376.3658691989
5	0.1391034820	0.5624592098	-72.0899368898
6	3.7825060866	0.5624592098	-388.6106090204
7	0.3823077688	0.5624592098	-195.7854115033
8	0.4717811457	0.5624592098	-247.3823541793
9	1.5772374938	0.5624592098	-374.7074670195
10	3.0659582485	0.5624592098	-371.9886290887
11	0.6434932330	0.5624592098	-237.2098844386
12	4.2522466811	0.5624592098	-386.5128701246
13	1.0105106400	0.5624592098	-331.3006506239
14	0.9299483574	0.5624592098	-259.3563643670
15	0.5320687753	0.5624592098	-226.2299416792
16	3.4310168375	0.5624592098	-392.6778442677
17	1.9639833657	0.5624592098	-347.7038782944
18	1.6747636131	0.5624592098	-320.0762149738
19	204.2892082828	0.5624592098	-375.7183678955
20	0.1496395546	0.5624592098	-73.3514926877
21	0.8371094980	0.5624592098	-291.7537079811
22	1.6399268104	0.5624592098	-363.5193791639
23	0.7869259026	0.5624592098	-277.1353266677
24	0.3123811882	0.5624592098	-145.0786287890
25	1.8862405757	0.5624592098	-364.9720934215
26	0.5260888157	0.5624592098	-166.0189341172
27	0.2829136006	0.5624592098	-183.7097234906
28	0.0000000000	0.5624592098	-2.4195494115
29	0.3409452651	0.5624592098	-203.9762309643
30	0.2923195100	0.5624592098	-201.2225905850
31	1.8847397034	0.5624592098	-371.0589684869
32	1.2511362599	0.5624592098	-325.8585443739
33	0.1330567878	0.5624592098	-118.0351344899
34	1.9525664109	0.5624592098	-364.7964467252
35	1.5555161215	0.5624592098	-333.1673017975
36	2.4420089755	0.5624592098	-371.4452272673
37	1.4998954679	0.5624592098	-359.0396378506
38	2.8270114814	0.5624592098	-383.4882608350
39	4.8760773472	0.5624592098	-379.6681461374
40	0.5908416463	0.5624592098	-298.1304539150
41	0.8002735562	0.5624592098	-324.7607158325
42	4.7517082556	0.5624592098	-389.9678254726
43	1.6671578020	0.5624592098	-358.0831710525
44	4.0044349984	0.5624592098	-386.6572715343
45	2.0070268144	0.5624592098	-364.8195177934
46	0.4881600299	0.5624592098	-172.5854338910
47	0.2517821442	0.5624592098	-193.2628001995
48	1.1853731266	0.5624592098	-312.2134581145
49	1.3245362901	0.5624592098	-348.0759089285
50	0.7900306502	0.5624592098	-286.6572300936
51	0.0424511391	0.5624592098	-26.5318238613
52	0.3511584626	0.5624592098	-189.4841006135
53	0.6950470255	0.5624592098	-267.1442041374
54	0.8033755326	0.5624592098	-297.3281423739
55	0.4748295094	0.5624592098	-218.0407604116
56	0.9827966649	0.5624592098	-360.1975396326
57	0.1361236249	0.5624592098	-103.8843234352
58	1.2861477504	0.5624592098	-344.7942305107
59	1.9054699460	0.5624592098	-365.4837120504
60	0.6286989061	0.5624592098	-233.8103272504
61	0.0520694707	0.5624592098	-32.8555997614
62	3.7736515717	0.5624592098	-379.4599214268
63	0.7797916343	0.5624592098	-297.8687646149
64	1.2763382740	0.5624592098	-301.1500846312
65	1.9518257123	0.5624592098	-386.7519136041
66	0.2350211919	0.5624592098	-169.1106631279
67	2.2503790242	0.5624592098	-386.5035561108
68	1.0736350703	0.5624592098	-285.2616864237
69	1.7180787395	0.5624592098	-380.3658770081
70	2.6701495666	0.5624592098	-371.9999488570
71	1.6127973785	0.5624592098	-353.3887026307
72	1.4084004468	0.5624592098	-362.9571562413
73	0.1693987354	0.5624592098	-88.9605372781
74	1.3711371784	0.5624592098	-312.4519123039
75	0.7116269430	0.5624592098	-279.1620743984
76	1.8362271505	0.5624592098	-372.9897656924
77	0.1392998209	0.5624592098	-72.6904146991
78	2.5175221811	0.5624592098	-383.7313230501
79	5.4753701457	0.5624592098	-371.4110913799
80	0.6548866482	0.5624592098	-266.9300632851
81	1.0608376207	0.5624592098	-341.3783033819
82	2.0241149655	0.5624592098	-377.2100480291
83	2.7012107749	0.5624592098	-389.8951033104
84	1.0843985557	0.5624592098	-320.1789869607
85	0.6270952606	0.5624592098	-281.0725009750
86	0.7526463104	0.5624592098	-359.9946011996
87	1.9175026359	0.5624592098	-361.2430559643
88	0.3729105360	0.5624592098	-238.9610706622
89	0.2147855222	0.5624592098	-150.5564745591
90	2.7431934751	0.5624592098	-375.6042478150
91	0.0261470708	0.5624592098	-20.0588054511
92	0.8573005884	0.5624592098	-275.3289835196
93	2.5267774735	0.5624592098	-381.1294838626
94	0.3451238649	0.5624592098	-180.7926584273
95	0.4582139357	0.5624592098	-265.7071131430
96	2.4385365309	0.5624592098	-371.2155740248
97	3.4185892028	0.5624592098	-380.5461578288
98	1.7146962183	0.5624592098	-346.0823008048
99	2.6340105207	0.5624592098	-390.5923425275
100	0.4464210059	0.5624592098	-165.7488802549
101	0.1580895358	0.5624592098	-121.4387256230
102	2.0110539427	0.5624592098	-379.9422591314
103	1.1088476236	0.5624592098	-312.9761783497
104	0.6543823470	0.5624592098	-202.6991113232
105	1.8651128470	0.5624592098	-371.6457511089
106	2.8052165628	0.5624592098	-366.0943201090
107	0.5127118419	0.5624592098	-243.3650016260
108	2.1013653832	0.5624592098	-381.1606132694
109	3.7630154800	0.5624592098	-385.0842967063
110	3.4255065194	0.5624592098	-375.1742430499
111	0.0000000000	0.5624592098	-2.4195494115
112	2.8841493327	0.5624592098	-382.8670514158
113	3.3775791862	0.5624592098	-390.3399097634
114	1.0931699750	0.5624592098	-323.3747645278
115	1.5554498489	0.5624592098	-348.5807947012
116	3.7813059069	0.5624592098	-389.7578445974
117	2.5590865918	0.5624592098	-369.9632362567
118	1.8582304288	0.5624592098	-355.6461033136
119	0.8597947885	0.5624592098	-347.4852125619
120	8.2383858823	0.5624592098	-379.1435932016
121	0.5638635664	0.5624592098	-210.2385590286
122	0.3075005925	0.5624592098	-136.5734007566
123	5.3745671694	0.5624592098	-386.3179441782
124	2.1157619206	0.5624592098	-370.1959042526
