site	rate	t	lnL
1	0.0000000000	0.0008487596	-2.4223862928
2	0.0000000000	0.0008487596	-3.2046131034
3	0.0000000000	0.0008487596	-3.7295124544
4	4.8222890300	0.0008487596	-13.1391086762
5	0.0000000000	0.0008487596	-2.6230569883
6	4.8222890183	0.0008487596	-13.3645841369
7	5.2593666451	0.0008487596	-11.2095956366
8	0.0000000000	0.0008487596	-2.6213223825
9	0.0000000000	0.0008487596	-2.8688065719
10	4.9465779540	0.0008487596	-12.5543790076
11	0.0000000000	0.0008487596	-3.4398638130
12	0.0000000000	0.0008487596	-2.8766060544
13	0.0000000000	0.0008487596	-2.6152748478
14	0.0000000000	0.0008487596	-2.4223862928
15	0.0000000000	0.0008487596	-2.1823409307
16	0.0000000000	0.0008487596	-2.8766060544
17	0.0000000000	0.0008487596	-3.4339872045
18	0.0000000000	0.0008487596	-2.8688065719
19	0.0000000000	0.0008487596	-2.6152748478
20	0.0000000000	0.0008487596	-3.2092823726
21	0.0000000000	0.0008487596	-3.2046131034
22	10.2702766737	0.0008487596	-19.9949309217
23	5.1228085003	0.0008487596	-11.4819378050
24	0.0000000000	0.0008487596	-3.4339872045
25	0.0000000000	0.0008487596	-2.1823409307
26	0.0000000000	0.0008487596	-2.1823409307
27	0.0000000000	0.0008487596	-2.1823409307
28	0.0000000000	0.0008487596	-2.6230569883
29	0.0000000000	0.0008487596	-2.1823409307
30	4.8177413326	0.0008487596	-13.6537032166
31	4.7853017814	0.0008487596	-12.8277963612
32	0.0000000000	0.0008487596	-3.6985022177
33	0.0000000000	0.0008487596	-3.0403100521
34	4.9155065875	0.0008487596	-11.9421445958
35	0.0000000000	0.0008487596	-3.4359422393
36	0.0000000000	0.0008487596	-3.2046131034
37	0.0000000000	0.0008487596	-3.4339872045
38	0.0000000000	0.0008487596	-2.6152748478
39	0.0000000000	0.0008487596	-3.4339872045
40	0.0000000000	0.0008487596	-3.2124073751
41	0.0000000000	0.0008487596	-3.0403100521
42	0.0000000000	0.0008487596	-3.2046131034
43	0.0000000000	0.0008487596	-2.8688065719
44	0.0000000000	0.0008487596	-3.2046131034
45	0.0000000000	0.0008487596	-2.6213223825
46	5.1242378443	0.0008487596	-11.4816591332
47	0.0000000000	0.0008487596	-2.8766060544
48	0.0000000000	0.0008487596	-2.6152748478
49	0.0000000000	0.0008487596	-3.4300885641
50	0.0000000000	0.0008487596	-2.8743714165
51	0.0000000000	0.0008487596	-2.4223862928
52	0.0000000000	0.0008487596	-2.6152748478
53	0.0000000000	0.0008487596	-2.6152748478
54	0.0000000000	0.0008487596	-2.8688065719
55	0.0000000000	0.0008487596	-3.4557057284
56	0.0000000000	0.0008487596	-3.0403100521
57	0.0000000000	0.0008487596	-3.6985022177
58	0.0000000000	0.0008487596	-2.6213223825
59	4.8191325455	0.0008487596	-13.3850010919
60	4.8257293632	0.0008487596	-12.8065128695
61	0.0000000000	0.0008487596	-2.6230569883
62	0.0000000000	0.0008487596	-3.4300885641
63	0.0000000000	0.0008487596	-2.8766060544
64	0.0000000000	0.0008487596	-2.4223862928
65	0.0000000000	0.0008487596	-2.6213223825
66	0.0000000000	0.0008487596	-2.6213223825
67	4.8630623298	0.0008487596	-13.1424222233
68	0.0000000000	0.0008487596	-2.8688065719
69	0.0000000000	0.0008487596	-3.0403100521
70	0.0000000000	0.0008487596	-2.6213223825
71	0.0000000000	0.0008487596	-2.4223862928
72	0.0000000000	0.0008487596	-3.2092823726
73	0.0000000000	0.0008487596	-2.6230569883
74	0.0000000000	0.0008487596	-2.4223862928
75	4.9517639067	0.0008487596	-11.5288269574
76	0.0000000000	0.0008487596	-3.4339872045
77	0.0000000000	0.0008487596	-2.6230569883
78	4.8630621507	0.0008487596	-12.5713649822
79	0.0000000000	0.0008487596	-3.4300885641
80	0.0000000000	0.0008487596	-2.6213223825
81	0.0000000000	0.0008487596	-2.6152748478
82	0.0000000000	0.0008487596	-3.2092823726
83	0.0000000000	0.0008487596	-2.1823409307
84	4.8637053805	0.0008487596	-12.9039146635
85	4.7872447077	0.0008487596	-12.4176864145
86	0.0000000000	0.0008487596	-2.8743714165
87	4.7815720591	0.0008487596	-13.9350299357
88	0.0000000000	0.0008487596	-2.8743714165
89	0.0000000000	0.0008487596	-2.1823409307
90	0.0000000000	0.0008487596	-3.2092823726
91	0.0000000000	0.0008487596	-2.1823409307
92	0.0000000000	0.0008487596	-2.1823409307
93	0.0000000000	0.0008487596	-3.4398638130
94	0.0000000000	0.0008487596	-2.1823409307
95	0.0000000000	0.0008487596	-2.6213223825
96	0.0000000000	0.0008487596	-2.1823409307
97	0.0000000000	0.0008487596	-2.6152748478
98	0.0000000000	0.0008487596	-2.1823409307
99	0.0000000000	0.0008487596	-3.4339872045
100	0.0000000000	0.0008487596	-2.4223862928
101	5.2607801941	0.0008487596	-11.8033344085
102	4.9019194956	0.0008487596	-12.9584615333
103	4.8630630298	0.0008487596	-13.4010606280
104	0.0000000000	0.0008487596	-3.2124073751
105	0.0000000000	0.0008487596	-2.8743714165
106	0.0000000000	0.0008487596	-3.4339872045
107	0.0000000000	0.0008487596	-3.4339872045
108	0.0000000000	0.0008487596	-3.4359422393
109	0.0000000000	0.0008487596	-2.6152748478
110	0.0000000000	0.0008487596	-2.8743714165
111	0.0000000000	0.0008487596	-2.6230569883
112	5.0359770290	0.0008487596	-11.6918842860
113	0.0000000000	0.0008487596	-2.8766060544
114	0.0000000000	0.0008487596	-2.8766060544
115	5.0336387139	0.0008487596	-11.6940811534
116	0.0000000000	0.0008487596	-3.4300885641
117	0.0000000000	0.0008487596	-2.6230569883
118	0.0000000000	0.0008487596	-3.4398638130
119	0.0000000000	0.0008487596	-2.8743714165
120	0.0000000000	0.0008487596	-2.8688065719
121	4.8233039726	0.0008487596	-12.3764655672
122	0.0000000000	0.0008487596	-2.6230569883
123	0.0000000000	0.0008487596	-2.8688065719
124	0.0000000000	0.0008487596	-2.4223862928
