site	rate	t	lnL
1	2.4504149359	0.5223709765	-377.5668503529
2	0.8294345671	0.5223709765	-282.7780231482
3	1.8227379568	0.5223709765	-377.7748049597
4	2.6832408429	0.5223709765	-372.3261543537
5	0.2774263387	0.5223709765	-91.8000550195
6	3.3155722480	0.5223709765	-385.0693991725
7	0.3374297791	0.5223709765	-194.2070433703
8	0.4923956756	0.5223709765	-269.2596786036
9	1.5709095355	0.5223709765	-374.4194452193
10	2.1448770998	0.5223709765	-362.9737801987
11	0.4838258592	0.5223709765	-221.9550346581
12	3.0024695312	0.5223709765	-383.8962531218
13	1.6146325529	0.5223709765	-357.7791818011
14	1.3448973746	0.5223709765	-289.6154307862
15	0.4392912684	0.5223709765	-227.7824902207
16	2.0738081247	0.5223709765	-368.5944842079
17	1.2775190967	0.5223709765	-351.3168255329
18	1.4081988344	0.5223709765	-321.6624839751
19	2.0383809701	0.5223709765	-372.1342671410
20	0.3851153661	0.5223709765	-112.1807127950
21	0.7660506504	0.5223709765	-280.8860015724
22	1.4915478320	0.5223709765	-335.4945581907
23	0.5163804026	0.5223709765	-256.1372386263
24	0.1613730254	0.5223709765	-66.6630869502
25	1.7212042645	0.5223709765	-351.6953051797
26	0.5340428139	0.5223709765	-206.6782512570
27	0.2597740789	0.5223709765	-167.1375855964
28	0.0000000000	0.5223709765	-2.3630994638
29	0.0798968559	0.5223709765	-87.5779308609
30	0.4860555532	0.5223709765	-250.3166734420
31	2.8988906236	0.5223709765	-372.6847686637
32	1.6722365438	0.5223709765	-344.4734295746
33	0.4887336639	0.5223709765	-214.5453071218
34	1.8375158510	0.5223709765	-367.6109080440
35	0.8088863093	0.5223709765	-293.9373762732
36	1.9531549296	0.5223709765	-380.9309974685
37	1.5495375789	0.5223709765	-324.6036912863
38	2.3356377286	0.5223709765	-378.1616987931
39	2.1085716048	0.5223709765	-371.0948004734
40	0.9654969117	0.5223709765	-325.1813086791
41	1.0117827126	0.5223709765	-345.5765037671
42	6.8025810198	0.5223709765	-381.2548467732
43	1.4475399956	0.5223709765	-349.9791291354
44	10.0174544584	0.5223709765	-394.8893173238
45	1.2829463677	0.5223709765	-325.4645737786
46	1.4668216282	0.5223709765	-294.1056146824
47	0.7690831125	0.5223709765	-317.6020897131
48	1.2501700146	0.5223709765	-330.8382240257
49	0.9287538740	0.5223709765	-328.0044435711
50	0.5458701167	0.5223709765	-245.1300684307
51	0.0000000000	0.5223709765	-2.6647112156
52	0.5083102991	0.5223709765	-244.6420935953
53	0.2810128664	0.5223709765	-194.4197899921
54	0.8789282077	0.5223709765	-319.5103854398
55	0.3716855412	0.5223709765	-217.8165415702
56	1.6188267404	0.5223709765	-374.7848007550
57	0.0986680392	0.5223709765	-90.4493073535
58	0.9125499630	0.5223709765	-323.8910695187
59	1.9673745800	0.5223709765	-373.0617762101
60	0.5490558056	0.5223709765	-193.9801637555
61	0.1543030178	0.5223709765	-56.8345975278
62	2.1840815290	0.5223709765	-378.8795641967
63	0.3508958455	0.5223709765	-170.5306597120
64	1.3880247705	0.5223709765	-294.8816443613
65	2.6758586289	0.5223709765	-378.2755815270
66	0.4455609186	0.5223709765	-231.5926500963
67	2.4702907711	0.5223709765	-381.2538843197
68	1.0029694058	0.5223709765	-242.2396163042
69	219.4621031262	0.5223709765	-401.0717779599
70	1.6878685029	0.5223709765	-360.8695234895
71	1.1771496551	0.5223709765	-339.2871426050
72	1.4498393429	0.5223709765	-344.9534442434
73	0.0962443105	0.5223709765	-37.3191874773
74	1.6595723171	0.5223709765	-338.7214187727
75	0.8339366194	0.5223709765	-299.5657845723
76	2.0088397244	0.5223709765	-384.2966640188
77	0.0902774169	0.5223709765	-38.3347698248
78	3.0624242526	0.5223709765	-381.9066814243
79	2.6594896512	0.5223709765	-374.9923782433
80	0.5758320598	0.5223709765	-273.5726253938
81	0.9837506818	0.5223709765	-320.4816437577
82	1.8777253255	0.5223709765	-382.6353353508
83	3.6734842739	0.5223709765	-386.9059896430
84	0.9817482417	0.5223709765	-304.3122919663
85	0.4823656411	0.5223709765	-260.3787233027
86	1.2276643574	0.5223709765	-370.1817540046
87	2.5366216287	0.5223709765	-367.0128698860
88	0.5029930731	0.5223709765	-271.5051156628
89	0.2713059607	0.5223709765	-170.9026523938
90	2.0883507304	0.5223709765	-365.1608063845
91	0.1752808310	0.5223709765	-61.6618119451
92	0.7923630943	0.5223709765	-248.2950462345
93	1.0989663165	0.5223709765	-344.6025263213
94	0.3069454265	0.5223709765	-187.7476950116
95	0.5228511391	0.5223709765	-272.9471770178
96	1.4732135991	0.5223709765	-358.8898398079
97	1.9593688570	0.5223709765	-354.6907694304
98	1.4302413886	0.5223709765	-302.0192479277
99	2.0359227289	0.5223709765	-372.3228140083
100	0.1434020533	0.5223709765	-55.0213188868
101	0.2079803564	0.5223709765	-144.3874220311
102	2.2474048837	0.5223709765	-385.1228807226
103	1.9447475913	0.5223709765	-352.4111648648
104	0.5206337085	0.5223709765	-204.4733245203
105	1.6529109758	0.5223709765	-345.1092054434
106	1.6580883628	0.5223709765	-367.5416089136
107	0.6172822848	0.5223709765	-232.0850300693
108	1.4346891558	0.5223709765	-367.8614041052
109	2.5744936553	0.5223709765	-384.9016498600
110	2.6665342224	0.5223709765	-376.1917107720
111	0.0190672994	0.5223709765	-11.7711887571
112	3.2571418531	0.5223709765	-373.7862234169
113	2.5904104185	0.5223709765	-384.3516052076
114	0.7658471346	0.5223709765	-262.9510627913
115	2.7061717444	0.5223709765	-378.1871398172
116	2.0736741998	0.5223709765	-376.8410732195
117	2.2898982117	0.5223709765	-373.3731498807
118	1.1424047475	0.5223709765	-311.0111158976
119	0.8389135280	0.5223709765	-334.6174672712
120	1.9622800599	0.5223709765	-374.6639168703
121	0.8899392100	0.5223709765	-228.9120648118
122	0.3382820155	0.5223709765	-109.8673338500
123	2.2320788152	0.5223709765	-381.0571319775
124	3.0500778315	0.5223709765	-386.6015315134
