site	rate	t	lnL
1	4.5803123267	0.4882849517	-391.7335619075
2	0.7013531439	0.4882849517	-294.3154524616
3	2.5047196850	0.4882849517	-392.8247468386
4	1.8270752420	0.4882849517	-343.4302078366
5	0.1971069374	0.4882849517	-165.4109236988
6	3.5134994172	0.4882849517	-382.7494452358
7	0.7490240805	0.4882849517	-259.3530437653
8	1.0561565782	0.4882849517	-324.2925202245
9	2.1259042582	0.4882849517	-386.8489591494
10	2.3529583355	0.4882849517	-370.8971893634
11	0.7542307595	0.4882849517	-242.0582499191
12	2477.0239665288	0.4882849517	-389.1226040556
13	1.4301517016	0.4882849517	-358.3756111173
14	0.5477325380	0.4882849517	-261.0318294196
15	0.3901488498	0.4882849517	-231.1221235808
16	1.4344605833	0.4882849517	-372.8006612445
17	1.1658971485	0.4882849517	-344.6317466696
18	0.9808037677	0.4882849517	-328.1959141239
19	1.7176814504	0.4882849517	-374.5107833728
20	0.2702930638	0.4882849517	-157.2069054612
21	1.3655997226	0.4882849517	-313.8032666864
22	2.5136303305	0.4882849517	-373.7926135907
23	0.8146508815	0.4882849517	-285.9979965356
24	0.1719026492	0.4882849517	-59.9364223491
25	2.8069906267	0.4882849517	-387.2176101057
26	0.7496622205	0.4882849517	-291.6341971692
27	0.4256772474	0.4882849517	-207.3683980856
28	0.0072573028	0.4882849517	-12.5816711664
29	0.1078143008	0.4882849517	-103.1499363539
30	0.6687333256	0.4882849517	-288.9678525112
31	2.6020525444	0.4882849517	-370.7742191165
32	1.4013460189	0.4882849517	-308.6365191181
33	0.1314459264	0.4882849517	-126.9257857700
34	1.3529311894	0.4882849517	-370.8708246316
35	2.4643752488	0.4882849517	-346.9032000897
36	2.8584550451	0.4882849517	-375.0326315826
37	1.5747988790	0.4882849517	-318.7680302064
38	3.4036230395	0.4882849517	-384.9905565572
39	3.5817268855	0.4882849517	-382.3113856850
40	1.1182539127	0.4882849517	-368.0078924008
41	1.1749846808	0.4882849517	-363.3181855819
42	6.7016505909	0.4882849517	-383.7990886504
43	1.2270289286	0.4882849517	-371.4659753711
44	4.9095703321	0.4882849517	-387.9091339023
45	1.1925053389	0.4882849517	-355.2795569622
46	0.3727292724	0.4882849517	-215.9214596519
47	0.5647813509	0.4882849517	-272.0707084761
48	1.9764901318	0.4882849517	-353.8084784365
49	0.7877399406	0.4882849517	-339.0791453371
50	1.2762693289	0.4882849517	-315.0261902346
51	0.0000000000	0.4882849517	-2.6344058661
52	0.6618299797	0.4882849517	-277.6764511466
53	0.7883762000	0.4882849517	-279.4543858169
54	0.7888986787	0.4882849517	-347.3754593617
55	0.5963041563	0.4882849517	-285.0606801653
56	1.3136056138	0.4882849517	-354.8671761548
57	0.0972275036	0.4882849517	-101.8654940106
58	1.3291224198	0.4882849517	-363.3223737430
59	2.7435235104	0.4882849517	-378.6405420286
60	0.4099099645	0.4882849517	-228.0580860008
61	0.0296490931	0.4882849517	-40.1536641240
62	2.8405078219	0.4882849517	-381.2954413128
63	0.3936236992	0.4882849517	-229.1457388588
64	0.5862253844	0.4882849517	-268.4218471342
65	0.9430727353	0.4882849517	-335.5479833811
66	0.6194270739	0.4882849517	-323.4985654057
67	6.5483526272	0.4882849517	-396.5037597809
68	0.8907945988	0.4882849517	-332.7704991325
69	2.1613421401	0.4882849517	-381.4272717779
70	3.3206027008	0.4882849517	-374.0257281569
71	0.9820341754	0.4882849517	-360.2412622173
72	1.8698440162	0.4882849517	-357.5640473685
73	0.0530922051	0.4882849517	-60.3024076604
74	0.6686755399	0.4882849517	-289.6502273563
75	1.2104275459	0.4882849517	-320.5971935959
76	2.9489362532	0.4882849517	-387.4676268622
77	0.0610450422	0.4882849517	-63.8244741971
78	3.1692520153	0.4882849517	-381.1393379183
79	2.6318152708	0.4882849517	-365.7065909642
80	0.6578419344	0.4882849517	-248.6197112784
81	2.3938784592	0.4882849517	-354.2919895872
82	854.7948759700	0.4882849517	-393.9503268723
83	6.1988455625	0.4882849517	-394.7790390447
84	0.7799898433	0.4882849517	-306.9351834396
85	0.5937148355	0.4882849517	-278.1214362663
86	0.9225709504	0.4882849517	-380.0721216021
87	3.3936842468	0.4882849517	-372.6266302973
88	0.7476256780	0.4882849517	-294.2495436510
89	0.2443500570	0.4882849517	-161.0998662951
90	5.1543345625	0.4882849517	-376.3856288247
91	0.0935788169	0.4882849517	-90.0623041456
92	0.9342745013	0.4882849517	-320.7172450850
93	1.6010806400	0.4882849517	-366.9947603663
94	0.7476198273	0.4882849517	-276.2905748789
95	0.4820832877	0.4882849517	-260.8269270508
96	2.6630217814	0.4882849517	-373.1234768789
97	2.6819842448	0.4882849517	-358.8517296535
98	0.7983871151	0.4882849517	-313.3934200827
99	2.6473654765	0.4882849517	-386.2038618852
100	0.0955292432	0.4882849517	-79.0586116084
101	0.3105999718	0.4882849517	-197.0674319639
102	5.4231411002	0.4882849517	-384.7097657179
103	2.8369165682	0.4882849517	-352.3025057735
104	0.4487865951	0.4882849517	-240.4251273310
105	2.1088294026	0.4882849517	-361.4598466672
106	2.7901408680	0.4882849517	-362.8009751202
107	0.9782818389	0.4882849517	-325.6098914130
108	1.9036626361	0.4882849517	-368.3177964117
109	3.4681050950	0.4882849517	-385.3650246273
110	3.0131511463	0.4882849517	-389.1056391801
111	0.0000000000	0.4882849517	-2.4309455462
112	7.6507563234	0.4882849517	-387.4758651182
113	2.0155339428	0.4882849517	-374.1682300766
114	0.9580919885	0.4882849517	-342.1397670529
115	3.1852607513	0.4882849517	-382.8089304845
116	6407.3645900096	0.4882849517	-395.4157055726
117	3.9906964139	0.4882849517	-372.7157302033
118	1.5865675840	0.4882849517	-332.0090747253
119	1.8987314859	0.4882849517	-368.1989120667
120	3.0757503837	0.4882849517	-379.6051723514
121	0.4353099132	0.4882849517	-217.3416191541
122	0.1381711362	0.4882849517	-120.0020990010
123	2.1100287939	0.4882849517	-387.6673162509
124	16.6349788791	0.4882849517	-394.1403436998
