site	rate	t	lnL
1	0.9124881639	0.0064076127	-21.0774284895
2	0.0000000000	0.0064076127	-2.9095823226
3	1.6028617088	0.0064076127	-23.8079386325
4	2.2689103008	0.0064076127	-32.4728901768
5	0.0000000000	0.0064076127	-2.6204562066
6	0.5290749388	0.0064076127	-15.6200802077
7	0.0000000000	0.0064076127	-2.1913196667
8	4.6826684301	0.0064076127	-54.7887264350
9	0.9894350647	0.0064076127	-27.1603349418
10	0.8483728949	0.0064076127	-21.4016456073
11	0.0000000000	0.0064076127	-2.4681625375
12	5.1859479721	0.0064076127	-39.5426064554
13	0.0000000000	0.0064076127	-3.0535728460
14	2.3120331910	0.0064076127	-38.8519208868
15	0.0000000000	0.0064076127	-2.4681625375
16	1.9114431345	0.0064076127	-13.2786581421
17	0.0000000000	0.0064076127	-2.6405705708
18	0.5570149048	0.0064076127	-12.6982769172
19	1.1273645470	0.0064076127	-18.8070429819
20	0.0000000000	0.0064076127	-2.6405705708
21	1.6119308068	0.0064076127	-31.1145612781
22	0.5593544403	0.0064076127	-13.5473934888
23	0.5876343996	0.0064076127	-12.8220521697
24	0.0000000000	0.0064076127	-2.6405705708
25	0.9862915986	0.0064076127	-11.2705187146
26	0.0000000000	0.0064076127	-3.0233272795
27	0.5526824267	0.0064076127	-9.4722536807
28	0.0000000000	0.0064076127	-2.6204562066
29	1.2118773986	0.0064076127	-19.3940484963
30	0.0000000000	0.0064076127	-3.4146442416
31	0.8432099184	0.0064076127	-22.0234622089
32	2.1334015874	0.0064076127	-30.8675401778
33	0.0000000000	0.0064076127	-2.6467735149
34	1.9892585688	0.0064076127	-20.3228257598
35	0.5259871828	0.0064076127	-10.0164560886
36	0.5285777139	0.0064076127	-15.2904965497
37	3.7232823294	0.0064076127	-36.7253803290
38	2.9675844816	0.0064076127	-22.7567310350
39	1.1219944790	0.0064076127	-22.3416185949
40	1.6009011973	0.0064076127	-25.2794401793
41	1.1428915316	0.0064076127	-22.9009022895
42	1.1848748567	0.0064076127	-21.7457079881
43	0.4180895695	0.0064076127	-12.2179829258
44	6.2128763107	0.0064076127	-49.1888189739
45	1.0792591952	0.0064076127	-16.0510984768
46	2.6128397070	0.0064076127	-32.6854612457
47	0.0000000000	0.0064076127	-2.6467735149
48	1.0761716903	0.0064076127	-25.3391227146
49	1.9227468373	0.0064076127	-22.0557992795
50	0.5195734941	0.0064076127	-16.2946300195
51	0.0000000000	0.0064076127	-2.6405705708
52	1.1161351414	0.0064076127	-18.2496512334
53	0.0000000000	0.0064076127	-2.4793776083
54	1.9419213102	0.0064076127	-32.4937046618
55	0.4738658716	0.0064076127	-13.6877879973
56	0.0000000000	0.0064076127	-3.4146442416
57	0.0000000000	0.0064076127	-3.5586296497
58	0.0000000000	0.0064076127	-3.0535728460
59	1.8000082098	0.0064076127	-35.9318201312
60	0.0000000000	0.0064076127	-2.1913196667
61	0.0000000000	0.0064076127	-2.6204562066
62	2.3242283121	0.0064076127	-33.1009612229
63	0.0000000000	0.0064076127	-3.6908976183
64	1.6483911324	0.0064076127	-32.4862087892
65	2.0179711608	0.0064076127	-27.7506075105
66	0.5306507263	0.0064076127	-16.2321866934
67	3.8127671095	0.0064076127	-20.8785503546
68	1.9585714610	0.0064076127	-24.4741898319
69	0.6947193692	0.0064076127	-12.6546639500
70	1.0963828634	0.0064076127	-21.0023209776
71	0.4186690539	0.0064076127	-13.8302132131
72	0.5566693837	0.0064076127	-13.9635077710
73	0.0000000000	0.0064076127	-2.6204562066
74	0.9171238087	0.0064076127	-22.3376348865
75	2.4594606723	0.0064076127	-35.2053034518
76	5.7710033189	0.0064076127	-61.9130522092
77	0.0000000000	0.0064076127	-2.6204562066
78	1.9904564646	0.0064076127	-42.8957084689
79	0.9299278147	0.0064076127	-11.9880445856
80	1.0601468946	0.0064076127	-21.5629463514
81	0.5470096916	0.0064076127	-9.4825526575
82	0.8441153285	0.0064076127	-21.5912650396
83	1.2844025157	0.0064076127	-22.1237761493
84	1.9803123933	0.0064076127	-20.5560549468
85	0.4197719721	0.0064076127	-14.0153105632
86	4.8764517338	0.0064076127	-67.8320098950
87	0.6542197277	0.0064076127	-12.4842017565
88	0.0000000000	0.0064076127	-3.6108549106
89	0.0000000000	0.0064076127	-2.4793776083
90	2.1885979960	0.0064076127	-24.7459892682
91	0.0000000000	0.0064076127	-2.6204562066
92	0.0000000000	0.0064076127	-2.6467735149
93	0.0000000000	0.0064076127	-2.4681625375
94	0.0000000000	0.0064076127	-2.4793776083
95	0.0000000000	0.0064076127	-3.6708969516
96	2.6250957394	0.0064076127	-36.9377151240
97	0.5565170086	0.0064076127	-13.9637694344
98	1.2804973857	0.0064076127	-19.6200853071
99	4.2018785208	0.0064076127	-48.4801288758
100	0.0000000000	0.0064076127	-2.6405705708
101	0.0000000000	0.0064076127	-2.1913196667
102	2.1637522334	0.0064076127	-30.5741892420
103	0.8465416815	0.0064076127	-19.6828300245
104	0.0000000000	0.0064076127	-3.0233272795
105	0.7110462888	0.0064076127	-12.8344010580
106	0.0000000000	0.0064076127	-2.6467735149
107	1.0525065395	0.0064076127	-17.2159477367
108	1.2563483819	0.0064076127	-21.6648142901
109	0.7982841525	0.0064076127	-15.0368699971
110	1.8331825385	0.0064076127	-25.0895813602
111	0.0000000000	0.0064076127	-2.6204562066
112	0.5281087239	0.0064076127	-13.8093379364
113	0.7838616597	0.0064076127	-11.7363302346
114	1.6983719731	0.0064076127	-34.1055354556
115	0.0000000000	0.0064076127	-2.9095823226
116	0.9832952911	0.0064076127	-25.5416789280
117	0.7863251788	0.0064076127	-13.9661339341
118	0.5473616349	0.0064076127	-16.5735976107
119	5.5476899472	0.0064076127	-54.4188131601
120	2.9089665140	0.0064076127	-41.9693882121
121	0.0000000000	0.0064076127	-2.6405705708
122	0.0000000000	0.0064076127	-2.6204562066
123	0.6939864399	0.0064076127	-15.0155103225
124	0.5341027945	0.0064076127	-16.4133485816
