site	rate	t	lnL
1	1.4008306348	0.0602428532	-133.6888845179
2	0.0524318678	0.0602428532	-11.9840026957
3	0.8678238995	0.0602428532	-141.2057046362
4	3.2007176926	0.0602428532	-214.4686621562
5	0.0000000000	0.0602428532	-2.2368738097
6	1.9318420379	0.0602428532	-191.5298131426
7	0.3905330906	0.0602428532	-46.6726964953
8	0.4830392328	0.0602428532	-77.3376593004
9	0.8326213068	0.0602428532	-86.4557008371
10	1.2719599703	0.0602428532	-86.1207439406
11	0.4827935162	0.0602428532	-39.4302213585
12	1.1673136636	0.0602428532	-159.2921156731
13	0.8020995906	0.0602428532	-137.4247620241
14	0.3392611728	0.0602428532	-44.5020372772
15	0.0467561502	0.0602428532	-15.4228679397
16	1.4249957169	0.0602428532	-140.3085381962
17	1.4575996131	0.0602428532	-165.8351199769
18	2.0143710311	0.0602428532	-140.0219138449
19	1.4579376908	0.0602428532	-165.2705631283
20	0.2687219212	0.0602428532	-36.7072597680
21	0.4539905257	0.0602428532	-61.9955416624
22	1.3412940369	0.0602428532	-143.4407838192
23	1.0685820184	0.0602428532	-104.7273857838
24	0.0000000000	0.0602428532	-3.1575991387
25	0.9816398060	0.0602428532	-136.2813797454
26	0.3979202092	0.0602428532	-31.7210861289
27	0.1963695430	0.0602428532	-28.2320463167
28	0.0000000000	0.0602428532	-2.2368738097
29	0.1831892662	0.0602428532	-38.6255605118
30	0.9619875828	0.0602428532	-95.5514593588
31	1.6899414396	0.0602428532	-96.2643029978
32	0.3741679792	0.0602428532	-58.9582347750
33	0.5655738624	0.0602428532	-60.1764494799
34	0.3352388743	0.0602428532	-45.3149154362
35	1.4974522115	0.0602428532	-137.2799413975
36	0.9627445499	0.0602428532	-113.9583066041
37	1.8388144930	0.0602428532	-96.8273154361
38	2.0461427837	0.0602428532	-159.5864323001
39	0.9550973906	0.0602428532	-125.6345377359
40	2.3808075201	0.0602428532	-210.3894774840
41	1.2837729172	0.0602428532	-151.3596348958
42	2.8821087069	0.0602428532	-138.2525801448
43	0.9638417773	0.0602428532	-106.2596507087
44	2.4256557633	0.0602428532	-195.8099921122
45	1.9604787974	0.0602428532	-128.7393867722
46	0.3251658065	0.0602428532	-45.0561837548
47	1.0367467687	0.0602428532	-64.1388187634
48	0.9403320390	0.0602428532	-111.9056604687
49	0.5382181408	0.0602428532	-86.7793790040
50	1.6189337995	0.0602428532	-115.2997353293
51	0.0000000000	0.0602428532	-2.5271156945
52	0.1402098283	0.0602428532	-34.3631649986
53	0.4335162891	0.0602428532	-76.8836336972
54	1.2258865800	0.0602428532	-157.0317773383
55	0.2399197408	0.0602428532	-54.4412769922
56	1.8908402357	0.0602428532	-172.9481756757
57	0.8052314995	0.0602428532	-77.4148039572
58	0.6570978825	0.0602428532	-69.6082241394
59	1.2397622698	0.0602428532	-163.5818651479
60	0.5302933666	0.0602428532	-90.5015814946
61	0.0000000000	0.0602428532	-2.2368738097
62	0.8232374172	0.0602428532	-104.3366523865
63	1.0413513453	0.0602428532	-105.9771362045
64	4.2233163744	0.0602428532	-202.9775352229
65	1.4694533687	0.0602428532	-154.0921332712
66	0.8166318373	0.0602428532	-85.2691893365
67	2.0598118340	0.0602428532	-189.5035604995
68	1.4910177354	0.0602428532	-146.2378301466
69	1.8573773299	0.0602428532	-173.0026372173
70	1.3972510937	0.0602428532	-140.4237841483
71	0.6754940912	0.0602428532	-73.2547037005
72	2.2227908035	0.0602428532	-171.7506744239
73	0.0000000000	0.0602428532	-2.2368738097
74	0.0662122634	0.0602428532	-13.1592912675
75	0.7182269255	0.0602428532	-83.6745408656
76	2.4244399397	0.0602428532	-157.3914027189
77	0.0514340722	0.0602428532	-12.5783474490
78	1.3298744716	0.0602428532	-133.1616606852
79	0.4828642041	0.0602428532	-77.5726836374
80	3.4095310666	0.0602428532	-224.2154485545
81	2.2024731967	0.0602428532	-175.4525697229
82	2.0321579196	0.0602428532	-122.2769903221
83	2.5551770109	0.0602428532	-145.8544810137
84	2.2460392763	0.0602428532	-179.2489413465
85	0.7899639556	0.0602428532	-73.7573435562
86	1.8665368449	0.0602428532	-174.7114941063
87	0.8767847339	0.0602428532	-122.0606620620
88	0.7156712671	0.0602428532	-89.2060034179
89	0.0905942593	0.0602428532	-18.9333551327
90	2.4655979571	0.0602428532	-200.3829888677
91	0.0514340660	0.0602428532	-12.5783474490
92	0.2606139250	0.0602428532	-34.6374304199
93	1.2237265539	0.0602428532	-123.0151424358
94	0.2205216134	0.0602428532	-29.4192833975
95	0.4135760012	0.0602428532	-46.4223716481
96	2.7425767971	0.0602428532	-131.1785270615
97	1.4896567926	0.0602428532	-128.1642760766
98	0.9955087011	0.0602428532	-126.6402150350
99	1.0476904735	0.0602428532	-113.9087110419
100	0.0661068614	0.0602428532	-13.8560564181
101	0.4004949059	0.0602428532	-67.7411875966
102	1.6076636246	0.0602428532	-152.2866548591
103	0.6484139896	0.0602428532	-82.4891957249
104	2.0039910665	0.0602428532	-192.6587953550
105	0.8900161324	0.0602428532	-59.1777943355
106	2.4856907839	0.0602428532	-148.0850053578
107	1.1957930020	0.0602428532	-132.2152230646
108	1.2099258274	0.0602428532	-183.9947402729
109	1.5352319144	0.0602428532	-124.8666031125
110	1.1523506367	0.0602428532	-148.1076814395
111	0.0000000000	0.0602428532	-2.2368738097
112	1.3714280423	0.0602428532	-147.9807314519
113	1.8609129398	0.0602428532	-133.4588188553
114	0.3895312757	0.0602428532	-35.9943910572
115	1.4550462651	0.0602428532	-166.0457933646
116	2.6070568089	0.0602428532	-175.6197047333
117	1.1042174975	0.0602428532	-161.2121704469
118	4.1869094110	0.0602428532	-237.2061309853
119	0.5413690184	0.0602428532	-70.3692485532
120	1.3023857435	0.0602428532	-168.0986663298
121	0.6388084111	0.0602428532	-73.9824217195
122	0.0000000000	0.0602428532	-2.2368738097
123	2.0757166753	0.0602428532	-174.4973294567
124	0.9545625495	0.0602428532	-86.7910687249
