site	rate	t	lnL
1	0.5015662443	0.0060669986	-10.7602039635
2	0.0000000000	0.0060669986	-3.4204079464
3	0.7393364526	0.0060669986	-13.5121613746
4	1.3337222954	0.0060669986	-22.4355391565
5	0.0000000000	0.0060669986	-2.5099143322
6	6.4076349968	0.0060669986	-44.1974295320
7	1.0011133669	0.0060669986	-9.7858854706
8	0.0000000000	0.0060669986	-2.3160319530
9	6.5860796376	0.0060669986	-32.4565815792
10	0.0000000000	0.0060669986	-2.4578074154
11	0.0000000000	0.0060669986	-2.2523319059
12	3.0549000727	0.0060669986	-36.1745784804
13	2.0287581554	0.0060669986	-22.4473015711
14	1.3833953084	0.0060669986	-21.8594375144
15	0.0000000000	0.0060669986	-2.2523319059
16	0.8138673862	0.0060669986	-23.8250818099
17	1.9371432519	0.0060669986	-30.8076831144
18	4.4570232131	0.0060669986	-35.0370160316
19	0.0000000000	0.0060669986	-2.3160319530
20	0.0000000000	0.0060669986	-2.2796643088
21	0.0000000000	0.0060669986	-2.4578074154
22	2.1845290840	0.0060669986	-33.8689590253
23	1.8925348042	0.0060669986	-29.6416918591
24	0.0000000000	0.0060669986	-3.6985022177
25	0.6632359300	0.0060669986	-14.7122097892
26	2.2762370001	0.0060669986	-12.8813589272
27	0.0000000000	0.0060669986	-2.2523319059
28	0.0000000000	0.0060669986	-2.5099143322
29	0.0000000000	0.0060669986	-2.3160319530
30	0.6352065597	0.0060669986	-11.7775781143
31	2.2534711657	0.0060669986	-11.2962142538
32	0.0000000000	0.0060669986	-2.2523319059
33	0.0000000000	0.0060669986	-3.4013233977
34	0.0000000000	0.0060669986	-3.5454426454
35	2.1773969089	0.0060669986	-12.9430113975
36	3.8504958496	0.0060669986	-33.2475805067
37	0.0000000000	0.0060669986	-3.6985022177
38	0.7208016890	0.0060669986	-12.9031876037
39	0.0000000000	0.0060669986	-3.0143007837
40	0.7222214842	0.0060669986	-12.7532434342
41	3.3068345495	0.0060669986	-46.0923707472
42	0.7354582117	0.0060669986	-12.5857328712
43	3.2999829999	0.0060669986	-29.0927169904
44	1.6841345420	0.0060669986	-21.5114159531
45	0.6616660299	0.0060669986	-9.9949744186
46	0.0000000000	0.0060669986	-2.2796643088
47	0.0000000000	0.0060669986	-3.4013233977
48	0.5713308274	0.0060669986	-16.9009960580
49	0.4067334419	0.0060669986	-13.3364201924
50	0.9758955858	0.0060669986	-26.2387352016
51	0.0000000000	0.0060669986	-2.2796643088
52	0.0000000000	0.0060669986	-2.8822145940
53	0.0000000000	0.0060669986	-2.2523319059
54	2.0047298775	0.0060669986	-17.6099067167
55	0.0000000000	0.0060669986	-2.8822145940
56	4.8770408949	0.0060669986	-37.4557242265
57	0.0000000000	0.0060669986	-3.4013233977
58	2.4713080943	0.0060669986	-40.7930149184
59	0.0000000000	0.0060669986	-3.2124073751
60	0.4924745550	0.0060669986	-11.3837795576
61	0.0000000000	0.0060669986	-2.5099143322
62	0.9733362646	0.0060669986	-21.3147622963
63	0.0000000000	0.0060669986	-3.2139735462
64	0.0000000000	0.0060669986	-2.2796643088
65	1.2422716871	0.0060669986	-15.4734143647
66	3.0274321576	0.0060669986	-49.2756056067
67	0.6473697098	0.0060669986	-11.7849215236
68	0.0000000000	0.0060669986	-2.2796643088
69	3.6015785443	0.0060669986	-26.7355056168
70	0.0000000000	0.0060669986	-2.2523319059
71	0.0000000000	0.0060669986	-2.5099143322
72	1.0079868925	0.0060669986	-13.6899177584
73	0.0000000000	0.0060669986	-2.5099143322
74	0.7566172063	0.0060669986	-12.7446448619
75	2.8680495586	0.0060669986	-40.3057927086
76	1.4940759953	0.0060669986	-26.3316676452
77	0.0000000000	0.0060669986	-2.5099143322
78	0.0000000000	0.0060669986	-3.6985022177
79	1.4591941991	0.0060669986	-29.3385087253
80	0.0000000000	0.0060669986	-2.2523319059
81	0.0000000000	0.0060669986	-2.3160319530
82	2.9511638751	0.0060669986	-32.0424828616
83	2.1796007901	0.0060669986	-28.3163546662
84	0.9907418441	0.0060669986	-21.3914297166
85	1.3634608252	0.0060669986	-21.4791941286
86	1.4801400221	0.0060669986	-30.0441903764
87	1.2141956678	0.0060669986	-14.0077627269
88	0.5278140958	0.0060669986	-16.7872811702
89	0.0000000000	0.0060669986	-2.3160319530
90	0.0000000000	0.0060669986	-3.4359422393
91	0.0000000000	0.0060669986	-2.5099143322
92	2.2240981129	0.0060669986	-29.5617015454
93	0.9507320081	0.0060669986	-22.8807980453
94	0.0000000000	0.0060669986	-2.3160319530
95	0.0000000000	0.0060669986	-3.0751661276
96	4.0007700885	0.0060669986	-29.8700150250
97	3.8901165904	0.0060669986	-28.0759355733
98	0.0000000000	0.0060669986	-2.2796643088
99	1.5241148723	0.0060669986	-26.3934068312
100	0.0000000000	0.0060669986	-2.2796643088
101	0.0000000000	0.0060669986	-2.3160319530
102	2.0078098546	0.0060669986	-19.2838195236
103	0.5027573465	0.0060669986	-13.2461022943
104	0.0000000000	0.0060669986	-2.4578074154
105	1.9747825956	0.0060669986	-29.5066761674
106	1.9207498305	0.0060669986	-28.0962116021
107	0.0000000000	0.0060669986	-2.4578074154
108	1.5321479492	0.0060669986	-23.5285608144
109	1.2083952535	0.0060669986	-12.4538452270
110	1.0083351075	0.0060669986	-19.9556473898
111	0.0000000000	0.0060669986	-2.5099143322
112	1.9941610896	0.0060669986	-33.5023960557
113	1.4562123955	0.0060669986	-32.4680806880
114	0.9796613203	0.0060669986	-15.8490383238
115	1.9930719815	0.0060669986	-30.6758556359
116	0.5014416568	0.0060669986	-11.5043580107
117	0.9695823773	0.0060669986	-12.6509187879
118	0.9826388153	0.0060669986	-24.0079258107
119	0.9744636167	0.0060669986	-25.3178807109
120	2.0650224170	0.0060669986	-40.0365152498
121	1.2686280164	0.0060669986	-19.0796630028
122	3.9211461385	0.0060669986	-50.3073470111
123	0.4825857292	0.0060669986	-15.3843378020
124	6.2419844631	0.0060669986	-30.2348365505
