site	rate	t	lnL
1	1.3797981746	0.0060611534	-20.5554773700
2	0.6880139830	0.0060611534	-12.4713721414
3	0.0000000000	0.0060611534	-2.9957322736
4	3.4745845335	0.0060611534	-42.2792862155
5	0.0000000000	0.0060611534	-2.9957322736
6	0.6881591940	0.0060611534	-12.4711623680
7	0.0000000000	0.0060611534	-2.9957322736
8	1.3792078031	0.0060611534	-20.5563231793
9	2.0740700036	0.0060611534	-28.1129663645
10	0.6881591874	0.0060611534	-12.4711623680
11	2.0745195303	0.0060611534	-28.1123271755
12	1.3795026573	0.0060611534	-20.5559004992
13	0.6880139621	0.0060611534	-12.4713721414
14	0.0000000000	0.0060611534	-2.9957322736
15	0.6880139814	0.0060611534	-12.4713721414
16	0.6880138683	0.0060611534	-12.4713721414
17	0.6880139835	0.0060611534	-12.4713721414
18	0.6881590721	0.0060611534	-12.4711624560
19	3.4738169833	0.0060611534	-42.2803642511
20	0.6880139843	0.0060611534	-12.4713721414
21	1.3797981391	0.0060611534	-20.5554773700
22	2.7725120001	0.0060611534	-35.3249229471
23	0.6881591069	0.0060611534	-12.4711624560
24	0.0000000000	0.0060611534	-2.9957322736
25	1.3795026526	0.0060611534	-20.5559004992
26	0.0000000000	0.0060611534	-2.9957322736
27	0.0000000000	0.0060611534	-2.9957322736
28	0.0000000000	0.0060611534	-2.9957322736
29	0.0000000000	0.0060611534	-2.9957322736
30	0.6880139621	0.0060611534	-12.4713721414
31	0.0000000000	0.0060611534	-2.9957322736
32	0.0000000000	0.0060611534	-2.9957322736
33	0.0000000000	0.0060611534	-2.9957322736
34	2.7731298389	0.0060611534	-35.3240578213
35	2.0740698951	0.0060611534	-28.1129663645
36	1.3795031904	0.0060611534	-20.5559001417
37	0.6880140153	0.0060611534	-12.4713721414
38	0.6881590721	0.0060611534	-12.4711624560
39	2.7719029705	0.0060611534	-35.3257819933
40	0.0000000000	0.0060611534	-2.9957322736
41	0.0000000000	0.0060611534	-2.9957322736
42	4.1832445859	0.0060611534	-47.9245321729
43	2.7749354302	0.0060611534	-35.3214963630
44	2.7725100672	0.0060611534	-35.3249244240
45	1.3797978638	0.0060611534	-20.5554773697
46	2.7744285372	0.0060611534	-34.2235288880
47	0.6881590721	0.0060611534	-12.4711624560
48	1.3797983972	0.0060611534	-20.5554771936
49	0.0000000000	0.0060611534	-2.9957322736
50	0.0000000000	0.0060611534	-2.9957322736
51	0.0000000000	0.0060611534	-2.9957322736
52	0.0000000000	0.0060611534	-2.9957322736
53	0.0000000000	0.0060611534	-2.9957322736
54	0.0000000000	0.0060611534	-2.9957322736
55	0.0000000000	0.0060611534	-2.9957322736
56	2.7725122194	0.0060611534	-35.3249229471
57	0.0000000000	0.0060611534	-2.9957322736
58	0.6881591938	0.0060611534	-12.4711623680
59	4.1841335565	0.0060611534	-49.0220877639
60	0.0000000000	0.0060611534	-2.9957322736
61	0.0000000000	0.0060611534	-2.9957322736
62	0.6881590477	0.0060611534	-12.4711624560
63	0.0000000000	0.0060611534	-2.9957322736
64	0.0000000000	0.0060611534	-2.9957322736
65	0.6881590721	0.0060611534	-12.4711624560
66	3.4730399246	0.0060611534	-42.2814489580
67	2.0749739609	0.0060611534	-28.1116845835
68	2.7712919651	0.0060611534	-35.3266423273
69	2.0745206276	0.0060611534	-28.1123263580
70	1.3795031738	0.0060611534	-20.5559001414
71	0.6880138750	0.0060611534	-12.4713721414
72	0.0000000000	0.0060611534	-2.9957322736
73	0.0000000000	0.0060611534	-2.9957322736
74	0.0000000000	0.0060611534	-2.9957322736
75	2.0745212073	0.0060611534	-28.1123259571
76	0.6880139622	0.0060611534	-12.4713721414
77	0.0000000000	0.0060611534	-2.9957322736
78	1.3792076593	0.0060611534	-20.5563231793
79	2.0740710312	0.0060611534	-28.1129655473
80	1.3795031291	0.0060611534	-20.5559001410
81	0.0000000000	0.0060611534	-2.9957322736
82	0.0000000000	0.0060611534	-2.9957322736
83	0.6880139016	0.0060611534	-12.4713721414
84	0.0000000000	0.0060611534	-2.9957322736
85	0.0000000000	0.0060611534	-2.9957322736
86	2.7719029861	0.0060611534	-35.3257819927
87	2.0761085060	0.0060611534	-27.0114140703
88	0.0000000000	0.0060611534	-2.9957322736
89	0.6881592698	0.0060611534	-12.4711623680
90	0.6880139621	0.0060611534	-12.4713721414
91	0.0000000000	0.0060611534	-2.9957322736
92	0.0000000000	0.0060611534	-2.9957322736
93	1.3806807633	0.0060611534	-20.5542107975
94	2.0740699797	0.0060611534	-28.1129663645
95	0.6880139875	0.0060611534	-12.4713721414
96	1.3795026360	0.0060611534	-20.5559004992
97	1.3797987609	0.0060611534	-20.5554770121
98	0.6880139621	0.0060611534	-12.4713721414
99	1.3792077417	0.0060611534	-20.5563231793
100	0.0000000000	0.0060611534	-2.9957322736
101	0.6881591565	0.0060611534	-12.4711623680
102	1.3792077878	0.0060611534	-20.5563231793
103	2.7750430518	0.0060611534	-34.2226660715
104	0.0000000000	0.0060611534	-2.9957322736
105	2.0745195893	0.0060611534	-28.1123271742
106	1.3792078403	0.0060611534	-20.5563231793
107	1.3795031754	0.0060611534	-20.5559001414
108	0.0000000000	0.0060611534	-2.9957322736
109	0.6881591939	0.0060611534	-12.4711623680
110	1.3797979760	0.0060611534	-20.5554773697
111	0.0000000000	0.0060611534	-2.9957322736
112	1.3797981641	0.0060611534	-20.5554773700
113	2.7725121720	0.0060611534	-35.3249229446
114	0.6880139843	0.0060611534	-12.4713721414
115	0.6881591146	0.0060611534	-12.4711624560
116	1.3795032308	0.0060611534	-20.5559001410
117	2.7725162969	0.0060611534	-35.3249200163
118	0.0000000000	0.0060611534	-2.9957322736
119	1.3795031734	0.0060611534	-20.5559001417
120	1.3792078056	0.0060611534	-20.5563231793
121	0.0000000000	0.0060611534	-2.9957322736
122	0.0000000000	0.0060611534	-2.9957322736
123	0.6880139621	0.0060611534	-12.4713721414
124	0.0000000000	0.0060611534	-2.9957322736
