site	rate	t	lnL
1	0.9341608903	0.0058895111	-13.6166347330
2	0.0000000000	0.0058895111	-3.1953394666
3	0.5735724862	0.0058895111	-12.9764491647
4	0.0000000000	0.0058895111	-3.1487495234
5	0.0000000000	0.0058895111	-2.7398639380
6	1.9524510503	0.0058895111	-30.7785314429
7	0.6213665077	0.0058895111	-13.2510831217
8	0.0000000000	0.0058895111	-2.8867241845
9	3.5320687108	0.0058895111	-46.1139294609
10	6.8311772473	0.0058895111	-44.6129489355
11	1.9011059955	0.0058895111	-29.4592485646
12	0.0000000000	0.0058895111	-2.7766291318
13	0.6197787121	0.0058895111	-12.6067090932
14	0.0000000000	0.0058895111	-2.7615610416
15	1.5352259706	0.0058895111	-14.6308700472
16	0.9685842970	0.0058895111	-22.6750856976
17	1.0258773894	0.0058895111	-23.5463904189
18	0.0000000000	0.0058895111	-3.1487495234
19	0.5352382071	0.0058895111	-14.2686620530
20	0.0000000000	0.0058895111	-2.7615610416
21	2.6450182086	0.0058895111	-47.0055648182
22	2.7298844079	0.0058895111	-31.4864816268
23	0.0000000000	0.0058895111	-3.3551471428
24	0.0000000000	0.0058895111	-3.2393717368
25	0.0000000000	0.0058895111	-1.9893686596
26	0.6166679465	0.0058895111	-11.8575560905
27	0.0000000000	0.0058895111	-2.8867241845
28	0.0000000000	0.0058895111	-2.7398639380
29	0.6186949325	0.0058895111	-12.8340008689
30	0.0000000000	0.0058895111	-3.1226610873
31	2.9272012246	0.0058895111	-20.4616543701
32	0.0000000000	0.0058895111	-2.7766291318
33	0.0000000000	0.0058895111	-3.2015123257
34	4.4152198393	0.0058895111	-35.7374062332
35	2.0171992595	0.0058895111	-27.9681985263
36	0.8071052204	0.0058895111	-13.4295858506
37	0.0000000000	0.0058895111	-3.2393717368
38	0.6175720559	0.0058895111	-12.6102850260
39	0.9922738259	0.0058895111	-20.6195411043
40	3.5556672242	0.0058895111	-58.1472942779
41	0.0000000000	0.0058895111	-3.3551471428
42	0.6178388022	0.0058895111	-12.1288276783
43	1.4954007597	0.0058895111	-24.0332981534
44	2.6055150374	0.0058895111	-48.0223306333
45	0.0000000000	0.0058895111	-3.0168714792
46	0.0000000000	0.0058895111	-2.7615610416
47	0.0000000000	0.0058895111	-3.2015123257
48	0.5050772211	0.0058895111	-15.5193289152
49	0.0000000000	0.0058895111	-2.8654824691
50	1.0275111301	0.0058895111	-22.1831558628
51	0.0000000000	0.0058895111	-2.7615610416
52	0.0000000000	0.0058895111	-2.4330968557
53	1.6297068804	0.0058895111	-22.2824080631
54	0.7199875910	0.0058895111	-12.2750463360
55	0.0000000000	0.0058895111	-3.1226610873
56	0.0000000000	0.0058895111	-2.8654824691
57	0.0000000000	0.0058895111	-3.2015123257
58	2.8115220206	0.0058895111	-28.3845848966
59	0.8107113696	0.0058895111	-12.6658425703
60	0.0000000000	0.0058895111	-2.4330968557
61	0.0000000000	0.0058895111	-2.7398639380
62	4.3509874383	0.0058895111	-26.7369579060
63	0.0000000000	0.0058895111	-3.6708969516
64	0.9724572581	0.0058895111	-23.2676333664
65	1.7264992600	0.0058895111	-30.7570056014
66	0.0000000000	0.0058895111	-2.8867241845
67	1.0758851769	0.0058895111	-23.7399695146
68	0.4830907751	0.0058895111	-13.4414992601
69	1.0491224206	0.0058895111	-24.6553720879
70	2.4503126255	0.0058895111	-31.2025542667
71	2.4006854590	0.0058895111	-32.5274852151
72	1.8595983493	0.0058895111	-27.4146081537
73	0.0000000000	0.0058895111	-2.7398639380
74	6.4383636067	0.0058895111	-40.6798786055
75	0.9331079965	0.0058895111	-11.8963830420
76	2.0985632210	0.0058895111	-44.6329613826
77	0.0000000000	0.0058895111	-2.7398639380
78	1.5143860783	0.0058895111	-33.7182569776
79	1.7394302502	0.0058895111	-28.1558625534
80	0.6177878583	0.0058895111	-12.3689838179
81	0.9466689778	0.0058895111	-14.6235569040
82	2.0743636966	0.0058895111	-34.8064281913
83	0.5813612492	0.0058895111	-15.5755274676
84	0.0000000000	0.0058895111	-2.7766291318
85	0.0000000000	0.0058895111	-1.9893686596
86	0.0000000000	0.0058895111	-3.2015123257
87	3.3691837263	0.0058895111	-39.1070768366
88	0.0000000000	0.0058895111	-2.4330968557
89	0.6176937579	0.0058895111	-11.4005614809
90	0.4887378683	0.0058895111	-13.0259926410
91	1.2398878317	0.0058895111	-16.3331203532
92	2.9090295173	0.0058895111	-20.4293046242
93	0.7202465583	0.0058895111	-12.6651034571
94	0.5049542049	0.0058895111	-13.0366454949
95	5.8230343230	0.0058895111	-36.3352681303
96	3.9441989848	0.0058895111	-38.4306227331
97	0.9682813261	0.0058895111	-20.5348615371
98	0.0000000000	0.0058895111	-2.7615610416
99	2.9071973916	0.0058895111	-25.0755105175
100	3.2735419609	0.0058895111	-52.9044678427
101	0.0000000000	0.0058895111	-1.9893686596
102	6.6640422302	0.0058895111	-40.6229288372
103	0.0000000000	0.0058895111	-2.4330968557
104	0.0000000000	0.0058895111	-3.7138871365
105	0.0000000000	0.0058895111	-1.9893686596
106	2.1879109747	0.0058895111	-29.3368378554
107	0.0000000000	0.0058895111	-3.1953394666
108	2.4988876044	0.0058895111	-22.1802768160
109	1.0108775794	0.0058895111	-23.5242652440
110	2.1126929882	0.0058895111	-22.3993738473
111	0.0000000000	0.0058895111	-2.7398639380
112	2.3849940650	0.0058895111	-36.4422183825
113	1.7206538986	0.0058895111	-28.7338105518
114	1.3195010837	0.0058895111	-12.9367638298
115	0.7864669686	0.0058895111	-16.8194584420
116	1.4595099331	0.0058895111	-24.4089093578
117	0.9806023921	0.0058895111	-18.1259588989
118	0.0000000000	0.0058895111	-2.4330968557
119	0.6236952208	0.0058895111	-13.2473439917
120	1.4524593684	0.0058895111	-22.3348936588
121	0.6860786850	0.0058895111	-11.9603567629
122	0.5347516865	0.0058895111	-13.8399775025
123	0.7250566136	0.0058895111	-13.2438717189
124	1.5606885231	0.0058895111	-11.6886332098
