site	rate	t	lnL
1	1.3782555462	0.0598455582	-137.1480048677
2	0.2921049849	0.0598455582	-49.3529580006
3	2.5907074848	0.0598455582	-150.1656650282
4	1.0614204744	0.0598455582	-113.8926987994
5	0.0000000000	0.0598455582	-2.2589444938
6	1.8840766917	0.0598455582	-166.5089780662
7	1.1459620565	0.0598455582	-64.2238901832
8	0.9479667524	0.0598455582	-123.7676158216
9	1.9543790634	0.0598455582	-163.5194250104
10	1.5107368545	0.0598455582	-110.1020815016
11	0.3459620351	0.0598455582	-28.2875123143
12	1.4715450690	0.0598455582	-130.4275515710
13	1.6166257169	0.0598455582	-168.8207843205
14	1.6459507847	0.0598455582	-146.2547126790
15	3.5346455282	0.0598455582	-196.1278959933
16	2.0807594284	0.0598455582	-115.0094128362
17	0.8751616069	0.0598455582	-85.3606517463
18	0.3250096366	0.0598455582	-54.1462088483
19	1.2050106737	0.0598455582	-129.0476594489
20	0.0000000000	0.0598455582	-2.4352528034
21	0.4884908810	0.0598455582	-69.8661391687
22	0.9055532572	0.0598455582	-66.7317401422
23	1.6597975503	0.0598455582	-154.5310569077
24	0.1533392595	0.0598455582	-20.4428341531
25	1.3105110473	0.0598455582	-141.1282003734
26	0.0000000000	0.0598455582	-2.8799674021
27	0.3980675613	0.0598455582	-51.7332967482
28	0.0000000000	0.0598455582	-2.2589444938
29	0.1604625328	0.0598455582	-32.5196179652
30	0.1051207664	0.0598455582	-20.7800449105
31	2.3536483960	0.0598455582	-186.2139094095
32	0.4582157695	0.0598455582	-70.0944736254
33	0.6045376237	0.0598455582	-37.4350379160
34	2.2164355309	0.0598455582	-176.2963209444
35	1.5179117214	0.0598455582	-149.4409313618
36	1.5335755663	0.0598455582	-133.4529839636
37	1.6282717576	0.0598455582	-119.3809694049
38	1.1252067612	0.0598455582	-105.4909944971
39	1.6298722147	0.0598455582	-118.5965674052
40	1.3741563620	0.0598455582	-126.9366131752
41	1.3074140471	0.0598455582	-147.2836379764
42	1.0709669288	0.0598455582	-133.7481436166
43	0.9375354438	0.0598455582	-115.2251587785
44	3.5199621631	0.0598455582	-167.5857489158
45	0.8700793903	0.0598455582	-108.5971961617
46	0.3857289841	0.0598455582	-42.3766815929
47	0.2157520896	0.0598455582	-32.8493413284
48	0.9100555759	0.0598455582	-103.6886713971
49	0.2988929518	0.0598455582	-37.4159813718
50	0.6081681938	0.0598455582	-67.4384012766
51	0.0000000000	0.0598455582	-2.4352528034
52	0.5798177581	0.0598455582	-74.3342646579
53	0.9489849771	0.0598455582	-59.3954922720
54	2.8039288080	0.0598455582	-158.0129834999
55	0.5522647602	0.0598455582	-65.7394259898
56	2.1122966049	0.0598455582	-174.7739117836
57	0.0714750942	0.0598455582	-16.1243376331
58	0.9521232242	0.0598455582	-86.7206603602
59	1.5567306520	0.0598455582	-110.1552731245
60	0.3810102296	0.0598455582	-54.2107313997
61	0.0000000000	0.0598455582	-2.2589444938
62	2.6098763549	0.0598455582	-166.8783854209
63	0.5486821720	0.0598455582	-58.6543571371
64	0.6228029382	0.0598455582	-64.8704808819
65	1.1117335074	0.0598455582	-129.6265948701
66	1.0275355894	0.0598455582	-115.6380122811
67	1.8559045273	0.0598455582	-189.2747433710
68	0.4023198090	0.0598455582	-44.6843411323
69	1.5837720724	0.0598455582	-128.1051835824
70	0.9416655246	0.0598455582	-125.9700911772
71	0.8542218504	0.0598455582	-105.9671577025
72	0.3384947681	0.0598455582	-55.2685686079
73	0.0000000000	0.0598455582	-2.2589444938
74	0.1521097164	0.0598455582	-19.1817180796
75	1.8946449764	0.0598455582	-179.3621553872
76	1.3688077182	0.0598455582	-194.5841113143
77	0.0000000000	0.0598455582	-2.2589444938
78	2.9087034047	0.0598455582	-143.3769116634
79	2.3154449487	0.0598455582	-191.5002859035
80	1.1608308113	0.0598455582	-117.5029243891
81	0.6730870214	0.0598455582	-70.1216752153
82	1.1521428748	0.0598455582	-115.0607046299
83	2.0136850188	0.0598455582	-184.6261540004
84	0.3068274376	0.0598455582	-37.1985131427
85	1.5317952812	0.0598455582	-115.3303802335
86	0.2701597869	0.0598455582	-56.1031055495
87	1.4583684458	0.0598455582	-181.6215309488
88	1.2518337874	0.0598455582	-183.8659102488
89	0.0000000000	0.0598455582	-2.2571367199
90	1.2303587193	0.0598455582	-169.2752175505
91	0.1184774253	0.0598455582	-16.9110382438
92	1.3249377796	0.0598455582	-100.3850056469
93	2.0829314637	0.0598455582	-121.5601455311
94	0.3263794380	0.0598455582	-49.4567697430
95	0.1562222512	0.0598455582	-38.8102599214
96	0.9210716597	0.0598455582	-89.3901840819
97	1.2127054751	0.0598455582	-120.9232589724
98	2.1779415773	0.0598455582	-169.1165084814
99	1.4358860333	0.0598455582	-163.5410943901
100	0.1508543090	0.0598455582	-20.0480853874
101	0.2897360573	0.0598455582	-30.9360275355
102	1.4585748107	0.0598455582	-143.8896655481
103	1.7990498011	0.0598455582	-175.6337260856
104	1.0829875193	0.0598455582	-111.3812918953
105	1.9855441458	0.0598455582	-146.3001841681
106	0.8711417687	0.0598455582	-93.4696848592
107	0.1713575799	0.0598455582	-30.1518104967
108	1.5340554173	0.0598455582	-143.8007270679
109	0.6363300286	0.0598455582	-87.5204514499
110	1.6388079167	0.0598455582	-150.2339019570
111	0.0000000000	0.0598455582	-2.2589444938
112	1.3900381725	0.0598455582	-125.9496710431
113	1.8849301539	0.0598455582	-133.1797500991
114	1.1807085520	0.0598455582	-78.0430947290
115	1.7292680286	0.0598455582	-163.4267744783
116	2.5918104407	0.0598455582	-199.0157676553
117	1.8017179504	0.0598455582	-142.0762084322
118	0.4870417301	0.0598455582	-57.8491909496
119	0.6126726316	0.0598455582	-85.4917131836
120	1.8262712461	0.0598455582	-167.4441113511
121	0.8880821733	0.0598455582	-92.3525063070
122	0.0596015704	0.0598455582	-9.5247284688
123	1.9261504203	0.0598455582	-103.5787381448
124	2.2346602010	0.0598455582	-126.4051600513
