site	rate	t	lnL
1	5.7695563089	0.5321787392	-385.2448491485
2	0.5869896851	0.5321787392	-314.5608286881
3	2.6384479215	0.5321787392	-382.4648089675
4	4.5623693034	0.5321787392	-394.8161183091
5	0.0340600982	0.5321787392	-40.6475059176
6	2.6765968345	0.5321787392	-382.6233567551
7	0.4659184351	0.5321787392	-243.8882144305
8	1.6058243235	0.5321787392	-353.6606091635
9	2.5828259284	0.5321787392	-378.1727395628
10	6.1474239941	0.5321787392	-384.3786261209
11	0.7335456501	0.5321787392	-233.0601486872
12	3.5640104529	0.5321787392	-388.0257123460
13	1.6176410180	0.5321787392	-344.6087322709
14	1.0204591930	0.5321787392	-341.8628871900
15	0.5541030388	0.5321787392	-244.0274706968
16	4.6310680340	0.5321787392	-400.1071672833
17	1.5869026917	0.5321787392	-346.0374902216
18	1.2368832237	0.5321787392	-337.2779575766
19	2.8697159953	0.5321787392	-375.5485768753
20	0.2640660932	0.5321787392	-169.3984234658
21	1.6025691709	0.5321787392	-349.8114532527
22	1.7929756064	0.5321787392	-362.5861515446
23	2.2275061103	0.5321787392	-342.9669483549
24	0.1583588521	0.5321787392	-81.1635052686
25	1.8287245087	0.5321787392	-370.2258630269
26	0.1762481189	0.5321787392	-163.8857269316
27	0.4646474896	0.5321787392	-212.1767611134
28	0.0000000000	0.5321787392	-2.3827013081
29	0.1531591464	0.5321787392	-124.4160388280
30	0.7446598131	0.5321787392	-315.1317286974
31	3.4096467044	0.5321787392	-376.3693623510
32	1.3667476397	0.5321787392	-298.4578438661
33	0.1966601564	0.5321787392	-136.1351563062
34	1.5051370486	0.5321787392	-369.4020634945
35	4.1985122158	0.5321787392	-355.6533936845
36	3.5499368739	0.5321787392	-386.2549106871
37	1.2880580790	0.5321787392	-330.1640518445
38	3.3116369237	0.5321787392	-386.4714448317
39	5.9986924032	0.5321787392	-386.0216374030
40	1.0213067841	0.5321787392	-350.7541167052
41	0.7944661121	0.5321787392	-337.9784063261
42	4.2735329434	0.5321787392	-381.4306398574
43	4.3093963492	0.5321787392	-379.6839209772
44	4.2082386603	0.5321787392	-393.5879606090
45	1.3529648253	0.5321787392	-358.5665412830
46	0.6517480469	0.5321787392	-292.8661882329
47	0.8699593955	0.5321787392	-306.4272351705
48	2.7011411619	0.5321787392	-359.6701008681
49	0.6661486154	0.5321787392	-330.4972336274
50	1.2584340009	0.5321787392	-307.5811753049
51	0.0000000000	0.5321787392	-2.6530151758
52	0.4305139362	0.5321787392	-227.6638126298
53	1.3528316275	0.5321787392	-306.9739027862
54	0.6584368752	0.5321787392	-323.8015452380
55	0.6330858167	0.5321787392	-251.0513540457
56	0.8573330067	0.5321787392	-354.4075029936
57	0.1079572307	0.5321787392	-93.0379716118
58	1.2273856348	0.5321787392	-341.6719771983
59	2.6716673464	0.5321787392	-382.7866586829
60	0.6238258254	0.5321787392	-277.5363921944
61	0.0082452874	0.5321787392	-14.5961826739
62	2.9402512867	0.5321787392	-381.1065832645
63	0.6164195939	0.5321787392	-298.9371728091
64	0.6708718135	0.5321787392	-301.4649423653
65	1.7245348848	0.5321787392	-386.1960955054
66	0.2751298842	0.5321787392	-253.2950758797
67	3.0697294075	0.5321787392	-385.3353782601
68	0.3609291088	0.5321787392	-220.1683367296
69	2.0272875927	0.5321787392	-376.5138336578
70	2.3807868509	0.5321787392	-375.4462247495
71	0.9365239711	0.5321787392	-342.3753198032
72	2.1623014889	0.5321787392	-359.2640943221
73	0.0937569146	0.5321787392	-84.5157855232
74	0.4720082224	0.5321787392	-256.3650938972
75	2.0328555192	0.5321787392	-355.3616563024
76	2.0648515593	0.5321787392	-377.9224851386
77	0.0713283834	0.5321787392	-74.0161306576
78	5.5043062357	0.5321787392	-388.4524148782
79	5.7601965391	0.5321787392	-380.5688115732
80	1.0553052790	0.5321787392	-288.7470538659
81	1.8494888783	0.5321787392	-344.2413136557
82	2.6061397544	0.5321787392	-372.9228473419
83	2.7646943011	0.5321787392	-380.4965618512
84	0.6230093682	0.5321787392	-290.3178244190
85	0.8958291020	0.5321787392	-290.4187332878
86	1.0117313679	0.5321787392	-369.4546617811
87	3.8214925332	0.5321787392	-378.4928259054
88	0.7309142309	0.5321787392	-296.4673027806
89	0.4031141110	0.5321787392	-193.7628879804
90	3.9236609214	0.5321787392	-377.8644561224
91	0.0880099540	0.5321787392	-75.5863303974
92	1.5084465026	0.5321787392	-318.1553080508
93	3.8430786294	0.5321787392	-377.4560448205
94	0.3044353627	0.5321787392	-198.5219369244
95	1.2348823699	0.5321787392	-337.4271213199
96	3.0273446555	0.5321787392	-373.1503393446
97	2.1942786235	0.5321787392	-365.7240384836
98	3.1125108248	0.5321787392	-369.4685268228
99	1.9055842354	0.5321787392	-373.7892243722
100	0.1236209591	0.5321787392	-106.2026043795
101	0.1303265855	0.5321787392	-117.2334465534
102	2.0560319755	0.5321787392	-357.4831074698
103	1.7221383894	0.5321787392	-341.0343122981
104	0.1863664706	0.5321787392	-186.0184848048
105	2.3221729476	0.5321787392	-375.0588172251
106	2.0769468334	0.5321787392	-363.3467001313
107	0.3439393496	0.5321787392	-253.0772394025
108	2.3123906533	0.5321787392	-381.0267504322
109	3.0312842474	0.5321787392	-379.8163243304
110	3.7974178687	0.5321787392	-376.0604468926
111	0.0166326604	0.5321787392	-21.3517000920
112	10.3164484613	0.5321787392	-389.6863365399
113	3.2971163954	0.5321787392	-383.6511804882
114	0.6447198699	0.5321787392	-299.7184633057
115	3.1201639925	0.5321787392	-377.5738329586
116	4.1105072784	0.5321787392	-382.0035252575
117	3.7294959561	0.5321787392	-375.6021484426
118	1.9136045902	0.5321787392	-362.3362388079
119	1.3303696185	0.5321787392	-342.4562975387
120	3.2102762842	0.5321787392	-371.9093110917
121	0.3863402746	0.5321787392	-227.1740249979
122	0.1578843723	0.5321787392	-115.4979429174
123	6.5905345885	0.5321787392	-379.5390375485
124	2.7721953196	0.5321787392	-387.4808810433
