site	rate	t	lnL
1	1.7642813912	0.3772503023	-363.7226351052
2	1.0909292386	0.3772503023	-314.6642109022
3	1.5972492695	0.3772503023	-361.6924501711
4	1.3971899371	0.3772503023	-359.9077895193
5	0.3674211655	0.3772503023	-168.4343608474
6	1.8735380777	0.3772503023	-378.8983712997
7	0.5788097906	0.3772503023	-220.9347899512
8	0.7275528072	0.3772503023	-255.6735061766
9	2.4587897142	0.3772503023	-377.1045130502
10	1.6887284544	0.3772503023	-351.3000914645
11	0.6554857335	0.3772503023	-243.8834359489
12	2.8350823174	0.3772503023	-391.0051195568
13	1.2228739931	0.3772503023	-327.8383154317
14	0.8316503542	0.3772503023	-292.3400393721
15	0.3071636910	0.3772503023	-143.7226991876
16	1.7084398198	0.3772503023	-371.2501416261
17	1.2222982174	0.3772503023	-334.0569917611
18	0.9967236862	0.3772503023	-302.3917015552
19	2.2791254298	0.3772503023	-374.0691383021
20	0.2400083629	0.3772503023	-122.3663701892
21	1.0910897733	0.3772503023	-319.7991338995
22	1.2392943943	0.3772503023	-349.5918211151
23	1.1529495383	0.3772503023	-310.3186503063
24	0.1803167504	0.3772503023	-104.4821114573
25	1.5035865428	0.3772503023	-362.2383298684
26	0.3714078928	0.3772503023	-179.2290806300
27	0.3602495275	0.3772503023	-164.7020036685
28	0.0115426741	0.3772503023	-12.0839682012
29	0.2788307660	0.3772503023	-136.5283281950
30	0.7225957223	0.3772503023	-251.6591643865
31	2.2039477216	0.3772503023	-363.5600088290
32	1.5754015787	0.3772503023	-352.6040215627
33	0.4514013492	0.3772503023	-208.8970487937
34	1.9371251947	0.3772503023	-370.9416905173
35	1.2004042669	0.3772503023	-317.8726753456
36	1.9946982549	0.3772503023	-361.1961178625
37	1.2572695406	0.3772503023	-338.5333718261
38	2.2327249764	0.3772503023	-377.0003177632
39	1.6675930975	0.3772503023	-362.3243523292
40	1.0214419113	0.3772503023	-315.7639763659
41	1.2016054266	0.3772503023	-344.4385497804
42	2.2817699264	0.3772503023	-385.2693017661
43	2.5319402857	0.3772503023	-375.6524151425
44	2.3576724042	0.3772503023	-389.2386700133
45	1.3099947028	0.3772503023	-342.6615592396
46	0.3478288371	0.3772503023	-166.0946823606
47	0.4143815180	0.3772503023	-195.3308526142
48	1.8297317911	0.3772503023	-350.7408469555
49	1.0754688172	0.3772503023	-327.9467932499
50	0.6715743858	0.3772503023	-253.9974062783
51	0.0000000000	0.3772503023	-2.5772474522
52	0.4657347665	0.3772503023	-195.7415659603
53	0.9190168270	0.3772503023	-284.0799426279
54	1.2336832018	0.3772503023	-330.6706335434
55	0.4512828921	0.3772503023	-187.8846722105
56	1.1785050400	0.3772503023	-344.7306223526
57	0.1937588518	0.3772503023	-115.0469138372
58	1.2763960849	0.3772503023	-338.7469041670
59	2.1279183987	0.3772503023	-379.1520343770
60	0.6262085159	0.3772503023	-237.9490911140
61	0.0821835497	0.3772503023	-52.3759317474
62	1.7500177865	0.3772503023	-352.0273944277
63	0.5444213902	0.3772503023	-235.0881747750
64	0.5320657637	0.3772503023	-223.4314394251
65	1.7101677028	0.3772503023	-374.1155950246
66	0.3277749382	0.3772503023	-162.8812280369
67	2.6068596202	0.3772503023	-388.0482008816
68	0.8969219820	0.3772503023	-306.3525372487
69	1.6471957749	0.3772503023	-362.9166698394
70	2.5404017330	0.3772503023	-380.1334469303
71	1.1510295132	0.3772503023	-340.1754985176
72	1.4872487422	0.3772503023	-345.3080921260
73	0.0348595887	0.3772503023	-27.8707840218
74	0.8070830000	0.3772503023	-284.1857362631
75	1.4837396214	0.3772503023	-336.7413615475
76	1.7783348674	0.3772503023	-389.7533104335
77	0.0583243686	0.3772503023	-40.5693768817
78	2.3709052417	0.3772503023	-390.1443191444
79	2.9810095799	0.3772503023	-366.8282943551
80	0.8847827643	0.3772503023	-281.6210166475
81	1.6477438667	0.3772503023	-350.5514065358
82	3.2775867672	0.3772503023	-380.7887269860
83	2.3610453995	0.3772503023	-382.8350205604
84	1.1876678137	0.3772503023	-353.9509684037
85	0.9590857117	0.3772503023	-292.1687478757
86	1.4111347401	0.3772503023	-365.5649092269
87	1.3865558412	0.3772503023	-338.8401088897
88	0.8619223196	0.3772503023	-294.8422972563
89	0.5831130612	0.3772503023	-226.3843726134
90	3.1000736341	0.3772503023	-380.5994801039
91	0.1183184468	0.3772503023	-72.6218375030
92	0.7057306205	0.3772503023	-245.1023016294
93	1.2399626080	0.3772503023	-341.4368901199
94	0.8915103870	0.3772503023	-274.7972058598
95	0.4972455846	0.3772503023	-219.9921308982
96	1.8741957524	0.3772503023	-365.5625160520
97	1.5384601232	0.3772503023	-343.4502265667
98	1.4353804872	0.3772503023	-352.6656538018
99	2.4399610206	0.3772503023	-382.3531707837
100	0.1287221690	0.3772503023	-76.3852939051
101	0.2636873096	0.3772503023	-126.7849407912
102	2.1023921708	0.3772503023	-366.9344053617
103	1.8638744976	0.3772503023	-356.9107517662
104	0.5465046587	0.3772503023	-219.8092260746
105	1.0697886604	0.3772503023	-334.7765994982
106	1.8918191074	0.3772503023	-364.2474222151
107	0.5040695377	0.3772503023	-220.4401658457
108	1.9720712767	0.3772503023	-374.8380278518
109	2.3599207497	0.3772503023	-370.8968786961
110	1.6076216191	0.3772503023	-361.1846989130
111	0.0000000000	0.3772503023	-2.4061830500
112	2.4326362077	0.3772503023	-382.7985681268
113	2.4548766414	0.3772503023	-384.7123620572
114	1.0310319924	0.3772503023	-326.2257958560
115	1.0934876824	0.3772503023	-337.9323758736
116	2.4420412253	0.3772503023	-388.9131243193
117	1.8494250437	0.3772503023	-361.0795490411
118	1.3681513645	0.3772503023	-339.1326493370
119	1.1991974821	0.3772503023	-342.3038703891
120	1.9129244897	0.3772503023	-370.8314347576
121	0.4149864720	0.3772503023	-192.5358659858
122	0.2446902747	0.3772503023	-122.5207013260
123	1.3931917113	0.3772503023	-365.1457423697
124	2.9864532782	0.3772503023	-386.2627350713
