site	rate	t	lnL
1	9.0044913953	0.0007490346	-12.2249703937
2	0.0000000000	0.0007490346	-2.7437740114
3	0.0000000000	0.0007490346	-2.8754881112
4	0.0000000000	0.0007490346	-2.5169155276
5	0.0000000000	0.0007490346	-2.6230569883
6	0.0000000000	0.0007490346	-2.5169155276
7	0.0000000000	0.0007490346	-2.7301551238
8	0.0000000000	0.0007490346	-2.7301551238
9	0.0000000000	0.0007490346	-3.0298250282
10	5.9543882208	0.0007490346	-14.3001977175
11	0.0000000000	0.0007490346	-3.1169549377
12	0.0000000000	0.0007490346	-2.8754881112
13	0.0000000000	0.0007490346	-3.4359422393
14	0.0000000000	0.0007490346	-3.0259213147
15	0.0000000000	0.0007490346	-3.4339872045
16	4.8522332788	0.0007490346	-16.3842484748
17	0.0000000000	0.0007490346	-3.0324359957
18	5.4725095314	0.0007490346	-12.9972800284
19	0.0000000000	0.0007490346	-2.6291519135
20	8.8272714373	0.0007490346	-24.5062213013
21	0.0000000000	0.0007490346	-3.1169549377
22	0.0000000000	0.0007490346	-3.4339872045
23	5.4616129042	0.0007490346	-15.8657887155
24	0.0000000000	0.0007490346	-2.8777252486
25	4.8297975273	0.0007490346	-14.1132026183
26	0.0000000000	0.0007490346	-3.3733625827
27	0.0000000000	0.0007490346	-2.6221893093
28	0.0000000000	0.0007490346	-2.6230569883
29	0.0000000000	0.0007490346	-3.0324359957
30	0.0000000000	0.0007490346	-2.6221893093
31	0.0000000000	0.0007490346	-2.5169155276
32	9.4374045105	0.0007490346	-13.3969078551
33	0.0000000000	0.0007490346	-3.0324359957
34	0.0000000000	0.0007490346	-3.4359422393
35	0.0000000000	0.0007490346	-3.1169549377
36	5.4522530965	0.0007490346	-13.4046882084
37	0.0000000000	0.0007490346	-3.2108436532
38	0.0000000000	0.0007490346	-3.2108436532
39	0.0000000000	0.0007490346	-2.5169155276
40	0.0000000000	0.0007490346	-3.0207399559
41	0.0000000000	0.0007490346	-3.4339872045
42	0.0000000000	0.0007490346	-2.8777252486
43	0.0000000000	0.0007490346	-3.4359422393
44	5.4719728084	0.0007490346	-12.9973578290
45	0.0000000000	0.0007490346	-3.0259213147
46	0.0000000000	0.0007490346	-3.0259213147
47	0.0000000000	0.0007490346	-3.0324359957
48	17.1872408356	0.0007490346	-13.5317997676
49	0.0000000000	0.0007490346	-2.5169155276
50	0.0000000000	0.0007490346	-3.1169549377
51	0.0000000000	0.0007490346	-3.0259213147
52	0.0000000000	0.0007490346	-2.7301551238
53	0.0000000000	0.0007490346	-2.7301551238
54	0.0000000000	0.0007490346	-2.7437740114
55	0.0000000000	0.0007490346	-3.7347756244
56	0.0000000000	0.0007490346	-3.1169549377
57	0.0000000000	0.0007490346	-3.2108436532
58	0.0000000000	0.0007490346	-2.7437740114
59	0.0000000000	0.0007490346	-2.5169155276
60	0.0000000000	0.0007490346	-2.7437740114
61	0.0000000000	0.0007490346	-2.6230569883
62	0.0000000000	0.0007490346	-3.3715260349
63	0.0000000000	0.0007490346	-2.8777252486
64	3.9882921602	0.0007490346	-15.3967105181
65	0.0000000000	0.0007490346	-2.6230569883
66	0.0000000000	0.0007490346	-3.0207399559
67	0.0000000000	0.0007490346	-2.8754881112
68	0.0000000000	0.0007490346	-3.0259213147
69	0.0000000000	0.0007490346	-2.8754881112
70	0.0000000000	0.0007490346	-2.6291519135
71	0.0000000000	0.0007490346	-3.0298250282
72	0.0000000000	0.0007490346	-3.2108436532
73	0.0000000000	0.0007490346	-2.6230569883
74	18.0394865522	0.0007490346	-12.4760059129
75	0.0000000000	0.0007490346	-2.6221893093
76	0.0000000000	0.0007490346	-3.0207399559
77	0.0000000000	0.0007490346	-2.6230569883
78	0.0000000000	0.0007490346	-3.3733625827
79	0.0000000000	0.0007490346	-3.4339872045
80	0.0000000000	0.0007490346	-2.8777252486
81	0.0000000000	0.0007490346	-2.6221893093
82	0.0000000000	0.0007490346	-2.6221893093
83	0.0000000000	0.0007490346	-3.0298250282
84	0.0000000000	0.0007490346	-3.3715260349
85	0.0000000000	0.0007490346	-3.7138871365
86	0.0000000000	0.0007490346	-3.0207399559
87	0.0000000000	0.0007490346	-2.8777252486
88	9.1044876315	0.0007490346	-14.7063740730
89	0.0000000000	0.0007490346	-3.7347756244
90	0.0000000000	0.0007490346	-2.8754881112
91	0.0000000000	0.0007490346	-2.6230569883
92	6.3071293778	0.0007490346	-12.0365733735
93	0.0000000000	0.0007490346	-2.6291519135
94	0.0000000000	0.0007490346	-2.7301551238
95	0.0000000000	0.0007490346	-3.0207399559
96	0.0000000000	0.0007490346	-2.6221893093
97	0.0000000000	0.0007490346	-3.3733625827
98	0.0000000000	0.0007490346	-3.0259213147
99	0.0000000000	0.0007490346	-2.8754881112
100	5.0468988582	0.0007490346	-12.4439021146
101	0.0000000000	0.0007490346	-2.6221893093
102	0.0000000000	0.0007490346	-3.0207399559
103	0.0000000000	0.0007490346	-2.7301551238
104	4.4014904527	0.0007490346	-11.9038895026
105	0.0000000000	0.0007490346	-2.5169155276
106	0.0000000000	0.0007490346	-2.7437740114
107	8.3821658959	0.0007490346	-13.3861584624
108	0.0000000000	0.0007490346	-3.3715260349
109	0.0000000000	0.0007490346	-2.6221893093
110	0.0000000000	0.0007490346	-2.6291519135
111	0.0000000000	0.0007490346	-2.6230569883
112	0.0000000000	0.0007490346	-2.7301551238
113	0.0000000000	0.0007490346	-3.0324359957
114	0.0000000000	0.0007490346	-2.6291519135
115	0.0000000000	0.0007490346	-2.7437740114
116	5.4245281031	0.0007490346	-13.3649090459
117	0.0000000000	0.0007490346	-2.7301551238
118	0.0000000000	0.0007490346	-3.3733625827
119	0.0000000000	0.0007490346	-2.5169155276
120	0.0000000000	0.0007490346	-3.2108436532
121	0.0000000000	0.0007490346	-3.7138871365
122	0.0000000000	0.0007490346	-2.6230569883
123	5.4651226102	0.0007490346	-14.2916702126
124	0.0000000000	0.0007490346	-3.0298250282
