site	rate	t	lnL
1	1.6315404977	0.0065465293	-31.5705067775
2	0.0000000000	0.0065465293	-3.6392256077
3	0.0000000000	0.0065465293	-3.9921392205
4	1.3924789249	0.0065465293	-34.9680814529
5	0.0000000000	0.0065465293	-2.8533877642
6	1.9451383856	0.0065465293	-31.6203601308
7	0.5215203978	0.0065465293	-13.0527426419
8	1.0455752716	0.0065465293	-20.3454433841
9	0.9479944323	0.0065465293	-23.2972294267
10	0.7511815853	0.0065465293	-13.6319170968
11	0.7481369926	0.0065465293	-10.5919493914
12	2.2303603508	0.0065465293	-26.6536979965
13	1.0528866916	0.0065465293	-24.2583372135
14	1.3642474797	0.0065465293	-12.4431320924
15	0.0000000000	0.0065465293	-3.4359422393
16	2.9907644931	0.0065465293	-34.6340209160
17	0.4808933454	0.0065465293	-12.6128570933
18	1.0656973924	0.0065465293	-11.4553454500
19	0.0000000000	0.0065465293	-3.6392256077
20	0.0000000000	0.0065465293	-2.8665892761
21	0.5934181403	0.0065465293	-11.7581349233
22	0.0000000000	0.0065465293	-2.6441103975
23	0.6470970347	0.0065465293	-12.8485545116
24	0.0000000000	0.0065465293	-3.6858598242
25	1.0713925057	0.0065465293	-20.3501275018
26	0.0000000000	0.0065465293	-2.7655570509
27	0.0000000000	0.0065465293	-2.3147556286
28	0.0000000000	0.0065465293	-2.8533877642
29	0.0000000000	0.0065465293	-2.3147556286
30	0.0000000000	0.0065465293	-3.5111045078
31	0.7409198948	0.0065465293	-11.3529529582
32	0.0000000000	0.0065465293	-2.3651095148
33	2.2372145721	0.0065465293	-25.6614920230
34	1.0175965059	0.0065465293	-13.2660959699
35	1.0918065421	0.0065465293	-20.4392692589
36	0.9817314040	0.0065465293	-20.2967077645
37	0.5916548291	0.0065465293	-9.6059854024
38	4.1338025338	0.0065465293	-36.2414692783
39	0.5710588034	0.0065465293	-12.8553553017
40	1.1474685523	0.0065465293	-21.3438869346
41	1.8235083440	0.0065465293	-33.2025660252
42	0.0000000000	0.0065465293	-3.6858598242
43	0.0000000000	0.0065465293	-3.1999655350
44	3.0322982514	0.0065465293	-35.5523452914
45	0.9737755581	0.0065465293	-15.0018718063
46	0.0000000000	0.0065465293	-2.8665892761
47	0.0000000000	0.0065465293	-2.4202578777
48	1.8090510187	0.0065465293	-27.8848755520
49	1.8959381333	0.0065465293	-19.1683051423
50	1.5735593178	0.0065465293	-27.9963188724
51	0.0000000000	0.0065465293	-2.8665892761
52	0.5227644464	0.0065465293	-14.3944311001
53	0.0000000000	0.0065465293	-2.3147556286
54	0.0000000000	0.0065465293	-3.4359422393
55	0.0000000000	0.0065465293	-2.3147556286
56	0.4875683375	0.0065465293	-16.0925933769
57	0.0000000000	0.0065465293	-2.8665892761
58	0.5235989917	0.0065465293	-12.7365712469
59	0.5471136469	0.0065465293	-13.7129866993
60	1.7943881694	0.0065465293	-29.3467973465
61	0.0000000000	0.0065465293	-2.8533877642
62	1.4977841584	0.0065465293	-21.5312323604
63	0.0000000000	0.0065465293	-2.6441103975
64	0.0000000000	0.0065465293	-3.3696928538
65	0.0000000000	0.0065465293	-3.3696928538
66	0.0000000000	0.0065465293	-3.5111045078
67	0.7470849071	0.0065465293	-13.0416004267
68	0.0000000000	0.0065465293	-2.8665892761
69	1.5171405704	0.0065465293	-23.7878580218
70	0.4584181286	0.0065465293	-13.2391615554
71	2.2289222314	0.0065465293	-26.4000780395
72	1.1981912209	0.0065465293	-22.9665842468
73	0.7449172702	0.0065465293	-11.5222551850
74	0.0000000000	0.0065465293	-3.1999655350
75	4.2116336899	0.0065465293	-47.7809779710
76	3.8693338698	0.0065465293	-35.0846720135
77	0.0000000000	0.0065465293	-2.8533877642
78	1.0954003787	0.0065465293	-13.9496918535
79	5.5280256838	0.0065465293	-53.3004351254
80	0.0000000000	0.0065465293	-2.3651095148
81	0.5459104366	0.0065465293	-11.6435137239
82	0.9522987312	0.0065465293	-23.3381521083
83	0.0000000000	0.0065465293	-2.6441103975
84	0.0000000000	0.0065465293	-2.6441103975
85	8.5050058721	0.0065465293	-87.7670685634
86	1.5032075613	0.0065465293	-20.7583304544
87	0.0000000000	0.0065465293	-2.5462245562
88	0.0000000000	0.0065465293	-3.6512884802
89	0.0000000000	0.0065465293	-3.1312818303
90	0.0000000000	0.0065465293	-2.6441103975
91	0.0000000000	0.0065465293	-2.8533877642
92	0.0000000000	0.0065465293	-2.3651095148
93	2.5211941240	0.0065465293	-52.5979675565
94	0.0000000000	0.0065465293	-2.3147556286
95	0.0000000000	0.0065465293	-3.1312818303
96	0.7440836251	0.0065465293	-12.2295779119
97	0.5984664128	0.0065465293	-13.6520502111
98	0.5203439442	0.0065465293	-11.4819143723
99	1.4199753938	0.0065465293	-36.0233420845
100	0.0000000000	0.0065465293	-2.8665892761
101	0.5944447221	0.0065465293	-11.8042891532
102	1.6787652640	0.0065465293	-30.2044509412
103	0.7478019997	0.0065465293	-13.1052496201
104	0.0000000000	0.0065465293	-2.7655570509
105	4.0278667816	0.0065465293	-51.5027349787
106	8.8109297429	0.0065465293	-89.5130443244
107	0.0000000000	0.0065465293	-2.5462245562
108	0.0000000000	0.0065465293	-3.3696928538
109	0.5198953867	0.0065465293	-11.1756632265
110	4.1592112129	0.0065465293	-60.5930370915
111	0.0000000000	0.0065465293	-2.8533877642
112	1.6373971998	0.0065465293	-36.0948352562
113	1.7056694891	0.0065465293	-33.4250537226
114	0.0000000000	0.0065465293	-2.6441103975
115	0.7496720928	0.0065465293	-13.5604553042
116	0.5441406664	0.0065465293	-11.4637155689
117	4.9673612841	0.0065465293	-43.8461474585
118	0.7525164748	0.0065465293	-14.2629931852
119	1.7795408450	0.0065465293	-32.0160871496
120	0.0000000000	0.0065465293	-3.1312818303
121	1.6562405091	0.0065465293	-25.3562021497
122	0.0000000000	0.0065465293	-2.8533877642
123	1.5724687296	0.0065465293	-28.4133998488
124	1.0836081843	0.0065465293	-21.3893511141
