site	rate	t	lnL
1	0.8083843749	0.0074493561	-23.4186934803
2	1.0600320360	0.0074493561	-20.1706107474
3	1.0047803952	0.0074493561	-30.6614302919
4	4.8012090753	0.0074493561	-37.0699349425
5	0.6047133366	0.0074493561	-12.6578510428
6	1.7584837893	0.0074493561	-23.7071943915
7	2.4812176642	0.0074493561	-22.7465675404
8	1.3104314721	0.0074493561	-15.1531214916
9	0.8578154490	0.0074493561	-23.1644355497
10	1.1976638964	0.0074493561	-22.7506472349
11	0.0000000000	0.0074493561	-2.2619647317
12	0.8006549823	0.0074493561	-24.5760505132
13	3.1077156146	0.0074493561	-51.5576561682
14	1.7106277125	0.0074493561	-38.1655780535
15	0.0000000000	0.0074493561	-2.2619647317
16	1.1091629567	0.0074493561	-14.5207912888
17	0.6029346811	0.0074493561	-12.8595880591
18	1.8330794594	0.0074493561	-26.8685549876
19	2.0743160852	0.0074493561	-34.1802008508
20	0.5695429266	0.0074493561	-16.0686245460
21	0.0000000000	0.0074493561	-2.2619647317
22	1.8508827344	0.0074493561	-22.6891310290
23	0.0000000000	0.0074493561	-2.6247946082
24	0.0000000000	0.0074493561	-3.4242689550
25	0.0000000000	0.0074493561	-2.8766060544
26	0.0000000000	0.0074493561	-2.6458850208
27	0.9562558714	0.0074493561	-14.7756398528
28	0.0000000000	0.0074493561	-2.4082816866
29	0.0000000000	0.0074493561	-2.8766060544
30	1.0303798259	0.0074493561	-20.3858759634
31	0.3987670581	0.0074493561	-13.2726355494
32	1.7144115430	0.0074493561	-27.4447121355
33	0.0000000000	0.0074493561	-2.3008225343
34	1.5638452746	0.0074493561	-30.9603306170
35	4.3962010592	0.0074493561	-70.1129520619
36	3.9316102652	0.0074493561	-37.5610209381
37	0.0000000000	0.0074493561	-3.4242689550
38	0.0000000000	0.0074493561	-3.1968791128
39	0.2857574848	0.0074493561	-15.3768825688
40	1.7839102004	0.0074493561	-30.1963643544
41	2.1114168695	0.0074493561	-45.4653192551
42	1.5105908491	0.0074493561	-34.3666716588
43	2.9403463626	0.0074493561	-31.2727856431
44	0.6909660387	0.0074493561	-24.9705816413
45	0.8440660462	0.0074493561	-25.0385689032
46	0.0000000000	0.0074493561	-2.6521211212
47	1.1400957233	0.0074493561	-20.1620684216
48	2.1614110675	0.0074493561	-43.5856326384
49	0.5970205850	0.0074493561	-11.3083071623
50	0.0000000000	0.0074493561	-2.6458850208
51	0.0000000000	0.0074493561	-2.6521211212
52	0.4216458888	0.0074493561	-12.0420793202
53	0.0000000000	0.0074493561	-2.2619647317
54	1.0025878759	0.0074493561	-24.3104501666
55	0.8245272190	0.0074493561	-14.8408582378
56	1.2715938088	0.0074493561	-29.2591735916
57	0.0000000000	0.0074493561	-2.3008225343
58	0.5739465863	0.0074493561	-22.7349601327
59	0.8184091802	0.0074493561	-13.4267407017
60	0.5008082330	0.0074493561	-12.5342291590
61	0.0000000000	0.0074493561	-2.4082816866
62	0.8625834291	0.0074493561	-15.2666987246
63	0.0000000000	0.0074493561	-3.1968791128
64	0.5686582094	0.0074493561	-11.6325773835
65	3.3454829166	0.0074493561	-36.1259293209
66	0.0000000000	0.0074493561	-3.3006999823
67	1.5730633777	0.0074493561	-32.4711154785
68	0.8240616605	0.0074493561	-21.3426971644
69	2.5468684526	0.0074493561	-24.2153008733
70	1.6480488706	0.0074493561	-29.4297401345
71	0.6873279844	0.0074493561	-20.3337023333
72	2.7225291538	0.0074493561	-24.2234660654
73	0.0000000000	0.0074493561	-2.4082816866
74	0.4885139335	0.0074493561	-12.3829191847
75	0.8150055591	0.0074493561	-12.8403649995
76	0.6893348518	0.0074493561	-26.0576309421
77	0.0000000000	0.0074493561	-2.4082816866
78	1.2195192622	0.0074493561	-23.9574930718
79	1.5989850385	0.0074493561	-30.9897440857
80	0.8217012399	0.0074493561	-13.9987648658
81	0.6833728896	0.0074493561	-21.3170075882
82	1.5703582685	0.0074493561	-47.1987525859
83	4.2980633203	0.0074493561	-43.6521675511
84	2.5960528051	0.0074493561	-43.3019325781
85	0.8160889207	0.0074493561	-14.8511226133
86	1.2377472662	0.0074493561	-32.7641079926
87	2.4624943887	0.0074493561	-57.4382296370
88	1.5497502469	0.0074493561	-29.8364288758
89	0.8198527081	0.0074493561	-13.4552183137
90	3.6492948278	0.0074493561	-63.9987538394
91	0.0000000000	0.0074493561	-3.6959609202
92	0.0000000000	0.0074493561	-2.8766060544
93	0.5151324146	0.0074493561	-13.8617520612
94	0.0000000000	0.0074493561	-2.6247946082
95	0.0000000000	0.0074493561	-3.7427226861
96	0.5102765982	0.0074493561	-11.1442180587
97	0.8472855519	0.0074493561	-19.8368116316
98	0.5692513815	0.0074493561	-14.0111119450
99	0.0000000000	0.0074493561	-3.0670139086
100	0.0000000000	0.0074493561	-2.6521211212
101	1.8325322932	0.0074493561	-28.2332995020
102	2.6899755713	0.0074493561	-44.4566733230
103	1.8273160431	0.0074493561	-32.4767504038
104	0.0000000000	0.0074493561	-2.6458850208
105	3.6226993827	0.0074493561	-41.4525275819
106	0.4198771838	0.0074493561	-11.4479991205
107	0.5982119409	0.0074493561	-11.9151020016
108	1.2005718722	0.0074493561	-21.5940017858
109	3.7490235400	0.0074493561	-49.9147803352
110	1.6348738192	0.0074493561	-21.7548976900
111	0.0000000000	0.0074493561	-2.4082816866
112	0.0000000000	0.0074493561	-2.4082816866
113	2.9454132886	0.0074493561	-30.7289210068
114	1.2196175081	0.0074493561	-33.4358607173
115	0.6000899678	0.0074493561	-13.7135101550
116	1.5163196418	0.0074493561	-29.3339418678
117	1.6362822591	0.0074493561	-20.6363377338
118	0.0000000000	0.0074493561	-2.6458850208
119	0.9764998270	0.0074493561	-13.8255843224
120	0.4004297804	0.0074493561	-13.1492579428
121	2.0853382468	0.0074493561	-36.9668544077
122	0.0000000000	0.0074493561	-2.4082816866
123	0.9614472110	0.0074493561	-10.1749954339
124	0.5936646731	0.0074493561	-12.6939476273
