site	rate	t	lnL
1	0.0000000000	0.0004014796	-3.1831068982
2	0.0000000000	0.0004014796	-2.7486832014
3	4.6081314544	0.0004014796	-12.8457649859
4	0.0000000000	0.0004014796	-2.7432844153
5	0.0000000000	0.0004014796	-2.2565348541
6	0.0000000000	0.0004014796	-2.7432844153
7	0.0000000000	0.0004014796	-2.3353749158
8	3.7679811544	0.0004014796	-13.7379450411
9	0.0000000000	0.0004014796	-2.3353749158
10	0.0000000000	0.0004014796	-2.3353749158
11	4.9878806075	0.0004014796	-11.3573482990
12	0.0000000000	0.0004014796	-3.1831068982
13	0.0000000000	0.0004014796	-2.2565348541
14	0.0000000000	0.0004014796	-3.0272208600
15	0.0000000000	0.0004014796	-2.7486832014
16	0.0000000000	0.0004014796	-2.3353749158
17	0.0000000000	0.0004014796	-2.7432844153
18	0.0000000000	0.0004014796	-2.3353749158
19	0.0000000000	0.0004014796	-2.7432844153
20	0.0000000000	0.0004014796	-3.0272208600
21	5.8427605321	0.0004014796	-12.6943751131
22	0.0000000000	0.0004014796	-3.4497355615
23	0.0000000000	0.0004014796	-2.3353749158
24	0.0000000000	0.0004014796	-3.8993142858
25	14.3050470607	0.0004014796	-23.6104773479
26	0.0000000000	0.0004014796	-3.0265708762
27	0.0000000000	0.0004014796	-2.6230569883
28	0.0000000000	0.0004014796	-2.2565348541
29	0.0000000000	0.0004014796	-2.3353749158
30	0.0000000000	0.0004014796	-3.4339872045
31	0.0000000000	0.0004014796	-3.4339872045
32	0.0000000000	0.0004014796	-3.2061671053
33	0.0000000000	0.0004014796	-3.2108436532
34	0.0000000000	0.0004014796	-2.2565348541
35	0.0000000000	0.0004014796	-2.7486832014
36	0.0000000000	0.0004014796	-3.0239751577
37	7.1452869818	0.0004014796	-14.7413933386
38	4.4358276555	0.0004014796	-15.2260157930
39	0.0000000000	0.0004014796	-3.0324359957
40	0.0000000000	0.0004014796	-2.7486832014
41	0.0000000000	0.0004014796	-3.1831068982
42	0.0000000000	0.0004014796	-2.7413284244
43	0.0000000000	0.0004014796	-3.2124073751
44	0.0000000000	0.0004014796	-3.4497355615
45	0.0000000000	0.0004014796	-3.0324359957
46	0.0000000000	0.0004014796	-3.2124073751
47	0.0000000000	0.0004014796	-3.2108436532
48	0.0000000000	0.0004014796	-3.0239751577
49	0.0000000000	0.0004014796	-2.6230569883
50	0.0000000000	0.0004014796	-2.7486832014
51	0.0000000000	0.0004014796	-3.0272208600
52	0.0000000000	0.0004014796	-2.3353749158
53	0.0000000000	0.0004014796	-2.6230569883
54	0.0000000000	0.0004014796	-3.0324359957
55	0.0000000000	0.0004014796	-3.4339872045
56	0.0000000000	0.0004014796	-3.2124073751
57	0.0000000000	0.0004014796	-3.2108436532
58	5.3926203350	0.0004014796	-13.9153630985
59	4.6945359149	0.0004014796	-15.0639034313
60	0.0000000000	0.0004014796	-3.0265708762
61	0.0000000000	0.0004014796	-2.2565348541
62	0.0000000000	0.0004014796	-2.6230569883
63	0.0000000000	0.0004014796	-3.4349642441
64	0.0000000000	0.0004014796	-3.0265708762
65	0.0000000000	0.0004014796	-3.0324359957
66	3.8561802560	0.0004014796	-13.6740462394
67	12.8329836371	0.0004014796	-23.1160407225
68	8.9491286797	0.0004014796	-13.9976634905
69	0.0000000000	0.0004014796	-3.1190909300
70	0.0000000000	0.0004014796	-4.1290894199
71	0.0000000000	0.0004014796	-3.0272208600
72	0.0000000000	0.0004014796	-2.2565348541
73	0.0000000000	0.0004014796	-2.2565348541
74	0.0000000000	0.0004014796	-3.0272208600
75	0.0000000000	0.0004014796	-2.7432844153
76	0.0000000000	0.0004014796	-2.7413284244
77	0.0000000000	0.0004014796	-2.2565348541
78	9.5384895267	0.0004014796	-14.4525018979
79	0.0000000000	0.0004014796	-3.4349642441
80	0.0000000000	0.0004014796	-2.6230569883
81	5.8715705185	0.0004014796	-11.1321831784
82	0.0000000000	0.0004014796	-3.2061671053
83	7.0074989073	0.0004014796	-15.1380688881
84	0.0000000000	0.0004014796	-3.2061671053
85	0.0000000000	0.0004014796	-2.6230569883
86	0.0000000000	0.0004014796	-3.2108436532
87	0.0000000000	0.0004014796	-3.0239751577
88	0.0000000000	0.0004014796	-3.2061671053
89	0.0000000000	0.0004014796	-2.3353749158
90	0.0000000000	0.0004014796	-3.4339872045
91	0.0000000000	0.0004014796	-2.7413284244
92	0.0000000000	0.0004014796	-2.2565348541
93	0.0000000000	0.0004014796	-2.6230569883
94	4.4301790586	0.0004014796	-12.3367744765
95	0.0000000000	0.0004014796	-2.2565348541
96	0.0000000000	0.0004014796	-3.1190909300
97	0.0000000000	0.0004014796	-2.7486832014
98	4.1546070126	0.0004014796	-12.0523146819
99	0.0000000000	0.0004014796	-3.1190909300
100	0.0000000000	0.0004014796	-3.0272208600
101	0.0000000000	0.0004014796	-2.3353749158
102	0.0000000000	0.0004014796	-2.7413284244
103	0.0000000000	0.0004014796	-3.2061671053
104	0.0000000000	0.0004014796	-3.0265708762
105	0.0000000000	0.0004014796	-3.8993142858
106	4.1590620957	0.0004014796	-13.5482270829
107	0.0000000000	0.0004014796	-2.6230569883
108	0.0000000000	0.0004014796	-2.3353749158
109	0.0000000000	0.0004014796	-2.6230569883
110	0.0000000000	0.0004014796	-2.7413284244
111	0.0000000000	0.0004014796	-2.2565348541
112	8.8459980733	0.0004014796	-22.7521583167
113	0.0000000000	0.0004014796	-3.1831068982
114	0.0000000000	0.0004014796	-3.4349642441
115	0.0000000000	0.0004014796	-2.7432844153
116	0.0000000000	0.0004014796	-3.2108436532
117	0.0000000000	0.0004014796	-3.0239751577
118	0.0000000000	0.0004014796	-3.0265708762
119	0.0000000000	0.0004014796	-3.2124073751
120	0.0000000000	0.0004014796	-2.7413284244
121	5.0209652069	0.0004014796	-15.3954122644
122	0.0000000000	0.0004014796	-2.2565348541
123	10.1023315938	0.0004014796	-24.4979121040
124	0.0000000000	0.0004014796	-3.0324359957
