site	rate	t	lnL
1	1.0200420335	0.0636225989	-259.1900847476
2	0.5287635784	0.0636225989	-136.2266307838
3	1.6733165498	0.0636225989	-340.1862293191
4	1.0279189729	0.0636225989	-231.0563445715
5	0.0302627935	0.0636225989	-14.1624798645
6	1.9156302659	0.0636225989	-340.3206079717
7	0.1104651600	0.0636225989	-36.3635438956
8	0.8178057166	0.0636225989	-194.2574183077
9	1.3930229161	0.0636225989	-332.1937709425
10	1.6171943842	0.0636225989	-302.8813525098
11	0.7529928220	0.0636225989	-81.2788297287
12	1.9397870416	0.0636225989	-275.5355398165
13	1.1536075156	0.0636225989	-256.5616897043
14	0.2896630829	0.0636225989	-68.5644949210
15	1.1648617765	0.0636225989	-117.9828326007
16	0.9953369969	0.0636225989	-208.4446339492
17	0.8415848191	0.0636225989	-200.9228754685
18	1.4989491957	0.0636225989	-170.5796788012
19	1.0277549713	0.0636225989	-264.7260451683
20	0.1070536242	0.0636225989	-29.9445508368
21	0.6089365263	0.0636225989	-75.3332684127
22	1.5194817005	0.0636225989	-281.7763212795
23	0.2729333176	0.0636225989	-95.6940012871
24	0.1128789792	0.0636225989	-24.2292055779
25	3.2356259628	0.0636225989	-473.4998218086
26	0.1411303505	0.0636225989	-48.3168138513
27	0.6870147081	0.0636225989	-170.2867411599
28	0.0000000000	0.0636225989	-2.5563236120
29	0.0000000000	0.0636225989	-2.4526697894
30	1.2280780603	0.0636225989	-239.0258491293
31	1.3567689456	0.0636225989	-283.5869662565
32	0.9198631344	0.0636225989	-194.4802774518
33	0.3156188949	0.0636225989	-70.9717712408
34	1.1074854067	0.0636225989	-273.7338330790
35	1.0524174149	0.0636225989	-188.5965701495
36	1.1096391706	0.0636225989	-227.3581473656
37	1.5886991023	0.0636225989	-308.9805194309
38	1.7278480136	0.0636225989	-373.0460575690
39	1.2413959113	0.0636225989	-273.6352009877
40	4.0701121815	0.0636225989	-350.4479659552
41	0.4558041967	0.0636225989	-138.2442535880
42	1.0201983459	0.0636225989	-249.8601694509
43	0.7253383436	0.0636225989	-204.2477494558
44	3.7820565621	0.0636225989	-354.9278119958
45	2.5842973737	0.0636225989	-362.7327866445
46	0.7290594771	0.0636225989	-149.8588543931
47	0.3188125618	0.0636225989	-96.5778746275
48	1.9441960417	0.0636225989	-363.2432521939
49	0.2748543511	0.0636225989	-100.9590719502
50	0.4059136208	0.0636225989	-115.0127036012
51	0.0000000000	0.0636225989	-2.5173059239
52	0.2566402054	0.0636225989	-66.3309010340
53	1.7625991640	0.0636225989	-313.4444248363
54	1.1138857423	0.0636225989	-215.1744614779
55	0.3673867106	0.0636225989	-91.3800851804
56	1.2818528093	0.0636225989	-207.8683064671
57	0.0707504744	0.0636225989	-27.0108916345
58	2.2935254306	0.0636225989	-344.6222378158
59	1.4558041788	0.0636225989	-301.2352312235
60	1.0786788135	0.0636225989	-122.1619902134
61	0.0303274001	0.0636225989	-15.4738968044
62	1.3509314153	0.0636225989	-295.1701994679
63	0.4564450082	0.0636225989	-93.8003660288
64	0.2546611870	0.0636225989	-65.4532295598
65	1.8279300031	0.0636225989	-326.9546572769
66	0.1492402031	0.0636225989	-56.8987068139
67	1.1749166487	0.0636225989	-276.9907688862
68	0.2908521868	0.0636225989	-76.5639128414
69	1.6354338893	0.0636225989	-293.8889903164
70	1.1510863737	0.0636225989	-280.2605301102
71	0.6424602036	0.0636225989	-165.6028718450
72	1.3138619874	0.0636225989	-261.0801110223
73	0.7206943063	0.0636225989	-173.1041056586
74	1.3310424688	0.0636225989	-238.3966440421
75	1.5223365480	0.0636225989	-303.1381859779
76	1.5706422269	0.0636225989	-337.5728216640
77	0.0000000000	0.0636225989	-2.5563236120
78	1.2154269395	0.0636225989	-290.1093894198
79	1.8219061077	0.0636225989	-303.3886093356
80	1.2528082868	0.0636225989	-239.9277607005
81	0.7470988172	0.0636225989	-198.6248682275
82	2.4648068728	0.0636225989	-273.9747182591
83	1.7704269595	0.0636225989	-347.6786213593
84	0.4381072151	0.0636225989	-93.1642149717
85	0.5051211516	0.0636225989	-123.4375215362
86	1.6044316136	0.0636225989	-327.3693150872
87	1.4264725390	0.0636225989	-185.8049938122
88	0.8436584408	0.0636225989	-232.1534993470
89	0.6178056755	0.0636225989	-145.0098971049
90	1.3952084185	0.0636225989	-243.1092765608
91	0.0000000000	0.0636225989	-2.5563236120
92	0.3564720047	0.0636225989	-112.3308360007
93	0.8561960317	0.0636225989	-194.1371150981
94	0.1061536088	0.0636225989	-40.0671257957
95	0.4117515158	0.0636225989	-117.9125240894
96	1.0885142559	0.0636225989	-256.4577148506
97	2.9616127189	0.0636225989	-387.8193064305
98	0.8036305701	0.0636225989	-163.3336644893
99	1.0565634582	0.0636225989	-257.6724214237
100	0.0359035829	0.0636225989	-13.8380741805
101	1.6494155058	0.0636225989	-309.2639872363
102	1.5766001258	0.0636225989	-282.2561145818
103	0.4730158917	0.0636225989	-136.1980602587
104	1.1343240632	0.0636225989	-280.9483910213
105	0.8393979174	0.0636225989	-131.4705375722
106	0.8980738114	0.0636225989	-235.7758006138
107	0.8613852308	0.0636225989	-103.3603915783
108	1.5594947131	0.0636225989	-275.7345111178
109	1.6128885288	0.0636225989	-285.3157918081
110	3.0720560011	0.0636225989	-322.7866149352
111	0.0000000000	0.0636225989	-2.5563236120
112	1.6622915144	0.0636225989	-259.4467070840
113	1.7449923234	0.0636225989	-309.2188625795
114	0.3944830708	0.0636225989	-94.5194409976
115	1.5224139387	0.0636225989	-343.5702677685
116	1.8334113085	0.0636225989	-340.4613375259
117	1.3718673049	0.0636225989	-287.9318967306
118	1.5414298877	0.0636225989	-309.5647536540
119	1.2568979643	0.0636225989	-272.0740927862
120	0.9647634232	0.0636225989	-249.5640636972
121	1.1252086930	0.0636225989	-252.4868134627
122	0.0302556808	0.0636225989	-13.7200302793
123	2.7901143898	0.0636225989	-315.9124019808
124	1.2918583270	0.0636225989	-269.0236525940
