site	rate	t	lnL
1	0.0000000000	0.0004595957	-3.1831068982
2	0.0000000000	0.0004595957	-2.7486832014
3	4.9793304427	0.0004595957	-12.0555061644
4	0.0000000000	0.0004595957	-2.7432844153
5	0.0000000000	0.0004595957	-2.2565348541
6	0.0000000000	0.0004595957	-2.7432844153
7	0.0000000000	0.0004595957	-2.3353749158
8	4.6143838010	0.0004595957	-13.5021530171
9	0.0000000000	0.0004595957	-2.3353749158
10	0.0000000000	0.0004595957	-2.3353749158
11	6.6499630618	0.0004595957	-11.3166480966
12	0.0000000000	0.0004595957	-3.1831068982
13	0.0000000000	0.0004595957	-2.2565348541
14	0.0000000000	0.0004595957	-3.0272208600
15	0.0000000000	0.0004595957	-2.7486832014
16	0.0000000000	0.0004595957	-2.3353749158
17	0.0000000000	0.0004595957	-2.7432844153
18	0.0000000000	0.0004595957	-2.3353749158
19	0.0000000000	0.0004595957	-2.7432844153
20	0.0000000000	0.0004595957	-3.0272208600
21	5.2182444757	0.0004595957	-12.7773636992
22	0.0000000000	0.0004595957	-3.4497355615
23	0.0000000000	0.0004595957	-2.3353749158
24	0.0000000000	0.0004595957	-3.8993142858
25	11.4651546906	0.0004595957	-23.7248090483
26	0.0000000000	0.0004595957	-3.0265708762
27	0.0000000000	0.0004595957	-2.6230569883
28	0.0000000000	0.0004595957	-2.2565348541
29	0.0000000000	0.0004595957	-2.3353749158
30	0.0000000000	0.0004595957	-3.4339872045
31	0.0000000000	0.0004595957	-3.4339872045
32	0.0000000000	0.0004595957	-3.2061671053
33	0.0000000000	0.0004595957	-3.2108436532
34	0.0000000000	0.0004595957	-2.2565348541
35	0.0000000000	0.0004595957	-2.7486832014
36	0.0000000000	0.0004595957	-3.0239751577
37	5.7343632819	0.0004595957	-15.6785059512
38	4.5783895641	0.0004595957	-15.3501474941
39	0.0000000000	0.0004595957	-3.0324359957
40	0.0000000000	0.0004595957	-2.7486832014
41	0.0000000000	0.0004595957	-3.1831068982
42	0.0000000000	0.0004595957	-2.7413284244
43	0.0000000000	0.0004595957	-3.2124073751
44	0.0000000000	0.0004595957	-3.4497355615
45	0.0000000000	0.0004595957	-3.0324359957
46	0.0000000000	0.0004595957	-3.2124073751
47	0.0000000000	0.0004595957	-3.2108436532
48	0.0000000000	0.0004595957	-3.0239751577
49	0.0000000000	0.0004595957	-2.6230569883
50	0.0000000000	0.0004595957	-2.7486832014
51	0.0000000000	0.0004595957	-3.0272208600
52	0.0000000000	0.0004595957	-2.3353749158
53	0.0000000000	0.0004595957	-2.6230569883
54	0.0000000000	0.0004595957	-3.0324359957
55	0.0000000000	0.0004595957	-3.4339872045
56	0.0000000000	0.0004595957	-3.2124073751
57	0.0000000000	0.0004595957	-3.2108436532
58	3.9254117330	0.0004595957	-13.7933896856
59	4.8361965745	0.0004595957	-15.3578464217
60	0.0000000000	0.0004595957	-3.0265708762
61	0.0000000000	0.0004595957	-2.2565348541
62	0.0000000000	0.0004595957	-2.6230569883
63	0.0000000000	0.0004595957	-3.4349642441
64	0.0000000000	0.0004595957	-3.0265708762
65	0.0000000000	0.0004595957	-3.0324359957
66	3.4384900326	0.0004595957	-12.7969860724
67	16.8558119397	0.0004595957	-22.6024183474
68	11.3317204632	0.0004595957	-12.9156918433
69	0.0000000000	0.0004595957	-3.1190909300
70	0.0000000000	0.0004595957	-4.1290894199
71	0.0000000000	0.0004595957	-3.0272208600
72	0.0000000000	0.0004595957	-2.2565348541
73	0.0000000000	0.0004595957	-2.2565348541
74	0.0000000000	0.0004595957	-3.0272208600
75	0.0000000000	0.0004595957	-2.7432844153
76	0.0000000000	0.0004595957	-2.7413284244
77	0.0000000000	0.0004595957	-2.2565348541
78	6.4263222816	0.0004595957	-15.5645221244
79	0.0000000000	0.0004595957	-3.4349642441
80	0.0000000000	0.0004595957	-2.6230569883
81	5.2486790745	0.0004595957	-11.0946103246
82	0.0000000000	0.0004595957	-3.2061671053
83	4.9125144499	0.0004595957	-16.3313561022
84	0.0000000000	0.0004595957	-3.2061671053
85	0.0000000000	0.0004595957	-2.6230569883
86	0.0000000000	0.0004595957	-3.2108436532
87	0.0000000000	0.0004595957	-3.0239751577
88	0.0000000000	0.0004595957	-3.2061671053
89	0.0000000000	0.0004595957	-2.3353749158
90	0.0000000000	0.0004595957	-3.4339872045
91	0.0000000000	0.0004595957	-2.7413284244
92	0.0000000000	0.0004595957	-2.2565348541
93	0.0000000000	0.0004595957	-2.6230569883
94	4.5683780568	0.0004595957	-11.3797441246
95	0.0000000000	0.0004595957	-2.2565348541
96	0.0000000000	0.0004595957	-3.1190909300
97	0.0000000000	0.0004595957	-2.7486832014
98	3.4915716967	0.0004595957	-11.9853191055
99	0.0000000000	0.0004595957	-3.1190909300
100	0.0000000000	0.0004595957	-3.0272208600
101	0.0000000000	0.0004595957	-2.3353749158
102	0.0000000000	0.0004595957	-2.7413284244
103	0.0000000000	0.0004595957	-3.2061671053
104	0.0000000000	0.0004595957	-3.0265708762
105	0.0000000000	0.0004595957	-3.8993142858
106	3.4991674270	0.0004595957	-14.3426480907
107	0.0000000000	0.0004595957	-2.6230569883
108	0.0000000000	0.0004595957	-2.3353749158
109	0.0000000000	0.0004595957	-2.6230569883
110	0.0000000000	0.0004595957	-2.7413284244
111	0.0000000000	0.0004595957	-2.2565348541
112	7.7538345149	0.0004595957	-22.9205831160
113	0.0000000000	0.0004595957	-3.1831068982
114	0.0000000000	0.0004595957	-3.4349642441
115	0.0000000000	0.0004595957	-2.7432844153
116	0.0000000000	0.0004595957	-3.2108436532
117	0.0000000000	0.0004595957	-3.0239751577
118	0.0000000000	0.0004595957	-3.0265708762
119	0.0000000000	0.0004595957	-3.2124073751
120	0.0000000000	0.0004595957	-2.7413284244
121	6.8291223312	0.0004595957	-15.5422430942
122	0.0000000000	0.0004595957	-2.2565348541
123	8.6688594541	0.0004595957	-23.8313929002
124	0.0000000000	0.0004595957	-3.0324359957
