site	rate	t	lnL
1	0.0000000000	0.0007871365	-3.2116252085
2	2.6434808265	0.0007871365	-14.7914938576
3	2.6882756050	0.0007871365	-15.5746711867
4	0.0000000000	0.0007871365	-2.1828997460
5	5.9960082470	0.0007871365	-11.9596544296
6	0.0000000000	0.0007871365	-4.8163829252
7	0.0000000000	0.0007871365	-2.8726987092
8	0.0000000000	0.0007871365	-2.1127523335
9	13.6567500323	0.0007871365	-33.7934380247
10	2.6407327326	0.0007871365	-13.6890665745
11	0.0000000000	0.0007871365	-2.8726987092
12	0.0000000000	0.0007871365	-3.0298250282
13	0.0000000000	0.0007871365	-2.1828997460
14	0.0000000000	0.0007871365	-2.6221893093
15	0.0000000000	0.0007871365	-2.1828997460
16	2.2519159715	0.0007871365	-13.0854768221
17	1.9708842972	0.0007871365	-12.9079003568
18	0.0000000000	0.0007871365	-2.1828997460
19	0.0000000000	0.0007871365	-2.1114504195
20	0.0000000000	0.0007871365	-3.2077235258
21	0.0000000000	0.0007871365	-2.8726987092
22	0.0000000000	0.0007871365	-3.2108436532
23	0.0000000000	0.0007871365	-2.1127523335
24	0.0000000000	0.0007871365	-3.7683133082
25	0.0000000000	0.0007871365	-3.2124073751
26	0.0000000000	0.0007871365	-3.2077235258
27	0.0000000000	0.0007871365	-2.1828997460
28	0.0000000000	0.0007871365	-2.1114504195
29	0.0000000000	0.0007871365	-2.1127523335
30	0.0000000000	0.0007871365	-2.1114504195
31	2.1357883855	0.0007871365	-12.4156900965
32	0.0000000000	0.0007871365	-2.1127523335
33	0.0000000000	0.0007871365	-3.0298250282
34	0.0000000000	0.0007871365	-2.1828997460
35	4.0720440100	0.0007871365	-13.5790146869
36	0.0000000000	0.0007871365	-2.1828997460
37	6.6211693025	0.0007871365	-16.0440462996
38	0.0000000000	0.0007871365	-3.2077235258
39	0.0000000000	0.0007871365	-3.2108436532
40	2.2443834749	0.0007871365	-14.2631323621
41	4.0880873638	0.0007871365	-15.1690541406
42	0.0000000000	0.0007871365	-2.1114504195
43	0.0000000000	0.0007871365	-3.2077235258
44	0.0000000000	0.0007871365	-2.6221893093
45	0.0000000000	0.0007871365	-2.8726987092
46	2.5639384725	0.0007871365	-12.9575660722
47	2.6391959052	0.0007871365	-11.9728910351
48	2.9777827241	0.0007871365	-13.5035857607
49	0.0000000000	0.0007871365	-2.8710287951
50	8.1362530049	0.0007871365	-20.1082704171
51	0.0000000000	0.0007871365	-2.6221893093
52	0.0000000000	0.0007871365	-2.1127523335
53	0.0000000000	0.0007871365	-3.2077235258
54	0.0000000000	0.0007871365	-2.1127523335
55	0.0000000000	0.0007871365	-2.1828997460
56	2.9855486596	0.0007871365	-15.2745942179
57	0.0000000000	0.0007871365	-3.0298250282
58	0.0000000000	0.0007871365	-2.8726987092
59	0.0000000000	0.0007871365	-3.4330111185
60	0.0000000000	0.0007871365	-2.1127523335
61	0.0000000000	0.0007871365	-2.1114504195
62	0.0000000000	0.0007871365	-3.7203680406
63	0.0000000000	0.0007871365	-3.2124073751
64	0.0000000000	0.0007871365	-3.2124073751
65	0.0000000000	0.0007871365	-2.6221893093
66	1.8622689803	0.0007871365	-15.3697334640
67	2.5567667789	0.0007871365	-15.2604016737
68	0.0000000000	0.0007871365	-3.2116252085
69	0.0000000000	0.0007871365	-2.1114504195
70	2.2700338963	0.0007871365	-13.0729640517
71	0.0000000000	0.0007871365	-2.1114504195
72	0.0000000000	0.0007871365	-3.2116252085
73	0.0000000000	0.0007871365	-2.1114504195
74	3.0204838788	0.0007871365	-14.2120391027
75	0.0000000000	0.0007871365	-3.4330111185
76	0.0000000000	0.0007871365	-3.0298250282
77	0.0000000000	0.0007871365	-2.1114504195
78	0.0000000000	0.0007871365	-2.1127523335
79	2.9847652358	0.0007871365	-12.9323636286
80	2.1393311978	0.0007871365	-14.9295225257
81	0.0000000000	0.0007871365	-3.7268912209
82	2.9757237849	0.0007871365	-12.3277177564
83	0.0000000000	0.0007871365	-2.1114504195
84	0.0000000000	0.0007871365	-3.2124073751
85	2.9796983404	0.0007871365	-16.0008802731
86	0.0000000000	0.0007871365	-3.7203680406
87	0.0000000000	0.0007871365	-3.2108436532
88	0.0000000000	0.0007871365	-2.1127523335
89	0.0000000000	0.0007871365	-2.1127523335
90	4.0011040211	0.0007871365	-12.8853654968
91	0.0000000000	0.0007871365	-2.1114504195
92	0.0000000000	0.0007871365	-3.0298250282
93	2.5559991073	0.0007871365	-14.2059263343
94	0.0000000000	0.0007871365	-2.1127523335
95	0.0000000000	0.0007871365	-3.6846043313
96	0.0000000000	0.0007871365	-2.8710287951
97	0.0000000000	0.0007871365	-2.1828997460
98	0.0000000000	0.0007871365	-2.6221893093
99	5.2473632520	0.0007871365	-13.4668565502
100	0.0000000000	0.0007871365	-2.6221893093
101	0.0000000000	0.0007871365	-2.1828997460
102	2.2442366698	0.0007871365	-16.3185831764
103	0.0000000000	0.0007871365	-2.1114504195
104	0.0000000000	0.0007871365	-2.1127523335
105	0.0000000000	0.0007871365	-2.1828997460
106	0.0000000000	0.0007871365	-2.1127523335
107	3.0151584461	0.0007871365	-12.0596562682
108	0.0000000000	0.0007871365	-3.7268912209
109	0.0000000000	0.0007871365	-3.4330111185
110	1.8685362740	0.0007871365	-16.3822142353
111	0.0000000000	0.0007871365	-2.1114504195
112	0.0000000000	0.0007871365	-2.6221893093
113	3.7440015444	0.0007871365	-27.8956604434
114	0.0000000000	0.0007871365	-3.2116252085
115	0.0000000000	0.0007871365	-2.8726987092
116	2.3149318515	0.0007871365	-12.1039891633
117	0.0000000000	0.0007871365	-3.0298250282
118	9.3147673977	0.0007871365	-39.8845538174
119	0.0000000000	0.0007871365	-3.6846043313
120	0.0000000000	0.0007871365	-3.0298250282
121	0.0000000000	0.0007871365	-2.6221893093
122	0.0000000000	0.0007871365	-2.1114504195
123	0.0000000000	0.0007871365	-3.7203680406
124	5.9845735739	0.0007871365	-25.1994252705
