site	rate	t	lnL
1	3.1942368910	0.0058908435	-74.7191398598
2	1.4111295450	0.0058908435	-38.1394024087
3	2.8353797925	0.0058908435	-67.7026991950
4	1.0571296297	0.0058908435	-30.2198141830
5	0.3514965643	0.0058908435	-13.1714286611
6	0.0000000000	0.0058908435	-2.9957322736
7	0.3514599235	0.0058908435	-13.1715324922
8	1.0569063598	0.0058908435	-30.2204424083
9	1.4106795955	0.0058908435	-38.1406632784
10	1.7663278228	0.0058908435	-45.8030638125
11	0.3514965117	0.0058908435	-13.1714286827
12	1.4109793702	0.0058908435	-38.1398229792
13	1.7668929515	0.0058908435	-45.8014841087
14	1.7664321937	0.0058908435	-44.7041303190
15	4.2740453993	0.0058908435	-95.1347694553
16	0.3514965214	0.0058908435	-13.1714286827
17	1.0574635735	0.0058908435	-30.2188734534
18	0.0000000000	0.0058908435	-2.9957322736
19	1.0573822768	0.0058908435	-29.1204805571
20	0.0000000000	0.0058908435	-2.9957322736
21	0.7037232310	0.0058908435	-21.9588605529
22	0.3514598957	0.0058908435	-13.1715324922
23	0.0000000000	0.0058908435	-2.9957322736
24	0.3514599134	0.0058908435	-13.1715324922
25	1.4109804382	0.0058908435	-38.1398215699
26	1.0569062426	0.0058908435	-30.2204424083
27	0.3514965214	0.0058908435	-13.1714286827
28	0.0000000000	0.0058908435	-2.9957322736
29	0.0000000000	0.0058908435	-2.9957322736
30	1.7655713215	0.0058908435	-45.8051743859
31	2.1218665182	0.0058908435	-52.1658609271
32	0.7037970239	0.0058908435	-21.9586521241
33	0.3514599140	0.0058908435	-13.1715324922
34	1.4108295502	0.0058908435	-38.1402431514
35	1.4109793253	0.0058908435	-38.1398229792
36	1.4111297875	0.0058908435	-38.1394020554
37	0.0000000000	0.0058908435	-2.9957322736
38	3.1994296734	0.0058908435	-74.7047767259
39	2.1215943987	0.0058908435	-53.2652746331
40	1.4120150232	0.0058908435	-37.0382888133
41	1.0569063258	0.0058908435	-30.2204424083
42	0.7037233721	0.0058908435	-21.9588605529
43	2.1222810655	0.0058908435	-53.2633671186
44	2.4775312632	0.0058908435	-60.5582594517
45	0.7037969756	0.0058908435	-21.9586520372
46	0.0000000000	0.0058908435	-2.9957322736
47	0.3514965366	0.0058908435	-13.1714286611
48	1.0569065041	0.0058908435	-30.2204422111
49	0.3514965285	0.0058908435	-13.1714286827
50	0.3514599590	0.0058908435	-13.1715324922
51	0.0000000000	0.0058908435	-2.9957322736
52	0.3514599589	0.0058908435	-13.1715324922
53	1.4109796173	0.0058908435	-38.1398226260
54	0.0000000000	0.0058908435	-2.9957322736
55	0.7037970193	0.0058908435	-21.9586520372
56	1.4109799852	0.0058908435	-38.1398222728
57	0.0000000000	0.0058908435	-2.9957322736
58	0.0000000000	0.0058908435	-2.9957322736
59	0.3514599229	0.0058908435	-13.1715324922
60	0.3514965214	0.0058908435	-13.1714286827
61	0.0000000000	0.0058908435	-2.9957322736
62	1.7661387469	0.0058908435	-45.8035912645
63	2.1229583056	0.0058908435	-53.2614728640
64	2.4778008271	0.0058908435	-60.5575143177
65	1.4112797730	0.0058908435	-38.1389817925
66	0.0000000000	0.0058908435	-2.9957322736
67	1.7663285634	0.0058908435	-45.8030627005
68	4.2773694400	0.0058908435	-95.1257062946
69	1.7659498596	0.0058908435	-45.8041186569
70	1.0570182205	0.0058908435	-30.2201281152
71	1.0569063626	0.0058908435	-30.2204424083
72	1.0571294896	0.0058908435	-30.2198145775
73	0.0000000000	0.0058908435	-2.9957322736
74	1.0570181168	0.0058908435	-30.2201283124
75	1.4116657832	0.0058908435	-37.0392684749
76	1.0569064855	0.0058908435	-30.2204422112
77	0.0000000000	0.0058908435	-2.9957322736
78	2.1215943963	0.0058908435	-53.2652746331
79	1.0570181652	0.0058908435	-30.2201283125
80	0.7037970175	0.0058908435	-21.9586521241
81	0.3514598487	0.0058908435	-13.1715324922
82	0.3514599307	0.0058908435	-13.1715324922
83	0.7037970529	0.0058908435	-21.9586520372
84	0.3514964796	0.0058908435	-13.1714286827
85	1.7661393608	0.0058908435	-45.8035907061
86	2.4794104466	0.0058908435	-60.5530532385
87	0.7037969914	0.0058908435	-21.9586521241
88	0.3514965205	0.0058908435	-13.1714286611
89	0.0000000000	0.0058908435	-2.9957322736
90	3.5533171381	0.0058908435	-81.6237191718
91	0.0000000000	0.0058908435	-2.9957322736
92	0.3514965366	0.0058908435	-13.1714286611
93	1.0569063412	0.0058908435	-30.2204422111
94	0.0000000000	0.0058908435	-2.9957322736
95	0.0000000000	0.0058908435	-2.9957322736
96	1.4109793660	0.0058908435	-38.1398229792
97	2.1215949296	0.0058908435	-53.2652738256
98	0.0000000000	0.0058908435	-2.9957322736
99	0.3514599225	0.0058908435	-13.1715324922
100	0.0000000000	0.0058908435	-2.9957322736
101	0.3514965215	0.0058908435	-13.1714286827
102	0.7037232537	0.0058908435	-21.9588605529
103	0.7037232505	0.0058908435	-21.9588605529
104	0.0000000000	0.0058908435	-2.9957322736
105	0.7038709091	0.0058908435	-21.9584435865
106	2.4783418892	0.0058908435	-60.5560204972
107	0.0000000000	0.0058908435	-2.9957322736
108	1.0570179241	0.0058908435	-30.2201283125
109	0.7037970530	0.0058908435	-21.9586520372
110	0.3514599257	0.0058908435	-13.1715324922
111	0.0000000000	0.0058908435	-2.9957322736
112	2.4780694766	0.0058908435	-60.5567702104
113	1.7661379653	0.0058908435	-45.8035923775
114	1.4108294807	0.0058908435	-38.1402431514
115	1.0570182433	0.0058908435	-30.2201281152
116	2.1215938636	0.0058908435	-53.2652754417
117	1.4111298066	0.0058908435	-38.1394020554
118	1.7657609608	0.0058908435	-45.8046459926
119	0.0000000000	0.0058908435	-2.9957322736
120	1.4108298554	0.0058908435	-38.1402427980
121	0.7038708331	0.0058908435	-21.9584435864
122	0.0000000000	0.0058908435	-2.9957322736
123	1.0569063828	0.0058908435	-30.2204422111
124	0.7038708290	0.0058908435	-21.9584435865
