site	rate	t	lnL
1	2.1880045179	0.3623950060	-740.1656465276
2	0.7180210136	0.3623950060	-530.1818745874
3	1.8474790750	0.3623950060	-744.5012752998
4	2.1258955011	0.3623950060	-742.9242616448
5	0.1353958932	0.3623950060	-155.4793454087
6	1.8696170224	0.3623950060	-730.3695846430
7	0.4744570208	0.3623950060	-414.2947328049
8	0.9221659916	0.3623950060	-598.9680377381
9	1.8978038655	0.3623950060	-724.7627602307
10	1.6457765228	0.3623950060	-724.3487868123
11	0.6085276513	0.3623950060	-486.3302475606
12	2.0949225995	0.3623950060	-733.1152789599
13	1.3193870078	0.3623950060	-686.4346950721
14	1.0171068743	0.3623950060	-614.4604783724
15	0.3743339787	0.3623950060	-351.5897196388
16	1.5257624310	0.3623950060	-717.1052052409
17	1.3454842515	0.3623950060	-692.2350550721
18	1.3535702314	0.3623950060	-689.8797323640
19	1.7680562850	0.3623950060	-719.5686633500
20	0.2348885200	0.3623950060	-239.8533598814
21	1.0263605748	0.3623950060	-636.2846764869
22	1.4677011100	0.3623950060	-709.2554229563
23	0.7087177719	0.3623950060	-522.1569097734
24	0.1536519829	0.3623950060	-176.7388117021
25	1.5373699002	0.3623950060	-712.9613995269
26	0.4032353208	0.3623950060	-371.7336812228
27	0.5217667886	0.3623950060	-444.8165132206
28	0.0813212171	0.3623950060	-104.7058085003
29	0.1473937325	0.3623950060	-172.5934107020
30	0.7073708584	0.3623950060	-524.7495606036
31	2.3644870555	0.3623950060	-743.9126676313
32	0.9864370779	0.3623950060	-627.5159798213
33	0.2991702560	0.3623950060	-295.7805488489
34	1.7254750447	0.3623950060	-724.2050657000
35	1.2188483713	0.3623950060	-670.5575579923
36	2.6220832019	0.3623950060	-751.4245321049
37	1.1697089752	0.3623950060	-657.3453279042
38	2.7608880045	0.3623950060	-751.7409650032
39	2.4279044837	0.3623950060	-751.6674243750
40	1.2469303474	0.3623950060	-681.5566855988
41	1.1850099002	0.3623950060	-672.7911066137
42	1.9876633544	0.3623950060	-729.6927728476
43	1.7956633853	0.3623950060	-725.6644111901
44	2.6770064998	0.3623950060	-750.4873949896
45	1.5865043385	0.3623950060	-722.7914047371
46	0.5443745173	0.3623950060	-440.5419104424
47	0.5438460108	0.3623950060	-443.2020034086
48	1.4720331955	0.3623950060	-709.1708667192
49	0.9309266849	0.3623950060	-606.6136027395
50	0.7630110990	0.3623950060	-548.4904645193
51	0.0000000000	0.3623950060	-2.9957322736
52	0.5017285710	0.3623950060	-432.2916083896
53	0.6896591350	0.3623950060	-524.1795688779
54	1.0837009134	0.3623950060	-642.0280789273
55	0.6127837647	0.3623950060	-481.0074791273
56	1.1320855925	0.3623950060	-646.2380738680
57	0.1474750641	0.3623950060	-173.9657837048
58	1.2551755669	0.3623950060	-677.5041489301
59	1.5063832007	0.3623950060	-705.7329952518
60	0.5648438079	0.3623950060	-467.2272600634
61	0.1052039631	0.3623950060	-129.3494618346
62	2.4795537913	0.3623950060	-748.5819498037
63	0.5117001621	0.3623950060	-426.2155470608
64	1.0290815932	0.3623950060	-622.4764223692
65	2.7509420905	0.3623950060	-752.5311864488
66	0.5133612559	0.3623950060	-421.6462847918
67	2.7854585570	0.3623950060	-753.0788942436
68	0.7579419369	0.3623950060	-533.3732541302
69	2.5605454064	0.3623950060	-747.2610150400
70	1.9615890750	0.3623950060	-739.8193369379
71	1.2407005838	0.3623950060	-671.4330011678
72	1.5437665433	0.3623950060	-718.9789126330
73	0.0344761643	0.3623950060	-52.5740220548
74	0.7083671838	0.3623950060	-525.9526409286
75	1.2795484991	0.3623950060	-687.8236031770
76	1.6159575915	0.3623950060	-722.4986131829
77	0.1412696441	0.3623950060	-164.1171920103
78	2.5404262028	0.3623950060	-750.1520101447
79	2.8535951048	0.3623950060	-757.2746335454
80	0.7789617231	0.3623950060	-556.2481406992
81	1.1664131646	0.3623950060	-655.2970621605
82	2.2753148762	0.3623950060	-741.3213829378
83	3.1045333303	0.3623950060	-757.2340686879
84	0.8749558591	0.3623950060	-583.4505786874
85	0.7734741847	0.3623950060	-545.2100790976
86	1.4585623303	0.3623950060	-707.7791558015
87	1.8603225130	0.3623950060	-731.1626902440
88	0.8203343105	0.3623950060	-573.1454794086
89	0.3329663780	0.3623950060	-321.0608440304
90	2.1900174040	0.3623950060	-741.7491931906
91	0.4472001256	0.3623950060	-386.6717197011
92	0.8333407988	0.3623950060	-568.8670446256
93	1.6179073034	0.3623950060	-717.1199622410
94	0.4307340199	0.3623950060	-382.3780808481
95	0.6227326636	0.3623950060	-485.0910986556
96	1.8717414243	0.3623950060	-723.9837787233
97	1.6956131118	0.3623950060	-718.5386024508
98	1.0410774576	0.3623950060	-636.0352802655
99	1.9581068361	0.3623950060	-730.1895901810
100	0.1919254177	0.3623950060	-207.5756785124
101	0.2660076678	0.3623950060	-274.3318312561
102	1.9814094603	0.3623950060	-733.3448024385
103	0.8640326652	0.3623950060	-578.9671756847
104	0.1534060293	0.3623950060	-180.2741303926
105	1.7469859401	0.3623950060	-728.7322916829
106	2.0767480844	0.3623950060	-739.8516872292
107	0.7235087556	0.3623950060	-531.9365753744
108	2.4269343312	0.3623950060	-747.1882368528
109	2.1756122211	0.3623950060	-732.9837424478
110	1.9092132444	0.3623950060	-731.7429060329
111	0.0114398237	0.3623950060	-21.9588605555
112	2.6465685151	0.3623950060	-751.2221645099
113	2.5690786961	0.3623950060	-749.3223271108
114	0.9082142640	0.3623950060	-598.7573309581
115	1.1919373108	0.3623950060	-659.2300201814
116	2.3913666078	0.3623950060	-747.1593139270
117	1.7223082237	0.3623950060	-713.8665252316
118	1.3193216670	0.3623950060	-684.0222828571
119	1.4935734074	0.3623950060	-710.8229461494
120	1.9930763767	0.3623950060	-736.8502648909
121	0.7929940092	0.3623950060	-555.3480282255
122	0.2543867999	0.3623950060	-259.6315096218
123	2.2675569079	0.3623950060	-741.3405390562
124	2.5751672206	0.3623950060	-747.0358809880
