site	rate	t	lnL
1	1.8224059658	0.0691833012	-362.7499263475
2	0.4056121396	0.0691833012	-91.3687577751
3	1.3598295080	0.0691833012	-248.9051631887
4	0.9097324032	0.0691833012	-255.8823486986
5	0.1620564405	0.0691833012	-32.0141660260
6	1.4218011163	0.0691833012	-286.0276718451
7	0.3031004278	0.0691833012	-89.4100080780
8	1.2162341372	0.0691833012	-272.8861976543
9	1.4559167834	0.0691833012	-286.9462776759
10	2.2272286888	0.0691833012	-337.4243447438
11	0.2179577331	0.0691833012	-59.6997379374
12	1.8340965008	0.0691833012	-338.9429057449
13	0.5679596709	0.0691833012	-147.1363444421
14	1.2601305286	0.0691833012	-243.2339647869
15	0.4080546805	0.0691833012	-99.7254443847
16	1.6003623629	0.0691833012	-377.2049256302
17	1.3615881345	0.0691833012	-207.6478529919
18	1.1714759084	0.0691833012	-176.2989084880
19	1.5831329301	0.0691833012	-305.4850973075
20	0.1720126353	0.0691833012	-30.6844908306
21	1.2269728788	0.0691833012	-251.8332521487
22	1.9398932315	0.0691833012	-365.3053932718
23	0.3124706922	0.0691833012	-81.3162133442
24	0.1146456355	0.0691833012	-24.9089109477
25	1.0466907118	0.0691833012	-197.9505850541
26	0.9123914319	0.0691833012	-191.2135299183
27	0.2057052065	0.0691833012	-75.1688951285
28	0.0000000000	0.0691833012	-2.3392888151
29	0.3044705177	0.0691833012	-83.0725240498
30	0.4707666806	0.0691833012	-112.4958192438
31	1.2097161494	0.0691833012	-319.3257413460
32	0.4837770452	0.0691833012	-120.4928985738
33	0.0231348225	0.0691833012	-12.5954368286
34	2.2037052235	0.0691833012	-270.7128784807
35	0.5574441535	0.0691833012	-129.7808428893
36	1.6658199405	0.0691833012	-293.7915810874
37	1.7660833661	0.0691833012	-333.3703687132
38	1.5721161759	0.0691833012	-313.6502507085
39	1.5213358823	0.0691833012	-311.1609345335
40	1.8625058205	0.0691833012	-267.3978950762
41	0.7878056861	0.0691833012	-186.3200166811
42	1.6211846752	0.0691833012	-312.1835113047
43	1.1508157237	0.0691833012	-227.2622109861
44	1.0875503550	0.0691833012	-242.4934749958
45	2.2624385901	0.0691833012	-373.6401600746
46	0.5952255179	0.0691833012	-88.4879055401
47	1.0785158886	0.0691833012	-141.6305154966
48	1.3449736697	0.0691833012	-310.0469137313
49	1.9604945521	0.0691833012	-299.2941813144
50	1.7737273746	0.0691833012	-322.9813383769
51	0.0000000000	0.0691833012	-2.5247525583
52	0.2760100643	0.0691833012	-107.1427324554
53	0.3612695535	0.0691833012	-110.7527066787
54	0.7855068286	0.0691833012	-171.3108121745
55	0.4473979672	0.0691833012	-138.2664389686
56	1.1384775833	0.0691833012	-261.6164553588
57	0.0231295649	0.0691833012	-12.6851457447
58	1.2922334282	0.0691833012	-256.2624674437
59	1.7297325819	0.0691833012	-308.2630996377
60	0.5532071918	0.0691833012	-115.0679270228
61	0.0000000000	0.0691833012	-2.3392888151
62	1.2337012343	0.0691833012	-227.2583330109
63	2.5037227631	0.0691833012	-346.7668747943
64	0.6172230276	0.0691833012	-96.7137625127
65	1.2351320852	0.0691833012	-295.8491578173
66	0.4066316487	0.0691833012	-134.4763719558
67	1.0702948277	0.0691833012	-259.6324096883
68	0.6279423132	0.0691833012	-94.2536844059
69	1.8225755323	0.0691833012	-326.9786801503
70	1.3802219635	0.0691833012	-291.9316302898
71	1.0730861563	0.0691833012	-150.5160303384
72	1.0613979703	0.0691833012	-232.0232198912
73	0.0000000000	0.0691833012	-2.3392888151
74	0.8632539368	0.0691833012	-134.5601804515
75	0.6221021696	0.0691833012	-152.9806829537
76	2.0086053150	0.0691833012	-308.7263395091
77	0.0534982381	0.0691833012	-11.9974906115
78	1.9037877165	0.0691833012	-313.8715509326
79	1.8736688644	0.0691833012	-296.9847401086
80	0.3155681953	0.0691833012	-79.9704769505
81	0.5704728871	0.0691833012	-141.6122018119
82	1.6559966574	0.0691833012	-389.3247544712
83	1.6267343041	0.0691833012	-293.3065445687
84	0.9112906507	0.0691833012	-165.8243775801
85	0.4039932708	0.0691833012	-123.4768111680
86	0.3115573597	0.0691833012	-100.0352765245
87	1.2308652772	0.0691833012	-283.3159608623
88	0.2351489334	0.0691833012	-96.8027607859
89	0.0263769998	0.0691833012	-10.8708602903
90	1.6245765339	0.0691833012	-303.3403402645
91	0.1062873111	0.0691833012	-24.5040579302
92	0.3350909622	0.0691833012	-89.0127888753
93	1.6716863353	0.0691833012	-353.2762993776
94	0.1570253680	0.0691833012	-46.1444772971
95	0.1633106226	0.0691833012	-70.3596608660
96	1.6573257843	0.0691833012	-290.5653976194
97	1.8709620152	0.0691833012	-394.4708165133
98	1.9503032807	0.0691833012	-316.7702407970
99	1.5855101048	0.0691833012	-276.8161398394
100	0.6647631950	0.0691833012	-172.0857708097
101	0.2457777151	0.0691833012	-69.9325662393
102	2.0819115228	0.0691833012	-339.9124598633
103	0.9540537741	0.0691833012	-276.9032928945
104	0.8100889228	0.0691833012	-129.2960151876
105	1.5464485796	0.0691833012	-283.3618123274
106	1.1499371084	0.0691833012	-232.0420519438
107	0.6716529722	0.0691833012	-121.8806320608
108	1.0635806009	0.0691833012	-216.2049372604
109	2.9600069591	0.0691833012	-347.6964118666
110	2.2766431140	0.0691833012	-317.9786955164
111	0.0000000000	0.0691833012	-2.3392888151
112	1.5962731962	0.0691833012	-315.9023488616
113	1.7877776307	0.0691833012	-314.2777826700
114	0.6817353257	0.0691833012	-122.8916404890
115	1.2824099388	0.0691833012	-262.9755152953
116	1.8754487696	0.0691833012	-296.2506739370
117	1.1842097792	0.0691833012	-279.0316622069
118	1.8299215341	0.0691833012	-337.9447253088
119	0.4464602613	0.0691833012	-177.7276314221
120	3.0765404600	0.0691833012	-349.1504241534
121	0.1722646733	0.0691833012	-28.3651097446
122	0.1599382325	0.0691833012	-27.6713231292
123	1.6655077988	0.0691833012	-203.1863145562
124	1.2321549612	0.0691833012	-248.8399205794
