site	rate	t	lnL
1	4.3334990783	0.0007151140	-14.2871744635
2	0.0000000000	0.0007151140	-2.7384015931
3	0.0000000000	0.0007151140	-4.1174161356
4	0.0000000000	0.0007151140	-2.8895530407
5	0.0000000000	0.0007151140	-2.5169155276
6	0.0000000000	0.0007151140	-1.9859199840
7	0.0000000000	0.0007151140	-1.9859199840
8	2.1758324868	0.0007151140	-13.8824220975
9	6.2866149995	0.0007151140	-21.5635478460
10	0.0000000000	0.0007151140	-2.2544311719
11	0.0000000000	0.0007151140	-2.7384015931
12	0.0000000000	0.0007151140	-1.9859199840
13	5.1619408389	0.0007151140	-11.2957952668
14	0.0000000000	0.0007151140	-2.6230569883
15	0.0000000000	0.0007151140	-1.9859199840
16	6.3010893775	0.0007151140	-23.6556263378
17	0.0000000000	0.0007151140	-2.8749296080
18	0.0000000000	0.0007151140	-3.4310618002
19	6.9589001344	0.0007151140	-28.3417097962
20	0.0000000000	0.0007151140	-2.6230569883
21	0.0000000000	0.0007151140	-4.1116301985
22	7.1580478920	0.0007151140	-11.2003210925
23	0.0000000000	0.0007151140	-2.2544311719
24	0.0000000000	0.0007151140	-3.7203680406
25	0.0000000000	0.0007151140	-3.4388819769
26	0.0000000000	0.0007151140	-2.8544812581
27	0.0000000000	0.0007151140	-2.2544311719
28	0.0000000000	0.0007151140	-2.5169155276
29	0.0000000000	0.0007151140	-2.4266567619
30	2.7846481081	0.0007151140	-12.8054194049
31	2.8496842352	0.0007151140	-11.3332202365
32	0.0000000000	0.0007151140	-1.9859199840
33	0.0000000000	0.0007151140	-4.1271343850
34	5.1704010191	0.0007151140	-14.6065601158
35	2.8575960929	0.0007151140	-11.8871617847
36	0.0000000000	0.0007151140	-2.8895530407
37	0.0000000000	0.0007151140	-3.7203680406
38	0.0000000000	0.0007151140	-2.8749296080
39	0.0000000000	0.0007151140	-3.0278712665
40	0.0000000000	0.0007151140	-2.8749296080
41	2.7828020581	0.0007151140	-13.4707852005
42	6.6337776790	0.0007151140	-24.6290828164
43	0.0000000000	0.0007151140	-2.2544311719
44	14.3439116191	0.0007151140	-22.7704148999
45	0.0000000000	0.0007151140	-4.1174161356
46	0.0000000000	0.0007151140	-3.4310618002
47	0.0000000000	0.0007151140	-3.0278712665
48	0.0000000000	0.0007151140	-4.1116301985
49	2.1758324756	0.0007151140	-13.8824220975
50	0.0000000000	0.0007151140	-2.7384015931
51	0.0000000000	0.0007151140	-2.6230569883
52	0.0000000000	0.0007151140	-2.2544311719
53	0.0000000000	0.0007151140	-2.2544311719
54	0.0000000000	0.0007151140	-2.4266567619
55	0.0000000000	0.0007151140	-2.2544311719
56	0.0000000000	0.0007151140	-1.9859199840
57	0.0000000000	0.0007151140	-3.0278712665
58	0.0000000000	0.0007151140	-1.9859199840
59	0.0000000000	0.0007151140	-2.2544311719
60	0.0000000000	0.0007151140	-2.8544812581
61	0.0000000000	0.0007151140	-2.5169155276
62	7.1680295701	0.0007151140	-12.7127393506
63	0.0000000000	0.0007151140	-3.4388819769
64	0.0000000000	0.0007151140	-2.5169155276
65	0.0000000000	0.0007151140	-1.9859199840
66	0.0000000000	0.0007151140	-2.8912542036
67	0.0000000000	0.0007151140	-3.7203680406
68	0.0000000000	0.0007151140	-2.4266567619
69	0.0000000000	0.0007151140	-2.7384015931
70	0.0000000000	0.0007151140	-2.8895530407
71	0.0000000000	0.0007151140	-3.0278712665
72	0.0000000000	0.0007151140	-2.4266567619
73	0.0000000000	0.0007151140	-2.5169155276
74	6.0035596584	0.0007151140	-22.7379069796
75	3.1146702223	0.0007151140	-12.2093984972
76	0.0000000000	0.0007151140	-2.2544311719
77	0.0000000000	0.0007151140	-2.5169155276
78	0.0000000000	0.0007151140	-4.1349775625
79	3.2852686351	0.0007151140	-11.8872452231
80	0.0000000000	0.0007151140	-2.2544311719
81	0.0000000000	0.0007151140	-2.8749296080
82	3.1292619261	0.0007151140	-13.3279913229
83	0.0000000000	0.0007151140	-2.4266567619
84	0.0000000000	0.0007151140	-3.4310618002
85	0.0000000000	0.0007151140	-2.8895530407
86	0.0000000000	0.0007151140	-4.1271343850
87	0.0000000000	0.0007151140	-1.9859199840
88	0.0000000000	0.0007151140	-3.7087324859
89	0.0000000000	0.0007151140	-2.8912542036
90	0.0000000000	0.0007151140	-1.9859199840
91	0.0000000000	0.0007151140	-2.5169155276
92	0.0000000000	0.0007151140	-2.8912542036
93	0.0000000000	0.0007151140	-2.2544311719
94	0.0000000000	0.0007151140	-1.9859199840
95	0.0000000000	0.0007151140	-2.8912542036
96	6.5863846653	0.0007151140	-21.5400148793
97	0.0000000000	0.0007151140	-1.9859199840
98	0.0000000000	0.0007151140	-2.2544311719
99	0.0000000000	0.0007151140	-2.7384015931
100	0.0000000000	0.0007151140	-2.6230569883
101	0.0000000000	0.0007151140	-1.9859199840
102	4.2635185872	0.0007151140	-15.1869914583
103	2.1823208530	0.0007151140	-15.2499607879
104	0.0000000000	0.0007151140	-2.8544812581
105	0.0000000000	0.0007151140	-2.8544812581
106	0.0000000000	0.0007151140	-2.6230569883
107	0.0000000000	0.0007151140	-2.7384015931
108	0.0000000000	0.0007151140	-2.2544311719
109	0.0000000000	0.0007151140	-3.0278712665
110	0.0000000000	0.0007151140	-2.4266567619
111	0.0000000000	0.0007151140	-2.5169155276
112	0.0000000000	0.0007151140	-2.5169155276
113	0.0000000000	0.0007151140	-2.8895530407
114	12.2146460257	0.0007151140	-30.9987191289
115	4.3510820438	0.0007151140	-28.1922241944
116	6.6821200993	0.0007151140	-26.0822793165
117	0.0000000000	0.0007151140	-3.0278712665
118	0.0000000000	0.0007151140	-1.9859199840
119	2.1778751136	0.0007151140	-14.0435352739
120	2.7829741595	0.0007151140	-10.6766831407
121	0.0000000000	0.0007151140	-2.6230569883
122	0.0000000000	0.0007151140	-2.5169155276
123	3.3023914318	0.0007151140	-13.7140204326
124	5.1628549713	0.0007151140	-12.4198584787
