site	rate	t	lnL
1	0.0000000000	0.0004730533	-3.0298250282
2	0.0000000000	0.0004730533	-3.0298250282
3	0.0000000000	0.0004730533	-2.7427950588
4	0.0000000000	0.0004730533	-3.2131901541
5	0.0000000000	0.0004730533	-2.4234522016
6	0.0000000000	0.0004730533	-1.9301268451
7	0.0000000000	0.0004730533	-1.9301268451
8	0.0000000000	0.0004730533	-1.9301268451
9	0.0000000000	0.0004730533	-3.0278712665
10	4.1214205881	0.0004730533	-14.4820423405
11	0.0000000000	0.0004730533	-3.2100627082
12	3.4620471099	0.0004730533	-18.9532953397
13	0.0000000000	0.0004730533	-2.4230967724
14	0.0000000000	0.0004730533	-2.7388888038
15	0.0000000000	0.0004730533	-1.9301268451
16	0.0000000000	0.0004730533	-2.7427950588
17	0.0000000000	0.0004730533	-2.7427950588
18	0.0000000000	0.0004730533	-1.9301268451
19	8.4601739597	0.0004730533	-23.1664700765
20	0.0000000000	0.0004730533	-2.7388888038
21	0.0000000000	0.0004730533	-2.4230967724
22	5.7227225416	0.0004730533	-24.3221771377
23	0.0000000000	0.0004730533	-1.9301268451
24	0.0000000000	0.0004730533	-3.4310618002
25	0.0000000000	0.0004730533	-3.2139735462
26	0.0000000000	0.0004730533	-1.9301268451
27	0.0000000000	0.0004730533	-2.4230967724
28	0.0000000000	0.0004730533	-2.4234522016
29	0.0000000000	0.0004730533	-1.9301268451
30	0.0000000000	0.0004730533	-1.9301268451
31	0.0000000000	0.0004730533	-2.8850307040
32	3.7416674200	0.0004730533	-11.8006351826
33	0.0000000000	0.0004730533	-3.2085026455
34	3.9028284419	0.0004730533	-18.6463610371
35	0.0000000000	0.0004730533	-3.4320359844
36	0.0000000000	0.0004730533	-3.2124073751
37	4.5572878936	0.0004730533	-13.6477817601
38	0.0000000000	0.0004730533	-3.4320359844
39	0.0000000000	0.0004730533	-2.8850307040
40	0.0000000000	0.0004730533	-1.9301268451
41	9.2237756956	0.0004730533	-24.0306359694
42	0.0000000000	0.0004730533	-3.0278712665
43	0.0000000000	0.0004730533	-3.2131901541
44	0.0000000000	0.0004730533	-3.4310618002
45	0.0000000000	0.0004730533	-2.4230967724
46	0.0000000000	0.0004730533	-2.4230967724
47	0.0000000000	0.0004730533	-2.7388888038
48	8.3965598248	0.0004730533	-15.7545224361
49	0.0000000000	0.0004730533	-3.2100627082
50	0.0000000000	0.0004730533	-3.0298250282
51	0.0000000000	0.0004730533	-2.7388888038
52	0.0000000000	0.0004730533	-2.4230967724
53	0.0000000000	0.0004730533	-3.2100627082
54	0.0000000000	0.0004730533	-3.0168714792
55	4.5795144007	0.0004730533	-14.1594862680
56	4.1195614608	0.0004730533	-13.8230740304
57	0.0000000000	0.0004730533	-3.2085026455
58	12.1367352298	0.0004730533	-28.8735509778
59	0.0000000000	0.0004730533	-3.2139735462
60	0.0000000000	0.0004730533	-2.4230967724
61	0.0000000000	0.0004730533	-2.4234522016
62	0.0000000000	0.0004730533	-3.2124073751
63	0.0000000000	0.0004730533	-3.2139735462
64	0.0000000000	0.0004730533	-2.7388888038
65	0.0000000000	0.0004730533	-3.2131901541
66	8.5716666440	0.0004730533	-15.7782762842
67	4.2127543400	0.0004730533	-14.2695530724
68	0.0000000000	0.0004730533	-2.7388888038
69	0.0000000000	0.0004730533	-3.2085026455
70	0.0000000000	0.0004730533	-3.2100627082
71	3.4405343365	0.0004730533	-12.9527861781
72	0.0000000000	0.0004730533	-3.0168714792
73	0.0000000000	0.0004730533	-2.4234522016
74	0.0000000000	0.0004730533	-2.7388888038
75	0.0000000000	0.0004730533	-2.8850307040
76	5.3708823793	0.0004730533	-18.4945868603
77	0.0000000000	0.0004730533	-2.4234522016
78	0.0000000000	0.0004730533	-3.4310618002
79	3.6161135175	0.0004730533	-14.9469129991
80	0.0000000000	0.0004730533	-3.4359422393
81	2.6682806139	0.0004730533	-14.4711854132
82	0.0000000000	0.0004730533	-2.4234522016
83	0.0000000000	0.0004730533	-2.7427950588
84	0.0000000000	0.0004730533	-3.2124073751
85	0.0000000000	0.0004730533	-2.4230967724
86	0.0000000000	0.0004730533	-3.0168714792
87	3.7604280341	0.0004730533	-14.3931475465
88	0.0000000000	0.0004730533	-3.0168714792
89	0.0000000000	0.0004730533	-1.9301268451
90	3.3867627926	0.0004730533	-13.5100818727
91	0.0000000000	0.0004730533	-2.4234522016
92	0.0000000000	0.0004730533	-3.4398638130
93	4.5429811845	0.0004730533	-13.5751322866
94	0.0000000000	0.0004730533	-1.9301268451
95	0.0000000000	0.0004730533	-3.2124073751
96	0.0000000000	0.0004730533	-3.4320359844
97	0.0000000000	0.0004730533	-3.0168714792
98	3.3619223871	0.0004730533	-14.2802490585
99	3.8130373603	0.0004730533	-13.3247934525
100	4.1162974859	0.0004730533	-14.7623398812
101	0.0000000000	0.0004730533	-1.9301268451
102	0.0000000000	0.0004730533	-2.4230967724
103	0.0000000000	0.0004730533	-2.7427950588
104	0.0000000000	0.0004730533	-2.8850307040
105	0.0000000000	0.0004730533	-3.4310618002
106	0.0000000000	0.0004730533	-1.9301268451
107	0.0000000000	0.0004730533	-3.0298250282
108	0.0000000000	0.0004730533	-4.1116301985
109	0.0000000000	0.0004730533	-3.0278712665
110	0.0000000000	0.0004730533	-3.2085026455
111	0.0000000000	0.0004730533	-2.4234522016
112	0.0000000000	0.0004730533	-3.0278712665
113	0.0000000000	0.0004730533	-4.1116301985
114	3.0237061601	0.0004730533	-12.9730216603
115	0.0000000000	0.0004730533	-3.4359422393
116	0.0000000000	0.0004730533	-3.4398638130
117	0.0000000000	0.0004730533	-1.9301268451
118	0.0000000000	0.0004730533	-3.4359422393
119	0.0000000000	0.0004730533	-2.4230967724
120	3.8957205016	0.0004730533	-12.8350303054
121	0.0000000000	0.0004730533	-2.7388888038
122	0.0000000000	0.0004730533	-2.4234522016
123	0.0000000000	0.0004730533	-1.9301268451
124	0.0000000000	0.0004730533	-3.0298250282
