site	rate	t	lnL
1	3.0737481193	0.5267802989	-773.8471227116
2	0.4521016127	0.5267802989	-461.9283819623
3	1.8126857799	0.5267802989	-758.4505237126
4	2.9967004573	0.5267802989	-756.8010069219
5	0.3620049096	0.5267802989	-229.2665701417
6	2.2385464178	0.5267802989	-748.6282076984
7	0.3672130645	0.5267802989	-410.5509575732
8	1.0956274753	0.5267802989	-657.5131312977
9	2.5514917172	0.5267802989	-759.5256865286
10	1.7278219713	0.5267802989	-725.1556834739
11	0.3505957239	0.5267802989	-384.9490912900
12	2.6723935800	0.5267802989	-783.5041360587
13	1.0131526565	0.5267802989	-656.3358897168
14	0.9779064036	0.5267802989	-456.5273297796
15	0.3317652544	0.5267802989	-373.9494416950
16	3.8584551559	0.5267802989	-783.8044059072
17	1.8142308541	0.5267802989	-664.7308181455
18	1.2991078915	0.5267802989	-641.5713559409
19	1.4268111568	0.5267802989	-735.5312524667
20	0.8816483097	0.5267802989	-409.8942246249
21	0.9845751497	0.5267802989	-610.7124971447
22	1.8147088961	0.5267802989	-691.6111696006
23	0.5774991952	0.5267802989	-531.1685160787
24	0.1800952125	0.5267802989	-148.5612297083
25	1.2441108183	0.5267802989	-700.0801594582
26	0.5869797514	0.5267802989	-412.4948511720
27	0.3434518020	0.5267802989	-407.4931597168
28	0.0092309038	0.5267802989	-11.6137251491
29	0.0773329130	0.5267802989	-171.4147667557
30	0.4967049224	0.5267802989	-509.9324069305
31	3.5309274974	0.5267802989	-759.0026182418
32	0.8801236402	0.5267802989	-630.5016905971
33	0.0979495921	0.5267802989	-181.7159854346
34	1.5766961538	0.5267802989	-663.4224398934
35	1.1400113791	0.5267802989	-644.1554440187
36	2.6041917400	0.5267802989	-746.4199742349
37	1.3621962593	0.5267802989	-627.0531277662
38	3.3095015005	0.5267802989	-771.8833833214
39	2.2781478211	0.5267802989	-753.6958723633
40	1.0426971610	0.5267802989	-680.5538416294
41	1.0740352388	0.5267802989	-700.3329402788
42	2.8929583393	0.5267802989	-768.5981574877
43	1.5743975179	0.5267802989	-728.1443318076
44	2.2926739851	0.5267802989	-759.1270147663
45	1.1786448448	0.5267802989	-672.2503054734
46	1.2176652043	0.5267802989	-529.6244299388
47	0.4795391323	0.5267802989	-511.2927745934
48	1.6597321569	0.5267802989	-721.1215266511
49	1.0933272261	0.5267802989	-707.7101287469
50	0.6641850227	0.5267802989	-538.2827149318
51	0.0298559753	0.5267802989	-27.4717134895
52	0.3030108339	0.5267802989	-367.0969984421
53	0.6177782045	0.5267802989	-545.1105656732
54	0.7048829848	0.5267802989	-590.4664871833
55	0.3000560303	0.5267802989	-369.4394958035
56	0.7680043848	0.5267802989	-662.5316617516
57	0.1740888337	0.5267802989	-246.3503630034
58	0.9095197151	0.5267802989	-623.7245134788
59	1.8597757646	0.5267802989	-731.0904021413
60	0.6586195830	0.5267802989	-461.5145271627
61	0.5576729277	0.5267802989	-340.4939307480
62	2.6243888015	0.5267802989	-768.5936339542
63	0.6175240754	0.5267802989	-487.5809589687
64	1.2763484846	0.5267802989	-568.4802541318
65	1.5434314305	0.5267802989	-756.1467139027
66	0.3598391699	0.5267802989	-420.0723522450
67	2.4556613595	0.5267802989	-774.0320386305
68	0.9547236339	0.5267802989	-502.0550460023
69	2.0314927896	0.5267802989	-773.3468852677
70	2.3495250072	0.5267802989	-749.9761245065
71	1.6747891707	0.5267802989	-705.0847529989
72	1.6209744860	0.5267802989	-718.9818796877
73	0.0278139007	0.5267802989	-28.3635522427
74	1.4699835516	0.5267802989	-613.9846300314
75	0.7498663894	0.5267802989	-588.6828971168
76	2.2510629238	0.5267802989	-755.8747761461
77	0.0970023625	0.5267802989	-79.5791518746
78	2.8744542303	0.5267802989	-776.7797273312
79	2.2016573825	0.5267802989	-745.4483006966
80	0.5080143903	0.5267802989	-504.7380515000
81	1.1225710211	0.5267802989	-657.0202675314
82	2.9907157235	0.5267802989	-756.4933299938
83	2.4984375800	0.5267802989	-785.2107929047
84	0.6842302146	0.5267802989	-517.5052808925
85	0.4974670518	0.5267802989	-525.0848443745
86	0.8763546177	0.5267802989	-692.5095016928
87	2.0356557048	0.5267802989	-719.1492096658
88	0.5755121027	0.5267802989	-567.3517706322
89	0.2233118073	0.5267802989	-307.9685214414
90	3.7685084016	0.5267802989	-756.1244909171
91	0.1999930034	0.5267802989	-144.3204589083
92	0.5798832834	0.5267802989	-516.9992826655
93	2.8952624391	0.5267802989	-762.6989761857
94	0.3285650495	0.5267802989	-387.1577885416
95	0.5043511149	0.5267802989	-544.9466384429
96	2.8469815775	0.5267802989	-749.6730728875
97	2.6659477329	0.5267802989	-735.0651082809
98	1.5014662032	0.5267802989	-613.8040957398
99	2.4768552364	0.5267802989	-748.6778899508
100	0.3868838802	0.5267802989	-228.7335479309
101	0.2438468046	0.5267802989	-327.6557913389
102	1.9353730556	0.5267802989	-764.1867983438
103	1.6505123480	0.5267802989	-684.8833765948
104	0.8209311546	0.5267802989	-517.4010445453
105	1.8687833022	0.5267802989	-712.8769634909
106	2.1296599807	0.5267802989	-733.7730990734
107	0.7096750205	0.5267802989	-532.7272064611
108	1.8509937774	0.5267802989	-733.4161985874
109	2.5121305824	0.5267802989	-754.7992637904
110	1.9308193973	0.5267802989	-736.3411340760
111	0.0000000000	0.5267802989	-2.4334558577
112	3.8609067381	0.5267802989	-767.6223558525
113	2.2895323993	0.5267802989	-764.6184577172
114	0.7876228084	0.5267802989	-568.5040305771
115	2.0754760647	0.5267802989	-750.1942131493
116	1.7148096963	0.5267802989	-747.3960109291
117	2.7587650313	0.5267802989	-740.9186306258
118	1.2771124281	0.5267802989	-661.4472155219
119	1.7798694109	0.5267802989	-741.3070840134
120	2.2351682346	0.5267802989	-736.5573530505
121	0.9055060890	0.5267802989	-442.8447416587
122	0.6034564112	0.5267802989	-348.5989055586
123	3.8929625374	0.5267802989	-790.1962873911
124	3.1914825315	0.5267802989	-763.4267310865
