site	rate	t	lnL
1	2.1894557772	0.0072144867	-37.5372452041
2	0.0000000000	0.0072144867	-2.4941478068
3	0.4034727040	0.0072144867	-15.5577486474
4	1.6196715828	0.0072144867	-39.4931853368
5	0.0000000000	0.0072144867	-2.1801087869
6	1.5962743298	0.0072144867	-47.4340379883
7	0.7082029904	0.0072144867	-18.3016458447
8	0.0000000000	0.0072144867	-2.5184780279
9	0.5875519351	0.0072144867	-25.3025327032
10	0.2622115957	0.0072144867	-15.4631405779
11	0.4043663060	0.0072144867	-16.5997304467
12	1.5733711522	0.0072144867	-49.0783207420
13	0.8091742144	0.0072144867	-22.5772965452
14	0.0000000000	0.0072144867	-2.6122647402
15	0.6131721425	0.0072144867	-20.1799150341
16	0.3753057875	0.0072144867	-15.6051154354
17	2.4466861540	0.0072144867	-74.9470421195
18	2.6459729886	0.0072144867	-67.4616347303
19	0.6128324716	0.0072144867	-18.1171221018
20	4.0750118913	0.0072144867	-89.9447054833
21	3.0166664560	0.0072144867	-93.3087542368
22	2.1561429554	0.0072144867	-57.9727000135
23	1.3822128195	0.0072144867	-42.5746024944
24	0.0000000000	0.0072144867	-4.1020607475
25	2.0726881237	0.0072144867	-35.1072519237
26	0.0000000000	0.0072144867	-2.7229348759
27	3.7358051184	0.0072144867	-66.0666419446
28	0.0000000000	0.0072144867	-2.1801087869
29	0.3005933165	0.0072144867	-12.9221647451
30	0.0000000000	0.0072144867	-2.8174300401
31	0.2623022692	0.0072144867	-15.2515673873
32	0.6173279590	0.0072144867	-26.6135437219
33	1.6618834408	0.0072144867	-26.7892088165
34	0.5916297362	0.0072144867	-23.5540620263
35	1.1048245877	0.0072144867	-33.4353427940
36	1.1342946603	0.0072144867	-34.8675977584
37	5.3975460296	0.0072144867	-75.4276295149
38	1.4875144672	0.0072144867	-45.7530435376
39	0.8274214073	0.0072144867	-29.9175922918
40	3.9348466991	0.0072144867	-96.9514235577
41	1.2127258593	0.0072144867	-34.2385794548
42	0.2615701490	0.0072144867	-12.0448254800
43	1.0669090834	0.0072144867	-22.7283632207
44	1.5346773417	0.0072144867	-44.8966583020
45	1.2371926217	0.0072144867	-35.4846784272
46	1.1140912286	0.0072144867	-22.4977559163
47	0.5555712194	0.0072144867	-21.5094086651
48	0.3055985467	0.0072144867	-11.2219052004
49	1.6844002868	0.0072144867	-57.9402544845
50	0.0000000000	0.0072144867	-2.8441410299
51	0.0000000000	0.0072144867	-2.6122647402
52	0.5482815742	0.0072144867	-23.5471476558
53	0.5502693147	0.0072144867	-24.5376678977
54	0.0000000000	0.0072144867	-4.0428937702
55	0.6993610567	0.0072144867	-19.9428141579
56	1.1197948971	0.0072144867	-40.1958340224
57	0.0000000000	0.0072144867	-3.0220327809
58	0.5898838261	0.0072144867	-22.9962789746
59	1.3195007547	0.0072144867	-58.8465777800
60	0.0000000000	0.0072144867	-2.7229348759
61	0.0000000000	0.0072144867	-2.1801087869
62	1.5264732672	0.0072144867	-49.8019695448
63	1.0982765883	0.0072144867	-32.2754426472
64	0.0000000000	0.0072144867	-2.6122647402
65	1.8614850062	0.0072144867	-91.2951892479
66	0.5542757078	0.0072144867	-19.2806423247
67	1.2406761644	0.0072144867	-53.2980817607
68	0.0000000000	0.0072144867	-2.6122647402
69	2.0145982551	0.0072144867	-31.1206543832
70	1.4468263490	0.0072144867	-54.3724665770
71	1.4236984222	0.0072144867	-42.0649822071
72	0.8007123304	0.0072144867	-44.9814262176
73	0.0000000000	0.0072144867	-2.1801087869
74	1.7480785225	0.0072144867	-65.9326660970
75	2.1559746694	0.0072144867	-42.8701858611
76	0.8331132437	0.0072144867	-28.0728638675
77	0.0000000000	0.0072144867	-2.1801087869
78	0.8880268031	0.0072144867	-31.5209149024
79	2.1261979424	0.0072144867	-37.0489698443
80	1.8775333839	0.0072144867	-67.0194347728
81	0.3990838904	0.0072144867	-23.0875964151
82	1.7608182039	0.0072144867	-49.4538163170
83	0.4795832716	0.0072144867	-16.3113488678
84	1.6294252142	0.0072144867	-46.2347812760
85	0.0000000000	0.0072144867	-2.5184780279
86	1.3010526483	0.0072144867	-65.5321594323
87	1.6055940998	0.0072144867	-61.9832015394
88	1.0534535285	0.0072144867	-35.6915893464
89	0.0000000000	0.0072144867	-2.5184780279
90	1.0755906510	0.0072144867	-38.5236404632
91	0.5314111596	0.0072144867	-14.8188036283
92	0.5497256802	0.0072144867	-19.5964237691
93	1.0763714976	0.0072144867	-35.5840402597
94	0.6121160477	0.0072144867	-17.6962176693
95	0.6224726662	0.0072144867	-22.6369611436
96	0.3493265856	0.0072144867	-12.6885471653
97	1.1192433746	0.0072144867	-38.6910083423
98	1.0630996415	0.0072144867	-33.5592414938
99	1.8268682521	0.0072144867	-58.8386593968
100	1.0609003273	0.0072144867	-35.6168624312
101	0.0000000000	0.0072144867	-2.5122426219
102	0.9333204400	0.0072144867	-34.5573876655
103	0.9276469273	0.0072144867	-34.4282572970
104	0.0000000000	0.0072144867	-2.7229348759
105	0.7873007478	0.0072144867	-35.9534253077
106	3.1395687467	0.0072144867	-55.5462325898
107	0.0000000000	0.0072144867	-3.3153364898
108	0.5500125451	0.0072144867	-20.4493972190
109	5.8726834843	0.0072144867	-93.3866455050
110	0.4912367539	0.0072144867	-20.9002014060
111	0.0000000000	0.0072144867	-2.1801087869
112	1.9105119540	0.0072144867	-51.0189723145
113	1.7907881568	0.0072144867	-56.5141128337
114	2.0719915175	0.0072144867	-34.6415918449
115	0.3684466625	0.0072144867	-15.6484672230
116	0.6051625438	0.0072144867	-34.2471098940
117	3.3186412076	0.0072144867	-58.1223522586
118	0.3065145326	0.0072144867	-15.2628085490
119	1.3849239144	0.0072144867	-45.6809151259
120	0.4936116108	0.0072144867	-23.9626529434
121	0.0000000000	0.0072144867	-2.6122647402
122	0.0000000000	0.0072144867	-2.1801087869
123	0.0000000000	0.0072144867	-2.7229348759
124	1.0647525832	0.0072144867	-46.5123593143
