site	rate	t	lnL
1	1.2022114064	0.0676676466	-266.7299404043
2	0.1506735295	0.0676676466	-43.3885966563
3	2.3889281204	0.0676676466	-275.3235384163
4	1.0884733428	0.0676676466	-214.7959531996
5	0.2087951448	0.0676676466	-31.4138677546
6	1.9863021748	0.0676676466	-342.3962908601
7	0.4337879359	0.0676676466	-111.9795330518
8	1.1682180197	0.0676676466	-265.0190932545
9	1.3346924573	0.0676676466	-262.1722908938
10	2.0118950787	0.0676676466	-366.8235778532
11	0.3169357838	0.0676676466	-79.1916576252
12	1.2152340806	0.0676676466	-271.6215439297
13	0.6212146234	0.0676676466	-147.8127815710
14	1.2157903202	0.0676676466	-121.5322310283
15	1.4275011146	0.0676676466	-296.6535366564
16	1.8622106885	0.0676676466	-283.8182018339
17	1.2183599698	0.0676676466	-248.2637166582
18	1.6637247885	0.0676676466	-301.4752652944
19	0.8298100222	0.0676676466	-211.3366062328
20	0.2946530351	0.0676676466	-40.5507115145
21	0.9127207339	0.0676676466	-241.1024152573
22	1.4713940803	0.0676676466	-284.3901558863
23	0.7305652647	0.0676676466	-183.1262800793
24	0.4453555998	0.0676676466	-57.8852834140
25	1.0901412628	0.0676676466	-210.1712228365
26	0.4673689735	0.0676676466	-114.2277374655
27	0.1501399758	0.0676676466	-44.2432558789
28	0.0000000000	0.0676676466	-2.5306709027
29	0.0266811448	0.0676676466	-12.9651016108
30	0.2435080828	0.0676676466	-73.4097531857
31	1.5868722399	0.0676676466	-321.2285037031
32	1.2330269462	0.0676676466	-308.2734489638
33	0.3415532014	0.0676676466	-88.9661979276
34	2.0597359762	0.0676676466	-283.8275409845
35	0.8789132945	0.0676676466	-184.4788069036
36	1.7841310110	0.0676676466	-308.9642431786
37	1.3524285340	0.0676676466	-209.7828807686
38	1.5823093174	0.0676676466	-278.1867870207
39	1.5211620432	0.0676676466	-306.9654026784
40	0.8336660541	0.0676676466	-159.9793127051
41	0.8273701977	0.0676676466	-181.8167784849
42	2.0301183822	0.0676676466	-294.3176249248
43	1.3001001407	0.0676676466	-254.1003538656
44	1.5051333726	0.0676676466	-315.3115189513
45	0.8101204943	0.0676676466	-174.4289465959
46	0.9497073271	0.0676676466	-99.0574759386
47	1.3533046501	0.0676676466	-263.8514599358
48	0.9930901973	0.0676676466	-235.3044846481
49	0.7292501270	0.0676676466	-194.9046811387
50	0.2734010404	0.0676676466	-69.3341143103
51	0.2877293456	0.0676676466	-39.6056362962
52	1.5781196955	0.0676676466	-192.3586682263
53	1.1881618546	0.0676676466	-277.7794041906
54	0.4781992394	0.0676676466	-121.6976058114
55	0.4157022519	0.0676676466	-108.4237704878
56	0.4257627334	0.0676676466	-129.9437769119
57	0.1431499490	0.0676676466	-49.2297259540
58	0.8263665929	0.0676676466	-181.7950281833
59	1.1416500327	0.0676676466	-298.4805879623
60	0.4020926493	0.0676676466	-107.0657854902
61	0.1387988792	0.0676676466	-21.1984966574
62	0.8562541069	0.0676676466	-194.3449585034
63	0.3479252984	0.0676676466	-80.2217380025
64	1.6320751440	0.0676676466	-320.2767221029
65	2.0786683078	0.0676676466	-422.9118520558
66	0.5791613230	0.0676676466	-164.4125706103
67	1.1130212476	0.0676676466	-251.8075235062
68	1.2458118803	0.0676676466	-144.6370304507
69	1.8945182844	0.0676676466	-222.9006977085
70	1.2530994652	0.0676676466	-297.1304293107
71	0.9969762958	0.0676676466	-228.9260135515
72	1.3344623099	0.0676676466	-254.8363320596
73	0.1386904808	0.0676676466	-19.4812302090
74	1.2921237671	0.0676676466	-252.3837467728
75	0.4433856558	0.0676676466	-118.7563674863
76	1.5301642190	0.0676676466	-322.4671581120
77	0.2887808995	0.0676676466	-70.1170336432
78	1.3493473363	0.0676676466	-319.2065376030
79	1.4619112708	0.0676676466	-312.1430271855
80	0.1517755432	0.0676676466	-53.1106999819
81	0.5578038754	0.0676676466	-162.1168413944
82	1.4287720318	0.0676676466	-235.1467980651
83	1.6659059283	0.0676676466	-263.6548613803
84	0.2383294055	0.0676676466	-56.1031667946
85	0.2717094458	0.0676676466	-76.3269367242
86	1.2073204997	0.0676676466	-272.4455061499
87	0.9219644833	0.0676676466	-214.4026618819
88	1.0530964037	0.0676676466	-223.5094719165
89	1.7242630129	0.0676676466	-242.7208067731
90	1.2089724701	0.0676676466	-273.8376022894
91	0.0694655332	0.0676676466	-12.6147039493
92	0.5360050904	0.0676676466	-128.1746210198
93	0.9316031423	0.0676676466	-211.1140795584
94	0.2164761074	0.0676676466	-55.2138465963
95	0.3945665420	0.0676676466	-122.8372824702
96	1.9299149669	0.0676676466	-360.6359891286
97	2.3945629808	0.0676676466	-312.5146361320
98	1.5479371128	0.0676676466	-306.4082376914
99	1.5548151951	0.0676676466	-310.1923345241
100	0.4338740913	0.0676676466	-49.9390575073
101	0.1525425517	0.0676676466	-52.7867853652
102	1.5995652884	0.0676676466	-343.4186314972
103	1.2973834868	0.0676676466	-319.9062185276
104	0.1944189554	0.0676676466	-35.1694093233
105	0.6881509763	0.0676676466	-168.5251157027
106	1.0556577549	0.0676676466	-234.4587253942
107	1.7198154328	0.0676676466	-317.0754213576
108	0.9537809148	0.0676676466	-250.1277442800
109	1.1175534211	0.0676676466	-254.2388373320
110	0.6930495286	0.0676676466	-177.2540452881
111	0.0000000000	0.0676676466	-2.5306709027
112	1.0452536628	0.0676676466	-241.6135482318
113	2.2498354417	0.0676676466	-388.1718198809
114	1.9353036999	0.0676676466	-275.6436509126
115	1.1096339559	0.0676676466	-258.4736819422
116	1.0639437512	0.0676676466	-267.3616478618
117	2.0027969269	0.0676676466	-292.7219684766
118	1.0445965834	0.0676676466	-155.1878833902
119	0.4513334401	0.0676676466	-137.6992039227
120	1.4779801323	0.0676676466	-287.2862530779
121	0.5512015133	0.0676676466	-65.0892634934
122	1.8741285512	0.0676676466	-314.7619500710
123	2.4966610398	0.0676676466	-261.5647081761
124	1.8838437713	0.0676676466	-322.9495115249
