site	rate	t	lnL
1	3.3943338432	0.0006605912	-13.9788812755
2	6.5101462697	0.0006605912	-26.3417434712
3	0.0000000000	0.0006605912	-3.2116252085
4	0.0000000000	0.0006605912	-2.3363519555
5	0.0000000000	0.0006605912	-2.4223862928
6	0.0000000000	0.0006605912	-3.7229722087
7	0.0000000000	0.0006605912	-2.3363519555
8	0.0000000000	0.0006605912	-2.6213223825
9	0.0000000000	0.0006605912	-3.2124073751
10	0.0000000000	0.0006605912	-2.7437740114
11	0.0000000000	0.0006605912	-1.9877577975
12	0.0000000000	0.0006605912	-3.2116252085
13	2.6439936783	0.0006605912	-13.6939042039
14	3.2619868284	0.0006605912	-15.3992422969
15	1.9828135495	0.0006605912	-13.2065069331
16	0.0000000000	0.0006605912	-2.7437740114
17	3.8928608553	0.0006605912	-13.8418385965
18	0.0000000000	0.0006605912	-2.4223862928
19	2.6211604750	0.0006605912	-15.4983499194
20	0.0000000000	0.0006605912	-2.6187261023
21	0.0000000000	0.0006605912	-2.3363519555
22	0.0000000000	0.0006605912	-2.7427950588
23	0.0000000000	0.0006605912	-1.9877577975
24	0.0000000000	0.0006605912	-4.8124994252
25	0.0000000000	0.0006605912	-3.0462565513
26	0.0000000000	0.0006605912	-2.7437740114
27	0.0000000000	0.0006605912	-1.9877577975
28	0.0000000000	0.0006605912	-2.4223862928
29	0.0000000000	0.0006605912	-2.3363519555
30	0.0000000000	0.0006605912	-4.1058775460
31	3.3659656936	0.0006605912	-14.2651610381
32	0.0000000000	0.0006605912	-1.9877577975
33	0.0000000000	0.0006605912	-4.7744720296
34	0.0000000000	0.0006605912	-3.0449320478
35	0.0000000000	0.0006605912	-2.7427950588
36	0.0000000000	0.0006605912	-2.6213223825
37	0.0000000000	0.0006605912	-2.6256645517
38	3.8894435413	0.0006605912	-13.1008899258
39	7.2237726050	0.0006605912	-24.6530239045
40	1.9899737578	0.0006605912	-13.2852713992
41	3.5841620816	0.0006605912	-16.1969119440
42	0.0000000000	0.0006605912	-3.0462565513
43	7.7254655888	0.0006605912	-12.7557516662
44	0.0000000000	0.0006605912	-2.6213223825
45	0.0000000000	0.0006605912	-3.2124073751
46	0.0000000000	0.0006605912	-3.4418303819
47	0.0000000000	0.0006605912	-2.6187261023
48	2.6441684051	0.0006605912	-12.8077574109
49	3.8725879544	0.0006605912	-12.9556376636
50	0.0000000000	0.0006605912	-4.6990323220
51	0.0000000000	0.0006605912	-2.6187261023
52	0.0000000000	0.0006605912	-1.9877577975
53	0.0000000000	0.0006605912	-2.7427950588
54	0.0000000000	0.0006605912	-2.3363519555
55	0.0000000000	0.0006605912	-1.9877577975
56	0.0000000000	0.0006605912	-1.9877577975
57	0.0000000000	0.0006605912	-2.6187261023
58	0.0000000000	0.0006605912	-4.1058775460
59	13.4177953301	0.0006605912	-38.1954266204
60	0.0000000000	0.0006605912	-2.3363519555
61	0.0000000000	0.0006605912	-2.4223862928
62	3.5597174116	0.0006605912	-15.2827930376
63	0.0000000000	0.0006605912	-1.9877577975
64	3.3473954777	0.0006605912	-13.5055877597
65	0.0000000000	0.0006605912	-1.9877577975
66	0.0000000000	0.0006605912	-3.4320359844
67	0.0000000000	0.0006605912	-2.7427950588
68	0.0000000000	0.0006605912	-2.6187261023
69	0.0000000000	0.0006605912	-2.6256645517
70	0.0000000000	0.0006605912	-2.6213223825
71	7.7162430582	0.0006605912	-12.4620086542
72	0.0000000000	0.0006605912	-3.4320359844
73	0.0000000000	0.0006605912	-2.4223862928
74	0.0000000000	0.0006605912	-2.6187261023
75	0.0000000000	0.0006605912	-2.6213223825
76	0.0000000000	0.0006605912	-3.4418303819
77	0.0000000000	0.0006605912	-2.4223862928
78	2.6496146552	0.0006605912	-14.9668290185
79	0.0000000000	0.0006605912	-2.6213223825
80	0.0000000000	0.0006605912	-1.9877577975
81	0.0000000000	0.0006605912	-1.9877577975
82	3.6236266606	0.0006605912	-13.8482503675
83	3.8985355873	0.0006605912	-13.9880955908
84	0.0000000000	0.0006605912	-3.2116252085
85	0.0000000000	0.0006605912	-2.3363519555
86	5.8442601136	0.0006605912	-12.0074589321
87	0.0000000000	0.0006605912	-2.7437740114
88	2.6441665431	0.0006605912	-12.8077574109
89	0.0000000000	0.0006605912	-1.9877577975
90	0.0000000000	0.0006605912	-3.2124073751
91	0.0000000000	0.0006605912	-2.3363519555
92	0.0000000000	0.0006605912	-2.6213223825
93	3.0559140196	0.0006605912	-16.1419515031
94	0.0000000000	0.0006605912	-2.3363519555
95	0.0000000000	0.0006605912	-2.6213223825
96	3.3130977153	0.0006605912	-13.7495998497
97	0.0000000000	0.0006605912	-3.4320359844
98	5.8547502865	0.0006605912	-12.9571444291
99	0.0000000000	0.0006605912	-2.7427950588
100	0.0000000000	0.0006605912	-2.6187261023
101	0.0000000000	0.0006605912	-2.3363519555
102	0.0000000000	0.0006605912	-3.0449320478
103	0.0000000000	0.0006605912	-1.9877577975
104	0.0000000000	0.0006605912	-2.7437740114
105	0.0000000000	0.0006605912	-3.7061650904
106	7.8047009990	0.0006605912	-23.0845199350
107	0.0000000000	0.0006605912	-3.7229722087
108	3.8941014747	0.0006605912	-13.8415196344
109	0.0000000000	0.0006605912	-3.0462565513
110	0.0000000000	0.0006605912	-3.0462565513
111	0.0000000000	0.0006605912	-2.4223862928
112	0.0000000000	0.0006605912	-2.7437740114
113	0.0000000000	0.0006605912	-3.2124073751
114	0.0000000000	0.0006605912	-3.0462565513
115	3.3590186623	0.0006605912	-14.3421998702
116	0.0000000000	0.0006605912	-2.7427950588
117	0.0000000000	0.0006605912	-2.4223862928
118	3.3485260457	0.0006605912	-13.4343350712
119	0.0000000000	0.0006605912	-2.6213223825
120	0.0000000000	0.0006605912	-2.6256645517
121	0.0000000000	0.0006605912	-2.6187261023
122	0.0000000000	0.0006605912	-2.4223862928
123	0.0000000000	0.0006605912	-3.4418303819
124	7.6222628936	0.0006605912	-12.7650509629
