site	rate	t	lnL
1	2.0644694256	0.3585574916	-733.2240075040
2	0.7752609112	0.3585574916	-561.2232552515
3	2.7085334380	0.3585574916	-751.9917368487
4	2.9176093288	0.3585574916	-757.1674271196
5	0.0881790451	0.3585574916	-112.5601771983
6	2.1686244960	0.3585574916	-735.9411044499
7	0.5357532537	0.3585574916	-447.9294267528
8	0.6026728499	0.3585574916	-471.7185786999
9	2.5293342241	0.3585574916	-743.9878432318
10	1.9472805361	0.3585574916	-734.3684252311
11	0.5830381887	0.3585574916	-463.1196868626
12	2.0142198425	0.3585574916	-734.8118806900
13	1.2394227512	0.3585574916	-677.0742101007
14	0.6430085848	0.3585574916	-496.2922207563
15	0.4720270102	0.3585574916	-410.5009434429
16	1.8222256472	0.3585574916	-739.7064835453
17	1.2846668126	0.3585574916	-677.6246256021
18	1.0877549226	0.3585574916	-632.9956630959
19	2.2027810673	0.3585574916	-739.9615244898
20	0.2498046008	0.3585574916	-260.3954551245
21	0.9925127982	0.3585574916	-629.6146152884
22	1.3029718177	0.3585574916	-680.8671271256
23	0.7557264448	0.3585574916	-528.7489095802
24	0.2828265416	0.3585574916	-286.8061008742
25	1.5398360994	0.3585574916	-724.7810790729
26	0.2247444412	0.3585574916	-235.1097128811
27	0.5405186129	0.3585574916	-449.5972644725
28	0.0000000000	0.3585574916	-2.9957322736
29	0.4281478593	0.3585574916	-376.1803013070
30	0.6423258222	0.3585574916	-500.5325346724
31	2.0624138470	0.3585574916	-735.6108244258
32	0.8729280192	0.3585574916	-581.2981602888
33	0.3642120396	0.3585574916	-340.8516873105
34	1.6585409204	0.3585574916	-728.0612411700
35	1.0811559883	0.3585574916	-640.5323464879
36	1.8475848934	0.3585574916	-726.9489163856
37	0.9552883248	0.3585574916	-615.5531554276
38	2.0504375792	0.3585574916	-734.8769071667
39	2.0338420496	0.3585574916	-736.1434337207
40	1.1880070120	0.3585574916	-662.5616803256
41	1.2785333796	0.3585574916	-679.3454398989
42	2.1701268243	0.3585574916	-740.1641251380
43	1.7068722436	0.3585574916	-717.0075942493
44	2.7332962911	0.3585574916	-751.4338000759
45	1.4102440233	0.3585574916	-688.3610340713
46	0.4129157659	0.3585574916	-369.2124821847
47	0.6282931706	0.3585574916	-487.1194168717
48	1.5560451022	0.3585574916	-715.4657618709
49	1.1607511196	0.3585574916	-660.3453649568
50	0.7150599255	0.3585574916	-524.4562567802
51	0.0348487681	0.3585574916	-53.2665455707
52	0.5229682954	0.3585574916	-433.8869742509
53	0.7221580763	0.3585574916	-524.7222883662
54	1.0728277203	0.3585574916	-639.3127215702
55	0.5984761125	0.3585574916	-467.7892166515
56	1.2738171799	0.3585574916	-678.5372721334
57	0.1488634724	0.3585574916	-173.3034574971
58	1.4559752604	0.3585574916	-707.3006302818
59	1.8549419678	0.3585574916	-733.1216399240
60	0.5462998659	0.3585574916	-455.1336823890
61	0.0643216344	0.3585574916	-86.2234331175
62	1.7520576348	0.3585574916	-718.1158148015
63	0.7202113716	0.3585574916	-523.6510274631
64	1.3125163008	0.3585574916	-681.9800982075
65	1.6515260585	0.3585574916	-717.0788368488
66	0.4283580686	0.3585574916	-378.7028224800
67	3.4945359214	0.3585574916	-760.7284131595
68	1.1028771422	0.3585574916	-643.1025541801
69	2.1032704369	0.3585574916	-736.7988441889
70	2.3492858585	0.3585574916	-746.3681423477
71	1.3352629175	0.3585574916	-686.3903002566
72	1.6858525595	0.3585574916	-719.6293737854
73	0.0290145334	0.3585574916	-45.8046471633
74	0.5680128886	0.3585574916	-453.5915004827
75	1.1913292613	0.3585574916	-681.3389899405
76	1.7695484759	0.3585574916	-729.1716915193
77	0.0465781627	0.3585574916	-67.7035544289
78	2.2722520800	0.3585574916	-741.6268182190
79	1.8883006801	0.3585574916	-730.3394174472
80	0.6722432294	0.3585574916	-504.9138890294
81	1.3401176277	0.3585574916	-697.6001664505
82	2.5308689874	0.3585574916	-746.2449013410
83	2.9547722675	0.3585574916	-756.2272554462
84	0.9394577474	0.3585574916	-595.8391679371
85	0.7933224059	0.3585574916	-547.2844394867
86	1.3414952753	0.3585574916	-682.1108369135
87	1.4328750785	0.3585574916	-691.5816378249
88	0.6705734564	0.3585574916	-507.0236388652
89	0.4766026093	0.3585574916	-417.1843269790
90	2.2101873281	0.3585574916	-737.7945584075
91	0.1309177032	0.3585574916	-151.8611047812
92	1.0204708222	0.3585574916	-623.7848897791
93	1.4286494266	0.3585574916	-693.3140721654
94	0.6213365112	0.3585574916	-490.1766328161
95	0.4808039752	0.3585574916	-413.4523032887
96	2.0472017403	0.3585574916	-732.4461061580
97	2.2794896355	0.3585574916	-743.8877544185
98	0.9150190252	0.3585574916	-599.5969639901
99	1.9724663508	0.3585574916	-733.6443786210
100	0.3322418520	0.3585574916	-310.5810542859
101	0.3775871661	0.3585574916	-353.3616186402
102	1.9291510197	0.3585574916	-734.2007168524
103	1.2406236698	0.3585574916	-671.9000595049
104	0.5484052799	0.3585574916	-445.6034701351
105	1.2088782185	0.3585574916	-665.8145441290
106	2.4947679518	0.3585574916	-746.5478783668
107	0.6860731223	0.3585574916	-512.9449559429
108	1.7649968139	0.3585574916	-720.9220899125
109	2.3769397994	0.3585574916	-741.7311306856
110	2.0132161343	0.3585574916	-741.4356391572
111	0.0057743110	0.3585574916	-13.1715324923
112	2.4544715106	0.3585574916	-743.6009076491
113	2.6947087438	0.3585574916	-749.9601629996
114	0.8770599712	0.3585574916	-574.3057939965
115	1.4727297037	0.3585574916	-704.9485607987
116	1.9111315956	0.3585574916	-725.6438000058
117	2.0701967639	0.3585574916	-738.7394635644
118	1.1222797719	0.3585574916	-653.5064253088
119	1.1600191266	0.3585574916	-650.9702248439
120	1.6883966812	0.3585574916	-722.1453960495
121	0.8391248657	0.3585574916	-562.7450631561
122	0.1428382430	0.3585574916	-165.1672827315
123	2.0678087573	0.3585574916	-730.9332045955
124	2.4259839247	0.3585574916	-741.5521780791
