site	rate	t	lnL
1	1.9358841931	0.0063976024	-72.0447842473
2	0.2582511013	0.0063976024	-11.6989677534
3	2.6357366764	0.0063976024	-42.8594661482
4	0.0000000000	0.0063976024	-2.1921655711
5	0.0000000000	0.0063976024	-2.4857890955
6	0.2624568942	0.0063976024	-17.4931759321
7	1.0352642658	0.0063976024	-33.3453547780
8	1.4702144377	0.0063976024	-44.9880580266
9	1.0093972599	0.0063976024	-38.5786183234
10	0.8039462199	0.0063976024	-29.5190041376
11	0.2110841168	0.0063976024	-11.9005702240
12	2.1406749944	0.0063976024	-61.6692977561
13	0.5261672501	0.0063976024	-26.4659555461
14	1.0685259366	0.0063976024	-54.7396624418
15	0.0000000000	0.0063976024	-2.4567042713
16	2.2761814315	0.0063976024	-48.9784190694
17	1.8428239636	0.0063976024	-51.8321673280
18	0.5256365450	0.0063976024	-18.9474840474
19	1.1235992412	0.0063976024	-44.7495895881
20	0.8724626908	0.0063976024	-13.2226107939
21	1.0779017838	0.0063976024	-44.1551618177
22	4.2953984453	0.0063976024	-49.3583121777
23	1.7500506669	0.0063976024	-52.8851555153
24	1.0186023742	0.0063976024	-12.5657269686
25	1.3785774660	0.0063976024	-54.5734286067
26	0.5179594334	0.0063976024	-20.9023733440
27	0.5325989605	0.0063976024	-20.1035221112
28	0.0000000000	0.0063976024	-2.4857890955
29	0.0000000000	0.0063976024	-2.4567042713
30	0.0000000000	0.0063976024	-2.8682517869
31	1.8157756763	0.0063976024	-48.5575442105
32	1.5386639381	0.0063976024	-55.2906046527
33	0.5921805072	0.0063976024	-20.4689202164
34	1.5099304303	0.0063976024	-21.3849265570
35	8.0953498981	0.0063976024	-99.5917518651
36	1.1512039988	0.0063976024	-41.4050088950
37	0.0000000000	0.0063976024	-2.1921655711
38	2.5185946732	0.0063976024	-60.4342294761
39	1.8084068056	0.0063976024	-43.8572151418
40	0.9078622090	0.0063976024	-23.6421302146
41	0.9100441172	0.0063976024	-24.1737118696
42	4.3047999896	0.0063976024	-43.0666591746
43	0.8157097312	0.0063976024	-37.5236060906
44	0.7908470483	0.0063976024	-32.1954919600
45	0.0000000000	0.0063976024	-3.4954055983
46	0.9074302959	0.0063976024	-23.5673211778
47	3.2030935044	0.0063976024	-29.7871460895
48	2.1789019138	0.0063976024	-49.7814937557
49	2.1659874138	0.0063976024	-78.2217717501
50	0.8508299060	0.0063976024	-32.9393897269
51	0.0000000000	0.0063976024	-2.6079802435
52	0.5723275207	0.0063976024	-26.3014362089
53	0.6556467330	0.0063976024	-31.6476073283
54	1.3619963869	0.0063976024	-27.7849220551
55	0.2660541797	0.0063976024	-11.7785804252
56	0.2986974832	0.0063976024	-13.9260367386
57	0.0000000000	0.0063976024	-3.2139735462
58	2.7671669718	0.0063976024	-70.0256391785
59	5.3834239412	0.0063976024	-45.5193677430
60	0.0000000000	0.0063976024	-2.4567042713
61	0.0000000000	0.0063976024	-2.4857890955
62	2.2587478877	0.0063976024	-74.0639028069
63	0.6983716290	0.0063976024	-13.7336286622
64	1.0130646382	0.0063976024	-36.7327243874
65	1.3568264491	0.0063976024	-53.1577473193
66	0.0000000000	0.0063976024	-3.2092823726
67	2.2268148163	0.0063976024	-76.8596912373
68	0.0000000000	0.0063976024	-2.6079802435
69	3.4848648670	0.0063976024	-40.3317986862
70	3.8434025773	0.0063976024	-76.0701835760
71	0.7554433596	0.0063976024	-30.6604666066
72	0.8034181813	0.0063976024	-31.0747073215
73	0.0000000000	0.0063976024	-2.4857890955
74	2.3987498082	0.0063976024	-49.8627912604
75	0.2662145544	0.0063976024	-14.6779753135
76	0.6276371436	0.0063976024	-23.2438449989
77	1.4357940934	0.0063976024	-46.0314329235
78	2.7801650440	0.0063976024	-56.3600825176
79	1.3580039756	0.0063976024	-53.8817337500
80	0.7608576676	0.0063976024	-48.3021486552
81	0.7332752816	0.0063976024	-27.0560213277
82	1.8931892085	0.0063976024	-75.0820456991
83	4.3775192410	0.0063976024	-40.2441249033
84	1.3573876318	0.0063976024	-57.3190902884
85	0.8620488797	0.0063976024	-32.8351264912
86	0.5396734721	0.0063976024	-20.4575026525
87	0.4348565704	0.0063976024	-14.8443653066
88	0.3717811738	0.0063976024	-19.2555031901
89	0.5415717534	0.0063976024	-27.6175769518
90	0.6406860896	0.0063976024	-30.0356949473
91	0.8274631013	0.0063976024	-30.0607745636
92	0.3910156407	0.0063976024	-11.6724480900
93	0.8093539961	0.0063976024	-34.5256388320
94	0.0000000000	0.0063976024	-3.6320571182
95	0.0000000000	0.0063976024	-2.8682517869
96	2.0983459010	0.0063976024	-57.8836861205
97	0.4254688442	0.0063976024	-24.5296890701
98	1.3601861182	0.0063976024	-39.6574213872
99	2.1681847042	0.0063976024	-24.8999600549
100	0.0000000000	0.0063976024	-2.6079802435
101	0.0000000000	0.0063976024	-2.1921655711
102	1.0592807539	0.0063976024	-40.9998970415
103	2.3732893266	0.0063976024	-39.8441621578
104	0.0000000000	0.0063976024	-3.4281449289
105	0.0000000000	0.0063976024	-2.8969457386
106	0.2112822639	0.0063976024	-11.8996330531
107	0.2628216041	0.0063976024	-15.3745131528
108	0.5225860808	0.0063976024	-26.1901750892
109	1.8997111023	0.0063976024	-74.2012660934
110	1.4584014192	0.0063976024	-46.2628512215
111	0.0000000000	0.0063976024	-2.4857890955
112	1.5418936791	0.0063976024	-59.7157435817
113	1.7741555012	0.0063976024	-41.0877652876
114	3.5749468568	0.0063976024	-41.8902582180
115	0.5266035283	0.0063976024	-23.8800583877
116	9.0139311909	0.0063976024	-82.4834110487
117	1.3038095048	0.0063976024	-42.9434454891
118	0.3498136763	0.0063976024	-12.2900326376
119	2.2802961045	0.0063976024	-48.5873773675
120	1.0843529483	0.0063976024	-49.6636663643
121	1.3429453134	0.0063976024	-37.9581254742
122	0.0000000000	0.0063976024	-2.4857890955
123	0.8529329535	0.0063976024	-39.4009279772
124	0.5435769061	0.0063976024	-25.6456226819
