site	rate	t	lnL
1	1.3719288158	0.0060585214	-38.1398226257
2	0.0000000000	0.0060585214	-2.9957322736
3	0.3417327793	0.0060585214	-13.1715324922
4	1.3719285821	0.0060585214	-38.1398229792
5	0.0000000000	0.0060585214	-2.9957322736
6	1.3717835754	0.0060585214	-38.1402420952
7	0.6843185036	0.0060585214	-21.9586520372
8	0.0000000000	0.0060585214	-2.9957322736
9	0.6843184762	0.0060585214	-21.9586520372
10	0.3417682949	0.0060585214	-13.1714286827
11	0.3417328700	0.0060585214	-13.1715324922
12	1.7174396126	0.0060585214	-45.8030676411
13	0.6843184663	0.0060585214	-21.9586521241
14	0.0000000000	0.0060585214	-2.9957322736
15	0.6843185176	0.0060585214	-21.9586521241
16	0.3417328069	0.0060585214	-13.1715324922
17	2.7566056974	0.0060585214	-67.7035529706
18	2.4097491386	0.0060585214	-60.5560227131
19	0.6843184437	0.0060585214	-21.9586521241
20	3.4561659915	0.0060585214	-80.5216395713
21	3.4576628627	0.0060585214	-81.6161716766
22	2.0626541399	0.0060585214	-53.2659099310
23	1.7167070138	0.0060585214	-45.8051738298
24	0.0000000000	0.0060585214	-2.9957322736
25	1.0275465136	0.0060585214	-30.2207562736
26	0.0000000000	0.0060585214	-2.9957322736
27	2.4094862378	0.0060585214	-60.5567691042
28	0.0000000000	0.0060585214	-2.9957322736
29	0.3417327861	0.0060585214	-13.1715324922
30	0.0000000000	0.0060585214	-2.9957322736
31	0.3417327939	0.0060585214	-13.1715324922
32	0.6843902377	0.0060585214	-21.9584435865
33	1.0276550518	0.0060585214	-30.2204422112
34	0.6842466326	0.0060585214	-21.9588605529
35	1.0277635061	0.0060585214	-30.2201283125
36	1.0277633699	0.0060585214	-30.2201285096
37	2.7599154087	0.0060585214	-65.4967987564
38	1.7170743313	0.0060585214	-45.8041192144
39	1.0276550223	0.0060585214	-30.2204424083
40	3.4538220544	0.0060585214	-81.6269536640
41	1.0277636424	0.0060585214	-30.2201281154
42	0.3417683805	0.0060585214	-13.1714286827
43	0.6842466868	0.0060585214	-21.9588605529
44	1.3722206909	0.0060585214	-38.1389817925
45	1.3719288144	0.0060585214	-38.1398226257
46	0.6843185035	0.0060585214	-21.9586520372
47	0.6843901779	0.0060585214	-21.9584436734
48	0.3417327856	0.0060585214	-13.1715324922
49	2.0633219380	0.0060585214	-53.2640022124
50	0.0000000000	0.0060585214	-2.9957322736
51	0.0000000000	0.0060585214	-2.9957322736
52	0.6843902377	0.0060585214	-21.9584435865
53	0.6843184115	0.0060585214	-21.9586521241
54	0.0000000000	0.0060585214	-2.9957322736
55	0.6843184630	0.0060585214	-21.9586521241
56	1.3719287009	0.0060585214	-38.1398226257
57	0.0000000000	0.0060585214	-2.9957322736
58	0.6843185221	0.0060585214	-21.9586520372
59	1.7170747738	0.0060585214	-45.8041186581
60	0.0000000000	0.0060585214	-2.9957322736
61	0.0000000000	0.0060585214	-2.9957322736
62	1.7170747874	0.0060585214	-45.8041186573
63	1.0281541951	0.0060585214	-29.1203754561
64	0.0000000000	0.0060585214	-2.9957322736
65	3.1073580645	0.0060585214	-73.6161235338
66	0.6843184612	0.0060585214	-21.9586521241
67	1.7170751731	0.0060585214	-45.8041181017
68	0.0000000000	0.0060585214	-2.9957322736
69	1.0276550518	0.0060585214	-30.2204422112
70	1.7172584973	0.0060585214	-45.8035912633
71	1.3716370632	0.0060585214	-38.1406632784
72	1.3724012353	0.0060585214	-37.0398292564
73	0.0000000000	0.0060585214	-2.9957322736
74	2.4087010498	0.0060585214	-60.5590033942
75	1.3717828476	0.0060585214	-38.1402431514
76	1.0276551292	0.0060585214	-30.2204424083
77	0.0000000000	0.0060585214	-2.9957322736
78	1.0276553890	0.0060585214	-30.2204418185
79	1.3716370742	0.0060585214	-38.1406632784
80	2.4089645243	0.0060585214	-60.5582561465
81	0.6843184660	0.0060585214	-21.9586521241
82	1.7168914709	0.0060585214	-45.8046454443
83	0.3417683719	0.0060585214	-13.1714286827
84	1.3720746218	0.0060585214	-38.1394024084
85	0.0000000000	0.0060585214	-2.9957322736
86	2.0633214218	0.0060585214	-53.2640030205
87	2.0626541636	0.0060585214	-53.2659099310
88	1.0276551245	0.0060585214	-30.2204422112
89	0.0000000000	0.0060585214	-2.9957322736
90	1.3720746049	0.0060585214	-38.1394024084
91	0.3417327253	0.0060585214	-13.1715324922
92	0.6843184437	0.0060585214	-21.9586521241
93	1.0276553211	0.0060585214	-30.2204422111
94	0.6843185168	0.0060585214	-21.9586521241
95	0.6843902378	0.0060585214	-21.9584435864
96	0.3417683748	0.0060585214	-13.1714286827
97	1.3719290215	0.0060585214	-38.1398222763
98	1.0275464854	0.0060585214	-30.2207562736
99	2.0626536112	0.0060585214	-53.2659107383
100	1.0276550518	0.0060585214	-30.2204422112
101	0.0000000000	0.0060585214	-2.9957322736
102	1.0276550518	0.0060585214	-30.2204422112
103	1.0276551608	0.0060585214	-30.2204422111
104	0.0000000000	0.0060585214	-2.9957322736
105	1.0277633699	0.0060585214	-30.2201285096
106	2.0628774805	0.0060585214	-53.2652730300
107	0.0000000000	0.0060585214	-2.9957322736
108	0.6842468004	0.0060585214	-21.9588605529
109	3.8040944109	0.0060585214	-88.4282697289
110	0.6842467247	0.0060585214	-21.9588605529
111	0.0000000000	0.0060585214	-2.9957322736
112	1.7168907043	0.0060585214	-45.8046465507
113	2.0633164343	0.0060585214	-53.2640101749
114	1.0275465850	0.0060585214	-30.2207562736
115	0.3417683641	0.0060585214	-13.1714286827
116	1.0277635925	0.0060585214	-30.2201283124
117	2.0630986101	0.0060585214	-53.2646392677
118	0.3417327606	0.0060585214	-13.1715324922
119	1.7172583185	0.0060585214	-45.8035918210
120	0.6843185130	0.0060585214	-21.9586520372
121	0.0000000000	0.0060585214	-2.9957322736
122	0.0000000000	0.0060585214	-2.9957322736
123	0.0000000000	0.0060585214	-2.9957322736
124	1.3719285856	0.0060585214	-38.1398229789
