site	rate	t	lnL
1	3.6540369609	0.4912810427	-771.3896142984
2	0.9435858245	0.4912810427	-662.7179202558
3	2.4117230329	0.4912810427	-782.0899598697
4	2.1710655739	0.4912810427	-737.1139726750
5	0.0741626074	0.4912810427	-156.1672526887
6	3.0882916882	0.4912810427	-755.6307410863
7	0.5787248177	0.4912810427	-500.7829479068
8	0.9851708307	0.4912810427	-656.4041133655
9	3.7795141500	0.4912810427	-762.4664478323
10	3.0025822232	0.4912810427	-754.4139530967
11	0.7075776477	0.4912810427	-423.2636436423
12	3.5284963595	0.4912810427	-786.7743269974
13	1.5634520209	0.4912810427	-686.2008552302
14	0.7081889397	0.4912810427	-583.7189512171
15	0.5816020701	0.4912810427	-494.7744184563
16	1.3957601399	0.4912810427	-730.5078844281
17	1.1954563007	0.4912810427	-688.2493505587
18	2.0262669966	0.4912810427	-696.2314172371
19	2.1827703795	0.4912810427	-750.2525228758
20	0.6096753261	0.4912810427	-539.4882953355
21	1.3441706178	0.4912810427	-651.8770534483
22	2.6887040537	0.4912810427	-769.2919827621
23	0.9909839032	0.4912810427	-584.5596171673
24	0.1871995803	0.4912810427	-147.1632465877
25	1.9181837036	0.4912810427	-718.9773993783
26	0.1679131555	0.4912810427	-255.3661574044
27	0.4081108821	0.4912810427	-398.3580739002
28	0.0000000000	0.4912810427	-2.3806556204
29	0.1016506330	0.4912810427	-195.3561834336
30	0.4264344492	0.4912810427	-500.8215641625
31	3.5574762300	0.4912810427	-734.2449033993
32	1.5029590945	0.4912810427	-638.5438061309
33	0.3124219926	0.4912810427	-413.9264000575
34	1.5988405399	0.4912810427	-742.2828987646
35	1.8916463511	0.4912810427	-681.2136229838
36	2.7649864393	0.4912810427	-754.8148520424
37	2.2555605061	0.4912810427	-720.6607700395
38	1.8493658843	0.4912810427	-752.6130315854
39	2.3932769235	0.4912810427	-725.8000784613
40	0.9540209481	0.4912810427	-682.1542604955
41	1.2886980249	0.4912810427	-750.8216502928
42	2.6059706264	0.4912810427	-757.1710770098
43	2.2540347437	0.4912810427	-741.7656421530
44	2.8715554328	0.4912810427	-775.6636384286
45	1.2409953425	0.4912810427	-715.8125342521
46	0.4604223434	0.4912810427	-462.6882005808
47	0.6795918460	0.4912810427	-598.9631784481
48	2.3630210401	0.4912810427	-706.8153912534
49	0.6388981629	0.4912810427	-656.6186833731
50	0.8015996926	0.4912810427	-568.5347718184
51	0.0132474454	0.4912810427	-29.9529409540
52	0.5835748826	0.4912810427	-522.3291626975
53	0.6782078115	0.4912810427	-546.0705787704
54	0.8625723594	0.4912810427	-652.3498760866
55	0.6166477697	0.4912810427	-523.8966301602
56	1.9057210384	0.4912810427	-761.5020755870
57	0.1665388882	0.4912810427	-252.3509283502
58	1.0057123035	0.4912810427	-643.1957388364
59	3.6706710524	0.4912810427	-767.2133300072
60	0.3844636773	0.4912810427	-447.5320333266
61	0.0263369547	0.4912810427	-69.5414199225
62	3.2709566776	0.4912810427	-763.4759020935
63	0.4124432055	0.4912810427	-447.8752037282
64	0.6781262822	0.4912810427	-589.9878462678
65	1.8360239864	0.4912810427	-749.0688573574
66	0.3322357731	0.4912810427	-487.4564391434
67	3.1168766582	0.4912810427	-781.5532528361
68	0.7935317246	0.4912810427	-624.2414922714
69	2.5806922595	0.4912810427	-771.8227451263
70	3.7556236998	0.4912810427	-759.4555105321
71	1.6561372834	0.4912810427	-719.2907999148
72	1.9040306923	0.4912810427	-718.0463749622
73	0.0349256642	0.4912810427	-83.2162834345
74	0.5487820529	0.4912810427	-525.8558766720
75	1.7379388541	0.4912810427	-665.5595975328
76	2.5973561874	0.4912810427	-771.5154122093
77	0.0757916364	0.4912810427	-160.8514589471
78	3.1043042503	0.4912810427	-759.7293936571
79	4.1217626770	0.4912810427	-745.2327739025
80	0.9461200890	0.4912810427	-563.5525963670
81	1.6904330850	0.4912810427	-707.2182200377
82	3.9070980273	0.4912810427	-762.7016177230
83	3.5673340113	0.4912810427	-774.8500590514
84	0.6734859820	0.4912810427	-570.0754038020
85	0.6802450056	0.4912810427	-575.5685867994
86	1.8122047515	0.4912810427	-760.1339094712
87	2.4885202401	0.4912810427	-709.6712458797
88	1.0677940758	0.4912810427	-678.9145027320
89	0.5013476948	0.4912810427	-517.8197191174
90	2.8305820186	0.4912810427	-736.1950050862
91	0.0457468860	0.4912810427	-100.2106446374
92	0.9174472167	0.4912810427	-606.2136764099
93	2.3820395023	0.4912810427	-739.2108393355
94	0.5801337580	0.4912810427	-503.8758882158
95	0.7864544776	0.4912810427	-706.4309512788
96	2.6406220535	0.4912810427	-753.0084424643
97	2.5756330228	0.4912810427	-734.8810097513
98	2.1107365537	0.4912810427	-748.0443835727
99	2.3662507124	0.4912810427	-764.4513238046
100	0.0864180199	0.4912810427	-138.2005936400
101	0.3817734897	0.4912810427	-403.7522046269
102	4.0867925094	0.4912810427	-769.4327506924
103	2.4049016509	0.4912810427	-700.9281812879
104	0.3358818438	0.4912810427	-410.6533501329
105	2.3848225542	0.4912810427	-760.2807376337
106	2.5838168741	0.4912810427	-722.3882639086
107	0.4330072107	0.4912810427	-521.3969292909
108	2.9985393291	0.4912810427	-763.9551974908
109	2.5563668370	0.4912810427	-762.1277988259
110	3.1911419617	0.4912810427	-756.7432268013
111	0.0111680391	0.4912810427	-31.1349515871
112	3.6836740570	0.4912810427	-764.4401532458
113	2.7840311061	0.4912810427	-788.3813656974
114	1.0692976371	0.4912810427	-673.2863960636
115	2.1451870376	0.4912810427	-739.1143560342
116	4.0916501681	0.4912810427	-772.8131062788
117	3.1601720163	0.4912810427	-739.9711940221
118	1.2852491829	0.4912810427	-706.1388382435
119	1.0883237954	0.4912810427	-695.5166119359
120	3.1172720895	0.4912810427	-758.1185903992
121	0.5283975942	0.4912810427	-505.5188506637
122	0.1449448531	0.4912810427	-214.1638100460
123	2.3230760142	0.4912810427	-770.6263234724
124	3.7306827145	0.4912810427	-779.2109322878
