site	rate	t	lnL
1	0.9423675739	0.0064379228	-31.0420453319
2	0.0000000000	0.0064379228	-2.3607594995
3	1.2866347749	0.0064379228	-38.6252256233
4	1.2581759783	0.0064379228	-40.9143322631
5	0.0000000000	0.0064379228	-2.3871480402
6	2.3411390434	0.0064379228	-58.8948825984
7	0.3283257146	0.0064379228	-13.2384575995
8	1.7140229535	0.0064379228	-46.1746240953
9	1.8866845250	0.0064379228	-54.2875262502
10	1.9245905519	0.0064379228	-54.8922654421
11	0.9872484536	0.0064379228	-29.1031006986
12	1.6114240879	0.0064379228	-46.8443344275
13	2.0325017028	0.0064379228	-51.9724352598
14	1.2667617729	0.0064379228	-40.0858212803
15	0.0000000000	0.0064379228	-2.2677284364
16	1.3229291536	0.0064379228	-36.7315411416
17	1.2879342198	0.0064379228	-38.5711987803
18	0.0000000000	0.0064379228	-2.9282526432
19	0.0000000000	0.0064379228	-3.0188038469
20	0.0000000000	0.0064379228	-2.6191583479
21	1.5831563656	0.0064379228	-44.9775468672
22	1.6878245569	0.0064379228	-47.9411780810
23	2.2652655358	0.0064379228	-60.3206334050
24	0.3295343148	0.0064379228	-12.9663612632
25	2.3631949810	0.0064379228	-58.9427943213
26	1.8759683532	0.0064379228	-54.7687645450
27	0.6590705389	0.0064379228	-21.5255011924
28	0.0000000000	0.0064379228	-2.3871480402
29	0.0000000000	0.0064379228	-2.2677284364
30	0.0000000000	0.0064379228	-2.2677284364
31	2.6186842145	0.0064379228	-65.5589832015
32	2.5243458668	0.0064379228	-68.6303776812
33	0.0000000000	0.0064379228	-3.1915006903
34	0.9662302322	0.0064379228	-27.8219502503
35	1.3312965611	0.0064379228	-35.5315066056
36	0.9423457816	0.0064379228	-31.0796222954
37	1.2572508972	0.0064379228	-41.8863057846
38	1.6215983273	0.0064379228	-46.1126772493
39	1.9869341691	0.0064379228	-52.5173493310
40	0.3314623459	0.0064379228	-12.6267664754
41	0.0000000000	0.0064379228	-2.5486390443
42	0.6383535693	0.0064379228	-21.6125823712
43	2.0356370071	0.0064379228	-53.8765638297
44	0.6318375434	0.0064379228	-22.0168148402
45	1.6575129470	0.0064379228	-46.2263738773
46	0.0000000000	0.0064379228	-2.6191583479
47	0.0000000000	0.0064379228	-3.1915006903
48	1.3541747410	0.0064379228	-37.4787433727
49	0.0000000000	0.0064379228	-3.0529055120
50	0.6744226782	0.0064379228	-21.3191492530
51	0.0000000000	0.0064379228	-2.6191583479
52	0.3408667281	0.0064379228	-12.0249402996
53	0.0000000000	0.0064379228	-2.2677284364
54	1.3302719214	0.0064379228	-37.8932981540
55	0.3298767212	0.0064379228	-12.0576776643
56	1.5864531030	0.0064379228	-46.7045746592
57	0.0000000000	0.0064379228	-3.1915006903
58	0.6598436304	0.0064379228	-21.2502009804
59	0.9709605490	0.0064379228	-28.6985137841
60	0.3291347927	0.0064379228	-12.7204507591
61	0.0000000000	0.0064379228	-2.3871480402
62	2.9340399071	0.0064379228	-74.0433809477
63	0.3136131258	0.0064379228	-13.9389238845
64	0.3295017774	0.0064379228	-13.4384578038
65	2.0331231300	0.0064379228	-53.5606328467
66	1.9376390996	0.0064379228	-52.6097521194
67	1.6133968790	0.0064379228	-46.2634349178
68	0.0000000000	0.0064379228	-2.6191583479
69	1.2889402837	0.0064379228	-37.2074923201
70	0.6332683888	0.0064379228	-21.7352967824
71	0.6428596403	0.0064379228	-21.1053297128
72	0.3158817481	0.0064379228	-13.2413980266
73	0.0000000000	0.0064379228	-2.3871480402
74	2.5193991239	0.0064379228	-69.2271880253
75	0.3408666666	0.0064379228	-12.4227458889
76	1.9079496799	0.0064379228	-55.1116607429
77	0.0000000000	0.0064379228	-2.3871480402
78	0.6631912405	0.0064379228	-22.7270904414
79	2.9314817683	0.0064379228	-70.2639179567
80	0.0000000000	0.0064379228	-2.6352842148
81	1.5744416355	0.0064379228	-47.1902400092
82	0.3314593645	0.0064379228	-12.7316126066
83	1.6827669323	0.0064379228	-46.0923263957
84	2.0334090173	0.0064379228	-53.4959604687
85	0.3408667179	0.0064379228	-12.4345881326
86	1.2949485625	0.0064379228	-37.5427422653
87	0.9974298121	0.0064379228	-29.8646701582
88	0.6423518223	0.0064379228	-22.7716070651
89	0.3209238790	0.0064379228	-12.4948115523
90	1.0260321298	0.0064379228	-29.0142781657
91	0.0000000000	0.0064379228	-2.3871480402
92	1.0123938585	0.0064379228	-28.4095892502
93	1.3552281205	0.0064379228	-37.5876962256
94	0.0000000000	0.0064379228	-2.2677284364
95	0.0000000000	0.0064379228	-3.6972307617
96	2.1918073952	0.0064379228	-64.1631476386
97	1.3613606867	0.0064379228	-38.6784193850
98	1.9376593799	0.0064379228	-53.1328019066
99	0.9945394441	0.0064379228	-30.3467552284
100	0.0000000000	0.0064379228	-2.6191583479
101	0.6420329809	0.0064379228	-21.3169667360
102	1.9388569165	0.0064379228	-52.9846129934
103	0.6815446497	0.0064379228	-21.8345015716
104	0.3227834031	0.0064379228	-13.1575375471
105	1.6671102228	0.0064379228	-44.6166454310
106	0.9655800955	0.0064379228	-30.3697994799
107	2.5382119282	0.0064379228	-71.8495870538
108	1.6132914863	0.0064379228	-46.0496376793
109	1.6012457174	0.0064379228	-44.6066633213
110	1.6132641402	0.0064379228	-46.5669546434
111	0.0000000000	0.0064379228	-2.3871480402
112	1.9049799942	0.0064379228	-55.6137620426
113	1.2567082759	0.0064379228	-37.6785979919
114	0.0000000000	0.0064379228	-3.6808472824
115	0.3373932066	0.0064379228	-13.1564169521
116	1.9369808932	0.0064379228	-54.4260672498
117	1.2882919114	0.0064379228	-37.8188554329
118	0.3373726852	0.0064379228	-12.4212320733
119	2.9267668109	0.0064379228	-75.2779346710
120	0.3373933007	0.0064379228	-13.1737655904
121	0.0000000000	0.0064379228	-2.6191583479
122	0.6277270936	0.0064379228	-22.6509623326
123	1.6651042898	0.0064379228	-47.1987807540
124	0.6737606621	0.0064379228	-20.6820782317
