site	rate	t	lnL
1	1.9895575879	0.3715148529	-732.4052801785
2	0.7832349064	0.3715148529	-554.5892227115
3	2.1109602011	0.3715148529	-771.9337455656
4	1.7846646463	0.3715148529	-736.4478151344
5	0.0708726970	0.3715148529	-90.6415562470
6	1.6184143332	0.3715148529	-742.5758631713
7	0.6337566237	0.3715148529	-455.6425691936
8	1.0016825127	0.3715148529	-604.4678634002
9	2.2364829423	0.3715148529	-743.8227331659
10	2.2981919402	0.3715148529	-748.0560022914
11	0.6228312765	0.3715148529	-456.1488019017
12	2.4649954470	0.3715148529	-766.3425156163
13	1.2677102463	0.3715148529	-656.2829620796
14	1.1305279033	0.3715148529	-662.3199910053
15	0.6436027825	0.3715148529	-455.8037508771
16	1.6801175613	0.3715148529	-747.7235838936
17	1.6816976427	0.3715148529	-722.8149467660
18	1.2383552515	0.3715148529	-648.5175909272
19	1.9083244275	0.3715148529	-736.1426339647
20	0.2813962688	0.3715148529	-277.2410567116
21	1.0517747779	0.3715148529	-625.6812616785
22	1.2878856693	0.3715148529	-710.2799141956
23	0.7568303223	0.3715148529	-521.7033442610
24	0.1778065308	0.3715148529	-212.5628034424
25	1.3203147431	0.3715148529	-711.2002379173
26	0.2120797233	0.3715148529	-229.1572560657
27	0.4080363256	0.3715148529	-366.5537934088
28	0.0058161710	0.3715148529	-12.8520708644
29	0.1662821722	0.3715148529	-180.5410561144
30	0.7145467226	0.3715148529	-509.5678942556
31	1.7647869951	0.3715148529	-717.8122660180
32	1.0444142448	0.3715148529	-617.4757544368
33	0.2643018226	0.3715148529	-284.5449953638
34	1.4221762463	0.3715148529	-716.4798708576
35	1.1208908888	0.3715148529	-622.5080797677
36	2.5526877835	0.3715148529	-755.0189682969
37	1.2818657061	0.3715148529	-680.0403464578
38	2.2212288963	0.3715148529	-748.9224853785
39	2.6143246104	0.3715148529	-761.1684246109
40	1.1357598371	0.3715148529	-645.7552968162
41	1.4269581143	0.3715148529	-726.8282476712
42	2.3691619171	0.3715148529	-754.8677909103
43	1.8008993337	0.3715148529	-731.9487680460
44	2.4875333112	0.3715148529	-762.5131537486
45	1.4582523006	0.3715148529	-720.1187380836
46	0.5502966377	0.3715148529	-439.4816895567
47	0.7179586184	0.3715148529	-530.9563647102
48	1.2495337279	0.3715148529	-663.8258811449
49	1.1106179322	0.3715148529	-672.4869095210
50	0.7145284931	0.3715148529	-528.1621469686
51	0.0114606581	0.3715148529	-22.1018852470
52	0.5363723709	0.3715148529	-424.4320643406
53	0.9403739419	0.3715148529	-579.2743493174
54	0.9447398036	0.3715148529	-608.9378364371
55	0.5838932083	0.3715148529	-447.4323617593
56	1.2733282383	0.3715148529	-714.8073072204
57	0.1306246295	0.3715148529	-161.1642223311
58	0.9478360472	0.3715148529	-602.1125455432
59	1.6560759263	0.3715148529	-717.1777575219
60	0.5570397286	0.3715148529	-444.5818860150
61	0.3883795291	0.3715148529	-352.4220202819
62	2.0522938959	0.3715148529	-737.2151196100
63	0.3579353126	0.3715148529	-355.8929553420
64	0.9446006656	0.3715148529	-611.0541424824
65	2.3141532310	0.3715148529	-768.1982939314
66	0.4410573435	0.3715148529	-394.8946616078
67	3.2961519060	0.3715148529	-791.3637113622
68	0.7131386709	0.3715148529	-532.7337585987
69	2.4455672884	0.3715148529	-766.9784246860
70	2.8298144461	0.3715148529	-747.4206009176
71	1.5672744671	0.3715148529	-705.3040254671
72	1.6388922439	0.3715148529	-713.3343994923
73	0.0588849282	0.3715148529	-81.0016083441
74	1.1340943127	0.3715148529	-666.7988721885
75	1.1615493213	0.3715148529	-622.8793632533
76	1.4755258248	0.3715148529	-745.9905656731
77	0.1500714489	0.3715148529	-167.0858664495
78	2.1556251977	0.3715148529	-752.3374580589
79	2.0408763807	0.3715148529	-723.9937820908
80	0.7098290916	0.3715148529	-508.9552798895
81	1.4315834235	0.3715148529	-669.6533453469
82	2.3164910773	0.3715148529	-758.2283651024
83	2.5956213216	0.3715148529	-767.9710107644
84	0.6241801197	0.3715148529	-515.5719731520
85	0.6147021216	0.3715148529	-450.6012759586
86	1.2899001343	0.3715148529	-693.5532219290
87	1.4855518163	0.3715148529	-729.0052480084
88	0.7122945262	0.3715148529	-556.3382660579
89	0.5106216588	0.3715148529	-405.1237666219
90	2.2679564307	0.3715148529	-752.3542031972
91	0.0707298360	0.3715148529	-93.0868276364
92	0.8530778868	0.3715148529	-542.8295252485
93	1.4660106903	0.3715148529	-701.1554146796
94	0.5694855237	0.3715148529	-432.7057849089
95	0.7553586197	0.3715148529	-543.7901874662
96	2.2655779713	0.3715148529	-727.9598345436
97	1.7524981765	0.3715148529	-714.2280381881
98	0.9222901138	0.3715148529	-592.6450659265
99	2.1419310033	0.3715148529	-762.5675129618
100	0.1857170621	0.3715148529	-196.2800896759
101	0.4145271559	0.3715148529	-342.0024636402
102	2.4352037149	0.3715148529	-762.7051978716
103	1.2056766705	0.3715148529	-641.8889248628
104	0.4485472185	0.3715148529	-395.4658600502
105	1.2561380741	0.3715148529	-715.8739337478
106	1.8897059846	0.3715148529	-713.3877464656
107	0.4991631496	0.3715148529	-435.5060251002
108	2.3340215619	0.3715148529	-734.8648404128
109	2.3862372038	0.3715148529	-751.0468569385
110	2.2612200632	0.3715148529	-736.8757078140
111	0.0116427876	0.3715148529	-21.8972915744
112	2.5102441056	0.3715148529	-764.6508551639
113	1.8722444448	0.3715148529	-760.2146407288
114	0.8714968904	0.3715148529	-607.0797425954
115	1.2864180283	0.3715148529	-688.7144628724
116	2.1133780693	0.3715148529	-760.9648488393
117	2.5504439150	0.3715148529	-749.7917871184
118	1.2035603022	0.3715148529	-662.1478696861
119	1.2954671406	0.3715148529	-710.7378942903
120	2.5271942111	0.3715148529	-751.5155311474
121	0.3976741040	0.3715148529	-363.1267854030
122	0.1504603054	0.3715148529	-167.0827272484
123	1.8213389520	0.3715148529	-752.8826916191
124	2.2214765153	0.3715148529	-755.4260550886
