site	rate	t	lnL
1	1.4477836642	0.0067292106	-49.9326454943
2	0.0000000000	0.0067292106	-3.0436092963
3	0.6396847903	0.0067292106	-22.5562672719
4	2.0473836365	0.0067292106	-53.9406665358
5	0.0000000000	0.0067292106	-2.5965029655
6	1.5738099497	0.0067292106	-48.8945557602
7	0.3994890407	0.0067292106	-13.1496828098
8	0.0000000000	0.0067292106	-1.9831695811
9	3.1193635946	0.0067292106	-44.2211922485
10	0.3235921477	0.0067292106	-12.9881444881
11	0.3241588936	0.0067292106	-15.5351322574
12	0.6270852727	0.0067292106	-29.0879864672
13	0.8529626016	0.0067292106	-14.5990451627
14	1.1650903768	0.0067292106	-41.1079137372
15	1.1714017967	0.0067292106	-53.3974342737
16	1.7462521589	0.0067292106	-35.4699361416
17	1.1642187814	0.0067292106	-39.9097544953
18	0.0000000000	0.0067292106	-3.1899692965
19	2.9303067557	0.0067292106	-56.1171744093
20	0.2885486761	0.0067292106	-11.3520093410
21	0.6513737502	0.0067292106	-25.7051310104
22	2.5177595770	0.0067292106	-39.8461409052
23	0.0000000000	0.0067292106	-1.9831695811
24	0.0000000000	0.0067292106	-2.5374209780
25	0.9543757809	0.0067292106	-24.8077625809
26	0.9794441473	0.0067292106	-34.4957048019
27	0.7505601646	0.0067292106	-40.7105831362
28	0.0000000000	0.0067292106	-2.5965029655
29	0.0000000000	0.0067292106	-1.9831695811
30	0.0000000000	0.0067292106	-1.9831695811
31	3.2511350923	0.0067292106	-77.9341199814
32	0.5727890389	0.0067292106	-32.2585740813
33	0.0000000000	0.0067292106	-2.8484817855
34	3.7918624510	0.0067292106	-63.1278751254
35	1.4855254546	0.0067292106	-63.0863298334
36	5.0446814632	0.0067292106	-90.4413754717
37	0.8086150049	0.0067292106	-23.5388329548
38	1.6525170020	0.0067292106	-66.6380951850
39	1.2987975127	0.0067292106	-23.8884579911
40	0.9795552850	0.0067292106	-34.3011941583
41	1.4624518025	0.0067292106	-49.0285129298
42	1.5988774254	0.0067292106	-71.1478616607
43	1.9867225741	0.0067292106	-54.3418418392
44	2.2869878542	0.0067292106	-50.0134578059
45	1.2077822284	0.0067292106	-36.8220554509
46	5.5150300656	0.0067292106	-52.8468176719
47	1.2486541919	0.0067292106	-22.8293408819
48	0.2480927686	0.0067292106	-13.4024005808
49	0.6302128659	0.0067292106	-23.7542882780
50	0.5744096065	0.0067292106	-16.6990288403
51	0.0000000000	0.0067292106	-2.5374209780
52	2.7938209784	0.0067292106	-65.6812784350
53	0.6509499289	0.0067292106	-23.6320164966
54	0.0000000000	0.0067292106	-3.1539022768
55	0.0000000000	0.0067292106	-1.9831695811
56	0.0000000000	0.0067292106	-3.1922672676
57	0.3613229811	0.0067292106	-13.4616527011
58	0.0000000000	0.0067292106	-2.3435462311
59	1.2100735081	0.0067292106	-53.3183787568
60	0.2128830144	0.0067292106	-15.0704698856
61	0.0000000000	0.0067292106	-2.5965029655
62	0.4965481495	0.0067292106	-14.0923224098
63	0.0000000000	0.0067292106	-3.0475828115
64	3.5196986516	0.0067292106	-66.8181435445
65	3.4047783002	0.0067292106	-100.3633527303
66	0.3229714149	0.0067292106	-14.2890146336
67	0.7508208483	0.0067292106	-30.2935644047
68	1.8068703191	0.0067292106	-84.4710394010
69	2.4655451286	0.0067292106	-92.7015411593
70	1.2177745032	0.0067292106	-42.9184652789
71	0.2079622039	0.0067292106	-12.6984191033
72	2.2337888033	0.0067292106	-57.5883705055
73	0.7271502635	0.0067292106	-24.6273041482
74	0.0000000000	0.0067292106	-2.5374209780
75	0.5719794309	0.0067292106	-32.0245028364
76	1.5888217305	0.0067292106	-78.5315451876
77	0.0000000000	0.0067292106	-2.5965029655
78	0.4217494451	0.0067292106	-24.3537382506
79	1.2869158761	0.0067292106	-64.2103175510
80	0.0000000000	0.0067292106	-2.3435462311
81	1.1695738934	0.0067292106	-45.0102921007
82	1.9588591084	0.0067292106	-56.5599750789
83	1.1038646896	0.0067292106	-49.8331974925
84	0.2992043132	0.0067292106	-15.0776402574
85	1.2184520327	0.0067292106	-33.0596518593
86	2.3130638659	0.0067292106	-41.3423208337
87	3.3784753195	0.0067292106	-55.3806120060
88	0.8099054366	0.0067292106	-26.1239324484
89	0.3243787793	0.0067292106	-13.6495044887
90	2.6722290385	0.0067292106	-75.3166279953
91	0.0000000000	0.0067292106	-2.5965029655
92	0.9152965143	0.0067292106	-28.9762986184
93	0.8796435112	0.0067292106	-41.4030961888
94	1.1464207100	0.0067292106	-26.5557422972
95	0.6429314420	0.0067292106	-13.0606109420
96	0.8062068258	0.0067292106	-39.4805140602
97	1.2151031398	0.0067292106	-34.2421412135
98	2.6330272849	0.0067292106	-40.6546925875
99	2.5395058262	0.0067292106	-50.1025910036
100	2.2365378020	0.0067292106	-58.9278603455
101	0.3240600863	0.0067292106	-13.4760147225
102	0.6473080056	0.0067292106	-21.9088362414
103	0.0000000000	0.0067292106	-1.9831695811
104	0.0000000000	0.0067292106	-3.1219460354
105	1.3599911564	0.0067292106	-32.6684206156
106	2.1381092655	0.0067292106	-63.5312824305
107	1.8626499536	0.0067292106	-21.6141382397
108	0.4023288323	0.0067292106	-12.9822114340
109	1.7831769530	0.0067292106	-46.8114090318
110	0.4016231849	0.0067292106	-13.2837475882
111	0.0000000000	0.0067292106	-2.5965029655
112	1.5750447434	0.0067292106	-43.3163667665
113	2.8894245413	0.0067292106	-74.0051677071
114	0.2996612311	0.0067292106	-13.4428657566
115	0.0000000000	0.0067292106	-3.1899692965
116	2.7576445822	0.0067292106	-67.9908465555
117	0.6394444088	0.0067292106	-34.5854962679
118	0.4378814670	0.0067292106	-23.8796609711
119	0.6478708477	0.0067292106	-15.2254615538
120	0.9312784414	0.0067292106	-39.6481468999
121	1.4446397557	0.0067292106	-35.4543727221
122	0.0000000000	0.0067292106	-2.5965029655
123	2.6793745090	0.0067292106	-57.6633441563
124	0.9360155667	0.0067292106	-42.7737097945
