site	rate	t	lnL
1	2.6667159948	0.4708889626	-756.0258255741
2	0.6372865280	0.4708889626	-587.7623710707
3	2.3005069674	0.4708889626	-777.4159396535
4	2.8932491788	0.4708889626	-750.1443653294
5	0.1116183059	0.4708889626	-194.6301244054
6	5.1194165841	0.4708889626	-780.7582109026
7	0.4821940926	0.4708889626	-432.5712727911
8	0.8622687748	0.4708889626	-635.5027156666
9	2.4255421006	0.4708889626	-774.6553312893
10	2.9322172756	0.4708889626	-746.5492018983
11	0.6789610114	0.4708889626	-490.7076265866
12	2.5861354649	0.4708889626	-760.8630743165
13	1.4577837782	0.4708889626	-686.7730653711
14	0.7841138027	0.4708889626	-600.6793079611
15	0.7525922026	0.4708889626	-539.0594567172
16	2.5083029215	0.4708889626	-775.1766972296
17	1.4285390407	0.4708889626	-715.5613484702
18	1.2284867006	0.4708889626	-702.2318289336
19	2.0963401891	0.4708889626	-749.6917619895
20	0.2583503213	0.4708889626	-310.3641428190
21	1.5696302864	0.4708889626	-674.0513599279
22	2.5706853377	0.4708889626	-751.9315086814
23	1.3734508903	0.4708889626	-635.3810684419
24	0.1209532203	0.4708889626	-106.1629312640
25	2.0547126945	0.4708889626	-738.1896625519
26	0.2197115324	0.4708889626	-294.3440640366
27	0.5142872245	0.4708889626	-454.0650763519
28	0.0076026123	0.4708889626	-24.4753248177
29	0.2216817528	0.4708889626	-324.0999384665
30	0.5169747191	0.4708889626	-585.3753449754
31	3.9397366423	0.4708889626	-761.4882188070
32	1.3830557457	0.4708889626	-611.6813657225
33	0.2776696041	0.4708889626	-375.3013166345
34	1.2413890882	0.4708889626	-704.6823273297
35	1.5822969038	0.4708889626	-663.3299622223
36	2.0938964411	0.4708889626	-745.1208831535
37	2.1062742509	0.4708889626	-715.2920864831
38	1.9533722266	0.4708889626	-749.9359625122
39	2.8832761883	0.4708889626	-746.1265091662
40	1.0298087860	0.4708889626	-686.9402582225
41	1.1874163490	0.4708889626	-713.6707703937
42	5.5357820099	0.4708889626	-773.9222901559
43	1.2224910824	0.4708889626	-720.2196367118
44	2.7448614926	0.4708889626	-769.3690858296
45	1.6720746044	0.4708889626	-740.1921259739
46	0.8599639816	0.4708889626	-619.0943898907
47	0.7661414409	0.4708889626	-588.6343546088
48	1.8804332104	0.4708889626	-706.2078838396
49	0.7126245968	0.4708889626	-634.3515494761
50	0.9011228618	0.4708889626	-630.4853827773
51	0.0045742881	0.4708889626	-13.0540774180
52	0.4100832414	0.4708889626	-472.3703450248
53	0.6047057745	0.4708889626	-555.5331426720
54	0.4732310888	0.4708889626	-569.1393310922
55	0.5772677008	0.4708889626	-483.4367162077
56	0.9860183748	0.4708889626	-758.9362476854
57	0.0953707501	0.4708889626	-192.7577060657
58	1.2480375206	0.4708889626	-688.7705443307
59	2.8734138056	0.4708889626	-750.6368146925
60	0.5842662702	0.4708889626	-508.6761539352
61	0.0716187871	0.4708889626	-141.5329653118
62	2.2721116434	0.4708889626	-741.2200622834
63	0.5772178037	0.4708889626	-550.5549582768
64	0.6430713667	0.4708889626	-538.8483539247
65	1.4041388743	0.4708889626	-748.1142679800
66	0.5207452641	0.4708889626	-594.5560291132
67	2.9140075872	0.4708889626	-776.3107701534
68	0.7329851023	0.4708889626	-591.4812112707
69	3.1652441922	0.4708889626	-781.2636533580
70	2.8333038998	0.4708889626	-751.6998574154
71	1.2951684072	0.4708889626	-694.7906275869
72	1.8874300070	0.4708889626	-701.1295555826
73	0.0230450180	0.4708889626	-53.0834817575
74	0.3617999811	0.4708889626	-396.5640371406
75	1.9092461648	0.4708889626	-660.0631694988
76	2.1682137757	0.4708889626	-733.0267615906
77	0.0558632743	0.4708889626	-124.8695224520
78	3.5649775501	0.4708889626	-763.1364370267
79	4.2433128739	0.4708889626	-753.8686921509
80	1.0330596401	0.4708889626	-574.7632498744
81	1.3529788275	0.4708889626	-692.4002314170
82	3.0675637247	0.4708889626	-772.6315250870
83	3.5785528918	0.4708889626	-777.8853689461
84	0.5495564330	0.4708889626	-490.3128924821
85	0.5505929154	0.4708889626	-557.7571691340
86	2.4223044105	0.4708889626	-782.3508478628
87	2.3000129374	0.4708889626	-728.5358170501
88	0.9637701265	0.4708889626	-657.9545169426
89	0.4293573157	0.4708889626	-418.1422883025
90	4.3563276405	0.4708889626	-758.5356563401
91	0.3171875526	0.4708889626	-373.8393056206
92	0.5762768789	0.4708889626	-502.6603198923
93	2.2243362820	0.4708889626	-715.5920400710
94	0.4824126045	0.4708889626	-494.1359709591
95	0.7891806770	0.4708889626	-658.7180978864
96	3.2496609782	0.4708889626	-759.6646128689
97	3.1440199841	0.4708889626	-729.0537839477
98	1.0734381364	0.4708889626	-664.0887348944
99	2.5401873951	0.4708889626	-749.3445555800
100	0.1103455602	0.4708889626	-161.5305164469
101	0.3062738373	0.4708889626	-333.5960257176
102	7.8457983697	0.4708889626	-764.9422918121
103	2.3323555383	0.4708889626	-697.5474105585
104	0.2677967262	0.4708889626	-342.5841403060
105	2.5063177604	0.4708889626	-754.7931342928
106	3.5825317057	0.4708889626	-740.2532935072
107	0.4996345440	0.4708889626	-515.8301979642
108	2.7054555801	0.4708889626	-758.1008697517
109	3.8544583952	0.4708889626	-766.1018289643
110	2.7662689734	0.4708889626	-753.4344238798
111	0.0076279102	0.4708889626	-22.9360100373
112	4.3914806512	0.4708889626	-767.1789280934
113	2.6784815075	0.4708889626	-770.1109117559
114	0.6456016633	0.4708889626	-544.9202922707
115	2.6343176941	0.4708889626	-735.8535679293
116	2.7378358518	0.4708889626	-755.0491241800
117	2.9870754605	0.4708889626	-751.4264389997
118	1.2025377375	0.4708889626	-674.5864353619
119	1.5725151774	0.4708889626	-710.6057169858
120	2.6736823125	0.4708889626	-758.8062977351
121	0.4541487253	0.4708889626	-448.6613487502
122	0.1149224143	0.4708889626	-196.6859093648
123	3.1355819971	0.4708889626	-785.2246608416
124	2.9242054174	0.4708889626	-758.3040296677
