site	rate	t	lnL
1	1.3074570460	0.0636744900	-289.0902716486
2	0.5286942089	0.0636744900	-146.6436864179
3	1.6948400458	0.0636744900	-338.7700961344
4	1.2155142131	0.0636744900	-258.1926421276
5	0.0435217717	0.0636744900	-18.0306443770
6	2.2636921190	0.0636744900	-365.8448285015
7	0.2914449160	0.0636744900	-83.0055354781
8	0.5998018301	0.0636744900	-154.8298281049
9	1.6299549587	0.0636744900	-263.0066298812
10	0.7407658448	0.0636744900	-224.2477815088
11	0.2524381234	0.0636744900	-74.5752593792
12	1.5997693683	0.0636744900	-311.5161750680
13	0.7303691750	0.0636744900	-195.2585366391
14	0.9161588867	0.0636744900	-189.3823495184
15	0.3016624619	0.0636744900	-84.7689044588
16	1.9991478320	0.0636744900	-312.7021251824
17	0.9555623584	0.0636744900	-215.1783176706
18	1.2997446252	0.0636744900	-209.1792523165
19	2.6111859115	0.0636744900	-385.9821134644
20	2.1186360563	0.0636744900	-286.7818842398
21	0.5245542983	0.0636744900	-141.8892295240
22	1.4889307018	0.0636744900	-291.8993901965
23	0.6636094737	0.0636744900	-207.3430086733
24	0.4444633300	0.0636744900	-62.8516121899
25	0.9171002529	0.0636744900	-208.3523380810
26	0.5286896394	0.0636744900	-97.2826862148
27	0.8629250618	0.0636744900	-214.4536699100
28	0.0000000000	0.0636744900	-2.2100968898
29	0.0263780080	0.0636744900	-13.1922041805
30	0.3166408534	0.0636744900	-99.6930555115
31	1.4154210889	0.0636744900	-254.1982032225
32	0.4392117180	0.0636744900	-110.0829706683
33	0.1084051967	0.0636744900	-35.1695206220
34	1.5258860722	0.0636744900	-341.1162613261
35	1.0124786472	0.0636744900	-226.3829394169
36	1.5316483667	0.0636744900	-301.6551506488
37	1.3171335026	0.0636744900	-266.3948905142
38	2.1037260282	0.0636744900	-410.2049406293
39	1.6066287650	0.0636744900	-266.3869267260
40	0.7685401869	0.0636744900	-195.9783450496
41	1.0323400785	0.0636744900	-230.0250213925
42	2.5616129720	0.0636744900	-363.5721285775
43	1.1485255142	0.0636744900	-246.9862585199
44	1.9373042733	0.0636744900	-317.2395397009
45	1.1535925767	0.0636744900	-199.6555556977
46	0.5989319227	0.0636744900	-76.9419562320
47	0.3870789544	0.0636744900	-114.3423316675
48	1.2331260000	0.0636744900	-246.9222154914
49	2.2216594255	0.0636744900	-342.2634753234
50	0.3481637766	0.0636744900	-118.4859806540
51	0.0000000000	0.0636744900	-2.7705746229
52	0.3119509070	0.0636744900	-99.7282145618
53	1.9703460480	0.0636744900	-360.7682235068
54	0.8972355547	0.0636744900	-161.0354044729
55	0.2110030355	0.0636744900	-66.3104924127
56	2.2544004018	0.0636744900	-339.2780012969
57	0.0539481001	0.0636744900	-21.7089455068
58	1.0777958025	0.0636744900	-240.5170007448
59	1.1907692262	0.0636744900	-275.8346373653
60	0.6746368644	0.0636744900	-150.0767886515
61	0.0000000000	0.0636744900	-2.2100968898
62	1.7510154553	0.0636744900	-255.3802793284
63	1.1862249132	0.0636744900	-228.3070969201
64	1.2450054091	0.0636744900	-257.2755657006
65	1.3967796254	0.0636744900	-291.5513440522
66	0.9415662367	0.0636744900	-235.2437686427
67	1.1826097291	0.0636744900	-212.4364944984
68	0.6569601166	0.0636744900	-80.5329556882
69	0.7843975639	0.0636744900	-179.3642619080
70	1.5080663251	0.0636744900	-285.6492683111
71	1.0410276414	0.0636744900	-173.4338582598
72	1.3274907443	0.0636744900	-280.5483349193
73	0.0392171317	0.0636744900	-12.5369103859
74	1.4955097565	0.0636744900	-333.3291809978
75	1.1326767518	0.0636744900	-272.4109736952
76	2.2088025685	0.0636744900	-192.6281377496
77	0.0783437451	0.0636744900	-19.7839579983
78	1.8668189330	0.0636744900	-375.0412165751
79	2.3765703286	0.0636744900	-303.6293904163
80	0.1629997129	0.0636744900	-69.9433295763
81	1.1605609791	0.0636744900	-183.9835837267
82	0.9659674304	0.0636744900	-227.7868576561
83	2.7345501144	0.0636744900	-361.5451389629
84	1.9025501040	0.0636744900	-348.6658290077
85	1.2783045676	0.0636744900	-240.3903216205
86	1.1094000496	0.0636744900	-240.2425514893
87	1.0526277926	0.0636744900	-298.7535411517
88	0.5715848423	0.0636744900	-152.1760756329
89	0.0528074894	0.0636744900	-19.5355427290
90	2.3962524813	0.0636744900	-300.2252665276
91	0.0391847183	0.0636744900	-11.9542589242
92	0.8875171000	0.0636744900	-209.8124216525
93	1.6970642879	0.0636744900	-357.3754889438
94	0.1572250136	0.0636744900	-48.8043043531
95	0.4533100833	0.0636744900	-131.1779596448
96	2.1240959783	0.0636744900	-304.8409159197
97	0.7308659376	0.0636744900	-223.6986941416
98	1.1238303778	0.0636744900	-123.0146749889
99	2.2800706764	0.0636744900	-370.7700992052
100	0.9047755213	0.0636744900	-182.0447679205
101	0.1154700667	0.0636744900	-43.5711602848
102	2.3298798469	0.0636744900	-315.3204371502
103	1.9705688522	0.0636744900	-349.7263384074
104	0.1518002040	0.0636744900	-33.6910357262
105	2.1986671906	0.0636744900	-204.7470643917
106	0.5906448649	0.0636744900	-163.9796437508
107	0.7367836889	0.0636744900	-190.3561579887
108	1.6346453879	0.0636744900	-302.7682020072
109	1.1691619689	0.0636744900	-264.6892979360
110	1.4514326803	0.0636744900	-308.4396217705
111	0.0000000000	0.0636744900	-2.2100968898
112	1.7509304133	0.0636744900	-343.7154008383
113	1.6171131804	0.0636744900	-277.4033854697
114	0.3515255429	0.0636744900	-67.3725559637
115	1.0898519858	0.0636744900	-185.3698393362
116	1.4950413286	0.0636744900	-308.9175968410
117	0.7570593880	0.0636744900	-219.2150849756
118	0.6391098805	0.0636744900	-198.2163683987
119	0.6315100482	0.0636744900	-167.6037549307
120	2.2946363549	0.0636744900	-323.9743498637
121	0.3578540030	0.0636744900	-48.4072220886
122	0.0391904045	0.0636744900	-11.4250183998
123	1.6037457679	0.0636744900	-344.1968841423
124	1.4434013560	0.0636744900	-311.7942078560
