site	rate	t	lnL
1	0.5306289932	0.0072721651	-25.7223139323
2	0.6140026647	0.0072721651	-24.1605648244
3	0.0000000000	0.0072721651	-3.6671909560
4	1.6336305097	0.0072721651	-55.9434798830
5	0.0000000000	0.0072721651	-2.0508717188
6	1.3969105247	0.0072721651	-32.7832235519
7	0.6794780868	0.0072721651	-22.5968674249
8	0.0000000000	0.0072721651	-2.0749155093
9	0.5368273371	0.0072721651	-24.1768960610
10	2.7288711437	0.0072721651	-40.2732745856
11	0.0000000000	0.0072721651	-2.0749155093
12	1.8327197841	0.0072721651	-49.1432128531
13	0.7593312833	0.0072721651	-29.7357962461
14	1.2008602993	0.0072721651	-23.7712075573
15	0.2523162503	0.0072721651	-12.8403811580
16	0.9940185817	0.0072721651	-45.0367442916
17	2.9996202035	0.0072721651	-72.6904281397
18	2.1844895023	0.0072721651	-64.1532598863
19	2.7008254807	0.0072721651	-40.9773778800
20	0.0000000000	0.0072721651	-2.6615488005
21	1.3700939297	0.0072721651	-34.0795711792
22	1.2604077139	0.0072721651	-24.2765551722
23	1.2057676046	0.0072721651	-35.9684347352
24	0.0000000000	0.0072721651	-3.6647279005
25	1.0177445832	0.0072721651	-30.5975811046
26	0.0000000000	0.0072721651	-2.7645565505
27	0.2179554143	0.0072721651	-13.3952062496
28	0.0000000000	0.0072721651	-2.0508717188
29	0.5003826272	0.0072721651	-19.8392092203
30	0.7982637689	0.0072721651	-27.9576612059
31	1.0187673022	0.0072721651	-28.9199262345
32	0.2164082718	0.0072721651	-15.9313404861
33	0.0000000000	0.0072721651	-3.1056393997
34	1.7273653721	0.0072721651	-73.1765236953
35	0.7901308964	0.0072721651	-33.1551800831
36	0.4955491885	0.0072721651	-26.2407920059
37	0.8101947880	0.0072721651	-29.6265102330
38	1.5089094972	0.0072721651	-41.9245905250
39	2.0106610021	0.0072721651	-32.9824137305
40	2.9185255558	0.0072721651	-58.4864517035
41	0.6059159948	0.0072721651	-22.1649137836
42	0.3039060935	0.0072721651	-13.8996228373
43	0.9649253957	0.0072721651	-22.3791813898
44	0.6478659882	0.0072721651	-14.8137305897
45	1.0874320344	0.0072721651	-37.7891691125
46	0.0000000000	0.0072721651	-2.6615488005
47	0.2133447535	0.0072721651	-12.5371830062
48	0.9868285685	0.0072721651	-39.8216494864
49	0.9116116638	0.0072721651	-28.0760880728
50	0.0000000000	0.0072721651	-3.6871168954
51	0.0000000000	0.0072721651	-2.6615488005
52	0.0000000000	0.0072721651	-2.9889508838
53	2.7539807064	0.0072721651	-40.3104488332
54	0.6023000283	0.0072721651	-21.0849097598
55	0.0000000000	0.0072721651	-2.5362264725
56	1.0632840172	0.0072721651	-37.2102855762
57	0.0000000000	0.0072721651	-3.4079616392
58	1.8596474181	0.0072721651	-59.7137899758
59	1.2189710822	0.0072721651	-46.2694240845
60	0.0000000000	0.0072721651	-2.7645565505
61	0.0000000000	0.0072721651	-2.0508717188
62	1.8489557168	0.0072721651	-67.2508252889
63	0.0000000000	0.0072721651	-3.7203680406
64	2.4496323653	0.0072721651	-67.0935612645
65	1.5566809387	0.0072721651	-56.2325031289
66	0.2649962258	0.0072721651	-12.8459857907
67	0.7832127713	0.0072721651	-46.3775594745
68	1.3193594775	0.0072721651	-23.8173365693
69	0.5604550488	0.0072721651	-34.4127478957
70	0.5035103332	0.0072721651	-21.5187922942
71	0.5823660348	0.0072721651	-21.8194701840
72	1.0125736576	0.0072721651	-41.0560231913
73	1.9470269411	0.0072721651	-63.4957364926
74	0.6816636597	0.0072721651	-13.6970357264
75	0.2449790549	0.0072721651	-10.4447128967
76	1.2644612618	0.0072721651	-43.2221580173
77	0.3033103453	0.0072721651	-12.1982773511
78	1.4209458659	0.0072721651	-44.8153965011
79	1.2598518597	0.0072721651	-46.2407921610
80	0.9829824210	0.0072721651	-36.5598777452
81	0.3032205972	0.0072721651	-13.3895235521
82	3.7349907592	0.0072721651	-48.9708710133
83	1.4872123123	0.0072721651	-51.6238118310
84	0.6114180770	0.0072721651	-26.6267819416
85	1.0882771714	0.0072721651	-42.6487435136
86	2.0847444731	0.0072721651	-73.1319041089
87	4.5530656582	0.0072721651	-92.7738253869
88	0.7703224347	0.0072721651	-28.7343166504
89	0.4909705342	0.0072721651	-22.6782696558
90	0.7601884959	0.0072721651	-30.6227568228
91	0.0000000000	0.0072721651	-2.0508717188
92	1.3776808203	0.0072721651	-20.5479973349
93	1.5464087469	0.0072721651	-60.8299467897
94	0.0000000000	0.0072721651	-2.5362264725
95	0.6848823085	0.0072721651	-12.2502910992
96	1.5321844909	0.0072721651	-53.1371236761
97	0.6627451340	0.0072721651	-34.6702380072
98	1.5348546255	0.0072721651	-55.2931436912
99	0.5137801214	0.0072721651	-23.8911175329
100	1.2816666765	0.0072721651	-22.6932919491
101	0.4332985338	0.0072721651	-21.6021989673
102	2.7184035679	0.0072721651	-35.9882784205
103	1.5073420499	0.0072721651	-65.6153474384
104	0.0000000000	0.0072721651	-2.7645565505
105	2.2245636438	0.0072721651	-86.6379558778
106	3.1134465131	0.0072721651	-72.7812954883
107	0.0000000000	0.0072721651	-2.0749155093
108	4.0763024540	0.0072721651	-57.3054606737
109	0.7381014890	0.0072721651	-31.4138971241
110	0.7561076703	0.0072721651	-34.7260161207
111	0.0000000000	0.0072721651	-2.0508717188
112	1.4584906528	0.0072721651	-29.9586067713
113	0.6414850613	0.0072721651	-32.5625657486
114	2.0527182968	0.0072721651	-52.8224012931
115	2.7524527317	0.0072721651	-83.3608491459
116	2.1561342293	0.0072721651	-66.1578328840
117	0.7636498901	0.0072721651	-34.7587901713
118	2.7372078876	0.0072721651	-36.8605010532
119	1.2147188398	0.0072721651	-37.9148673772
120	6.7106734226	0.0072721651	-87.2227828931
121	1.1831702694	0.0072721651	-40.5454346157
122	0.4937608340	0.0072721651	-24.4192213499
123	0.5036372069	0.0072721651	-11.7094141873
124	2.2460232977	0.0072721651	-38.5168318120
