site	rate	t	lnL
1	1.7607587677	0.0661419608	-338.4039897345
2	0.5896515787	0.0661419608	-144.7845899510
3	1.0792260261	0.0661419608	-240.3555738216
4	1.2427655357	0.0661419608	-295.8565923466
5	0.2289537976	0.0661419608	-28.5746465641
6	1.6865477388	0.0661419608	-308.7985385159
7	0.1472535296	0.0661419608	-51.8343090728
8	0.1465627012	0.0661419608	-51.8471586921
9	2.1963152979	0.0661419608	-323.3034250598
10	1.7011423876	0.0661419608	-318.8646542547
11	0.2939692700	0.0661419608	-78.4582414046
12	1.6527100286	0.0661419608	-338.1952556005
13	0.5183614121	0.0661419608	-147.5490666360
14	1.9015766580	0.0661419608	-320.7613513780
15	0.4507502092	0.0661419608	-120.3895136999
16	2.0223341099	0.0661419608	-302.2587779615
17	2.0525132973	0.0661419608	-309.4391492426
18	1.1533177885	0.0661419608	-247.3698014059
19	0.7941331738	0.0661419608	-226.4629347328
20	2.2032118397	0.0661419608	-197.6207942389
21	2.0629514574	0.0661419608	-351.8239518187
22	2.0525197727	0.0661419608	-388.0009202353
23	0.9765475377	0.0661419608	-224.7513474224
24	0.5569978259	0.0661419608	-60.1694475423
25	0.7212928571	0.0661419608	-213.4029977326
26	0.1395184342	0.0661419608	-33.0924554173
27	0.2447112495	0.0661419608	-84.9338088383
28	0.0000000000	0.0661419608	-2.4065325170
29	0.0000000000	0.0661419608	-2.1447868398
30	0.5184653550	0.0661419608	-116.1944472005
31	2.9814627085	0.0661419608	-332.8287771288
32	0.2469001039	0.0661419608	-87.2619279418
33	0.0518191270	0.0661419608	-20.9146261347
34	1.0809843137	0.0661419608	-258.6219520105
35	1.9015518729	0.0661419608	-300.0018192082
36	1.5802627604	0.0661419608	-288.5851735506
37	1.1779170451	0.0661419608	-228.6032875190
38	0.8747364021	0.0661419608	-225.4742425382
39	1.3417605031	0.0661419608	-232.6721454782
40	1.4716992149	0.0661419608	-328.8386543728
41	1.4460399755	0.0661419608	-295.1890761661
42	1.0363797997	0.0661419608	-237.5211670862
43	1.8123417559	0.0661419608	-346.4023166719
44	1.8393322789	0.0661419608	-382.3071193334
45	1.7075731708	0.0661419608	-333.4284801665
46	0.1641818686	0.0661419608	-20.9822034534
47	0.8734855435	0.0661419608	-174.7468969301
48	0.8876399768	0.0661419608	-222.4500566332
49	0.6760533004	0.0661419608	-169.2122677160
50	0.4915083935	0.0661419608	-140.4962823914
51	0.0000000000	0.0661419608	-2.9877001019
52	0.1475591714	0.0661419608	-46.4566925424
53	0.3239837048	0.0661419608	-97.7430024262
54	0.7005524699	0.0661419608	-189.6303406038
55	0.2171646525	0.0661419608	-70.8998921527
56	1.1033359603	0.0661419608	-262.2243596552
57	0.0346713257	0.0661419608	-12.6659310048
58	1.2948818247	0.0661419608	-245.9524295418
59	1.3707000780	0.0661419608	-263.4412919161
60	0.3257161006	0.0661419608	-88.1893226322
61	0.1528687394	0.0661419608	-23.1425354674
62	2.2817786453	0.0661419608	-377.2821459732
63	2.1954586394	0.0661419608	-302.3088578927
64	1.2208112753	0.0661419608	-270.0051510692
65	1.0853291275	0.0661419608	-224.6501889761
66	0.1957675318	0.0661419608	-50.7161595131
67	1.5118647205	0.0661419608	-236.8571889158
68	1.0110067227	0.0661419608	-144.2138837956
69	1.7093156460	0.0661419608	-240.1198663433
70	2.1308090684	0.0661419608	-312.9263654880
71	1.7173703662	0.0661419608	-352.0768370012
72	0.8544906141	0.0661419608	-214.1975121621
73	0.0756813289	0.0661419608	-11.8853088909
74	1.6305967026	0.0661419608	-333.6825992368
75	0.2452895742	0.0661419608	-82.1244575392
76	1.5301281466	0.0661419608	-285.0207810150
77	0.0760175884	0.0661419608	-11.8808146376
78	1.4590460555	0.0661419608	-338.5365912229
79	1.4029594566	0.0661419608	-268.9179682787
80	1.4869601345	0.0661419608	-292.2170262950
81	0.7399402647	0.0661419608	-197.2499537088
82	1.5860799493	0.0661419608	-369.2787636087
83	1.5474317536	0.0661419608	-196.8539971314
84	0.4891584333	0.0661419608	-85.9553328816
85	1.0445216249	0.0661419608	-229.8610474510
86	0.8454261235	0.0661419608	-202.9161217916
87	0.7833841464	0.0661419608	-207.4928329774
88	0.3009327598	0.0661419608	-93.1745232876
89	0.1991846350	0.0661419608	-67.9040126576
90	1.4344514382	0.0661419608	-334.6403100889
91	0.0000000000	0.0661419608	-2.4065325170
92	0.9359534047	0.0661419608	-207.1157060567
93	1.3037881936	0.0661419608	-268.6974706598
94	0.2189795505	0.0661419608	-73.7076071309
95	0.3467766341	0.0661419608	-107.5540971959
96	1.3457751351	0.0661419608	-275.4631847074
97	1.3467476665	0.0661419608	-273.7856720250
98	0.8690762561	0.0661419608	-88.7841411881
99	0.6393129285	0.0661419608	-176.9873024245
100	1.8083823788	0.0661419608	-311.0810445005
101	0.1226173708	0.0661419608	-41.6052207266
102	2.0469965360	0.0661419608	-344.3457135384
103	1.9924114834	0.0661419608	-351.3163410774
104	0.2287068404	0.0661419608	-44.1418798488
105	1.4143202562	0.0661419608	-297.9701511864
106	1.1270656771	0.0661419608	-287.0245175084
107	0.4438148982	0.0661419608	-106.9053617128
108	1.2042144183	0.0661419608	-276.2900508627
109	1.5249177123	0.0661419608	-326.5688795798
110	1.3478560882	0.0661419608	-259.8887676174
111	0.0000000000	0.0661419608	-2.4065325170
112	1.5243517635	0.0661419608	-288.4373255083
113	1.1112959230	0.0661419608	-269.5889757349
114	0.4910702033	0.0661419608	-96.5680718264
115	0.8255108927	0.0661419608	-205.9674093874
116	1.4492320483	0.0661419608	-279.6927989634
117	1.1133440165	0.0661419608	-273.0097595194
118	0.6588659047	0.0661419608	-194.9958966294
119	1.4921447491	0.0661419608	-321.6976786350
120	0.9377095774	0.0661419608	-196.0314482454
121	1.5866645507	0.0661419608	-310.5894084345
122	0.2192397497	0.0661419608	-31.5636244265
123	1.5358224809	0.0661419608	-304.1749545486
124	1.4002531396	0.0661419608	-308.5412336371
