site	rate	t	lnL
1	3.6374129444	0.5352577751	-767.7906114066
2	0.3834632548	0.5352577751	-510.8437792300
3	1.8520796545	0.5352577751	-767.5941761400
4	2.7302903644	0.5352577751	-761.5209083072
5	0.0835168690	0.5352577751	-153.4093732052
6	3.1117158770	0.5352577751	-754.3165393958
7	0.9597160058	0.5352577751	-552.4542710965
8	0.9805836708	0.5352577751	-644.1550031292
9	2.2912148471	0.5352577751	-760.1647107071
10	2.8078299864	0.5352577751	-746.3945653296
11	1.1212168188	0.5352577751	-484.0451909847
12	6.4245994216	0.5352577751	-782.7082461705
13	1.8057923562	0.5352577751	-684.1235745894
14	0.5550181162	0.5352577751	-561.5183637891
15	0.2974264156	0.5352577751	-396.9750906110
16	1.9266264485	0.5352577751	-738.4439117063
17	1.6173883264	0.5352577751	-736.2748479915
18	1.0883672667	0.5352577751	-686.7656738124
19	4.0585011547	0.5352577751	-766.6239421029
20	0.1924281685	0.5352577751	-299.4362388790
21	1.5251695658	0.5352577751	-637.2819490048
22	1.6356818498	0.5352577751	-708.2199260766
23	1.3511486612	0.5352577751	-627.7857335567
24	0.1217694595	0.5352577751	-132.5251998885
25	2.8066798761	0.5352577751	-748.2328460220
26	0.2635671622	0.5352577751	-420.1033529240
27	0.5386735964	0.5352577751	-461.8821501289
28	0.0040783164	0.5352577751	-14.7659319184
29	0.2314900447	0.5352577751	-323.3056561360
30	0.8516440025	0.5352577751	-632.7725798167
31	3.0626417515	0.5352577751	-735.6920401535
32	1.3120662767	0.5352577751	-618.1084514665
33	0.2614633456	0.5352577751	-336.6261137119
34	1.1636621958	0.5352577751	-729.2517942091
35	2.4143709557	0.5352577751	-691.1451321744
36	4.3357749127	0.5352577751	-766.3825082199
37	1.6088749310	0.5352577751	-685.4219153109
38	2.6709286260	0.5352577751	-759.6298354184
39	3.4487147508	0.5352577751	-765.9092236276
40	0.8275984584	0.5352577751	-664.9730467549
41	1.1283304955	0.5352577751	-738.0209010128
42	3.4413576957	0.5352577751	-754.4056542489
43	1.6266930628	0.5352577751	-742.9381563252
44	3.4838114704	0.5352577751	-780.4750861678
45	2.6805418259	0.5352577751	-754.2281313005
46	0.5393954050	0.5352577751	-544.4706940507
47	1.0803406046	0.5352577751	-634.9332577848
48	3.2430061124	0.5352577751	-737.4335671348
49	0.8429845200	0.5352577751	-686.1573262690
50	1.7999222372	0.5352577751	-647.8181998496
51	0.0037728477	0.5352577751	-14.2256268778
52	0.4634614038	0.5352577751	-483.5728012624
53	1.5303426788	0.5352577751	-591.2772086360
54	0.6699733461	0.5352577751	-641.3352259150
55	0.8651408241	0.5352577751	-554.0326964770
56	0.7844725919	0.5352577751	-720.8752673151
57	0.2741540113	0.5352577751	-308.1269767057
58	0.8807150217	0.5352577751	-666.9436988641
59	3.0749647554	0.5352577751	-754.7422512333
60	0.5540521560	0.5352577751	-541.3743891895
61	0.0843225042	0.5352577751	-169.2323046055
62	4.3677181608	0.5352577751	-767.6111685616
63	0.4818558100	0.5352577751	-520.5555024694
64	0.8148625304	0.5352577751	-654.6753739451
65	1.3195704911	0.5352577751	-733.2175606556
66	0.2961135967	0.5352577751	-503.8308586998
67	3.6028827700	0.5352577751	-784.8248871852
68	0.6660793917	0.5352577751	-607.1868830291
69	3.1544279606	0.5352577751	-777.1075442803
70	4.0149708329	0.5352577751	-751.3579876383
71	1.4143239198	0.5352577751	-705.1125721091
72	2.1045985310	0.5352577751	-734.2147919266
73	0.0333252473	0.5352577751	-76.7641289997
74	0.5693120439	0.5352577751	-564.8938554513
75	1.5493291291	0.5352577751	-654.0592211420
76	2.7755901993	0.5352577751	-778.1320944378
77	0.0335058547	0.5352577751	-76.6136364418
78	2.7670737901	0.5352577751	-771.6691998740
79	3.2449316148	0.5352577751	-755.1772890671
80	0.6762773013	0.5352577751	-517.8327450773
81	1.1482802146	0.5352577751	-678.6459597639
82	2.5476480577	0.5352577751	-756.4315610572
83	2.2970463174	0.5352577751	-748.5865409000
84	0.5876074522	0.5352577751	-595.6046782069
85	1.2282863261	0.5352577751	-623.9492022904
86	3.1528051850	0.5352577751	-777.3857229041
87	2.8419312335	0.5352577751	-757.1331431913
88	0.9539739770	0.5352577751	-609.0993712310
89	0.4701555365	0.5352577751	-417.3440248928
90	2.8270428445	0.5352577751	-748.8311546331
91	0.0854230712	0.5352577751	-159.7700637270
92	0.8487263939	0.5352577751	-574.3547127705
93	2.5399233115	0.5352577751	-742.9602320702
94	1.1601961949	0.5352577751	-589.9361125409
95	0.2570583319	0.5352577751	-405.3889165004
96	2.0492216924	0.5352577751	-726.0620062535
97	3.2010995884	0.5352577751	-746.6567113701
98	1.3687790866	0.5352577751	-730.3816575067
99	1.6149732960	0.5352577751	-741.1160796409
100	0.2601390599	0.5352577751	-351.7721172464
101	0.2522835780	0.5352577751	-320.5673857712
102	2.5771630682	0.5352577751	-759.3269383190
103	2.6560958992	0.5352577751	-717.9567966073
104	0.1334035053	0.5352577751	-287.7146925891
105	1.6254130287	0.5352577751	-740.7921707948
106	2.7578238691	0.5352577751	-718.7463656852
107	0.4095716013	0.5352577751	-529.8188001079
108	1.8086701448	0.5352577751	-737.8095620702
109	3.5396570073	0.5352577751	-752.3890170593
110	3.2327687550	0.5352577751	-753.3894598195
111	0.0082167983	0.5352577751	-22.8561323310
112	4.4781931442	0.5352577751	-757.0523506841
113	2.6048974221	0.5352577751	-773.2599003682
114	0.5492116219	0.5352577751	-561.2017213803
115	5.4581780188	0.5352577751	-774.3940212650
116	2.2237469694	0.5352577751	-772.1788898091
117	3.4252751951	0.5352577751	-742.0143761394
118	1.0865402848	0.5352577751	-712.5041766833
119	1.6847356061	0.5352577751	-710.6133185535
120	4.5457214919	0.5352577751	-766.4898756495
121	0.5873625259	0.5352577751	-557.2137574027
122	0.1803441467	0.5352577751	-240.0792545462
123	2.4501315210	0.5352577751	-754.3078967074
124	3.6158645553	0.5352577751	-753.8624088308
