site	rate	t	lnL
1	0.7999832680	0.0058860896	-34.5613261142
2	3.6503894472	0.0058860896	-103.3774689648
3	0.0000000000	0.0058860896	-3.3678630271
4	1.0961372954	0.0058860896	-33.5972098862
5	0.0000000000	0.0058860896	-2.2796643088
6	4.3196859154	0.0058860896	-53.5857779666
7	0.7026553904	0.0058860896	-25.8352268308
8	0.0000000000	0.0058860896	-3.0529055120
9	0.7971303561	0.0058860896	-32.6541674320
10	0.4673456694	0.0058860896	-22.7298411014
11	0.0000000000	0.0058860896	-2.0484255336
12	1.6892477094	0.0058860896	-42.4652768169
13	2.4840781920	0.0058860896	-54.6560200016
14	0.7031249672	0.0058860896	-30.7123561030
15	0.2329631882	0.0058860896	-12.7480162931
16	3.8321592477	0.0058860896	-63.7690013078
17	1.4857270443	0.0058860896	-39.6720173068
18	0.9679879730	0.0058860896	-33.6266651948
19	1.6211959132	0.0058860896	-42.7449796948
20	2.5532303218	0.0058860896	-29.4071727663
21	1.4478649144	0.0058860896	-38.8157566926
22	2.1879729096	0.0058860896	-31.1965553861
23	1.6591256828	0.0058860896	-19.7779765219
24	0.0000000000	0.0058860896	-3.0902866906
25	0.2330474818	0.0058860896	-13.4640997071
26	0.0000000000	0.0058860896	-3.1770462736
27	0.0000000000	0.0058860896	-2.8940959219
28	0.0000000000	0.0058860896	-2.2796643088
29	0.3275870990	0.0058860896	-12.6410255598
30	0.4671652174	0.0058860896	-20.7073857651
31	2.2193004490	0.0058860896	-70.1128521524
32	0.0000000000	0.0058860896	-2.3451885373
33	0.0000000000	0.0058860896	-3.2670833715
34	0.9954323029	0.0058860896	-30.8160182794
35	0.0000000000	0.0058860896	-2.0484255336
36	1.2894976206	0.0058860896	-40.7134267021
37	0.9145997801	0.0058860896	-22.9108267873
38	1.5505283735	0.0058860896	-46.1778692638
39	0.9347982728	0.0058860896	-22.9879343286
40	0.0000000000	0.0058860896	-3.0436092963
41	0.7036666191	0.0058860896	-38.1233682269
42	2.6872233270	0.0058860896	-96.9220040953
43	0.9312901663	0.0058860896	-34.6545774636
44	1.5578178238	0.0058860896	-49.6731981108
45	2.0045217785	0.0058860896	-52.6546009449
46	1.9541049575	0.0058860896	-54.2548203431
47	0.2949948218	0.0058860896	-12.5125231395
48	1.3620264812	0.0058860896	-47.4130828661
49	0.6490751254	0.0058860896	-23.3194514669
50	0.4614640787	0.0058860896	-24.7153609099
51	0.0000000000	0.0058860896	-3.4291162743
52	1.4511709300	0.0058860896	-21.6539257162
53	0.3069699127	0.0058860896	-11.7815790317
54	0.6258401480	0.0058860896	-22.8914596146
55	0.0000000000	0.0058860896	-2.3451885373
56	0.3071641225	0.0058860896	-13.8277654454
57	0.5908076749	0.0058860896	-20.9887133950
58	0.9257865877	0.0058860896	-27.7682020506
59	2.3482406424	0.0058860896	-69.0794593035
60	0.4689171742	0.0058860896	-23.2188669903
61	0.0000000000	0.0058860896	-2.2796643088
62	1.4168818100	0.0058860896	-43.5203022049
63	0.0000000000	0.0058860896	-3.3678630271
64	0.8689085199	0.0058860896	-13.1687542898
65	4.1881165581	0.0058860896	-45.9136473096
66	0.5283434942	0.0058860896	-23.1424131141
67	0.5253596200	0.0058860896	-23.2244983782
68	1.0819874376	0.0058860896	-44.5197010010
69	1.7004839795	0.0058860896	-21.1595511121
70	1.9024943019	0.0058860896	-71.5032275759
71	1.2853526740	0.0058860896	-40.2764921372
72	0.2343014035	0.0058860896	-12.4689458029
73	0.0000000000	0.0058860896	-2.2796643088
74	0.9968703457	0.0058860896	-33.6366900048
75	0.0000000000	0.0058860896	-2.0484255336
76	0.9886120189	0.0058860896	-34.0965459141
77	0.0000000000	0.0058860896	-2.2796643088
78	1.9804479444	0.0058860896	-58.0543885608
79	0.8000606886	0.0058860896	-32.6431609865
80	0.3075526398	0.0058860896	-11.7796844727
81	6.5699489230	0.0058860896	-143.7413142458
82	0.9486442897	0.0058860896	-34.2330653733
83	1.7466529937	0.0058860896	-69.6094828130
84	0.0000000000	0.0058860896	-3.3678630271
85	0.6315809556	0.0058860896	-24.1449118244
86	0.8263965622	0.0058860896	-23.9975015532
87	0.5570766951	0.0058860896	-22.5287464660
88	0.7006950838	0.0058860896	-34.0857337451
89	0.2297534961	0.0058860896	-11.3483734308
90	0.3309918516	0.0058860896	-14.8195615598
91	0.0000000000	0.0058860896	-2.2796643088
92	0.3082959545	0.0058860896	-13.6965686616
93	0.6465390312	0.0058860896	-26.2137213991
94	0.0000000000	0.0058860896	-2.3451885373
95	3.1019319351	0.0058860896	-34.4092632368
96	2.1600937416	0.0058860896	-60.0637618740
97	2.1152015528	0.0058860896	-50.4198639026
98	2.1477582766	0.0058860896	-55.8060494188
99	2.1414582134	0.0058860896	-73.2609636228
100	0.0000000000	0.0058860896	-3.4291162743
101	0.0000000000	0.0058860896	-2.3451885373
102	1.5586531773	0.0058860896	-50.8789685965
103	0.3074382737	0.0058860896	-12.4757158456
104	0.0000000000	0.0058860896	-3.1770462736
105	2.9445824655	0.0058860896	-43.0731013770
106	0.3081442534	0.0058860896	-12.8973842557
107	0.0000000000	0.0058860896	-3.1770462736
108	0.9359702034	0.0058860896	-34.6411188180
109	0.7375293291	0.0058860896	-28.0893428806
110	0.9574765150	0.0058860896	-30.2175981225
111	0.0000000000	0.0058860896	-2.2796643088
112	2.6606401331	0.0058860896	-69.9645024426
113	0.6179218949	0.0058860896	-23.3648082177
114	0.0000000000	0.0058860896	-3.3678630271
115	3.5257219295	0.0058860896	-83.6178639532
116	0.9667717205	0.0058860896	-32.5415101051
117	0.9618001171	0.0058860896	-30.4450745371
118	0.0000000000	0.0058860896	-3.1770462736
119	0.6188284111	0.0058860896	-24.3343489939
120	1.5563526565	0.0058860896	-46.7863341198
121	1.0614696320	0.0058860896	-40.2518242682
122	0.0000000000	0.0058860896	-2.2796643088
123	2.8984666822	0.0058860896	-65.0569667483
124	2.9629918519	0.0058860896	-84.5546640779
