site	rate	t	lnL
1	7.1923858019	0.5282944639	-778.2243812055
2	0.8109546482	0.5282944639	-598.8312225797
3	3.5937422683	0.5282944639	-772.9375197669
4	2.7848793728	0.5282944639	-753.2708376852
5	0.1312678046	0.5282944639	-259.1492707314
6	2.9717273322	0.5282944639	-772.0642035312
7	0.6588351758	0.5282944639	-489.2200417538
8	1.0866258686	0.5282944639	-659.8879939488
9	1.9608412641	0.5282944639	-767.4962398229
10	4.0872577414	0.5282944639	-758.7619929280
11	0.8135223128	0.5282944639	-475.0240469996
12	3.9217716952	0.5282944639	-776.2832233981
13	1.7117028734	0.5282944639	-710.2211807641
14	0.7104653820	0.5282944639	-614.5758665881
15	0.8184635564	0.5282944639	-517.5924067553
16	1.7159061745	0.5282944639	-772.5062060408
17	1.5651699079	0.5282944639	-730.1276219359
18	0.9631775804	0.5282944639	-698.3556845416
19	4.9381287487	0.5282944639	-742.3392596031
20	0.1449802243	0.5282944639	-231.3867542520
21	1.6356607326	0.5282944639	-668.1232358557
22	2.2354966213	0.5282944639	-743.0976323022
23	1.4523127941	0.5282944639	-662.2792143043
24	0.1655120021	0.5282944639	-132.4272801025
25	2.0186819828	0.5282944639	-753.8565201718
26	0.2283652118	0.5282944639	-353.6925030435
27	0.5630797121	0.5282944639	-466.6480918151
28	0.0000000000	0.5282944639	-2.4330968557
29	0.1285794044	0.5282944639	-267.8888589794
30	0.6995970189	0.5282944639	-613.7168080896
31	3.8582754693	0.5282944639	-746.9110908100
32	1.8419406595	0.5282944639	-633.7038896134
33	0.2801886252	0.5282944639	-325.4523185047
34	1.5472080605	0.5282944639	-737.0879518748
35	2.2513192773	0.5282944639	-707.3253840274
36	3.8970537503	0.5282944639	-764.7057082044
37	1.8753486635	0.5282944639	-685.6365477024
38	6.0338843278	0.5282944639	-775.9706152305
39	2.5832551713	0.5282944639	-758.6797137207
40	0.9646583649	0.5282944639	-695.3157215215
41	1.0874728547	0.5282944639	-734.5129347158
42	4.5921856403	0.5282944639	-770.1459580590
43	1.7181282957	0.5282944639	-739.8438419657
44	2.9633120433	0.5282944639	-765.4031412232
45	1.5776117203	0.5282944639	-732.0103663368
46	0.3043257129	0.5282944639	-405.7009351105
47	0.8679112497	0.5282944639	-614.4734949421
48	2.4526413760	0.5282944639	-713.4492248048
49	0.6454711906	0.5282944639	-673.1180880437
50	0.5720450963	0.5282944639	-574.2555347488
51	0.0038327235	0.5282944639	-13.1831415159
52	0.6914978345	0.5282944639	-524.5775115531
53	1.1119060708	0.5282944639	-609.9531752208
54	0.6827253950	0.5282944639	-641.6719257969
55	0.6073874871	0.5282944639	-453.6105750316
56	2.6515397169	0.5282944639	-774.1998849281
57	0.1861606835	0.5282944639	-246.9925380478
58	1.1283116145	0.5282944639	-690.0676814555
59	4.6158437191	0.5282944639	-761.1218403006
60	0.3313908702	0.5282944639	-445.4270634029
61	0.0546995903	0.5282944639	-141.5607782948
62	3.2119713472	0.5282944639	-763.2353493087
63	0.5043566089	0.5282944639	-490.9691970723
64	0.8603943432	0.5282944639	-667.2863680442
65	1.4521559286	0.5282944639	-767.7782307717
66	0.3869756275	0.5282944639	-559.0435752160
67	3.6161944667	0.5282944639	-783.5812261629
68	0.6393465981	0.5282944639	-603.9436570217
69	2.5266152468	0.5282944639	-758.8309437491
70	3.2358857604	0.5282944639	-735.9121026347
71	1.2939110850	0.5282944639	-693.1887339148
72	1.6436555327	0.5282944639	-703.7289863920
73	0.0771031997	0.5282944639	-170.4547838624
74	0.7732946360	0.5282944639	-642.0246673809
75	2.2178663009	0.5282944639	-685.3566799007
76	2.3932632032	0.5282944639	-781.2661575445
77	0.0617479831	0.5282944639	-141.1716088597
78	4.7446028328	0.5282944639	-756.9417846520
79	5.8613412237	0.5282944639	-757.2522107106
80	1.2874997322	0.5282944639	-570.8322234048
81	1.6112879176	0.5282944639	-714.2247096163
82	3.1436303515	0.5282944639	-773.6852586851
83	4.3518146073	0.5282944639	-784.8884522419
84	1.1001631415	0.5282944639	-667.7156401165
85	0.8620851391	0.5282944639	-627.8229691186
86	0.9388715023	0.5282944639	-736.0206726488
87	2.6401539033	0.5282944639	-751.2515698561
88	1.2126252334	0.5282944639	-683.7468074573
89	0.2079963167	0.5282944639	-355.6792093564
90	3.8726116708	0.5282944639	-762.8054676384
91	0.0926385089	0.5282944639	-201.3306408711
92	2.0423788108	0.5282944639	-684.7907385687
93	2.6127908438	0.5282944639	-735.0148344964
94	0.5845872201	0.5282944639	-544.8474850812
95	0.4672457021	0.5282944639	-500.4306305490
96	3.5776080366	0.5282944639	-763.4975409979
97	3.7879035037	0.5282944639	-743.9728494826
98	0.8227530451	0.5282944639	-655.6267445629
99	2.5603635144	0.5282944639	-767.1234638118
100	0.0920326397	0.5282944639	-159.3716236789
101	0.1384188702	0.5282944639	-266.8481551501
102	2.4910187074	0.5282944639	-748.3668938432
103	2.8009848366	0.5282944639	-718.7841892282
104	0.1245242575	0.5282944639	-233.7282802329
105	2.3506010327	0.5282944639	-759.0169267088
106	2.5650855245	0.5282944639	-737.7077631836
107	0.4186123748	0.5282944639	-494.5388088610
108	1.8647487550	0.5282944639	-736.9623077622
109	3.1619195278	0.5282944639	-759.0318028530
110	2.1527293126	0.5282944639	-745.4831299573
111	0.0096024317	0.5282944639	-31.9058054758
112	2.9999388349	0.5282944639	-753.1265827874
113	3.5715437260	0.5282944639	-783.0872816681
114	1.1106444531	0.5282944639	-681.6138602630
115	2.4606077605	0.5282944639	-738.9754710430
116	2.2749439747	0.5282944639	-764.8705240012
117	3.2060586316	0.5282944639	-723.2821438087
118	1.8735653359	0.5282944639	-721.0111528595
119	1.8787454621	0.5282944639	-730.1471771261
120	6.2928775714	0.5282944639	-773.9064439857
121	0.5097878794	0.5282944639	-530.2936882125
122	0.1296092123	0.5282944639	-229.7438183958
123	1.7885010952	0.5282944639	-742.4544742737
124	6.8988683992	0.5282944639	-791.2793779364
