site	rate	t	lnL
1	0.0000000000	0.0005622669	-2.5161351920
2	0.0000000000	0.0005622669	-3.2077235258
3	0.0000000000	0.0005622669	-2.1848580625
4	3.2956089365	0.0005622669	-14.4694570129
5	0.0000000000	0.0005622669	-2.1848580625
6	3.1743011675	0.0005622669	-12.6409077842
7	0.0000000000	0.0005622669	-2.4163675103
8	0.0000000000	0.0005622669	-2.8738135365
9	0.0000000000	0.0005622669	-2.4163675103
10	0.0000000000	0.0005622669	-2.5490420264
11	0.0000000000	0.0005622669	-2.7680626899
12	3.1234540345	0.0005622669	-15.3996881842
13	0.0000000000	0.0005622669	-2.5490420264
14	0.0000000000	0.0005622669	-2.5161351920
15	0.0000000000	0.0005622669	-2.0474487325
16	0.0000000000	0.0005622669	-2.0474487325
17	0.0000000000	0.0005622669	-2.5490420264
18	0.0000000000	0.0005622669	-3.4330111185
19	0.0000000000	0.0005622669	-2.0474487325
20	3.5152814566	0.0005622669	-13.1848793522
21	0.0000000000	0.0005622669	-3.2077235258
22	0.0000000000	0.0005622669	-3.0311296598
23	0.0000000000	0.0005622669	-2.0474487325
24	0.0000000000	0.0005622669	-3.0311296598
25	0.0000000000	0.0005622669	-2.5490420264
26	0.0000000000	0.0005622669	-3.4330111185
27	0.0000000000	0.0005622669	-2.8738135365
28	0.0000000000	0.0005622669	-2.1848580625
29	0.0000000000	0.0005622669	-2.1848580625
30	0.0000000000	0.0005622669	-2.0474487325
31	0.0000000000	0.0005622669	-2.8738135365
32	0.0000000000	0.0005622669	-3.2085026455
33	0.0000000000	0.0005622669	-3.4339872045
34	0.0000000000	0.0005622669	-3.7010499897
35	0.0000000000	0.0005622669	-2.7680626899
36	0.0000000000	0.0005622669	-2.8738135365
37	0.0000000000	0.0005622669	-3.4310618002
38	0.0000000000	0.0005622669	-2.0474487325
39	5.1850239736	0.0005622669	-22.7820737426
40	0.0000000000	0.0005622669	-2.8738135365
41	0.0000000000	0.0005622669	-2.5161351920
42	2.5911120038	0.0005622669	-12.8184023980
43	4.3305006970	0.0005622669	-12.2046110092
44	0.0000000000	0.0005622669	-3.2077235258
45	4.3026289474	0.0005622669	-15.0464227010
46	8.7605181683	0.0005622669	-15.7334891317
47	0.0000000000	0.0005622669	-2.4163675103
48	0.0000000000	0.0005622669	-2.1848580625
49	5.8605705154	0.0005622669	-25.0170244115
50	0.0000000000	0.0005622669	-2.0474487325
51	0.0000000000	0.0005622669	-2.5161351920
52	0.0000000000	0.0005622669	-2.4163675103
53	0.0000000000	0.0005622669	-2.4163675103
54	3.0063965442	0.0005622669	-11.8680542373
55	0.0000000000	0.0005622669	-2.8738135365
56	0.0000000000	0.0005622669	-3.0311296598
57	0.0000000000	0.0005622669	-3.4339872045
58	3.1120155503	0.0005622669	-12.1337436335
59	0.0000000000	0.0005622669	-2.5490420264
60	0.0000000000	0.0005622669	-2.7680626899
61	0.0000000000	0.0005622669	-2.1848580625
62	3.1381530534	0.0005622669	-13.0306452970
63	3.1123320683	0.0005622669	-13.3478695020
64	0.0000000000	0.0005622669	-2.5161351920
65	0.0000000000	0.0005622669	-3.7164744601
66	0.0000000000	0.0005622669	-3.7164744601
67	0.0000000000	0.0005622669	-3.7387412608
68	0.0000000000	0.0005622669	-2.5161351920
69	0.0000000000	0.0005622669	-3.7010499897
70	0.0000000000	0.0005622669	-2.7680626899
71	0.0000000000	0.0005622669	-3.2085026455
72	8.6528399110	0.0005622669	-20.0762298129
73	0.0000000000	0.0005622669	-2.1848580625
74	0.0000000000	0.0005622669	-2.5161351920
75	0.0000000000	0.0005622669	-2.0474487325
76	0.0000000000	0.0005622669	-2.0474487325
77	0.0000000000	0.0005622669	-2.1848580625
78	7.5040222582	0.0005622669	-14.0640213797
79	7.5145122692	0.0005622669	-14.3705533436
80	0.0000000000	0.0005622669	-3.2124073751
81	0.0000000000	0.0005622669	-2.0474487325
82	0.0000000000	0.0005622669	-3.4310618002
83	8.0752055090	0.0005622669	-14.2934913334
84	0.0000000000	0.0005622669	-3.2085026455
85	0.0000000000	0.0005622669	-2.0474487325
86	4.2697222168	0.0005622669	-16.2225152062
87	0.0000000000	0.0005622669	-3.4330111185
88	6.0380095808	0.0005622669	-24.7845720282
89	0.0000000000	0.0005622669	-2.0474487325
90	0.0000000000	0.0005622669	-2.7680626899
91	0.0000000000	0.0005622669	-3.7164744601
92	0.0000000000	0.0005622669	-2.1848580625
93	7.7255875549	0.0005622669	-12.8552617145
94	0.0000000000	0.0005622669	-2.8738135365
95	4.2286291784	0.0005622669	-13.8645669861
96	8.7021375791	0.0005622669	-13.5788561897
97	3.1190832923	0.0005622669	-9.9505258724
98	3.1169172146	0.0005622669	-14.0399832601
99	0.0000000000	0.0005622669	-3.2085026455
100	0.0000000000	0.0005622669	-2.5161351920
101	0.0000000000	0.0005622669	-2.4163675103
102	0.0000000000	0.0005622669	-3.4339872045
103	3.5055655147	0.0005622669	-14.9460451833
104	0.0000000000	0.0005622669	-3.4330111185
105	0.0000000000	0.0005622669	-3.0311296598
106	0.0000000000	0.0005622669	-2.0474487325
107	0.0000000000	0.0005622669	-3.2077235258
108	0.0000000000	0.0005622669	-3.7229722087
109	0.0000000000	0.0005622669	-3.2124073751
110	3.4952006861	0.0005622669	-15.6651784309
111	0.0000000000	0.0005622669	-2.1848580625
112	0.0000000000	0.0005622669	-3.2077235258
113	0.0000000000	0.0005622669	-2.4163675103
114	4.3026284029	0.0005622669	-15.0464227010
115	0.0000000000	0.0005622669	-2.4163675103
116	4.2625596260	0.0005622669	-16.2124354211
117	0.0000000000	0.0005622669	-3.4339872045
118	0.0000000000	0.0005622669	-2.4163675103
119	0.0000000000	0.0005622669	-3.7010499897
120	0.0000000000	0.0005622669	-2.4163675103
121	6.0999858558	0.0005622669	-14.3921569740
122	0.0000000000	0.0005622669	-2.1848580625
123	0.0000000000	0.0005622669	-2.0474487325
124	0.0000000000	0.0005622669	-2.7680626899
