site	rate	t	lnL
1	1.5817142596	0.0715077073	-356.1104374459
2	0.7356824553	0.0715077073	-168.9123387632
3	0.7622931236	0.0715077073	-182.6200357461
4	1.1614169904	0.0715077073	-256.5322320211
5	0.0000000000	0.0715077073	-2.3461752172
6	1.2041995960	0.0715077073	-272.1531998755
7	0.8534767212	0.0715077073	-200.4839668517
8	1.1754024209	0.0715077073	-243.8582943446
9	1.4304343137	0.0715077073	-320.3358753905
10	1.5920873506	0.0715077073	-253.8539430770
11	0.2570843266	0.0715077073	-63.6863143808
12	1.4418460051	0.0715077073	-283.1130821413
13	0.5945418802	0.0715077073	-163.2403281238
14	0.3593516882	0.0715077073	-46.7125969891
15	0.4535083704	0.0715077073	-117.8776783187
16	1.9405050436	0.0715077073	-297.2606525376
17	1.3103699837	0.0715077073	-276.7356467218
18	0.9354372102	0.0715077073	-232.4941677951
19	1.0263151955	0.0715077073	-277.2432213527
20	0.0000000000	0.0715077073	-2.5640676898
21	1.8464694396	0.0715077073	-347.8967101831
22	1.7057449573	0.0715077073	-300.2583042214
23	2.0790676467	0.0715077073	-311.5875740162
24	0.2622606351	0.0715077073	-39.0824351520
25	0.6676033232	0.0715077073	-176.4929939925
26	0.2480378521	0.0715077073	-45.4880632382
27	0.1828322008	0.0715077073	-65.6636972066
28	0.0000000000	0.0715077073	-2.3461752172
29	0.0236057014	0.0715077073	-13.8021255376
30	0.2038837546	0.0715077073	-57.5739172433
31	1.4560174486	0.0715077073	-309.1012473965
32	1.5716555300	0.0715077073	-288.8027472829
33	0.3778414389	0.0715077073	-96.8976578196
34	1.4413571488	0.0715077073	-166.0790089468
35	2.0995164591	0.0715077073	-298.9630094391
36	1.0273129101	0.0715077073	-271.8540981469
37	0.9576734337	0.0715077073	-234.6394076796
38	0.9570025779	0.0715077073	-256.5474531525
39	1.3269844444	0.0715077073	-283.2646203275
40	1.8936950967	0.0715077073	-245.7091831582
41	1.3274685887	0.0715077073	-296.8532196652
42	2.3385078571	0.0715077073	-380.5324730415
43	1.4067912154	0.0715077073	-290.7078435950
44	1.2348327121	0.0715077073	-271.7266586007
45	1.2738369751	0.0715077073	-315.9227837827
46	2.4072700823	0.0715077073	-347.0296162568
47	0.8378837942	0.0715077073	-179.3038058040
48	0.6319034767	0.0715077073	-162.2343528072
49	0.4729481163	0.0715077073	-128.0018987673
50	0.6763162902	0.0715077073	-159.3162007503
51	0.0000000000	0.0715077073	-2.5640676898
52	0.3134873771	0.0715077073	-89.1216234856
53	0.3641172257	0.0715077073	-97.3186767408
54	0.5595459357	0.0715077073	-150.3161459525
55	0.3720033349	0.0715077073	-109.9071609390
56	0.1079350901	0.0715077073	-43.9359050199
57	0.1545313722	0.0715077073	-57.4151121198
58	1.5250262048	0.0715077073	-309.4800480887
59	1.3612273843	0.0715077073	-282.2167120350
60	0.5822192787	0.0715077073	-134.7869630647
61	0.0663176033	0.0715077073	-11.7306044692
62	0.8092663393	0.0715077073	-215.0920169747
63	0.1759265910	0.0715077073	-45.4650414091
64	1.3130569204	0.0715077073	-306.3606073267
65	2.0105564227	0.0715077073	-317.5193171165
66	0.7684743213	0.0715077073	-184.7992940518
67	3.1212138957	0.0715077073	-321.5884247777
68	2.1006422987	0.0715077073	-353.2379902443
69	1.5166074931	0.0715077073	-299.4036490155
70	1.0300526771	0.0715077073	-244.5726449260
71	0.5313179949	0.0715077073	-144.7593651072
72	0.7499053176	0.0715077073	-199.2143138503
73	0.0000000000	0.0715077073	-2.3461752172
74	2.5932254710	0.0715077073	-382.0205333645
75	0.4550035017	0.0715077073	-129.9102940002
76	2.3379591375	0.0715077073	-369.4287248916
77	0.0000000000	0.0715077073	-2.3461752172
78	1.1842402338	0.0715077073	-280.5076888147
79	1.7391836998	0.0715077073	-321.0775931467
80	0.9862509493	0.0715077073	-242.9754285463
81	0.4031644353	0.0715077073	-126.3402743524
82	1.3503765806	0.0715077073	-292.9112379689
83	1.8531727135	0.0715077073	-353.3667707992
84	0.6769607975	0.0715077073	-146.9701855978
85	0.5942905052	0.0715077073	-163.6789605518
86	0.8475572969	0.0715077073	-224.4351782214
87	1.4472899841	0.0715077073	-319.1005239451
88	0.2894321762	0.0715077073	-86.9445601549
89	0.0463601184	0.0715077073	-20.5904175995
90	1.3216079497	0.0715077073	-293.1968766336
91	0.1330642381	0.0715077073	-20.9432892903
92	1.6944161381	0.0715077073	-233.0449481122
93	1.1089867867	0.0715077073	-264.4972457695
94	0.4642130028	0.0715077073	-115.8270692036
95	0.0773649741	0.0715077073	-27.7075625584
96	1.0822513487	0.0715077073	-269.8726713620
97	1.5832645277	0.0715077073	-329.4418038818
98	1.2399341354	0.0715077073	-263.7932871543
99	2.9958437930	0.0715077073	-351.9763692695
100	0.2082485358	0.0715077073	-29.4865786253
101	0.1698072596	0.0715077073	-56.0771593963
102	1.7772538409	0.0715077073	-335.3406012889
103	2.0628047762	0.0715077073	-347.1538147754
104	0.1335386496	0.0715077073	-29.7348656371
105	1.6937573442	0.0715077073	-210.1430804649
106	0.6842165626	0.0715077073	-198.4145035749
107	0.1650939472	0.0715077073	-50.4679584566
108	1.7957234968	0.0715077073	-368.0194459970
109	1.3695537103	0.0715077073	-320.9461551637
110	1.1722208609	0.0715077073	-269.1855760002
111	0.0000000000	0.0715077073	-2.3461752172
112	2.4567428634	0.0715077073	-374.9827965652
113	2.0668712852	0.0715077073	-317.0834910065
114	1.4551362443	0.0715077073	-328.5682176722
115	1.0428271528	0.0715077073	-247.3212835371
116	1.2751066439	0.0715077073	-268.1859339776
117	1.1190298242	0.0715077073	-280.2832944455
118	1.3340843862	0.0715077073	-280.9706371520
119	1.1730753235	0.0715077073	-271.9899836167
120	1.3541640175	0.0715077073	-301.5574307520
121	0.5468715029	0.0715077073	-69.2845413447
122	0.1986265079	0.0715077073	-28.0245320211
123	1.4012350986	0.0715077073	-289.2692945854
124	2.8244981300	0.0715077073	-255.0111175108
