site	rate	t	lnL
1	1.6694000426	0.0597870521	-287.7071590433
2	1.1657479229	0.0597870521	-213.8914787480
3	0.8868608439	0.0597870521	-180.6527598026
4	1.3982983554	0.0597870521	-251.5340362308
5	0.0720964494	0.0597870521	-22.0580523690
6	1.9765447258	0.0597870521	-319.4071990810
7	0.2429449805	0.0597870521	-62.4279121657
8	0.8374920344	0.0597870521	-160.7646823098
9	1.4135895852	0.0597870521	-232.6086636084
10	1.4644588454	0.0597870521	-257.6040492130
11	1.7226090815	0.0597870521	-292.1178257705
12	1.8873580613	0.0597870521	-313.2570277081
13	1.0462799103	0.0597870521	-201.3257534081
14	2.0010469855	0.0597870521	-314.5716219142
15	0.2953347748	0.0597870521	-65.3722350465
16	1.5704761731	0.0597870521	-277.5876022702
17	0.5463038646	0.0597870521	-114.5349971125
18	0.7846636354	0.0597870521	-151.7625883174
19	1.0012601389	0.0597870521	-191.4241231112
20	0.2527568967	0.0597870521	-59.9503865018
21	2.3177247198	0.0597870521	-349.2690845356
22	2.2260149455	0.0597870521	-356.3646046094
23	0.4078019227	0.0597870521	-84.3398034550
24	0.2163781810	0.0597870521	-55.7319627210
25	1.8648882559	0.0597870521	-309.5001637690
26	0.6462665212	0.0597870521	-128.9645769287
27	0.3028762724	0.0597870521	-67.9483490271
28	0.0000000000	0.0597870521	-2.4479226561
29	0.1098618332	0.0597870521	-30.1659771950
30	0.6674650275	0.0597870521	-136.1684836171
31	1.2569478139	0.0597870521	-233.8929350208
32	0.4194436244	0.0597870521	-85.0460187205
33	0.2412378946	0.0597870521	-61.0424918022
34	1.5637536395	0.0597870521	-273.2937670093
35	0.8231517215	0.0597870521	-152.8662477560
36	1.7084390641	0.0597870521	-297.3277153347
37	1.4973100062	0.0597870521	-249.9799664243
38	1.7620863745	0.0597870521	-300.0264034163
39	1.5028616562	0.0597870521	-253.6789044957
40	0.5336969426	0.0597870521	-112.1296339535
41	2.0751036823	0.0597870521	-338.3605695931
42	1.4397063257	0.0597870521	-260.7151669485
43	1.0447570788	0.0597870521	-200.6321600018
44	1.9461716317	0.0597870521	-314.4620574756
45	2.4462422021	0.0597870521	-386.0845167785
46	0.6568498857	0.0597870521	-131.7791315524
47	0.8230409517	0.0597870521	-158.0077860986
48	1.2016995186	0.0597870521	-209.7070345748
49	0.7774178395	0.0597870521	-159.6828134407
50	0.3134854129	0.0597870521	-71.5819780904
51	0.0000000000	0.0597870521	-2.4846546654
52	0.3047442332	0.0597870521	-66.5660754008
53	0.3042631732	0.0597870521	-67.8874186303
54	0.7468195772	0.0597870521	-150.7516973706
55	0.3041594661	0.0597870521	-67.0675580470
56	0.4555313340	0.0597870521	-102.4428434814
57	0.2072262111	0.0597870521	-54.9071091965
58	1.0327340184	0.0597870521	-198.1391130078
59	1.5382359336	0.0597870521	-270.1395645562
60	0.3159014996	0.0597870521	-73.3733214031
61	0.0360165797	0.0597870521	-13.4291879584
62	1.3352379281	0.0597870521	-247.1806181489
63	0.2398054387	0.0597870521	-60.3071007398
64	0.3265481031	0.0597870521	-71.4930062249
65	1.4825120522	0.0597870521	-265.0113378312
66	0.1707929336	0.0597870521	-44.3939513799
67	1.7586434102	0.0597870521	-288.9407879905
68	0.3998882217	0.0597870521	-89.3036556437
69	1.7650085943	0.0597870521	-298.3297641950
70	1.1379333582	0.0597870521	-203.4059464808
71	1.5297510637	0.0597870521	-268.2060241441
72	0.9313831523	0.0597870521	-175.4522029489
73	0.0360165814	0.0597870521	-12.8402615067
74	0.5101156209	0.0597870521	-109.0410299934
75	0.4979690134	0.0597870521	-98.5123626971
76	1.1759222721	0.0597870521	-224.6265361644
77	0.5837222646	0.0597870521	-118.5607187413
78	0.9856852681	0.0597870521	-193.0310187376
79	1.3959852422	0.0597870521	-235.2985271867
80	0.2659931492	0.0597870521	-59.8106347325
81	1.5346430357	0.0597870521	-262.3777234447
82	1.7457807346	0.0597870521	-288.7322867280
83	1.5710476006	0.0597870521	-278.1948814175
84	0.4138889056	0.0597870521	-95.2755010743
85	0.2573438913	0.0597870521	-60.6137607143
86	0.3813285165	0.0597870521	-91.6657496980
87	1.2978239327	0.0597870521	-224.7653806474
88	0.8121325533	0.0597870521	-161.1398126821
89	0.3469078759	0.0597870521	-79.3512744241
90	1.5463547473	0.0597870521	-271.6983308094
91	0.0360220251	0.0597870521	-13.4291879698
92	0.7064867199	0.0597870521	-138.5649690061
93	1.1276365256	0.0597870521	-199.9921953503
94	0.6659631857	0.0597870521	-132.6414970607
95	0.4204125509	0.0597870521	-90.8527902313
96	1.5027315451	0.0597870521	-249.2634342871
97	1.6405117099	0.0597870521	-284.4708547104
98	1.4626075831	0.0597870521	-259.2260479723
99	1.5014430998	0.0597870521	-266.2629512722
100	0.0718775889	0.0597870521	-20.7135459647
101	0.3014065567	0.0597870521	-62.7109796817
102	1.1149822448	0.0597870521	-209.2823995832
103	2.0530726579	0.0597870521	-318.9101549229
104	0.0695808291	0.0597870521	-22.5219798985
105	1.3857525369	0.0597870521	-256.4613035618
106	1.5988009413	0.0597870521	-277.1566715909
107	0.2047221868	0.0597870521	-52.3312215877
108	1.3543860258	0.0597870521	-249.3431673181
109	1.6959868287	0.0597870521	-285.4285635180
110	1.9045352785	0.0597870521	-310.4241585751
111	0.0000000000	0.0597870521	-2.4479226561
112	1.7723995562	0.0597870521	-294.6746418758
113	1.4994780982	0.0597870521	-263.4192360601
114	1.2008204190	0.0597870521	-224.9317725982
115	1.7283201995	0.0597870521	-297.8283779935
116	1.8422953487	0.0597870521	-314.9941510058
117	1.7556580544	0.0597870521	-298.3213211027
118	0.7896335027	0.0597870521	-153.4814332363
119	2.0035331893	0.0597870521	-345.6250977524
120	1.0757663477	0.0597870521	-201.7941428163
121	1.3018018689	0.0597870521	-234.3292900307
122	0.0721245735	0.0597870521	-21.5173777957
123	1.5018631373	0.0597870521	-268.8025015451
124	0.9754732876	0.0597870521	-184.0825371773
