site	rate	t	lnL
1	1.5667591618	0.0588245407	-261.0575702144
2	0.3920288424	0.0588245407	-87.0355352208
3	1.2516689526	0.0588245407	-222.1493391969
4	1.2895755258	0.0588245407	-227.5461932437
5	0.0705022078	0.0588245407	-21.9580272235
6	1.8135603295	0.0588245407	-286.8249826063
7	0.5014323486	0.0588245407	-104.4059784025
8	1.2909314879	0.0588245407	-227.7977831222
9	1.2531284231	0.0588245407	-224.3099018616
10	1.2870652936	0.0588245407	-231.8917212056
11	0.5734737828	0.0588245407	-121.1714990669
12	1.6936887405	0.0588245407	-281.3180097309
13	0.6842503619	0.0588245407	-136.8006907481
14	0.7610630469	0.0588245407	-147.8934508624
15	0.6474555597	0.0588245407	-131.5651131686
16	1.2902680898	0.0588245407	-228.7973185575
17	1.4475237381	0.0588245407	-247.2410690495
18	1.9142515490	0.0588245407	-305.3451852239
19	1.3317124896	0.0588245407	-234.3629874605
20	1.2127833824	0.0588245407	-217.7967467315
21	0.7953140011	0.0588245407	-158.3048760787
22	0.8320177498	0.0588245407	-163.6351449534
23	0.7963103772	0.0588245407	-154.9820470248
24	0.0000000000	0.0588245407	-2.9957322736
25	2.5629279451	0.0588245407	-377.6629881553
26	0.6109809194	0.0588245407	-126.3838954050
27	0.4648059239	0.0588245407	-100.6435882891
28	0.0000000000	0.0588245407	-2.9957322736
29	0.1058591465	0.0588245407	-30.2201273352
30	2.0088672175	0.0588245407	-319.4851835445
31	1.0574801045	0.0588245407	-198.3778740917
32	0.8322404089	0.0588245407	-162.5299845512
33	0.3921529457	0.0588245407	-86.2210395509
34	1.7697526903	0.0588245407	-289.9056725982
35	0.8324032984	0.0588245407	-162.1196129268
36	1.9343801459	0.0588245407	-309.3635233607
37	2.0652494717	0.0588245407	-325.3929567217
38	1.6440654242	0.0588245407	-276.4037157358
39	1.4487163774	0.0588245407	-250.3256007476
40	2.1300369937	0.0588245407	-339.4395251171
41	1.4081040304	0.0588245407	-246.0400193507
42	1.2892439930	0.0588245407	-227.8409443029
43	0.6468563595	0.0588245407	-133.7789004354
44	2.3470112006	0.0588245407	-357.4735576111
45	0.7967238955	0.0588245407	-155.4947368019
46	0.3566080133	0.0588245407	-80.5038421034
47	0.5010177024	0.0588245407	-105.3981773126
48	1.4864113513	0.0588245407	-252.1548285290
49	0.6109800341	0.0588245407	-125.2849903634
50	0.8328935489	0.0588245407	-162.1067498244
51	0.0000000000	0.0588245407	-2.9957322736
52	0.6847850052	0.0588245407	-137.8849453623
53	0.3198087803	0.0588245407	-74.7210706709
54	0.9837993776	0.0588245407	-183.4774702580
55	0.5010965422	0.0588245407	-108.2867158169
56	1.0983029340	0.0588245407	-200.7272016949
57	0.0704794913	0.0588245407	-21.9588605622
58	0.6108420440	0.0588245407	-125.2887018705
59	0.9087123509	0.0588245407	-172.8625519062
60	0.1412991600	0.0588245407	-38.1398229792
61	0.0000000000	0.0588245407	-2.9957322736
62	1.3281949802	0.0588245407	-235.4349527560
63	0.7962174900	0.0588245407	-156.0831144422
64	0.3199141486	0.0588245407	-74.7181789025
65	1.3288526992	0.0588245407	-235.4182281115
66	0.3558013976	0.0588245407	-80.9316155048
67	2.1342918097	0.0588245407	-332.7218195058
68	1.5240859005	0.0588245407	-263.7805546968
69	1.6905191423	0.0588245407	-274.8548909050
70	1.5279270395	0.0588245407	-257.3392741624
71	1.3292893119	0.0588245407	-236.9135282013
72	1.3292693220	0.0588245407	-231.4146062168
73	0.0704726894	0.0588245407	-21.9588605529
74	0.2481335346	0.0588245407	-60.5575132307
75	1.1399293647	0.0588245407	-207.8256783456
76	0.9452597726	0.0588245407	-180.9634062785
77	0.1413734646	0.0588245407	-37.0392684782
78	1.5230004763	0.0588245407	-259.5405420814
79	1.2877912011	0.0588245407	-230.3663907015
80	0.3564537928	0.0588245407	-78.3106993430
81	0.8324018870	0.0588245407	-161.8321568785
82	1.9706833287	0.0588245407	-313.4605401367
83	1.4087511262	0.0588245407	-246.3090573897
84	1.5720199572	0.0588245407	-266.3144832267
85	0.5009552990	0.0588245407	-107.1917904623
86	1.4841828845	0.0588245407	-255.8192217501
87	0.8625933598	0.0588245407	-160.7571821627
88	0.8328755570	0.0588245407	-163.2064380034
89	0.4646185639	0.0588245407	-100.6487092388
90	1.4517058610	0.0588245407	-246.8519057673
91	0.0704942138	0.0588245407	-21.9584444145
92	0.8327616240	0.0588245407	-161.0107440623
93	1.0967720509	0.0588245407	-205.1645987257
94	0.5011443430	0.0588245407	-107.1866999627
95	0.5740288084	0.0588245407	-119.0767406230
96	1.4838557849	0.0588245407	-256.2320214717
97	1.1342292216	0.0588245407	-208.6660021256
98	1.5275890104	0.0588245407	-257.3462165053
99	1.3681262355	0.0588245407	-239.0637978164
100	0.2483130089	0.0588245407	-59.1662264096
101	0.1058413751	0.0588245407	-30.2204424083
102	1.0974880812	0.0588245407	-201.8476696537
103	0.6488866987	0.0588245407	-130.4282711888
104	0.2481605994	0.0588245407	-60.5567668952
105	1.5251004331	0.0588245407	-258.1752010769
106	0.9844716379	0.0588245407	-182.4791474381
107	0.3920760234	0.0588245407	-87.3218832160
108	0.6475733289	0.0588245407	-130.4629581066
109	1.7650591626	0.0588245407	-290.5738594062
110	1.2918703087	0.0588245407	-228.7567285736
111	0.0000000000	0.0588245407	-2.9957322736
112	1.8044107698	0.0588245407	-293.0231046042
113	1.7196839883	0.0588245407	-288.3982447302
114	0.3920596270	0.0588245407	-87.3223045015
115	0.9068204874	0.0588245407	-172.6248231874
116	1.2527265444	0.0588245407	-223.3403315253
117	1.7689040044	0.0588245407	-290.0573767108
118	0.9841394129	0.0588245407	-185.6676842387
119	2.4785595817	0.0588245407	-371.5124844049
120	2.1274174640	0.0588245407	-336.9603024654
121	0.3199837076	0.0588245407	-74.7162609794
122	0.0352014223	0.0588245407	-13.1715325036
123	1.4089497300	0.0588245407	-242.2587800140
124	2.3220973172	0.0588245407	-352.4582064070
