site	rate	t	lnL
1	0.0000000000	0.0006215258	-3.4339872045
2	0.0000000000	0.0006215258	-3.0239751577
3	2.2297188421	0.0006215258	-13.7487306659
4	2.2307718606	0.0006215258	-14.7397003422
5	2.4973823824	0.0006215258	-14.2915412036
6	3.3402425783	0.0006215258	-13.9925460762
7	0.0000000000	0.0006215258	-2.1789945807
8	0.0000000000	0.0006215258	-2.1789945807
9	0.0000000000	0.0006215258	-3.4300885641
10	0.0000000000	0.0006215258	-3.2108436532
11	0.0000000000	0.0006215258	-3.2108436532
12	0.0000000000	0.0006215258	-3.4339872045
13	0.0000000000	0.0006215258	-3.4339872045
14	0.0000000000	0.0006215258	-2.1789945807
15	0.0000000000	0.0006215258	-2.1789945807
16	0.0000000000	0.0006215258	-3.2108436532
17	0.0000000000	0.0006215258	-2.5184780279
18	0.0000000000	0.0006215258	-2.5169155276
19	0.0000000000	0.0006215258	-2.2595478121
20	2.6385495743	0.0006215258	-15.5755503726
21	2.0149586362	0.0006215258	-16.4276547437
22	0.0000000000	0.0006215258	-3.4349642441
23	7.0076976265	0.0006215258	-21.5235753304
24	0.0000000000	0.0006215258	-3.4349642441
25	0.0000000000	0.0006215258	-3.4300885641
26	0.0000000000	0.0006215258	-2.5169155276
27	0.0000000000	0.0006215258	-3.4388819769
28	0.0000000000	0.0006215258	-2.2595478121
29	2.8184208836	0.0006215258	-14.0740667587
30	0.0000000000	0.0006215258	-3.2155421740
31	3.3385472107	0.0006215258	-12.7041840696
32	3.4834592951	0.0006215258	-13.3817517423
33	0.0000000000	0.0006215258	-3.4339872045
34	0.0000000000	0.0006215258	-2.7349977483
35	0.0000000000	0.0006215258	-3.0239751577
36	0.0000000000	0.0006215258	-3.2108436532
37	0.0000000000	0.0006215258	-3.4349642441
38	0.0000000000	0.0006215258	-3.2202628751
39	0.0000000000	0.0006215258	-2.5169155276
40	12.8127890156	0.0006215258	-29.1834961161
41	0.0000000000	0.0006215258	-2.1789945807
42	0.0000000000	0.0006215258	-2.7349977483
43	0.0000000000	0.0006215258	-2.5169155276
44	0.0000000000	0.0006215258	-2.8980879432
45	2.6316036514	0.0006215258	-12.4983988246
46	3.1071845699	0.0006215258	-12.3086452360
47	0.0000000000	0.0006215258	-3.4339872045
48	3.5319402765	0.0006215258	-12.1766990323
49	0.0000000000	0.0006215258	-3.4003786645
50	0.0000000000	0.0006215258	-3.0239751577
51	0.0000000000	0.0006215258	-2.5184780279
52	0.0000000000	0.0006215258	-3.6972307617
53	0.0000000000	0.0006215258	-2.1789945807
54	4.0272953299	0.0006215258	-14.8138469915
55	3.3392086617	0.0006215258	-13.2110350410
56	0.0000000000	0.0006215258	-2.7349977483
57	0.0000000000	0.0006215258	-3.4339872045
58	0.0000000000	0.0006215258	-3.4339872045
59	3.6826785817	0.0006215258	-14.1219808369
60	0.0000000000	0.0006215258	-2.5169155276
61	0.0000000000	0.0006215258	-2.2595478121
62	0.0000000000	0.0006215258	-2.1789945807
63	0.0000000000	0.0006215258	-3.2124073751
64	0.0000000000	0.0006215258	-3.0239751577
65	3.8784667871	0.0006215258	-13.2197085330
66	0.0000000000	0.0006215258	-3.2155421740
67	4.0180681160	0.0006215258	-14.0924896201
68	0.0000000000	0.0006215258	-2.5184780279
69	0.0000000000	0.0006215258	-2.2595478121
70	3.4925348211	0.0006215258	-14.2561578256
71	0.0000000000	0.0006215258	-2.5184780279
72	0.0000000000	0.0006215258	-3.4003786645
73	0.0000000000	0.0006215258	-2.2595478121
74	0.0000000000	0.0006215258	-2.5184780279
75	3.9754913110	0.0006215258	-13.9841038797
76	10.9035435162	0.0006215258	-38.1223566746
77	0.0000000000	0.0006215258	-3.4339872045
78	0.0000000000	0.0006215258	-2.1789945807
79	3.7008875491	0.0006215258	-16.3839098710
80	0.0000000000	0.0006215258	-2.8980879432
81	0.0000000000	0.0006215258	-2.7349977483
82	3.6016101413	0.0006215258	-17.0138305398
83	4.4428443132	0.0006215258	-14.0977813899
84	0.0000000000	0.0006215258	-3.2124073751
85	0.0000000000	0.0006215258	-2.1789945807
86	1.9987841027	0.0006215258	-15.4823961100
87	5.0608099245	0.0006215258	-13.1008432130
88	0.0000000000	0.0006215258	-3.6972307617
89	0.0000000000	0.0006215258	-2.1789945807
90	0.0000000000	0.0006215258	-2.1789945807
91	0.0000000000	0.0006215258	-2.2595478121
92	0.0000000000	0.0006215258	-2.8980879432
93	2.2616314773	0.0006215258	-13.1455011156
94	0.0000000000	0.0006215258	-3.2131901541
95	0.0000000000	0.0006215258	-3.4339872045
96	0.0000000000	0.0006215258	-2.2595478121
97	0.0000000000	0.0006215258	-3.0239751577
98	3.4839950201	0.0006215258	-12.6640325596
99	0.0000000000	0.0006215258	-2.5184780279
100	0.0000000000	0.0006215258	-2.5184780279
101	0.0000000000	0.0006215258	-2.1789945807
102	8.0999081492	0.0006215258	-20.7647545729
103	0.0000000000	0.0006215258	-3.2202628751
104	0.0000000000	0.0006215258	-2.5169155276
105	0.0000000000	0.0006215258	-3.4300885641
106	2.2278814495	0.0006215258	-11.2784042536
107	5.0804371845	0.0006215258	-15.0511848677
108	0.0000000000	0.0006215258	-2.7349977483
109	0.0000000000	0.0006215258	-3.2155421740
110	7.4139398643	0.0006215258	-27.3472321140
111	0.0000000000	0.0006215258	-2.2595478121
112	0.0000000000	0.0006215258	-3.0239751577
113	0.0000000000	0.0006215258	-3.4003786645
114	0.0000000000	0.0006215258	-3.2124073751
115	0.0000000000	0.0006215258	-3.2108436532
116	0.0000000000	0.0006215258	-3.4339872045
117	0.0000000000	0.0006215258	-3.2202628751
118	0.0000000000	0.0006215258	-2.5169155276
119	0.0000000000	0.0006215258	-3.2131901541
120	0.0000000000	0.0006215258	-3.4339872045
121	0.0000000000	0.0006215258	-2.5184780279
122	0.0000000000	0.0006215258	-2.1789945807
123	0.0000000000	0.0006215258	-2.5169155276
124	0.0000000000	0.0006215258	-2.5169155276
