site	rate	t	lnL
1	1.2462238114	0.0069933595	-39.8294886699
2	0.8822533661	0.0069933595	-30.1921255384
3	0.8930899436	0.0069933595	-27.1543594313
4	2.0427535851	0.0069933595	-64.4767730203
5	0.0000000000	0.0069933595	-2.3405968598
6	1.4791886467	0.0069933595	-47.1950094648
7	0.3081293151	0.0069933595	-12.6783351951
8	0.0000000000	0.0069933595	-2.1088516655
9	1.7817113879	0.0069933595	-55.6924540174
10	2.3368932103	0.0069933595	-69.9433866558
11	0.3081551617	0.0069933595	-11.6884711492
12	1.2823169431	0.0069933595	-37.1076125228
13	0.2886095913	0.0069933595	-13.3110381547
14	0.3030247477	0.0069933595	-12.9716087124
15	0.6242222658	0.0069933595	-19.7497255253
16	2.0656480312	0.0069933595	-63.1336997420
17	0.0000000000	0.0069933595	-2.6339669808
18	1.1941614216	0.0069933595	-37.5916352903
19	0.2890326390	0.0069933595	-14.0062672309
20	1.2322543421	0.0069933595	-37.3831096927
21	1.2858029093	0.0069933595	-37.0764333633
22	0.6170940532	0.0069933595	-22.0956078226
23	2.4388404483	0.0069933595	-67.7864385112
24	0.0000000000	0.0069933595	-3.1155334734
25	0.8678235130	0.0069933595	-31.1708448385
26	0.5871540714	0.0069933595	-21.0830448420
27	0.0000000000	0.0069933595	-2.3327741341
28	0.0000000000	0.0069933595	-2.3405968598
29	0.0000000000	0.0069933595	-2.1088516655
30	0.9375652640	0.0069933595	-27.8394224908
31	1.4738658180	0.0069933595	-46.9188012091
32	1.7466889970	0.0069933595	-55.2812967914
33	0.0000000000	0.0069933595	-2.9563225662
34	1.1409354602	0.0069933595	-40.3406212878
35	0.0000000000	0.0069933595	-2.4395786933
36	0.5792135169	0.0069933595	-24.4984463871
37	0.0000000000	0.0069933595	-3.1155334734
38	0.5901655601	0.0069933595	-22.5969107080
39	1.2509945989	0.0069933595	-36.9472292013
40	0.8950490210	0.0069933595	-33.4194515509
41	0.2934338209	0.0069933595	-13.5759374135
42	0.8929754877	0.0069933595	-28.4247825042
43	0.5988873795	0.0069933595	-22.8835025499
44	1.4516051432	0.0069933595	-46.9259204404
45	0.8885158133	0.0069933595	-29.1452701098
46	1.1788610249	0.0069933595	-37.8669338106
47	1.2373464310	0.0069933595	-39.3641777908
48	1.4828125327	0.0069933595	-48.2902425334
49	2.1748618699	0.0069933595	-58.8770191442
50	0.0000000000	0.0069933595	-2.4395786933
51	0.0000000000	0.0069933595	-2.6339669808
52	0.3201833405	0.0069933595	-12.3261780067
53	0.5913716906	0.0069933595	-22.5328821715
54	1.1822242227	0.0069933595	-39.3087645392
55	0.3180632606	0.0069933595	-11.5500548987
56	1.2508538436	0.0069933595	-38.0585340984
57	0.0000000000	0.0069933595	-2.9563225662
58	1.4717203884	0.0069933595	-49.0803322713
59	3.2610571974	0.0069933595	-91.4815195888
60	0.9629101036	0.0069933595	-28.6419165026
61	0.0000000000	0.0069933595	-2.3405968598
62	1.4852450544	0.0069933595	-45.8942862078
63	0.2881610907	0.0069933595	-14.5553455608
64	0.8824052067	0.0069933595	-29.8655986514
65	1.5627207687	0.0069933595	-45.3853361392
66	1.2161291547	0.0069933595	-36.3084192285
67	2.0661913286	0.0069933595	-63.9221057215
68	0.3030247215	0.0069933595	-13.4121786788
69	1.1818313767	0.0069933595	-38.5478175281
70	0.8830555151	0.0069933595	-30.4955273868
71	0.8688566590	0.0069933595	-32.4186292730
72	0.3201832966	0.0069933595	-11.5434186675
73	0.0000000000	0.0069933595	-2.3405968598
74	0.3030247142	0.0069933595	-13.4121786788
75	0.6222458236	0.0069933595	-21.1924131667
76	0.9370568432	0.0069933595	-28.7813902646
77	0.3112588936	0.0069933595	-12.6767940746
78	1.8760856551	0.0069933595	-54.4607003972
79	2.6659080988	0.0069933595	-74.5748890335
80	1.1961076497	0.0069933595	-38.0368300191
81	2.3113655544	0.0069933595	-68.4320719305
82	1.7310476851	0.0069933595	-55.5596768630
83	1.4963632537	0.0069933595	-46.5008288885
84	3.1145016337	0.0069933595	-83.2216924167
85	0.3197951487	0.0069933595	-12.8332560703
86	0.8926820410	0.0069933595	-29.6850367222
87	1.4511502744	0.0069933595	-45.5988704364
88	0.0000000000	0.0069933595	-3.5174537355
89	0.3201833176	0.0069933595	-11.5434186675
90	0.8881610244	0.0069933595	-29.2720828868
91	0.0000000000	0.0069933595	-2.3405968598
92	0.5868915231	0.0069933595	-23.2916974254
93	2.6698618257	0.0069933595	-79.3036881267
94	0.3200989191	0.0069933595	-11.6504869316
95	0.0000000000	0.0069933595	-2.3327741341
96	0.9628791698	0.0069933595	-28.9829243140
97	2.4055103322	0.0069933595	-67.2310902788
98	1.5488152622	0.0069933595	-44.1577338690
99	0.2978727644	0.0069933595	-14.6666583603
100	0.0000000000	0.0069933595	-2.6339669808
101	0.0000000000	0.0069933595	-2.1088516655
102	2.0729622917	0.0069933595	-62.0022271210
103	0.6233299351	0.0069933595	-19.6535963403
104	0.0000000000	0.0069933595	-3.2131901541
105	1.7645223783	0.0069933595	-58.0670530311
106	0.8948506811	0.0069933595	-30.0541597055
107	0.9618157047	0.0069933595	-29.5020051197
108	1.5624291657	0.0069933595	-48.0545302269
109	1.9319196458	0.0069933595	-51.2011825869
110	2.7145493963	0.0069933595	-77.0074971100
111	0.0000000000	0.0069933595	-2.3405968598
112	1.1645158376	0.0069933595	-36.7273429176
113	0.2978727026	0.0069933595	-14.2372960111
114	1.8780686539	0.0069933595	-55.0489111015
115	1.2414168488	0.0069933595	-38.7962410903
116	1.7847190999	0.0069933595	-52.7913506476
117	1.7474777488	0.0069933595	-53.2761699971
118	2.6960085274	0.0069933595	-76.8817623932
119	1.7777777176	0.0069933595	-51.3149879445
120	1.5625097543	0.0069933595	-46.5850660906
121	0.0000000000	0.0069933595	-2.6339669808
122	0.0000000000	0.0069933595	-2.3405968598
123	1.1755529887	0.0069933595	-39.4397162986
124	2.6238494805	0.0069933595	-75.8022248579
