site	rate	t	lnL
1	4.1503002838	0.0059934851	-61.2373854489
2	0.3482200768	0.0059934851	-14.9016563797
3	1.3184092852	0.0059934851	-33.4942506633
4	1.0410341028	0.0059934851	-38.5171726162
5	0.0000000000	0.0059934851	-2.4956751076
6	1.5108065549	0.0059934851	-43.4805705531
7	0.0000000000	0.0059934851	-2.2815133078
8	0.6498945032	0.0059934851	-24.8927048145
9	2.2290796648	0.0059934851	-50.0963128427
10	1.3165792292	0.0059934851	-42.7172072053
11	1.4987689676	0.0059934851	-45.0541207967
12	1.4172481042	0.0059934851	-26.8139616001
13	0.6450656059	0.0059934851	-20.7966864032
14	0.0000000000	0.0059934851	-2.7442638473
15	0.0000000000	0.0059934851	-3.0792672954
16	0.8585111500	0.0059934851	-23.3835841250
17	0.6612786908	0.0059934851	-27.8864223405
18	0.5677716148	0.0059934851	-14.3905775246
19	0.9637693846	0.0059934851	-37.7062561153
20	0.0000000000	0.0059934851	-2.7442638473
21	0.0000000000	0.0059934851	-3.0792672954
22	2.6675179498	0.0059934851	-58.3241950017
23	4.8031902949	0.0059934851	-69.0613770010
24	0.6691649332	0.0059934851	-11.5998336210
25	1.3232615140	0.0059934851	-32.3251944062
26	0.0000000000	0.0059934851	-4.0501010086
27	0.2920955598	0.0059934851	-15.4048389426
28	0.0000000000	0.0059934851	-2.4956751076
29	0.0000000000	0.0059934851	-2.2815133078
30	0.6305729863	0.0059934851	-26.5263320412
31	0.0000000000	0.0059934851	-3.0792672954
32	1.6876106349	0.0059934851	-29.9853409073
33	0.4743037344	0.0059934851	-17.1148522047
34	0.7211757354	0.0059934851	-23.3709212719
35	0.5808248316	0.0059934851	-21.8210099335
36	2.3631478957	0.0059934851	-64.8716097089
37	1.5143495959	0.0059934851	-61.8729459278
38	2.2840484553	0.0059934851	-38.2453455586
39	4.9400621036	0.0059934851	-49.5649161503
40	0.0000000000	0.0059934851	-3.7048838602
41	4.2330467973	0.0059934851	-72.7486203647
42	1.5268869835	0.0059934851	-46.4987498187
43	0.6529000376	0.0059934851	-24.6121634212
44	1.9953034212	0.0059934851	-55.2985259524
45	0.0000000000	0.0059934851	-2.6458850208
46	0.6532040752	0.0059934851	-21.8447829113
47	0.0000000000	0.0059934851	-2.7408400239
48	1.4710597329	0.0059934851	-51.2259216861
49	3.0274723726	0.0059934851	-62.6546807604
50	0.0000000000	0.0059934851	-2.7955313548
51	0.0000000000	0.0059934851	-2.7442638473
52	0.2901721688	0.0059934851	-15.0913177910
53	0.0000000000	0.0059934851	-2.1080733544
54	0.4831553554	0.0059934851	-25.7472447711
55	0.9181217081	0.0059934851	-36.3489763219
56	0.3508411352	0.0059934851	-12.7576223466
57	0.0000000000	0.0059934851	-3.1899692965
58	1.6486987268	0.0059934851	-26.5770702835
59	0.9850495454	0.0059934851	-41.9967750552
60	0.0000000000	0.0059934851	-2.2815133078
61	0.0000000000	0.0059934851	-2.4956751076
62	5.1194983598	0.0059934851	-67.6036176857
63	0.0000000000	0.0059934851	-2.6458850208
64	0.3562428733	0.0059934851	-12.9301962912
65	10.9471670782	0.0059934851	-92.2713706157
66	1.1286042604	0.0059934851	-37.4992745954
67	2.9585307625	0.0059934851	-34.4427495766
68	0.0000000000	0.0059934851	-2.7442638473
69	5.7712086731	0.0059934851	-80.3778030381
70	1.3586276685	0.0059934851	-30.5152930498
71	0.0000000000	0.0059934851	-2.4956751076
72	2.3273528210	0.0059934851	-50.0444888591
73	0.0000000000	0.0059934851	-2.7408400239
74	0.7310549702	0.0059934851	-21.1014772690
75	0.0000000000	0.0059934851	-2.1080733544
76	1.1954367587	0.0059934851	-36.8756889812
77	0.0000000000	0.0059934851	-2.4956751076
78	2.0189710438	0.0059934851	-24.3154000634
79	5.1341591449	0.0059934851	-44.7918623681
80	0.5670586948	0.0059934851	-12.0239786179
81	0.7288561218	0.0059934851	-31.1123322689
82	1.8401686482	0.0059934851	-64.5134064636
83	1.8048935055	0.0059934851	-38.6491060638
84	0.0000000000	0.0059934851	-2.6458850208
85	0.5857746241	0.0059934851	-23.4439689042
86	1.0558153491	0.0059934851	-36.8218397271
87	1.3449065226	0.0059934851	-24.1165365779
88	4.7229489164	0.0059934851	-91.5512509413
89	0.0000000000	0.0059934851	-3.4127303655
90	1.6396129825	0.0059934851	-48.1760402678
91	0.0000000000	0.0059934851	-2.4956751076
92	0.0000000000	0.0059934851	-2.2815133078
93	2.8458971809	0.0059934851	-48.1541491551
94	0.5716329696	0.0059934851	-16.2482317655
95	0.2920955771	0.0059934851	-15.4048389426
96	1.1464787626	0.0059934851	-22.4653856717
97	2.1686269461	0.0059934851	-59.9152726208
98	1.4979976231	0.0059934851	-67.5087890027
99	1.1298744280	0.0059934851	-24.7011432742
100	0.0000000000	0.0059934851	-2.7442638473
101	0.0000000000	0.0059934851	-2.2815133078
102	1.2105849409	0.0059934851	-37.9329167178
103	0.7901755252	0.0059934851	-35.4322823596
104	0.0000000000	0.0059934851	-4.0501010086
105	2.0275308355	0.0059934851	-34.9703101427
106	0.7015503589	0.0059934851	-21.7863137392
107	0.0000000000	0.0059934851	-2.7955313548
108	1.2150233135	0.0059934851	-48.6717408806
109	0.9910418810	0.0059934851	-36.7802551756
110	3.0307785590	0.0059934851	-82.3452200869
111	0.0000000000	0.0059934851	-2.4956751076
112	1.4936919990	0.0059934851	-36.1254699707
113	0.3243134451	0.0059934851	-13.5485983743
114	0.4429721363	0.0059934851	-13.1783023862
115	1.1481123895	0.0059934851	-22.8071056794
116	0.4851705904	0.0059934851	-24.9307435906
117	1.7158714077	0.0059934851	-51.9133985858
118	1.3193775247	0.0059934851	-42.5336215670
119	0.0000000000	0.0059934851	-2.1080733544
120	1.6677690638	0.0059934851	-35.6424115600
121	2.4235707869	0.0059934851	-64.9242440284
122	0.3010059111	0.0059934851	-12.4509799276
123	2.1817214056	0.0059934851	-60.4003941773
124	1.8916440753	0.0059934851	-53.0907807212
