site	rate	t	lnL
1	2.0717211162	0.3621669839	-732.6503819766
2	0.7913374346	0.3621669839	-564.2119382781
3	2.3512882503	0.3621669839	-746.9381918590
4	1.8664998165	0.3621669839	-726.8148842353
5	0.0696088325	0.3621669839	-92.9223095577
6	1.7796843669	0.3621669839	-729.7182696161
7	0.5982152907	0.3621669839	-474.2212788146
8	0.9376841696	0.3621669839	-604.3852656475
9	1.9444436661	0.3621669839	-736.9006669791
10	2.4011511200	0.3621669839	-745.9041320446
11	0.6167623220	0.3621669839	-481.6591757028
12	2.6147803250	0.3621669839	-749.5748523690
13	1.1913054757	0.3621669839	-664.7898990827
14	1.1081332351	0.3621669839	-649.8694755749
15	0.6068356164	0.3621669839	-484.3696252677
16	1.8924127705	0.3621669839	-736.6220370023
17	1.5731340718	0.3621669839	-724.2523222486
18	1.2264639550	0.3621669839	-674.9667923254
19	1.9863604852	0.3621669839	-736.2558317078
20	0.2804866242	0.3621669839	-273.9291764760
21	1.0313584760	0.3621669839	-638.9653812562
22	1.4320235337	0.3621669839	-699.5943822174
23	0.7240167596	0.3621669839	-533.8014135754
24	0.1781872171	0.3621669839	-203.7704722609
25	1.4105555285	0.3621669839	-700.9057367353
26	0.2170478119	0.3621669839	-235.2144360311
27	0.4001855090	0.3621669839	-369.4234909530
28	0.0057166949	0.3621669839	-13.1715324922
29	0.1597678044	0.3621669839	-183.4809712525
30	0.6745132944	0.3621669839	-511.2460528304
31	1.7388694039	0.3621669839	-719.8337990252
32	1.0002100286	0.3621669839	-628.8550075898
33	0.2725557687	0.3621669839	-281.6444855661
34	1.3745525675	0.3621669839	-704.7293465904
35	1.0731074154	0.3621669839	-641.9549088386
36	2.6633497059	0.3621669839	-750.9256124454
37	1.3294113973	0.3621669839	-688.1083504003
38	2.3220338534	0.3621669839	-737.9005024712
39	2.6413393233	0.3621669839	-749.8938308282
40	1.1672807067	0.3621669839	-651.1791034600
41	1.5022833314	0.3621669839	-715.9403722762
42	2.4876961165	0.3621669839	-745.7876239631
43	1.8793020213	0.3621669839	-731.3298266598
44	2.6034559091	0.3621669839	-746.1391851341
45	1.5663739278	0.3621669839	-716.0730742500
46	0.5456398349	0.3621669839	-435.3357304685
47	0.7394133149	0.3621669839	-537.2635641952
48	1.2649238068	0.3621669839	-682.8296426939
49	1.1719488884	0.3621669839	-664.3354629125
50	0.7315705313	0.3621669839	-537.8148963709
51	0.0114470282	0.3621669839	-21.9588605555
52	0.5094706366	0.3621669839	-436.0975230339
53	0.8800892382	0.3621669839	-599.5806829906
54	0.9633992445	0.3621669839	-613.5322436944
55	0.5803132433	0.3621669839	-461.6816148773
56	1.3930442183	0.3621669839	-696.0008687724
57	0.1352210191	0.3621669839	-159.8843830031
58	0.9636857692	0.3621669839	-611.3151648487
59	1.4676909346	0.3621669839	-713.0205540312
60	0.5641246387	0.3621669839	-464.6828576502
61	0.3820559777	0.3621669839	-350.3895811047
62	2.0985725814	0.3621669839	-739.3278684121
63	0.3727782449	0.3621669839	-347.8303484952
64	0.9363254658	0.3621669839	-603.3561886750
65	2.5509349185	0.3621669839	-753.6527764812
66	0.4626638136	0.3621669839	-398.5546641560
67	3.4901754332	0.3621669839	-760.8191704067
68	0.7041938433	0.3621669839	-526.1428478003
69	2.5083952863	0.3621669839	-749.2889193866
70	2.6884320503	0.3621669839	-753.3442499290
71	1.4722295088	0.3621669839	-712.0277976925
72	1.6263627992	0.3621669839	-712.9689147677
73	0.0578539900	0.3621669839	-80.5152675505
74	1.1095321158	0.3621669839	-650.1778919226
75	1.0504542089	0.3621669839	-639.2347772997
76	1.7253866549	0.3621669839	-726.1671037468
77	0.1475941328	0.3621669839	-169.2912478702
78	2.2903024675	0.3621669839	-742.4745652299
79	1.9402888033	0.3621669839	-727.2151458918
80	0.6859217075	0.3621669839	-509.2932030906
81	1.2487687283	0.3621669839	-682.7919419566
82	2.4421113500	0.3621669839	-745.7617465762
83	2.8025988521	0.3621669839	-754.9778817830
84	0.6549183130	0.3621669839	-495.4327482585
85	0.5837583102	0.3621669839	-462.7344936529
86	1.3629271449	0.3621669839	-686.0738350357
87	1.6265133942	0.3621669839	-733.7123473663
88	0.7390001155	0.3621669839	-548.2509168618
89	0.5034270861	0.3621669839	-431.2683222950
90	2.3450970951	0.3621669839	-742.2485497344
91	0.0695205386	0.3621669839	-93.3427248383
92	0.8047144671	0.3621669839	-560.4375181825
93	1.4689637093	0.3621669839	-700.0724947519
94	0.5655297471	0.3621669839	-458.1490356424
95	0.7600975701	0.3621669839	-548.2373778334
96	2.0334029671	0.3621669839	-739.0784996075
97	1.5332863567	0.3621669839	-712.5669686034
98	0.9018360539	0.3621669839	-591.3089584512
99	2.3201939802	0.3621669839	-742.7903751249
100	0.1848264122	0.3621669839	-199.6045769012
101	0.3941627894	0.3621669839	-360.6600742533
102	2.6846242843	0.3621669839	-752.8970265795
103	1.0882237649	0.3621669839	-645.7053281395
104	0.4613024422	0.3621669839	-399.5216747420
105	1.3657442259	0.3621669839	-695.4934067544
106	1.6602177796	0.3621669839	-725.9764138381
107	0.5074921060	0.3621669839	-436.7232294196
108	2.2338262521	0.3621669839	-740.6123136071
109	2.4570197038	0.3621669839	-747.2376924550
110	2.2492598834	0.3621669839	-741.8090705366
111	0.0114482274	0.3621669839	-21.9586521267
112	2.6596308669	0.3621669839	-752.8473616704
113	2.1302705777	0.3621669839	-740.1847105796
114	0.9177500751	0.3621669839	-595.3016866234
115	1.3490228399	0.3621669839	-686.7541241779
116	2.2073386257	0.3621669839	-740.4633836601
117	2.4624019771	0.3621669839	-754.8174831547
118	1.2273421096	0.3621669839	-670.4598700350
119	1.3266266592	0.3621669839	-696.1102000966
120	2.5258510057	0.3621669839	-750.8019808989
121	0.3954634452	0.3621669839	-358.7263306742
122	0.1476773398	0.3621669839	-168.6882174385
123	1.9610197092	0.3621669839	-738.7860223788
124	2.3833943380	0.3621669839	-743.9911242261
