site	rate	t	lnL
1	0.0000000000	0.0007394050	-3.0252721748
2	0.0000000000	0.0007394050	-2.7452442395
3	2.3827988102	0.0007394050	-15.3125268982
4	0.0000000000	0.0007394050	-2.8665892761
5	0.0000000000	0.0007394050	-2.4230967724
6	0.0000000000	0.0007394050	-3.2116252085
7	0.0000000000	0.0007394050	-2.6230569883
8	0.0000000000	0.0007394050	-2.2538309318
9	6.2642450752	0.0007394050	-11.8174078455
10	2.9082427574	0.0007394050	-14.6627252944
11	0.0000000000	0.0007394050	-2.7452442395
12	4.4588406880	0.0007394050	-27.4093371547
13	0.0000000000	0.0007394050	-3.2100627082
14	0.0000000000	0.0007394050	-2.8732559675
15	0.0000000000	0.0007394050	-2.1834588738
16	0.0000000000	0.0007394050	-3.0311296598
17	2.9115754206	0.0007394050	-12.6678603076
18	0.0000000000	0.0007394050	-2.8760469266
19	0.0000000000	0.0007394050	-2.1834588738
20	0.0000000000	0.0007394050	-2.8732559675
21	0.0000000000	0.0007394050	-3.7190684952
22	2.9115758122	0.0007394050	-12.6678603076
23	0.0000000000	0.0007394050	-2.1834588738
24	0.0000000000	0.0007394050	-3.2163274115
25	0.0000000000	0.0007394050	-3.4349642441
26	0.0000000000	0.0007394050	-2.8760469266
27	0.0000000000	0.0007394050	-2.2538309318
28	0.0000000000	0.0007394050	-2.4230967724
29	0.0000000000	0.0007394050	-2.2538309318
30	0.0000000000	0.0007394050	-3.4349642441
31	0.0000000000	0.0007394050	-3.7190684952
32	0.0000000000	0.0007394050	-3.4330111185
33	0.0000000000	0.0007394050	-3.0252721748
34	0.0000000000	0.0007394050	-3.4330111185
35	0.0000000000	0.0007394050	-3.2069450128
36	0.0000000000	0.0007394050	-2.7452442395
37	3.8658164751	0.0007394050	-20.2332750546
38	7.4203971523	0.0007394050	-25.4090081652
39	0.0000000000	0.0007394050	-3.0311296598
40	0.0000000000	0.0007394050	-2.8665892761
41	0.0000000000	0.0007394050	-2.6230569883
42	0.0000000000	0.0007394050	-2.2538309318
43	5.8753109217	0.0007394050	-23.8212562245
44	0.0000000000	0.0007394050	-2.6230569883
45	0.0000000000	0.0007394050	-2.8760469266
46	9.8411498123	0.0007394050	-12.7256450900
47	0.0000000000	0.0007394050	-3.0252721748
48	0.0000000000	0.0007394050	-3.4349642441
49	0.0000000000	0.0007394050	-3.2069450128
50	0.0000000000	0.0007394050	-2.8760469266
51	0.0000000000	0.0007394050	-2.8732559675
52	0.0000000000	0.0007394050	-3.2100627082
53	4.2030758190	0.0007394050	-16.4274199404
54	0.0000000000	0.0007394050	-3.2069450128
55	2.5857399085	0.0007394050	-13.5742277594
56	0.0000000000	0.0007394050	-2.1834588738
57	0.0000000000	0.0007394050	-3.0252721748
58	0.0000000000	0.0007394050	-2.1834588738
59	0.0000000000	0.0007394050	-2.8760469266
60	0.0000000000	0.0007394050	-2.1834588738
61	0.0000000000	0.0007394050	-2.4230967724
62	0.0000000000	0.0007394050	-2.4230967724
63	3.2634909600	0.0007394050	-13.3299130264
64	2.9609954391	0.0007394050	-14.2746127725
65	1.9332271270	0.0007394050	-17.0134130338
66	0.0000000000	0.0007394050	-2.8665892761
67	1.8786647319	0.0007394050	-13.2767811758
68	0.0000000000	0.0007394050	-2.8732559675
69	0.0000000000	0.0007394050	-3.2116252085
70	3.2611057450	0.0007394050	-11.3513749021
71	0.0000000000	0.0007394050	-2.4230967724
72	0.0000000000	0.0007394050	-2.8665892761
73	0.0000000000	0.0007394050	-2.4230967724
74	0.0000000000	0.0007394050	-3.2069450128
75	4.8463572534	0.0007394050	-15.0530241749
76	3.2433930502	0.0007394050	-13.5045379048
77	0.0000000000	0.0007394050	-2.4230967724
78	3.2642262283	0.0007394050	-14.0109966183
79	0.0000000000	0.0007394050	-3.2116252085
80	0.0000000000	0.0007394050	-2.1834588738
81	0.0000000000	0.0007394050	-3.2100627082
82	0.0000000000	0.0007394050	-2.7452442395
83	12.6282797196	0.0007394050	-20.2553355232
84	0.0000000000	0.0007394050	-4.8047773791
85	0.0000000000	0.0007394050	-2.2538309318
86	3.6637641560	0.0007394050	-13.9049647562
87	0.0000000000	0.0007394050	-2.2538309318
88	4.3852446464	0.0007394050	-14.1742018915
89	0.0000000000	0.0007394050	-2.2538309318
90	2.5830583613	0.0007394050	-13.9368296093
91	0.0000000000	0.0007394050	-2.4230967724
92	2.8833356957	0.0007394050	-10.1704596333
93	0.0000000000	0.0007394050	-2.6230569883
94	0.0000000000	0.0007394050	-2.2538309318
95	0.0000000000	0.0007394050	-2.8665892761
96	8.6155882043	0.0007394050	-24.7474238933
97	2.9680028077	0.0007394050	-14.0523368651
98	0.0000000000	0.0007394050	-3.0311296598
99	0.0000000000	0.0007394050	-2.1834588738
100	0.0000000000	0.0007394050	-2.8732559675
101	0.0000000000	0.0007394050	-2.1834588738
102	2.1735694877	0.0007394050	-13.5398024375
103	0.0000000000	0.0007394050	-2.2538309318
104	0.0000000000	0.0007394050	-2.8732559675
105	4.8589776929	0.0007394050	-17.6459348494
106	4.1412593055	0.0007394050	-23.8989904157
107	0.0000000000	0.0007394050	-2.2538309318
108	0.0000000000	0.0007394050	-4.1212921094
109	0.0000000000	0.0007394050	-2.7452442395
110	2.1566636188	0.0007394050	-13.8580624281
111	0.0000000000	0.0007394050	-2.4230967724
112	0.0000000000	0.0007394050	-2.8665892761
113	0.0000000000	0.0007394050	-2.8760469266
114	4.2456031829	0.0007394050	-12.3629033973
115	0.0000000000	0.0007394050	-3.2163274115
116	4.4584037592	0.0007394050	-12.4464997232
117	0.0000000000	0.0007394050	-3.0311296598
118	0.0000000000	0.0007394050	-2.7452442395
119	2.5812579682	0.0007394050	-14.7714914047
120	3.2706323913	0.0007394050	-14.0090331336
121	0.0000000000	0.0007394050	-2.8732559675
122	1.6594918687	0.0007394050	-14.4712362668
123	0.0000000000	0.0007394050	-3.2163274115
124	4.7416025025	0.0007394050	-25.0365769650
