site	rate	t	lnL
1	2.2501205541	0.3555996787	-742.1636216218
2	0.6948031894	0.3555996787	-516.2195825765
3	2.0604741250	0.3555996787	-732.9911501465
4	2.1172797703	0.3555996787	-747.2529647664
5	0.0529401884	0.3555996787	-72.5176250966
6	2.1207996983	0.3555996787	-733.5139378710
7	0.4535338450	0.3555996787	-394.5615308563
8	0.9695533860	0.3555996787	-605.2942171717
9	2.2035369316	0.3555996787	-736.6123785985
10	1.8730461277	0.3555996787	-726.1803503795
11	0.5954117337	0.3555996787	-469.3474807049
12	2.7668950793	0.3555996787	-749.6509679725
13	1.4392546947	0.3555996787	-704.7564121556
14	0.4442326420	0.3555996787	-383.0187869058
15	0.6621382674	0.3555996787	-504.1899129380
16	1.4298277383	0.3555996787	-697.5075338405
17	1.1456959570	0.3555996787	-656.3345759490
18	1.2618980805	0.3555996787	-677.9381074548
19	2.4833986533	0.3555996787	-745.2778615856
20	0.5209343178	0.3555996787	-421.3906066769
21	1.1073981988	0.3555996787	-635.3697889253
22	1.4894813411	0.3555996787	-701.6473349846
23	0.7302644656	0.3555996787	-527.3423395470
24	0.1069695612	0.3555996787	-133.0916004942
25	1.8577761945	0.3555996787	-725.4860912968
26	0.2600534811	0.3555996787	-263.4100576994
27	0.5597571860	0.3555996787	-445.4130461261
28	0.0116623432	0.3555996787	-21.9588607021
29	0.2072281420	0.3555996787	-220.2935959284
30	0.7460148360	0.3555996787	-535.5139927649
31	2.5699209076	0.3555996787	-749.0860291168
32	0.9225966258	0.3555996787	-595.0749095336
33	0.2724841883	0.3555996787	-272.4508594758
34	1.2602804299	0.3555996787	-671.7510219748
35	1.1363924093	0.3555996787	-655.3662263341
36	2.6909765675	0.3555996787	-747.4589683612
37	1.3377111111	0.3555996787	-693.3132322169
38	2.4950113727	0.3555996787	-748.0342092802
39	1.9370203026	0.3555996787	-735.3029038654
40	1.4673211463	0.3555996787	-711.5558253426
41	1.5683505589	0.3555996787	-720.2557816764
42	2.6301040358	0.3555996787	-747.5079889056
43	1.6283577711	0.3555996787	-713.7818077139
44	2.2708934995	0.3555996787	-739.3716695663
45	1.4265954589	0.3555996787	-690.3592854591
46	0.6236459058	0.3555996787	-478.9177409058
47	0.9151147194	0.3555996787	-598.3332786822
48	1.4697454013	0.3555996787	-704.3975751893
49	0.8619206187	0.3555996787	-579.2464264222
50	0.8657462284	0.3555996787	-577.9180919820
51	0.0175146806	0.3555996787	-29.1207947621
52	0.5919518676	0.3555996787	-471.5677352967
53	0.7609060503	0.3555996787	-541.9556749164
54	0.9017094807	0.3555996787	-589.2637892209
55	0.7390206442	0.3555996787	-536.6681434325
56	1.2956499784	0.3555996787	-676.1719531770
57	0.1626984223	0.3555996787	-181.3010475039
58	1.2537227034	0.3555996787	-671.7141548171
59	1.8933465500	0.3555996787	-731.7030176603
60	0.6113828534	0.3555996787	-477.5512089376
61	0.1072541215	0.3555996787	-125.6774977867
62	2.2037257240	0.3555996787	-734.8898181535
63	0.3873990579	0.3555996787	-348.7451810753
64	0.7792901405	0.3555996787	-545.1715119102
65	2.2328997222	0.3555996787	-746.7838818722
66	0.2455642998	0.3555996787	-250.5458391109
67	2.7605797944	0.3555996787	-749.7287820841
68	0.9412372376	0.3555996787	-604.0894972971
69	2.3409850689	0.3555996787	-742.2568447732
70	1.7882729757	0.3555996787	-720.6996841922
71	1.2335234648	0.3555996787	-669.6356668303
72	1.5377287854	0.3555996787	-720.5587853882
73	0.1011285406	0.3555996787	-125.2764451441
74	0.8793421041	0.3555996787	-578.6125129132
75	1.0329025213	0.3555996787	-636.5222350849
76	1.7746942705	0.3555996787	-726.7961129761
77	0.0949786284	0.3555996787	-117.8565294430
78	2.7480288940	0.3555996787	-751.7481008911
79	2.2548597959	0.3555996787	-738.9311183608
80	0.6386645461	0.3555996787	-485.2258421268
81	1.4127900744	0.3555996787	-692.4693027881
82	2.3451743646	0.3555996787	-740.1838409681
83	2.8535772453	0.3555996787	-754.3574932809
84	0.5284424248	0.3555996787	-435.8366888175
85	0.7807338549	0.3555996787	-552.7525175696
86	1.3209598840	0.3555996787	-683.5146496291
87	1.8430547633	0.3555996787	-724.4624439710
88	0.5800152236	0.3555996787	-462.9303641815
89	0.3183603737	0.3555996787	-307.9326184083
90	2.4188425093	0.3555996787	-744.8863718562
91	0.1073620165	0.3555996787	-129.3250234646
92	0.6906151584	0.3555996787	-522.7945542806
93	1.6290831102	0.3555996787	-710.0061424656
94	0.5064599775	0.3555996787	-420.5356652048
95	0.4601703541	0.3555996787	-399.7749978358
96	2.2349062283	0.3555996787	-741.8847349727
97	1.7979918753	0.3555996787	-730.0052323245
98	1.2429054930	0.3555996787	-668.0087852903
99	1.9270443319	0.3555996787	-729.3683768657
100	0.1884004015	0.3555996787	-200.1191710337
101	0.3042233968	0.3555996787	-297.7646119682
102	2.1704522554	0.3555996787	-742.8071804810
103	1.1466478916	0.3555996787	-652.5956356248
104	0.2789230773	0.3555996787	-277.1774987333
105	1.3679718560	0.3555996787	-686.4767420213
106	1.7831455449	0.3555996787	-725.4007799918
107	0.7740189663	0.3555996787	-545.5796411692
108	1.7525850781	0.3555996787	-737.5185948010
109	2.5463417912	0.3555996787	-748.5772798049
110	1.8797149934	0.3555996787	-724.4715393211
111	0.0000000000	0.3555996787	-2.9957322736
112	2.2335257295	0.3555996787	-742.6882850452
113	2.1796033167	0.3555996787	-738.7716399596
114	0.9055223544	0.3555996787	-587.2987650921
115	1.5126238744	0.3555996787	-698.7401870822
116	2.1860150820	0.3555996787	-738.7161263096
117	2.0951921263	0.3555996787	-733.8773303753
118	1.3231918530	0.3555996787	-683.1503736341
119	1.3333040270	0.3555996787	-689.9421715693
120	2.1970308066	0.3555996787	-746.1146528090
121	0.5243796615	0.3555996787	-426.7724640087
122	0.2139277169	0.3555996787	-218.5449962903
123	2.3827331324	0.3555996787	-741.8344942817
124	2.5685447421	0.3555996787	-744.2759192658
