site	rate	t	lnL
1	9.8526040033	0.0006896527	-22.9625896685
2	0.0000000000	0.0006896527	-4.1290894199
3	0.0000000000	0.0006896527	-2.7384015931
4	0.0000000000	0.0006896527	-2.7384015931
5	0.0000000000	0.0006896527	-2.4216763176
6	0.0000000000	0.0006896527	-2.7384015931
7	0.0000000000	0.0006896527	-3.0285220964
8	0.0000000000	0.0006896527	-3.2100627082
9	0.0000000000	0.0006896527	-2.7384015931
10	2.9372234472	0.0006896527	-10.6864065229
11	0.0000000000	0.0006896527	-3.0285220964
12	0.0000000000	0.0006896527	-2.7384015931
13	0.0000000000	0.0006896527	-2.5180871739
14	2.3593954086	0.0006896527	-14.7308176364
15	0.0000000000	0.0006896527	-2.4213215190
16	3.9840658724	0.0006896527	-14.7918871299
17	0.0000000000	0.0006896527	-2.8743714165
18	0.0000000000	0.0006896527	-3.0285220964
19	0.0000000000	0.0006896527	-3.0409690307
20	0.0000000000	0.0006896527	-2.6122647402
21	3.2839554959	0.0006896527	-13.1405060458
22	6.5840583999	0.0006896527	-22.3541274040
23	0.0000000000	0.0006896527	-2.4213215190
24	0.0000000000	0.0006896527	-3.4349642441
25	0.0000000000	0.0006896527	-2.6230569883
26	0.0000000000	0.0006896527	-2.8715851233
27	0.0000000000	0.0006896527	-2.6230569883
28	0.0000000000	0.0006896527	-2.4216763176
29	0.0000000000	0.0006896527	-3.2100627082
30	0.0000000000	0.0006896527	-2.4216763176
31	7.9878942805	0.0006896527	-22.1022303364
32	0.0000000000	0.0006896527	-3.4320359844
33	0.0000000000	0.0006896527	-3.4320359844
34	0.0000000000	0.0006896527	-2.8715851233
35	0.0000000000	0.0006896527	-3.0285220964
36	2.7748891732	0.0006896527	-14.8804312908
37	0.0000000000	0.0006896527	-3.4349642441
38	2.8024057430	0.0006896527	-13.9515339229
39	0.0000000000	0.0006896527	-3.2100627082
40	0.0000000000	0.0006896527	-2.8743714165
41	0.0000000000	0.0006896527	-3.2178997389
42	0.0000000000	0.0006896527	-2.8715851233
43	0.0000000000	0.0006896527	-2.6291519135
44	0.0000000000	0.0006896527	-3.0285220964
45	0.0000000000	0.0006896527	-3.7427226861
46	0.0000000000	0.0006896527	-2.4216763176
47	0.0000000000	0.0006896527	-2.4213215190
48	0.0000000000	0.0006896527	-2.4213215190
49	0.0000000000	0.0006896527	-3.0409690307
50	0.0000000000	0.0006896527	-3.4281449289
51	0.0000000000	0.0006896527	-2.6122647402
52	0.0000000000	0.0006896527	-2.5180871739
53	0.0000000000	0.0006896527	-3.2178997389
54	0.0000000000	0.0006896527	-2.5180871739
55	0.0000000000	0.0006896527	-2.6230569883
56	3.0376722356	0.0006896527	-14.2581397186
57	0.0000000000	0.0006896527	-3.4320359844
58	0.0000000000	0.0006896527	-2.8743714165
59	2.9331681367	0.0006896527	-13.4901888233
60	0.0000000000	0.0006896527	-2.8715851233
61	0.0000000000	0.0006896527	-2.4216763176
62	2.8031236075	0.0006896527	-13.0761558673
63	3.2048324130	0.0006896527	-12.7224087173
64	0.0000000000	0.0006896527	-2.4213215190
65	0.0000000000	0.0006896527	-2.8743714165
66	0.0000000000	0.0006896527	-2.4216763176
67	2.8002332054	0.0006896527	-12.2419560906
68	0.0000000000	0.0006896527	-2.6122647402
69	3.3034995627	0.0006896527	-12.5470860820
70	0.0000000000	0.0006896527	-2.6122647402
71	0.0000000000	0.0006896527	-2.6122647402
72	3.0226302778	0.0006896527	-13.7212012646
73	0.0000000000	0.0006896527	-2.4216763176
74	0.0000000000	0.0006896527	-2.6122647402
75	0.0000000000	0.0006896527	-2.5180871739
76	0.0000000000	0.0006896527	-2.5180871739
77	0.0000000000	0.0006896527	-2.4216763176
78	2.6745316318	0.0006896527	-12.4739257207
79	2.8258581028	0.0006896527	-14.4626702942
80	0.0000000000	0.0006896527	-2.6230569883
81	2.8032448806	0.0006896527	-13.1496133769
82	0.0000000000	0.0006896527	-3.0409690307
83	0.0000000000	0.0006896527	-3.4281449289
84	2.7705428131	0.0006896527	-13.5470476089
85	0.0000000000	0.0006896527	-2.6230569883
86	5.1143682839	0.0006896527	-15.5303091153
87	0.0000000000	0.0006896527	-3.4349642441
88	0.0000000000	0.0006896527	-2.4213215190
89	0.0000000000	0.0006896527	-2.6230569883
90	0.0000000000	0.0006896527	-2.5180871739
91	0.0000000000	0.0006896527	-3.4320359844
92	0.0000000000	0.0006896527	-3.2100627082
93	0.0000000000	0.0006896527	-2.5180871739
94	0.0000000000	0.0006896527	-2.6230569883
95	0.0000000000	0.0006896527	-3.4262050640
96	2.8018270894	0.0006896527	-13.8731499134
97	0.0000000000	0.0006896527	-2.4213215190
98	0.0000000000	0.0006896527	-2.6122647402
99	2.8084774859	0.0006896527	-13.3458284750
100	0.0000000000	0.0006896527	-2.6122647402
101	0.0000000000	0.0006896527	-2.4213215190
102	0.0000000000	0.0006896527	-2.6230569883
103	0.0000000000	0.0006896527	-2.7384015931
104	0.0000000000	0.0006896527	-2.8715851233
105	6.0586962905	0.0006896527	-12.9836736526
106	0.0000000000	0.0006896527	-2.4213215190
107	3.2907082907	0.0006896527	-13.9115813163
108	0.0000000000	0.0006896527	-2.5180871739
109	0.0000000000	0.0006896527	-2.8715851233
110	0.0000000000	0.0006896527	-3.7427226861
111	0.0000000000	0.0006896527	-2.4216763176
112	0.0000000000	0.0006896527	-2.8743714165
113	0.0000000000	0.0006896527	-2.5180871739
114	3.2683078627	0.0006896527	-15.0057130769
115	2.6403986202	0.0006896527	-13.8141351611
116	2.3368176914	0.0006896527	-21.8413977869
117	4.7001085370	0.0006896527	-26.1657560836
118	0.0000000000	0.0006896527	-2.8743714165
119	2.8224268902	0.0006896527	-16.1248755381
120	3.0137305489	0.0006896527	-12.6848251186
121	0.0000000000	0.0006896527	-2.6122647402
122	0.0000000000	0.0006896527	-2.4216763176
123	0.0000000000	0.0006896527	-2.8715851233
124	2.8042892130	0.0006896527	-11.4498667287
