site	rate	t	lnL
1	0.0000000000	0.0004213604	-3.1831068982
2	0.0000000000	0.0004213604	-2.7486832014
3	4.8207200250	0.0004213604	-12.9054016577
4	0.0000000000	0.0004213604	-2.7432844153
5	0.0000000000	0.0004213604	-2.2565348541
6	0.0000000000	0.0004213604	-2.7432844153
7	0.0000000000	0.0004213604	-2.3353749158
8	5.1656134839	0.0004213604	-12.6485855815
9	0.0000000000	0.0004213604	-2.3353749158
10	0.0000000000	0.0004213604	-2.3353749158
11	4.9775789344	0.0004213604	-13.3655629398
12	0.0000000000	0.0004213604	-3.1831068982
13	0.0000000000	0.0004213604	-2.2565348541
14	0.0000000000	0.0004213604	-3.0272208600
15	0.0000000000	0.0004213604	-2.7486832014
16	0.0000000000	0.0004213604	-2.3353749158
17	0.0000000000	0.0004213604	-2.7432844153
18	0.0000000000	0.0004213604	-2.3353749158
19	0.0000000000	0.0004213604	-2.7432844153
20	0.0000000000	0.0004213604	-3.0272208600
21	4.9887603554	0.0004213604	-12.9321622911
22	0.0000000000	0.0004213604	-3.4497355615
23	0.0000000000	0.0004213604	-2.3353749158
24	0.0000000000	0.0004213604	-3.8993142858
25	9.7824207194	0.0004213604	-20.7728993156
26	0.0000000000	0.0004213604	-3.0265708762
27	0.0000000000	0.0004213604	-2.6230569883
28	0.0000000000	0.0004213604	-2.2565348541
29	0.0000000000	0.0004213604	-2.3353749158
30	0.0000000000	0.0004213604	-3.4339872045
31	0.0000000000	0.0004213604	-3.4339872045
32	0.0000000000	0.0004213604	-3.2061671053
33	0.0000000000	0.0004213604	-3.2108436532
34	0.0000000000	0.0004213604	-2.2565348541
35	0.0000000000	0.0004213604	-2.7486832014
36	0.0000000000	0.0004213604	-3.0239751577
37	4.8833967626	0.0004213604	-14.2046320802
38	4.9899152867	0.0004213604	-14.0350892337
39	0.0000000000	0.0004213604	-3.0324359957
40	0.0000000000	0.0004213604	-2.7486832014
41	0.0000000000	0.0004213604	-3.1831068982
42	0.0000000000	0.0004213604	-2.7413284244
43	0.0000000000	0.0004213604	-3.2124073751
44	0.0000000000	0.0004213604	-3.4497355615
45	0.0000000000	0.0004213604	-3.0324359957
46	0.0000000000	0.0004213604	-3.2124073751
47	0.0000000000	0.0004213604	-3.2108436532
48	0.0000000000	0.0004213604	-3.0239751577
49	0.0000000000	0.0004213604	-2.6230569883
50	0.0000000000	0.0004213604	-2.7486832014
51	0.0000000000	0.0004213604	-3.0272208600
52	0.0000000000	0.0004213604	-2.3353749158
53	0.0000000000	0.0004213604	-2.6230569883
54	0.0000000000	0.0004213604	-3.0324359957
55	0.0000000000	0.0004213604	-3.4339872045
56	0.0000000000	0.0004213604	-3.2124073751
57	0.0000000000	0.0004213604	-3.2108436532
58	4.8696673919	0.0004213604	-13.1134745747
59	4.8270385791	0.0004213604	-13.8306653087
60	0.0000000000	0.0004213604	-3.0265708762
61	0.0000000000	0.0004213604	-2.2565348541
62	0.0000000000	0.0004213604	-2.6230569883
63	0.0000000000	0.0004213604	-3.4349642441
64	0.0000000000	0.0004213604	-3.0265708762
65	0.0000000000	0.0004213604	-3.0324359957
66	4.8642286260	0.0004213604	-13.4265382828
67	10.4357349077	0.0004213604	-21.0654227666
68	4.9057300228	0.0004213604	-13.2354600317
69	0.0000000000	0.0004213604	-3.1190909300
70	0.0000000000	0.0004213604	-4.1290894199
71	0.0000000000	0.0004213604	-3.0272208600
72	0.0000000000	0.0004213604	-2.2565348541
73	0.0000000000	0.0004213604	-2.2565348541
74	0.0000000000	0.0004213604	-3.0272208600
75	0.0000000000	0.0004213604	-2.7432844153
76	0.0000000000	0.0004213604	-2.7413284244
77	0.0000000000	0.0004213604	-2.2565348541
78	4.8233973691	0.0004213604	-14.2169817803
79	0.0000000000	0.0004213604	-3.4349642441
80	0.0000000000	0.0004213604	-2.6230569883
81	4.9892411062	0.0004213604	-13.0911976715
82	0.0000000000	0.0004213604	-3.2061671053
83	4.8230811966	0.0004213604	-14.5329206313
84	0.0000000000	0.0004213604	-3.2061671053
85	0.0000000000	0.0004213604	-2.6230569883
86	0.0000000000	0.0004213604	-3.2108436532
87	0.0000000000	0.0004213604	-3.0239751577
88	0.0000000000	0.0004213604	-3.2061671053
89	0.0000000000	0.0004213604	-2.3353749158
90	0.0000000000	0.0004213604	-3.4339872045
91	0.0000000000	0.0004213604	-2.7413284244
92	0.0000000000	0.0004213604	-2.2565348541
93	0.0000000000	0.0004213604	-2.6230569883
94	4.9899153054	0.0004213604	-12.9299749716
95	0.0000000000	0.0004213604	-2.2565348541
96	0.0000000000	0.0004213604	-3.1190909300
97	0.0000000000	0.0004213604	-2.7486832014
98	4.9063830140	0.0004213604	-12.5408856572
99	0.0000000000	0.0004213604	-3.1190909300
100	0.0000000000	0.0004213604	-3.0272208600
101	0.0000000000	0.0004213604	-2.3353749158
102	0.0000000000	0.0004213604	-2.7413284244
103	0.0000000000	0.0004213604	-3.2061671053
104	0.0000000000	0.0004213604	-3.0265708762
105	0.0000000000	0.0004213604	-3.8993142858
106	4.9066325132	0.0004213604	-13.4116273626
107	0.0000000000	0.0004213604	-2.6230569883
108	0.0000000000	0.0004213604	-2.3353749158
109	0.0000000000	0.0004213604	-2.6230569883
110	0.0000000000	0.0004213604	-2.7413284244
111	0.0000000000	0.0004213604	-2.2565348541
112	9.4973691854	0.0004213604	-23.6448807820
113	0.0000000000	0.0004213604	-3.1831068982
114	0.0000000000	0.0004213604	-3.4349642441
115	0.0000000000	0.0004213604	-2.7432844153
116	0.0000000000	0.0004213604	-3.2108436532
117	0.0000000000	0.0004213604	-3.0239751577
118	0.0000000000	0.0004213604	-3.0265708762
119	0.0000000000	0.0004213604	-3.2124073751
120	0.0000000000	0.0004213604	-2.7413284244
121	4.9873874863	0.0004213604	-12.9410814894
122	0.0000000000	0.0004213604	-2.2565348541
123	9.8217310304	0.0004213604	-22.0580369554
124	0.0000000000	0.0004213604	-3.0324359957
