site	rate	t	lnL
1	2.1821710160	0.5579236237	-748.1376275147
2	0.7816379192	0.5579236237	-540.5323157369
3	2.2857087753	0.5579236237	-769.1024980219
4	2.4444654227	0.5579236237	-755.0570536843
5	0.0800449953	0.5579236237	-96.9905920049
6	2.2070594740	0.5579236237	-763.0600345170
7	0.5184435510	0.5579236237	-451.2309664170
8	0.9867974594	0.5579236237	-636.4904029414
9	2.4002382487	0.5579236237	-750.7814263643
10	3.4473157855	0.5579236237	-759.6848878453
11	0.5344249206	0.5579236237	-442.5340238085
12	2.9302894225	0.5579236237	-779.8873582351
13	1.2784702215	0.5579236237	-665.0946545885
14	1.3813610842	0.5579236237	-651.8040928784
15	0.4940577876	0.5579236237	-443.5086370819
16	2.4814630574	0.5579236237	-759.0591073846
17	2.5760174667	0.5579236237	-739.4293872463
18	1.8484082658	0.5579236237	-654.9062180116
19	1.7606015730	0.5579236237	-744.3953056897
20	0.3512235141	0.5579236237	-267.7845795877
21	1.1689560494	0.5579236237	-635.2219863020
22	1.6938613685	0.5579236237	-725.3193894693
23	0.5996575426	0.5579236237	-522.8650457375
24	0.2276346844	0.5579236237	-223.9894675895
25	1.6174013536	0.5579236237	-738.0255770618
26	0.3281515854	0.5579236237	-232.2458235559
27	0.2728569777	0.5579236237	-347.0024668497
28	0.0063946356	0.5579236237	-12.9363177552
29	0.1062518328	0.5579236237	-191.8222139213
30	0.5235354676	0.5579236237	-512.3989596437
31	2.3616412369	0.5579236237	-738.9953177002
32	1.1608305730	0.5579236237	-645.3016720038
33	0.1445946805	0.5579236237	-255.1291883764
34	1.6953504781	0.5579236237	-700.7708944628
35	1.2913731128	0.5579236237	-644.4238460641
36	3.7865731122	0.5579236237	-767.5060060388
37	1.4594068118	0.5579236237	-676.6830595596
38	2.4399444929	0.5579236237	-763.4870850553
39	2.9650170140	0.5579236237	-760.9673953502
40	1.0002800606	0.5579236237	-687.4097686354
41	1.3848387746	0.5579236237	-730.4833590425
42	3.0831288202	0.5579236237	-768.1827328016
43	2.6887289477	0.5579236237	-749.4062908570
44	2.9294611083	0.5579236237	-764.9893373445
45	1.9227073961	0.5579236237	-748.2704676178
46	0.6862876924	0.5579236237	-439.9133988656
47	0.4426355323	0.5579236237	-519.8860772430
48	1.2472772395	0.5579236237	-675.3011055322
49	0.9947523234	0.5579236237	-680.5590874649
50	0.6606876827	0.5579236237	-549.2302864781
51	0.0141315787	0.5579236237	-19.7182707511
52	0.3621859370	0.5579236237	-393.7755049311
53	0.7562854195	0.5579236237	-566.3220358129
54	0.8677179625	0.5579236237	-598.3092622393
55	0.3618984919	0.5579236237	-430.4235622398
56	0.9688732215	0.5579236237	-728.9745438321
57	0.0684107840	0.5579236237	-142.5531182248
58	0.9635252035	0.5579236237	-638.0007715417
59	2.2288338614	0.5579236237	-732.8562551875
60	0.6547094624	0.5579236237	-435.6612349552
61	0.3656909598	0.5579236237	-349.1828681563
62	2.6347794172	0.5579236237	-749.9052294473
63	0.3281298097	0.5579236237	-359.9214271068
64	1.1588011192	0.5579236237	-598.3854439174
65	2.4591389716	0.5579236237	-770.0067246616
66	0.2606783668	0.5579236237	-376.3795816241
67	3.2046307684	0.5579236237	-790.1393380448
68	1.0006220906	0.5579236237	-550.4147964324
69	2.9150804059	0.5579236237	-772.1712267436
70	3.3250107021	0.5579236237	-748.7673880111
71	1.9640156781	0.5579236237	-708.8583534846
72	1.4961470452	0.5579236237	-705.6806685098
73	0.0651826243	0.5579236237	-86.3231998485
74	1.4107032541	0.5579236237	-658.1211283336
75	0.9770780222	0.5579236237	-627.1667194997
76	1.8036490061	0.5579236237	-759.1769937016
77	0.1569844411	0.5579236237	-159.5953592371
78	2.8307632632	0.5579236237	-771.2732953723
79	2.3700279444	0.5579236237	-737.2180973675
80	0.5359008787	0.5579236237	-502.5957440704
81	1.3024658754	0.5579236237	-671.5291947646
82	2.5894323644	0.5579236237	-766.2641170929
83	3.8606887316	0.5579236237	-773.3518249443
84	0.5912577248	0.5579236237	-489.5517458475
85	0.4273094629	0.5579236237	-442.8892000120
86	1.0222163337	0.5579236237	-745.3148863080
87	2.1667896487	0.5579236237	-747.6858123646
88	0.4447186116	0.5579236237	-549.5759316174
89	0.2957517145	0.5579236237	-343.1246289154
90	2.8544019895	0.5579236237	-767.3407532013
91	0.0774606359	0.5579236237	-96.4454537362
92	0.6220772044	0.5579236237	-522.5369007461
93	1.7836870325	0.5579236237	-729.2335481147
94	0.3465552858	0.5579236237	-372.7188387810
95	0.4320471156	0.5579236237	-506.7534994347
96	3.7423024958	0.5579236237	-746.0284535725
97	2.5945038629	0.5579236237	-729.9657559044
98	1.2706515460	0.5579236237	-594.6390233212
99	2.2716227221	0.5579236237	-769.3211850068
100	0.2387560996	0.5579236237	-208.3181042400
101	0.2765326603	0.5579236237	-328.4111066514
102	3.6014665554	0.5579236237	-777.4343416237
103	1.7590529908	0.5579236237	-669.7559245994
104	0.6989199769	0.5579236237	-401.5315805667
105	1.4604516742	0.5579236237	-704.0278980338
106	2.7256529640	0.5579236237	-728.7854555737
107	0.4847162080	0.5579236237	-432.1916793670
108	2.5376011152	0.5579236237	-737.3151011937
109	3.9140178435	0.5579236237	-763.9228861773
110	2.8894035370	0.5579236237	-743.4117039593
111	0.0127816011	0.5579236237	-22.0694561791
112	3.7268515241	0.5579236237	-772.6926888136
113	2.4994864873	0.5579236237	-784.5307820634
114	0.9310377803	0.5579236237	-600.6308461296
115	1.8140513495	0.5579236237	-726.7262389758
116	2.3621358352	0.5579236237	-771.7050951313
117	6.0800850032	0.5579236237	-759.4050830549
118	1.6113653750	0.5579236237	-666.3133553143
119	1.0080302630	0.5579236237	-720.0230146425
120	3.3820038909	0.5579236237	-755.9012561899
121	0.5317572527	0.5579236237	-371.5967491797
122	0.1714432228	0.5579236237	-170.8168109888
123	2.7797260533	0.5579236237	-763.4974663528
124	2.7259926285	0.5579236237	-765.8595064241
