site	rate	t	lnL
1	1.9235574718	0.0601592083	-314.6464150840
2	0.9244617785	0.0601592083	-178.7600128475
3	1.8084130897	0.0601592083	-295.1514731519
4	1.1851252544	0.0601592083	-219.2029239864
5	0.1381844594	0.0601592083	-38.1394027650
6	1.0745587808	0.0601592083	-201.1170354964
7	0.3831921527	0.0601592083	-87.7326966648
8	0.5255841036	0.0601592083	-111.8656622509
9	1.3777079356	0.0601592083	-245.4555686676
10	1.4216372833	0.0601592083	-251.5843036814
11	0.6325043088	0.0601592083	-133.7789161347
12	2.2214173719	0.0601592083	-341.7792666826
13	1.9676967249	0.0601592083	-316.4550800323
14	0.4899571788	0.0601592083	-106.2075877222
15	0.1729118049	0.0601592083	-45.8046471110
16	0.5610986787	0.0601592083	-119.0820435272
17	1.6474493338	0.0601592083	-282.7458364976
18	1.1887431138	0.0601592083	-219.8033456363
19	1.4135976924	0.0601592083	-252.8907610390
20	0.2426810917	0.0601592083	-60.5560260226
21	0.7420859600	0.0601592083	-148.9308397561
22	1.9318256895	0.0601592083	-315.1402646563
23	0.1381790631	0.0601592083	-38.1394024084
24	0.1729048524	0.0601592083	-45.8046465507
25	0.8516261797	0.0601592083	-166.9522272181
26	0.1381644342	0.0601592083	-38.1398219227
27	0.1034886591	0.0601592083	-30.2207562793
28	0.0000000000	0.0601592083	-2.9957322736
29	0.4900362257	0.0601592083	-108.2851707217
30	0.3833587545	0.0601592083	-88.4211507022
31	1.5284187373	0.0601592083	-264.8570229466
32	1.2594023989	0.0601592083	-228.1431759230
33	0.3834445079	0.0601592083	-88.4187698103
34	1.7301570291	0.0601592083	-292.2306473752
35	1.0720710197	0.0601592083	-202.2822675084
36	2.0198898552	0.0601592083	-326.7088026083
37	2.0026460383	0.0601592083	-324.3937057063
38	1.5276958772	0.0601592083	-267.9341514605
39	1.1825480807	0.0601592083	-219.6759549141
40	0.7411619138	0.0601592083	-151.1537481372
41	1.7250608693	0.0601592083	-285.9646538607
42	1.4975888352	0.0601592083	-257.1158626945
43	1.5343606403	0.0601592083	-266.6684657301
44	2.1839245062	0.0601592083	-342.8461512570
45	0.8871201333	0.0601592083	-176.1985137784
46	1.3029407111	0.0601592083	-228.9633605845
47	0.7789991149	0.0601592083	-157.1695762969
48	2.0925730001	0.0601592083	-332.5623673924
49	1.4557002965	0.0601592083	-257.0960545981
50	0.1729048487	0.0601592083	-45.8046465501
51	0.0000000000	0.0601592083	-2.9957322736
52	0.7056080752	0.0601592083	-145.0289526453
53	0.7071236653	0.0601592083	-140.9440103609
54	0.5609437052	0.0601592083	-119.3741816591
55	0.5250830671	0.0601592083	-114.0771823135
56	0.9230682550	0.0601592083	-182.0948465304
57	0.1381844842	0.0601592083	-38.1394024114
58	0.7788780700	0.0601592083	-154.9752356940
59	1.2972826106	0.0601592083	-234.7781687297
60	0.4193046154	0.0601592083	-95.1128169740
61	0.1035461620	0.0601592083	-29.1204807600
62	1.0357982638	0.0601592083	-195.4398980530
63	1.6108683446	0.0601592083	-276.3225119118
64	1.3022640907	0.0601592083	-235.4600091760
65	1.0349375537	0.0601592083	-198.3542220618
66	0.4187021107	0.0601592083	-95.1296220140
67	1.7275860918	0.0601592083	-291.9425926747
68	0.2077036819	0.0601592083	-53.2665451583
69	1.4181658401	0.0601592083	-247.5240210199
70	0.9615115699	0.0601592083	-183.8961439491
71	0.6325104658	0.0601592083	-133.7788318198
72	0.9983360050	0.0601592083	-191.4864778900
73	0.0000000000	0.0601592083	-2.9957322736
74	1.5682375643	0.0601592083	-270.0213977911
75	1.0399740162	0.0601592083	-195.5137071137
76	1.0369228033	0.0601592083	-193.3296804200
77	0.0344204596	0.0601592083	-13.1715325036
78	1.1856592943	0.0601592083	-218.7835522995
79	1.7684882657	0.0601592083	-295.0174763739
80	0.2427596021	0.0601592083	-60.5537999723
81	1.0723589008	0.0601592083	-202.9679275400
82	1.0739754282	0.0601592083	-201.8258573187
83	1.7627172239	0.0601592083	-296.2475686847
84	0.2427336768	0.0601592083	-60.5545385054
85	0.5250700796	0.0601592083	-113.6716317152
86	0.7051472658	0.0601592083	-143.2489872281
87	0.6693411132	0.0601592083	-139.9722441904
88	0.6689292190	0.0601592083	-139.9830901982
89	0.3127481456	0.0601592083	-74.7201043870
90	1.5285664865	0.0601592083	-266.8137827552
91	0.0000000000	0.0601592083	-2.9957322736
92	0.4185653592	0.0601592083	-95.1334676940
93	1.4910862727	0.0601592083	-257.2941000527
94	0.4183355636	0.0601592083	-93.7536090442
95	0.3482170165	0.0601592083	-80.5173509648
96	1.2985111620	0.0601592083	-235.4397871693
97	1.1849046673	0.0601592083	-217.7028369129
98	2.3475098667	0.0601592083	-358.8535983679
99	1.4179907219	0.0601592083	-245.4494942847
100	0.2080202248	0.0601592083	-49.2684451253
101	1.7624439714	0.0601592083	-294.4657647236
102	1.7672965319	0.0601592083	-294.6352309242
103	1.2986391926	0.0601592083	-233.6249219520
104	0.2776124831	0.0601592083	-67.7035544289
105	1.9645022525	0.0601592083	-321.9144533753
106	1.2242413972	0.0601592083	-218.8056378755
107	0.8875947382	0.0601592083	-173.9870346090
108	2.0953403634	0.0601592083	-336.1756530609
109	1.7838085684	0.0601592083	-293.5188062132
110	1.7277383456	0.0601592083	-292.0486434413
111	0.0000000000	0.0601592083	-2.9957322736
112	1.1104811408	0.0601592083	-209.7282838865
113	1.5297710012	0.0601592083	-262.2269021667
114	0.4542393118	0.0601592083	-100.6506390118
115	2.2576893880	0.0601592083	-344.1489599203
116	1.6866697531	0.0601592083	-284.4339578639
117	1.5269321244	0.0601592083	-267.9545385109
118	1.3392139173	0.0601592083	-241.6716733261
119	1.8980005922	0.0601592083	-310.4168770298
120	0.9243615660	0.0601592083	-178.7628129301
121	0.4547646934	0.0601592083	-101.0416563102
122	0.1034823001	0.0601592083	-30.2207562736
123	1.4110075977	0.0601592083	-251.4634199425
124	1.1851539125	0.0601592083	-218.7971004235
