site	rate	t	lnL
1	1.4412907750	0.0621514613	-252.4365839806
2	0.6474045337	0.0621514613	-138.4987323100
3	1.7844248873	0.0621514613	-320.5477493467
4	1.1952322088	0.0621514613	-227.9490304299
5	0.0355582746	0.0621514613	-12.6080437760
6	1.9384855285	0.0621514613	-330.6329068342
7	0.3987268964	0.0621514613	-85.9188114185
8	0.8029088151	0.0621514613	-146.9103886271
9	1.2855707656	0.0621514613	-243.2561496076
10	1.0132750294	0.0621514613	-200.1364174798
11	0.3364927819	0.0621514613	-80.0837422038
12	1.6745803451	0.0621514613	-296.1395739883
13	0.8705896178	0.0621514613	-181.8897989268
14	0.9069851053	0.0621514613	-180.0264742703
15	0.3996267698	0.0621514613	-85.1129975397
16	1.7286209962	0.0621514613	-305.8353310410
17	0.9421914744	0.0621514613	-184.1689274435
18	1.0014490142	0.0621514613	-190.4428856414
19	2.0462478409	0.0621514613	-334.2092236433
20	1.5188129166	0.0621514613	-266.8214450625
21	0.6501769165	0.0621514613	-134.0916792001
22	1.5341262107	0.0621514613	-278.0424022332
23	0.9308101953	0.0621514613	-186.0436707546
24	0.2034691015	0.0621514613	-57.9334957954
25	0.9914582269	0.0621514613	-200.4938226022
26	0.5101082903	0.0621514613	-111.2265694319
27	1.0006097197	0.0621514613	-193.8034164428
28	0.0000000000	0.0621514613	-2.2100968898
29	0.0360224513	0.0621514613	-12.4838188320
30	0.4055508501	0.0621514613	-96.5663848303
31	1.2386652285	0.0621514613	-226.7044775209
32	0.5879437146	0.0621514613	-115.4030927469
33	0.1360253721	0.0621514613	-39.5711530205
34	1.6729856137	0.0621514613	-296.8713775717
35	1.0665506059	0.0621514613	-203.1784648361
36	1.4197152445	0.0621514613	-257.0978061915
37	1.3137047918	0.0621514613	-253.7307646558
38	2.0870802603	0.0621514613	-346.0733761373
39	1.3604132342	0.0621514613	-251.3360043976
40	1.0084952502	0.0621514613	-182.9714538073
41	1.0667873622	0.0621514613	-208.3825071519
42	2.0136509750	0.0621514613	-328.1342116654
43	1.1453748421	0.0621514613	-216.4712855538
44	1.7342826162	0.0621514613	-288.9693239775
45	0.9153168596	0.0621514613	-175.5109500976
46	0.3069053702	0.0621514613	-73.2244945362
47	0.4947106892	0.0621514613	-106.6514188959
48	1.2015373133	0.0621514613	-222.5278636004
49	1.8534613684	0.0621514613	-309.7742013449
50	0.5391112903	0.0621514613	-116.8769806244
51	0.0000000000	0.0621514613	-2.7705746229
52	0.3975824863	0.0621514613	-85.3003951213
53	1.9312874518	0.0621514613	-327.1090241814
54	0.7469810599	0.0621514613	-156.6825465189
55	0.3340566307	0.0621514613	-78.1653822713
56	1.9126027425	0.0621514613	-313.3010522691
57	0.0678407958	0.0621514613	-23.1431470287
58	1.2301613551	0.0621514613	-217.0727549825
59	1.3268791300	0.0621514613	-247.3371116532
60	0.7234254621	0.0621514613	-149.1930035960
61	0.0000000000	0.0621514613	-2.2100968898
62	1.2084788485	0.0621514613	-238.4767672615
63	1.1337193470	0.0621514613	-221.9850057198
64	1.2308738492	0.0621514613	-230.4498474635
65	1.5211112781	0.0621514613	-258.8589667027
66	1.2126576576	0.0621514613	-230.0106878607
67	0.9191483929	0.0621514613	-193.5853530289
68	0.3067977365	0.0621514613	-75.8840878254
69	0.8727770055	0.0621514613	-178.2346177306
70	1.4949656789	0.0621514613	-260.6791482462
71	0.8480243741	0.0621514613	-174.7949396886
72	1.4689210128	0.0621514613	-261.9412733377
73	0.0355582724	0.0621514613	-12.0957079581
74	1.7373887061	0.0621514613	-309.5360363286
75	1.3388197864	0.0621514613	-247.1878305411
76	0.8381301424	0.0621514613	-175.1039940021
77	0.0712320439	0.0621514613	-20.8218960430
78	1.9427487617	0.0621514613	-323.4460548044
79	1.5582440432	0.0621514613	-273.1567642494
80	0.2385641277	0.0621514613	-63.4653729915
81	0.9581201775	0.0621514613	-190.7439916748
82	1.0724496344	0.0621514613	-211.8897156506
83	1.9353530220	0.0621514613	-329.1397364203
84	1.7270999185	0.0621514613	-301.8457383352
85	1.0259445212	0.0621514613	-199.3789738391
86	1.0896426710	0.0621514613	-215.2936062316
87	1.4160947472	0.0621514613	-255.1518225992
88	0.7176014741	0.0621514613	-154.0800456809
89	0.0721556850	0.0621514613	-21.0521764369
90	1.5335808729	0.0621514613	-275.4810787842
91	0.0355529078	0.0621514613	-12.9874042207
92	1.0596858068	0.0621514613	-194.7292398761
93	1.7674358322	0.0621514613	-311.7157988152
94	0.2159264128	0.0621514613	-50.8733783220
95	0.5666310275	0.0621514613	-123.2646677970
96	1.4302027555	0.0621514613	-262.3492345626
97	0.9441196146	0.0621514613	-187.6734739806
98	0.5493737984	0.0621514613	-121.4571223804
99	1.9384632361	0.0621514613	-324.6499742792
100	0.8242649349	0.0621514613	-159.5245737092
101	0.1702130158	0.0621514613	-43.9019532416
102	1.5889760663	0.0621514613	-282.7162144839
103	1.7586910752	0.0621514613	-305.4647317444
104	0.1000902524	0.0621514613	-30.7224620207
105	0.9412486435	0.0621514613	-197.7714260757
106	0.7769710899	0.0621514613	-150.9128929758
107	0.9253699440	0.0621514613	-174.7966385345
108	1.5746911597	0.0621514613	-277.0211515015
109	1.4048031008	0.0621514613	-245.0533701902
110	1.5497361019	0.0621514613	-276.7475395113
111	0.0000000000	0.0621514613	-2.2100968898
112	1.7371556837	0.0621514613	-305.1588518492
113	1.1712022888	0.0621514613	-233.0650371412
114	0.2322977064	0.0621514613	-59.7565543040
115	0.7813473534	0.0621514613	-162.1993545000
116	1.6171560465	0.0621514613	-289.0571336300
117	0.9821327186	0.0621514613	-191.9726831781
118	0.8769318677	0.0621514613	-174.8166993430
119	0.7544237116	0.0621514613	-156.7659482028
120	1.6450979222	0.0621514613	-285.4127145472
121	0.1696822114	0.0621514613	-45.2382956155
122	0.0355582706	0.0621514613	-11.4339850007
123	1.8770564920	0.0621514613	-312.3325987053
124	1.4928062151	0.0621514613	-271.7504443932
