site	rate	t	lnL
1	1.6161055185	0.0070350991	-41.1105306177
2	1.6742241141	0.0070350991	-63.8429789295
3	1.4341721858	0.0070350991	-57.2859839290
4	1.0375182108	0.0070350991	-39.6985504347
5	0.0000000000	0.0070350991	-2.6161365454
6	1.8772153038	0.0070350991	-38.9451590603
7	0.2574595852	0.0070350991	-14.7768345383
8	1.0370909512	0.0070350991	-38.6118724421
9	2.7561216012	0.0070350991	-69.4797531465
10	1.8265311548	0.0070350991	-73.6516108718
11	0.8785648554	0.0070350991	-35.0663723156
12	2.0665144792	0.0070350991	-51.5189546283
13	0.6772886914	0.0070350991	-37.4833997870
14	0.6957176028	0.0070350991	-13.6892265927
15	0.0000000000	0.0070350991	-2.1340829645
16	1.1884311730	0.0070350991	-46.6536593561
17	2.8394383930	0.0070350991	-35.8952933752
18	2.3119802035	0.0070350991	-57.0860337702
19	1.3732760457	0.0070350991	-56.3816156789
20	0.0000000000	0.0070350991	-2.1737189888
21	3.7752287305	0.0070350991	-109.0624712542
22	2.5284174270	0.0070350991	-33.2715468160
23	2.6014435910	0.0070350991	-110.0285857639
24	0.0000000000	0.0070350991	-3.0416284439
25	1.6543381952	0.0070350991	-74.9635495405
26	0.2564548919	0.0070350991	-12.3854554874
27	0.7689064583	0.0070350991	-33.9575203130
28	0.0000000000	0.0070350991	-2.6161365454
29	0.0000000000	0.0070350991	-2.1340829645
30	0.2785009977	0.0070350991	-12.1604072501
31	0.4011555035	0.0070350991	-15.1275015873
32	1.3976410273	0.0070350991	-37.4058988958
33	0.0000000000	0.0070350991	-2.8980879432
34	2.1791413173	0.0070350991	-82.2032707590
35	0.2583341779	0.0070350991	-16.9610879636
36	0.5087647708	0.0070350991	-25.8728085341
37	0.0000000000	0.0070350991	-3.4098664017
38	1.8112032710	0.0070350991	-51.7370845913
39	0.4350562963	0.0070350991	-21.5425169519
40	0.2567129137	0.0070350991	-12.2586445189
41	1.4339290849	0.0070350991	-57.5771951821
42	1.8697736525	0.0070350991	-87.5409856898
43	3.8618284877	0.0070350991	-56.0585596343
44	0.8478951507	0.0070350991	-34.2081117322
45	1.4414818935	0.0070350991	-54.7966074842
46	0.0000000000	0.0070350991	-2.1737189888
47	0.2118496168	0.0070350991	-12.0267836083
48	0.5130586000	0.0070350991	-22.2319875673
49	5.4531422015	0.0070350991	-72.9471071193
50	1.0439738560	0.0070350991	-39.2559867448
51	0.0000000000	0.0070350991	-2.1737189888
52	0.2532722857	0.0070350991	-16.0364503130
53	0.2781928656	0.0070350991	-12.2953586056
54	0.5389004033	0.0070350991	-21.7468808084
55	0.5075912346	0.0070350991	-27.5077085261
56	0.5581329930	0.0070350991	-24.0062041815
57	0.0000000000	0.0070350991	-2.8980879432
58	1.1742257519	0.0070350991	-42.8717136115
59	5.7297346507	0.0070350991	-98.9940652783
60	0.2536969092	0.0070350991	-13.3833196878
61	0.0000000000	0.0070350991	-2.6161365454
62	1.3920356891	0.0070350991	-43.4271938256
63	0.0000000000	0.0070350991	-4.0573605686
64	1.4264661305	0.0070350991	-24.6978956023
65	0.7101230046	0.0070350991	-30.2797736350
66	0.4722613623	0.0070350991	-23.2173812496
67	1.5770662171	0.0070350991	-60.6810730444
68	4.2332930581	0.0070350991	-54.1764862276
69	2.6331211672	0.0070350991	-92.2703755175
70	0.7780213299	0.0070350991	-48.6120271029
71	0.0000000000	0.0070350991	-2.1340829645
72	1.9748812648	0.0070350991	-45.0301140873
73	0.0000000000	0.0070350991	-2.6161365454
74	0.0000000000	0.0070350991	-2.1737189888
75	1.4539750949	0.0070350991	-57.8266719788
76	1.1825666982	0.0070350991	-44.3451243664
77	0.0000000000	0.0070350991	-2.6161365454
78	0.5728260502	0.0070350991	-20.7029379451
79	0.2564987040	0.0070350991	-10.4424079307
80	0.2017253268	0.0070350991	-15.6154380209
81	1.3250103697	0.0070350991	-41.2725285528
82	0.0000000000	0.0070350991	-2.7536166105
83	0.9071685757	0.0070350991	-46.9765735485
84	0.0000000000	0.0070350991	-4.0573605686
85	1.6286540049	0.0070350991	-42.2815607652
86	0.0000000000	0.0070350991	-2.8980879432
87	3.4756674308	0.0070350991	-39.3362663686
88	0.0000000000	0.0070350991	-2.7486832014
89	0.2781783989	0.0070350991	-11.9027886179
90	1.4359595152	0.0070350991	-59.2544923223
91	0.2305999519	0.0070350991	-11.9137205262
92	0.2786947908	0.0070350991	-13.5119906013
93	1.0111378557	0.0070350991	-55.2526787531
94	0.0000000000	0.0070350991	-2.1340829645
95	3.0048513258	0.0070350991	-48.5867223118
96	2.7895802898	0.0070350991	-75.9356351015
97	0.6957018627	0.0070350991	-36.7249042663
98	1.2765901213	0.0070350991	-56.9807575400
99	5.0226336569	0.0070350991	-57.3805456752
100	0.0000000000	0.0070350991	-2.1737189888
101	1.7564658089	0.0070350991	-55.0175482734
102	2.4821178612	0.0070350991	-60.6935993451
103	1.3545604025	0.0070350991	-60.6539344973
104	0.0000000000	0.0070350991	-3.1968791128
105	1.6058096936	0.0070350991	-67.9818304862
106	2.6446732368	0.0070350991	-59.3109986668
107	0.6774448433	0.0070350991	-30.0015138659
108	2.5008368962	0.0070350991	-59.4801391928
109	2.0230483793	0.0070350991	-75.1576170182
110	1.1696498495	0.0070350991	-50.6685260950
111	0.0000000000	0.0070350991	-2.6161365454
112	0.8140057988	0.0070350991	-22.1884898980
113	1.1252361720	0.0070350991	-54.0126723218
114	0.5461216846	0.0070350991	-25.1590992905
115	0.8084694628	0.0070350991	-21.3253807633
116	1.1991046384	0.0070350991	-31.5162234796
117	0.8634101208	0.0070350991	-29.4216299284
118	1.1331998586	0.0070350991	-41.4236572430
119	0.5947752073	0.0070350991	-29.2966576874
120	1.4181229667	0.0070350991	-56.4567663445
121	0.0000000000	0.0070350991	-2.1737189888
122	0.0000000000	0.0070350991	-2.6161365454
123	1.6940346055	0.0070350991	-56.6444719249
124	1.0344245832	0.0070350991	-39.8324995318
