site	rate	t	lnL
1	0.0000000000	0.0006435406	-3.2108436532
2	12.2076682236	0.0006435406	-29.0179648288
3	0.0000000000	0.0006435406	-2.4230967724
4	5.1523116638	0.0006435406	-15.0656414313
5	0.0000000000	0.0006435406	-2.4230967724
6	0.0000000000	0.0006435406	-3.4349642441
7	0.0000000000	0.0006435406	-2.7398639380
8	0.0000000000	0.0006435406	-3.2108436532
9	2.9835830541	0.0006435406	-15.8325601906
10	0.0000000000	0.0006435406	-2.7359690937
11	0.0000000000	0.0006435406	-2.8726987092
12	0.0000000000	0.0006435406	-2.7359690937
13	2.7192480332	0.0006435406	-14.8953590938
14	0.0000000000	0.0006435406	-3.7177706365
15	0.0000000000	0.0006435406	-2.7398639380
16	0.0000000000	0.0006435406	-3.0252721748
17	0.0000000000	0.0006435406	-2.7751120645
18	0.0000000000	0.0006435406	-2.9496820347
19	0.0000000000	0.0006435406	-2.6239254208
20	0.0000000000	0.0006435406	-2.6239254208
21	4.1642977572	0.0006435406	-24.8716898046
22	0.0000000000	0.0006435406	-3.4349642441
23	0.0000000000	0.0006435406	-2.7398639380
24	0.0000000000	0.0006435406	-3.0252721748
25	5.1241686666	0.0006435406	-11.9545468175
26	0.0000000000	0.0006435406	-2.2565348541
27	2.1283521533	0.0006435406	-16.1705342046
28	0.0000000000	0.0006435406	-2.4230967724
29	0.0000000000	0.0006435406	-2.7398639380
30	0.0000000000	0.0006435406	-2.9496820347
31	0.0000000000	0.0006435406	-3.2108436532
32	0.0000000000	0.0006435406	-2.2565348541
33	0.0000000000	0.0006435406	-3.2030615127
34	0.0000000000	0.0006435406	-3.1613097180
35	0.0000000000	0.0006435406	-2.6239254208
36	2.1308402213	0.0006435406	-16.1693669451
37	0.0000000000	0.0006435406	-3.4349642441
38	0.0000000000	0.0006435406	-2.2565348541
39	0.0000000000	0.0006435406	-3.2108436532
40	0.0000000000	0.0006435406	-2.7751120645
41	0.0000000000	0.0006435406	-2.7751120645
42	0.0000000000	0.0006435406	-2.4230967724
43	0.0000000000	0.0006435406	-2.8726987092
44	3.0298563673	0.0006435406	-16.6628089724
45	0.0000000000	0.0006435406	-3.2108436532
46	0.0000000000	0.0006435406	-2.6239254208
47	0.0000000000	0.0006435406	-3.0252721748
48	0.0000000000	0.0006435406	-2.9496820347
49	0.0000000000	0.0006435406	-3.1613097180
50	0.0000000000	0.0006435406	-2.2565348541
51	0.0000000000	0.0006435406	-2.6239254208
52	2.7584780933	0.0006435406	-14.4157698010
53	2.7363669853	0.0006435406	-14.0946199134
54	0.0000000000	0.0006435406	-3.2218414074
55	0.0000000000	0.0006435406	-2.7359690937
56	0.0000000000	0.0006435406	-3.1613097180
57	0.0000000000	0.0006435406	-3.2030615127
58	0.0000000000	0.0006435406	-3.1613097180
59	0.0000000000	0.0006435406	-2.7751120645
60	5.4433928520	0.0006435406	-16.1762418723
61	0.0000000000	0.0006435406	-2.4230967724
62	3.9347220633	0.0006435406	-25.3806650864
63	0.0000000000	0.0006435406	-3.7321405768
64	2.8680618996	0.0006435406	-12.7969354958
65	9.5993119379	0.0006435406	-25.8170488390
66	0.0000000000	0.0006435406	-3.2030615127
67	3.0031126605	0.0006435406	-15.8260292211
68	0.0000000000	0.0006435406	-2.6239254208
69	0.0000000000	0.0006435406	-3.0252721748
70	0.0000000000	0.0006435406	-3.2108436532
71	3.3559703639	0.0006435406	-13.6515789485
72	3.3666173525	0.0006435406	-14.4239825596
73	0.0000000000	0.0006435406	-2.4230967724
74	0.0000000000	0.0006435406	-2.7398639380
75	2.3067829118	0.0006435406	-14.6745398675
76	9.5426205026	0.0006435406	-14.5105541196
77	0.0000000000	0.0006435406	-2.4230967724
78	2.7672113576	0.0006435406	-14.2128803072
79	0.0000000000	0.0006435406	-2.7751120645
80	0.0000000000	0.0006435406	-2.2565348541
81	0.0000000000	0.0006435406	-3.4310618002
82	0.0000000000	0.0006435406	-3.0252721748
83	3.8546943397	0.0006435406	-13.2210440852
84	0.0000000000	0.0006435406	-3.7321405768
85	0.0000000000	0.0006435406	-2.9496820347
86	0.0000000000	0.0006435406	-3.4310618002
87	2.1378787284	0.0006435406	-17.6926337442
88	0.0000000000	0.0006435406	-3.0252721748
89	0.0000000000	0.0006435406	-2.7398639380
90	7.3483527678	0.0006435406	-13.6067196871
91	0.0000000000	0.0006435406	-2.4230967724
92	0.0000000000	0.0006435406	-2.7398639380
93	2.7590184360	0.0006435406	-13.3528918130
94	0.0000000000	0.0006435406	-2.9496820347
95	2.7671841513	0.0006435406	-15.3291803687
96	0.0000000000	0.0006435406	-3.4310618002
97	5.9503780675	0.0006435406	-21.4997941529
98	0.0000000000	0.0006435406	-3.4359422393
99	3.9841060940	0.0006435406	-13.2629340001
100	0.0000000000	0.0006435406	-2.6239254208
101	2.7574688798	0.0006435406	-10.4884636258
102	0.0000000000	0.0006435406	-2.7359690937
103	0.0000000000	0.0006435406	-2.2565348541
104	0.0000000000	0.0006435406	-3.3136033871
105	3.3157553351	0.0006435406	-14.6209240498
106	2.3038188386	0.0006435406	-14.2339253588
107	0.0000000000	0.0006435406	-3.3136033871
108	0.0000000000	0.0006435406	-3.2108436532
109	2.7590581311	0.0006435406	-14.3125623302
110	0.0000000000	0.0006435406	-2.8726987092
111	0.0000000000	0.0006435406	-2.4230967724
112	0.0000000000	0.0006435406	-2.7751120645
113	0.0000000000	0.0006435406	-2.8726987092
114	0.0000000000	0.0006435406	-3.3136033871
115	0.0000000000	0.0006435406	-2.8726987092
116	0.0000000000	0.0006435406	-2.8726987092
117	0.0000000000	0.0006435406	-2.2565348541
118	2.1094865993	0.0006435406	-11.6257318713
119	0.0000000000	0.0006435406	-3.7177706365
120	0.0000000000	0.0006435406	-3.2108436532
121	0.0000000000	0.0006435406	-2.6239254208
122	0.0000000000	0.0006435406	-2.4230967724
123	3.0018431716	0.0006435406	-15.1761335405
124	0.0000000000	0.0006435406	-3.4359422393
