site	rate	t	lnL
1	3.8457962750	0.5169500701	-773.4357032820
2	0.5805243399	0.5169500701	-498.9379664169
3	1.9388506912	0.5169500701	-758.9097370270
4	2.2653228170	0.5169500701	-748.5024037187
5	0.2357827527	0.5169500701	-170.8537664682
6	2.3408292510	0.5169500701	-765.6322914603
7	0.3649877717	0.5169500701	-384.1213366277
8	1.3063272131	0.5169500701	-687.6550177779
9	1.5418467593	0.5169500701	-743.1732590338
10	1.8023708031	0.5169500701	-730.7762899282
11	0.3898051954	0.5169500701	-381.4367640406
12	3.7741391951	0.5169500701	-771.9023430392
13	0.9805675970	0.5169500701	-639.8996128088
14	1.4587820376	0.5169500701	-575.2147279888
15	0.3544785620	0.5169500701	-415.5585082381
16	1.9750879203	0.5169500701	-745.9483966663
17	1.9968456442	0.5169500701	-702.2732542264
18	1.5154611800	0.5169500701	-669.1282465382
19	1.9905248275	0.5169500701	-748.5925215338
20	0.5935539950	0.5169500701	-319.2063798940
21	0.9645038796	0.5169500701	-607.3834967936
22	1.7722603416	0.5169500701	-705.6684336753
23	0.6130353756	0.5169500701	-548.2378862469
24	0.1228529563	0.5169500701	-109.0747780455
25	1.4702475116	0.5169500701	-715.4271565888
26	0.3869168849	0.5169500701	-304.2707819771
27	0.3689901862	0.5169500701	-431.3100811514
28	0.0091633082	0.5169500701	-11.5063035108
29	0.3269122253	0.5169500701	-433.9956984092
30	0.4743752792	0.5169500701	-479.1464328899
31	2.3705876541	0.5169500701	-744.1985139065
32	1.0066246120	0.5169500701	-645.8299246373
33	0.1257462202	0.5169500701	-196.3428710144
34	1.4404245979	0.5169500701	-706.9394171264
35	1.1040523194	0.5169500701	-631.8845029267
36	2.5485592187	0.5169500701	-756.2724233813
37	1.5562331773	0.5169500701	-674.3151606260
38	2.1469906386	0.5169500701	-751.1458316220
39	2.0532268444	0.5169500701	-738.0788302962
40	1.3826259937	0.5169500701	-719.4352701418
41	1.1530350469	0.5169500701	-700.9337340103
42	2.7516347807	0.5169500701	-750.3943288920
43	2.0717241016	0.5169500701	-753.9468645973
44	2.3585983245	0.5169500701	-759.2794693516
45	1.6105007425	0.5169500701	-725.8881632624
46	0.7351701883	0.5169500701	-382.7842086089
47	0.5155730783	0.5169500701	-539.4404301255
48	1.6035509266	0.5169500701	-711.9944827202
49	0.8973522983	0.5169500701	-654.9754581538
50	0.8229361015	0.5169500701	-575.7845331475
51	0.0000000000	0.5169500701	-2.6742589126
52	0.3393371040	0.5169500701	-397.9025381668
53	0.6037211565	0.5169500701	-535.5926374882
54	0.6323234560	0.5169500701	-568.0025561085
55	0.4806562420	0.5169500701	-475.9612437895
56	0.8530978292	0.5169500701	-703.2925621809
57	0.0815725832	0.5169500701	-150.9866807580
58	1.1989738837	0.5169500701	-684.4915133792
59	2.1389682423	0.5169500701	-751.6495269869
60	0.5887275447	0.5169500701	-413.3030702899
61	0.0901135089	0.5169500701	-71.4078720737
62	1.9190391474	0.5169500701	-746.2344041414
63	0.6134711402	0.5169500701	-495.8626588449
64	1.7768648220	0.5169500701	-642.6522091196
65	1.4927230754	0.5169500701	-744.8440993927
66	0.4207116485	0.5169500701	-452.7150421444
67	2.4897698254	0.5169500701	-764.8922393501
68	1.1618123735	0.5169500701	-542.1696514328
69	2.6437952441	0.5169500701	-760.3636309670
70	2.9658426121	0.5169500701	-752.0664257218
71	1.4540052802	0.5169500701	-693.2247851573
72	1.3544132126	0.5169500701	-704.3378481522
73	0.2053377596	0.5169500701	-149.5774906869
74	1.4809586560	0.5169500701	-615.4969571515
75	0.8467766292	0.5169500701	-604.0954854374
76	1.9437564164	0.5169500701	-729.5672155569
77	0.1158703247	0.5169500701	-92.6272788762
78	2.1104712965	0.5169500701	-757.1407222657
79	2.2582456281	0.5169500701	-734.6098948632
80	0.5843779359	0.5169500701	-568.5134949165
81	1.0775066439	0.5169500701	-656.1545054686
82	2.7158510498	0.5169500701	-751.2847856636
83	3.3970765499	0.5169500701	-764.7563289792
84	0.5906955986	0.5169500701	-482.8010245237
85	0.3529467816	0.5169500701	-441.3134044209
86	1.1357573897	0.5169500701	-731.6240552792
87	1.8726425399	0.5169500701	-691.4638019667
88	0.5524398439	0.5169500701	-570.2517609391
89	0.2002535379	0.5169500701	-274.6464409665
90	2.6241378980	0.5169500701	-742.0650978038
91	0.4145317853	0.5169500701	-259.4971524974
92	0.7982426710	0.5169500701	-509.8995307554
93	2.1025467497	0.5169500701	-744.5085398831
94	0.2858129344	0.5169500701	-334.0265127823
95	0.3383501908	0.5169500701	-435.8551278718
96	1.5994345586	0.5169500701	-738.2173203945
97	2.5774710753	0.5169500701	-733.2699687230
98	1.9651452098	0.5169500701	-659.8316201725
99	2.1343156224	0.5169500701	-764.5763702535
100	0.2801254064	0.5169500701	-180.5960788553
101	0.1715029114	0.5169500701	-264.8347674698
102	3.1942863069	0.5169500701	-773.5113918252
103	1.5258152452	0.5169500701	-682.6762727821
104	0.4291490342	0.5169500701	-339.5595047179
105	1.8935030653	0.5169500701	-738.0062192124
106	1.9663273904	0.5169500701	-733.3060793365
107	0.4083846515	0.5169500701	-392.4500663041
108	1.8928153973	0.5169500701	-733.0313972047
109	2.3112224534	0.5169500701	-767.0454404754
110	2.2380402416	0.5169500701	-753.8072101821
111	0.0091691940	0.5169500701	-11.9926920939
112	3.5106201520	0.5169500701	-760.2517509617
113	1.9885916569	0.5169500701	-760.9797959998
114	0.8409823108	0.5169500701	-596.3670093468
115	1.9362625350	0.5169500701	-744.7791502084
116	2.6166479738	0.5169500701	-773.3337025715
117	2.4572506252	0.5169500701	-752.8821783644
118	1.3121252060	0.5169500701	-645.3027535183
119	1.0280979077	0.5169500701	-724.1885247341
120	2.9637998218	0.5169500701	-758.3646122551
121	1.3070638577	0.5169500701	-549.2693882361
122	0.3274897658	0.5169500701	-204.1425706465
123	3.6889102307	0.5169500701	-776.9444468681
124	2.5004060902	0.5169500701	-760.7482181993
