site	rate	t	lnL
1	1.3748331009	0.0639851195	-251.3541639261
2	0.5555556131	0.0639851195	-125.6757695823
3	1.8391627120	0.0639851195	-333.3152991545
4	1.7572289207	0.0639851195	-305.1846591645
5	1.1839325419	0.0639851195	-230.8079614649
6	1.5679258141	0.0639851195	-291.2038245846
7	0.4806172125	0.0639851195	-104.4762753999
8	0.3886422538	0.0639851195	-84.9544413890
9	1.7553000638	0.0639851195	-319.4002986244
10	1.2097037000	0.0639851195	-232.8961493063
11	1.4760143632	0.0639851195	-259.2473125194
12	1.6865638399	0.0639851195	-300.5321321907
13	0.5157006188	0.0639851195	-115.4422118219
14	0.2686921764	0.0639851195	-67.7305051649
15	0.3517347580	0.0639851195	-77.7307481920
16	1.2425445382	0.0639851195	-246.4765108361
17	1.2597018005	0.0639851195	-237.2301910394
18	1.1762632187	0.0639851195	-221.4858337178
19	1.1340465095	0.0639851195	-228.1246844723
20	0.0999797383	0.0639851195	-29.7987512508
21	0.8582018074	0.0639851195	-182.4475104231
22	1.3188396128	0.0639851195	-259.5779985008
23	0.6046714016	0.0639851195	-118.0811666944
24	0.1329137457	0.0639851195	-40.9936246180
25	1.6925986624	0.0639851195	-295.9342956503
26	0.1628404305	0.0639851195	-45.0837722539
27	0.3376913189	0.0639851195	-75.7420835997
28	0.0000000000	0.0639851195	-2.6304628161
29	0.0699406245	0.0639851195	-20.6754519393
30	0.5310783989	0.0639851195	-112.6859196045
31	1.0544672531	0.0639851195	-207.8581010110
32	0.8591286754	0.0639851195	-179.1017876037
33	0.0964796997	0.0639851195	-30.0131234239
34	1.7998709248	0.0639851195	-311.2576093488
35	1.0360467065	0.0639851195	-200.2285200781
36	1.1823362557	0.0639851195	-223.3734935603
37	1.7583427480	0.0639851195	-309.5074326975
38	1.7466911464	0.0639851195	-309.5785231667
39	1.6441076252	0.0639851195	-294.1569349042
40	0.6923197505	0.0639851195	-153.5405937563
41	1.6222192515	0.0639851195	-296.0548055704
42	1.4793049892	0.0639851195	-276.6421292519
43	1.0740912937	0.0639851195	-218.2991555359
44	1.5317300410	0.0639851195	-283.4908275404
45	0.4865977875	0.0639851195	-112.9777342448
46	0.4050439956	0.0639851195	-90.2775968164
47	1.6545450995	0.0639851195	-288.8979296627
48	1.0334098438	0.0639851195	-199.5668969113
49	0.8026777839	0.0639851195	-166.8185997747
50	1.0400340024	0.0639851195	-193.8792252152
51	0.0332764156	0.0639851195	-11.8638830047
52	0.1402310161	0.0639851195	-36.2108545483
53	0.2463150729	0.0639851195	-59.4042034102
54	1.4463074565	0.0639851195	-259.9534809247
55	0.5514517324	0.0639851195	-117.4637975523
56	1.4758942622	0.0639851195	-270.1152722649
57	0.1282113069	0.0639851195	-38.0899722151
58	0.5523091472	0.0639851195	-116.4337375984
59	0.9623651810	0.0639851195	-190.7152268329
60	0.7739969537	0.0639851195	-152.5762942001
61	0.0331393668	0.0639851195	-12.3736578464
62	1.2460995601	0.0639851195	-239.3760294899
63	0.3217117142	0.0639851195	-79.4190434986
64	1.7497711808	0.0639851195	-302.3768969546
65	0.7956530672	0.0639851195	-170.2781023684
66	0.4581710470	0.0639851195	-109.2567555086
67	1.3209679145	0.0639851195	-248.5673187222
68	1.1700125821	0.0639851195	-231.6907110225
69	1.2747432653	0.0639851195	-250.6010405305
70	1.8455662320	0.0639851195	-326.7085967944
71	0.9467766551	0.0639851195	-186.6962164364
72	1.7934216492	0.0639851195	-321.2273301313
73	0.0663379294	0.0639851195	-21.3120712491
74	1.4376790571	0.0639851195	-260.4616136625
75	1.6540450382	0.0639851195	-296.1488901987
76	1.6578716651	0.0639851195	-311.4863553004
77	0.0663114065	0.0639851195	-21.1559217937
78	1.2065491940	0.0639851195	-235.7483455328
79	1.4969241421	0.0639851195	-275.9794274950
80	1.0024497569	0.0639851195	-196.4554610793
81	0.8780762469	0.0639851195	-168.9356027800
82	1.4136655416	0.0639851195	-271.4721280482
83	1.3910139155	0.0639851195	-269.5834726505
84	1.0995228478	0.0639851195	-223.8276430998
85	0.6304261093	0.0639851195	-125.5455769669
86	1.6906410012	0.0639851195	-305.0941486120
87	1.5073133837	0.0639851195	-278.9446310950
88	0.3019242467	0.0639851195	-73.9143274743
89	0.1695126303	0.0639851195	-43.4536402480
90	1.3582714174	0.0639851195	-244.7733181890
91	0.8782544810	0.0639851195	-176.8595422514
92	0.6258486144	0.0639851195	-138.1912627780
93	1.6614224017	0.0639851195	-292.8987450570
94	0.5807772413	0.0639851195	-116.7739128360
95	0.7138562661	0.0639851195	-149.0049263457
96	0.7761649535	0.0639851195	-163.4089924007
97	1.1409128502	0.0639851195	-222.1762854279
98	0.7862216533	0.0639851195	-156.2144293196
99	1.2941550060	0.0639851195	-249.7208723521
100	0.0332526894	0.0639851195	-12.1419815437
101	0.3178051500	0.0639851195	-72.1637111642
102	1.5516259683	0.0639851195	-289.5204422676
103	1.3225148272	0.0639851195	-243.6685468235
104	0.1625139214	0.0639851195	-46.6374739213
105	1.8838811392	0.0639851195	-325.8480581361
106	1.2356143367	0.0639851195	-236.1983783155
107	0.4602318720	0.0639851195	-110.4121547581
108	1.0011032206	0.0639851195	-194.3452893800
109	1.4961568776	0.0639851195	-285.3839802640
110	1.7149911486	0.0639851195	-289.5077014543
111	0.0331286110	0.0639851195	-12.9306257524
112	1.5220403501	0.0639851195	-282.6945069055
113	1.5712098317	0.0639851195	-267.5032416760
114	0.8595917609	0.0639851195	-182.4218875071
115	1.4159851374	0.0639851195	-249.4585150257
116	1.5507814606	0.0639851195	-288.9568684006
117	1.0728795629	0.0639851195	-206.3581430607
118	1.4723388507	0.0639851195	-259.5312104619
119	1.0888857237	0.0639851195	-215.0432313156
120	2.0552631670	0.0639851195	-340.4526167775
121	0.8413411786	0.0639851195	-174.9388895070
122	0.9409058341	0.0639851195	-186.8559140199
123	1.3335287968	0.0639851195	-252.6004905378
124	1.3167532355	0.0639851195	-246.4445967559
