site	rate	t	lnL
1	2.2421014857	0.0065122344	-60.5552806371
2	0.3179570882	0.0065122344	-13.1714286611
3	0.3179570699	0.0065122344	-13.1714286827
4	0.3179239752	0.0065122344	-13.1715324922
5	0.0000000000	0.0065122344	-2.9957322736
6	0.0000000000	0.0065122344	-2.9957322736
7	0.0000000000	0.0065122344	-2.9957322736
8	2.5651126305	0.0065122344	-67.7018424036
9	1.2763453452	0.0065122344	-38.1398226260
10	1.5976519691	0.0065122344	-44.7048353646
11	1.2760740262	0.0065122344	-38.1406632784
12	2.5653918171	0.0065122344	-67.7009898954
13	4.5233660241	0.0065122344	-108.2957716625
14	0.3179239687	0.0065122344	-13.1715324922
15	0.0000000000	0.0065122344	-2.9957322736
16	1.2762096877	0.0065122344	-38.1402427983
17	0.6366415120	0.0065122344	-21.9586521241
18	0.6365746251	0.0065122344	-21.9588605529
19	1.5974440005	0.0065122344	-45.8041197708
20	0.0000000000	0.0065122344	-2.9957322736
21	0.9564604910	0.0065122344	-30.2191874855
22	0.6366414625	0.0065122344	-21.9586520372
23	0.6367081829	0.0065122344	-21.9584435865
24	0.0000000000	0.0065122344	-2.9957322736
25	0.6366413083	0.0065122344	-21.9586521241
26	1.5974447156	0.0065122344	-45.8041186568
27	0.9561585689	0.0065122344	-30.2201281151
28	0.0000000000	0.0065122344	-2.9957322736
29	0.0000000000	0.0065122344	-2.9957322736
30	0.6366415390	0.0065122344	-21.9586520372
31	3.2156595273	0.0065122344	-81.6194565737
32	0.6366413804	0.0065122344	-21.9586521241
33	0.0000000000	0.0065122344	-2.9957322736
34	1.5971025726	0.0065122344	-45.8051738292
35	0.3179239680	0.0065122344	-13.1715324922
36	1.2763455761	0.0065122344	-38.1398222722
37	3.5402546359	0.0065122344	-88.4246880493
38	1.2762094358	0.0065122344	-38.1402431514
39	3.2139072955	0.0065122344	-81.6247951487
40	2.5656739253	0.0065122344	-67.7001329399
41	1.2760738524	0.0065122344	-38.1406632784
42	2.5653918166	0.0065122344	-67.7009898954
43	1.5972734433	0.0065122344	-45.8046465501
44	1.2763451123	0.0065122344	-38.1398229792
45	0.9561585065	0.0065122344	-30.2201281152
46	0.3179239358	0.0065122344	-13.1715324922
47	0.9562595218	0.0065122344	-30.2198139873
48	2.2418583699	0.0065122344	-60.5560249128
49	0.3179239752	0.0065122344	-13.1715324922
50	1.5972737848	0.0065122344	-45.8046459945
51	0.0000000000	0.0065122344	-2.9957322736
52	0.3179239680	0.0065122344	-13.1715324922
53	0.3179239730	0.0065122344	-13.1715324922
54	0.3179239752	0.0065122344	-13.1715324922
55	1.2760739882	0.0065122344	-38.1406632784
56	1.9191539692	0.0065122344	-53.2652746341
57	0.0000000000	0.0065122344	-2.9957322736
58	0.9560574514	0.0065122344	-30.2204422112
59	1.5972741587	0.0065122344	-45.8046454442
60	0.0000000000	0.0065122344	-2.9957322736
61	0.3179570745	0.0065122344	-13.1714286827
62	0.9561583025	0.0065122344	-30.2201285096
63	1.2766176072	0.0065122344	-38.1389807359
64	0.0000000000	0.0065122344	-2.9957322736
65	1.2764809847	0.0065122344	-38.1394020554
66	0.9561585573	0.0065122344	-30.2201281154
67	0.9561582228	0.0065122344	-30.2201285096
68	0.3179239161	0.0065122344	-13.1715324922
69	0.0000000000	0.0065122344	-2.9957322736
70	2.2418590576	0.0065122344	-60.5560238229
71	1.9191539767	0.0065122344	-53.2652746329
72	0.9561581563	0.0065122344	-30.2201285096
73	0.0000000000	0.0065122344	-2.9957322736
74	0.6365746520	0.0065122344	-21.9588605529
75	1.5979556953	0.0065122344	-45.8025392963
76	2.2423393541	0.0065122344	-60.5545444048
77	0.0000000000	0.0065122344	-2.9957322736
78	1.9197717364	0.0065122344	-53.2633722469
79	1.5977832979	0.0065122344	-45.8030689880
80	0.0000000000	0.0065122344	-2.9957322736
81	0.6367082385	0.0065122344	-21.9584434995
82	2.2413714498	0.0065122344	-60.5575143156
83	1.9191538913	0.0065122344	-53.2652746331
84	0.3179239502	0.0065122344	-13.1715324922
85	0.3179239513	0.0065122344	-13.1715324922
86	0.3179239676	0.0065122344	-13.1715324922
87	2.2425867977	0.0065122344	-60.5537939106
88	0.9562593014	0.0065122344	-30.2198145775
89	0.3179240006	0.0065122344	-13.1715324922
90	1.5972730819	0.0065122344	-45.8046471070
91	0.0000000000	0.0065122344	-2.9957322736
92	0.9560573679	0.0065122344	-30.2204424083
93	1.5976162421	0.0065122344	-45.8035901509
94	0.3179570882	0.0065122344	-13.1714286611
95	0.0000000000	0.0065122344	-2.9957322736
96	1.5972734420	0.0065122344	-45.8046465500
97	0.9560576118	0.0065122344	-30.2204422112
98	0.6367081828	0.0065122344	-21.9584435865
99	1.2762095194	0.0065122344	-38.1402431514
100	0.0000000000	0.0065122344	-2.9957322736
101	0.0000000000	0.0065122344	-2.9957322736
102	1.5984497819	0.0065122344	-44.7023740067
103	0.6369081896	0.0065122344	-21.9578185763
104	0.6366414750	0.0065122344	-21.9586520372
105	1.9191540163	0.0065122344	-53.2652746341
106	0.9561584715	0.0065122344	-30.2201283125
107	0.0000000000	0.0065122344	-2.9957322736
108	0.6367082386	0.0065122344	-21.9584434995
109	0.3179239752	0.0065122344	-13.1715324922
110	0.9562594043	0.0065122344	-30.2198141830
111	0.0000000000	0.0065122344	-2.9957322736
112	0.9560575706	0.0065122344	-30.2204422112
113	1.2764809751	0.0065122344	-38.1394024087
114	0.3179570628	0.0065122344	-13.1714286611
115	0.9561585030	0.0065122344	-30.2201283125
116	1.2764808981	0.0065122344	-38.1394024087
117	0.9560574514	0.0065122344	-30.2204422112
118	1.2762095025	0.0065122344	-38.1402431514
119	1.5974446475	0.0065122344	-45.8041186581
120	1.2762097455	0.0065122344	-38.1402427980
121	1.9187400889	0.0065122344	-53.2665459655
122	0.0000000000	0.0065122344	-2.9957322736
123	0.9561586697	0.0065122344	-30.2201281154
124	1.5972731399	0.0065122344	-45.8046471070
