site	rate	t	lnL
1	2.4907996901	0.3758904459	-756.7428915148
2	0.6961698252	0.3758904459	-523.7776237395
3	1.7427742163	0.3758904459	-764.3785149008
4	1.9900516811	0.3758904459	-741.2212871486
5	0.1362397383	0.3758904459	-159.0121582398
6	1.9014056719	0.3758904459	-750.4006636812
7	0.4958242008	0.3758904459	-399.6894297006
8	1.3373228771	0.3758904459	-677.5525711957
9	1.7077899725	0.3758904459	-734.2781827816
10	1.8181416308	0.3758904459	-722.6754859307
11	0.5169508597	0.3758904459	-412.4357057674
12	2.4459724675	0.3758904459	-755.0053374488
13	1.0940502785	0.3758904459	-625.1089005650
14	0.8890742044	0.3758904459	-580.7577624906
15	0.5509179857	0.3758904459	-417.6419090777
16	1.4943496694	0.3758904459	-734.8641107173
17	1.4684350719	0.3758904459	-695.8994585670
18	1.4326766318	0.3758904459	-673.7222198156
19	1.8680839450	0.3758904459	-735.0856906755
20	0.3653985230	0.3758904459	-337.6338590134
21	1.0632540709	0.3758904459	-641.9591290482
22	1.1883976786	0.3758904459	-700.7983037969
23	0.8726527542	0.3758904459	-563.2052829000
24	0.0770570258	0.3758904459	-106.2963354985
25	1.4595078594	0.3758904459	-709.7879104596
26	0.3557595989	0.3758904459	-332.4045536874
27	0.5818137110	0.3758904459	-463.8895848829
28	0.0057449795	0.3758904459	-12.6819532981
29	0.5061535954	0.3758904459	-415.7531754631
30	0.6536067149	0.3758904459	-497.9040017606
31	2.2704262552	0.3758904459	-733.9849547928
32	1.0200475804	0.3758904459	-617.9757514953
33	0.1884497846	0.3758904459	-220.9945247201
34	1.4052130937	0.3758904459	-703.2468159440
35	1.1210048660	0.3758904459	-616.8877142971
36	1.9572041151	0.3758904459	-742.0853372165
37	1.1822135165	0.3758904459	-670.7040226555
38	1.9410892157	0.3758904459	-742.2066649149
39	1.8684564471	0.3758904459	-721.3774520207
40	1.5599675806	0.3758904459	-718.5097003299
41	1.2932401819	0.3758904459	-702.7626528373
42	2.1185187382	0.3758904459	-735.7201811895
43	1.8967269074	0.3758904459	-748.7925625320
44	2.2972536319	0.3758904459	-759.5707802126
45	1.3762046842	0.3758904459	-718.8749779934
46	0.4316038534	0.3758904459	-386.7629280600
47	0.7573795162	0.3758904459	-542.5131136038
48	1.6019007469	0.3758904459	-714.8168518137
49	1.0707640042	0.3758904459	-665.4461417602
50	0.9864053316	0.3758904459	-628.9231633196
51	0.0000000000	0.3758904459	-2.6742589126
52	0.5690024922	0.3758904459	-442.2786333294
53	0.8078062793	0.3758904459	-542.6388531724
54	0.8507340267	0.3758904459	-574.7218627294
55	0.7444062808	0.3758904459	-526.8722179285
56	1.0173327903	0.3758904459	-662.0434447177
57	0.1350745670	0.3758904459	-168.2677398205
58	1.2986874324	0.3758904459	-665.5499165847
59	2.3697966168	0.3758904459	-752.5258225516
60	0.5573608592	0.3758904459	-442.4097412488
61	0.0581679497	0.3758904459	-79.6696557797
62	2.2222505659	0.3758904459	-750.6385768982
63	0.6148611316	0.3758904459	-504.1388235543
64	1.1270295873	0.3758904459	-659.6706912602
65	1.6452561698	0.3758904459	-741.4829551257
66	0.6207116733	0.3758904459	-493.2461783133
67	2.1519311039	0.3758904459	-765.1833491670
68	0.7514719940	0.3758904459	-554.0237919293
69	1.8434384195	0.3758904459	-741.1875683337
70	2.3649982862	0.3758904459	-741.8830396244
71	1.5590185513	0.3758904459	-706.3521671052
72	1.6063402481	0.3758904459	-703.0142129848
73	0.1376329497	0.3758904459	-156.6104499248
74	0.9690161457	0.3758904459	-624.6347880901
75	1.1216392169	0.3758904459	-611.2010735893
76	1.4589472482	0.3758904459	-736.5929483440
77	0.0758775526	0.3758904459	-99.4885883399
78	1.7823922098	0.3758904459	-759.0308742902
79	2.2514327200	0.3758904459	-729.4974582548
80	0.7851791199	0.3758904459	-539.8580980166
81	1.2125632059	0.3758904459	-644.0373940976
82	2.3898902228	0.3758904459	-743.1410129950
83	2.3740632867	0.3758904459	-749.1209629485
84	0.6181488429	0.3758904459	-512.1850271308
85	0.5519505494	0.3758904459	-434.2776516919
86	1.3283305009	0.3758904459	-711.2856018508
87	1.2674770252	0.3758904459	-692.3391954735
88	0.7760567420	0.3758904459	-567.5106838921
89	0.3437369397	0.3758904459	-312.6667959529
90	2.0445948151	0.3758904459	-727.8387981716
91	0.2775202551	0.3758904459	-270.5231754232
92	0.8040287755	0.3758904459	-523.9051000587
93	2.1505970053	0.3758904459	-739.5284892353
94	0.4735356163	0.3758904459	-389.2421121580
95	0.5170569978	0.3758904459	-446.2297488595
96	1.8635515405	0.3758904459	-745.5504947808
97	2.1539737932	0.3758904459	-725.0786489211
98	1.1623729259	0.3758904459	-660.4147430671
99	2.0916303158	0.3758904459	-764.4487785560
100	0.1634028725	0.3758904459	-186.2016408340
101	0.2887159367	0.3758904459	-265.4461247703
102	2.7530976678	0.3758904459	-767.9158388529
103	1.3216259512	0.3758904459	-665.8088525009
104	0.3753743630	0.3758904459	-350.6547693923
105	1.3557876116	0.3758904459	-729.5165706813
106	1.9417098229	0.3758904459	-725.3004943328
107	0.4914798027	0.3758904459	-429.6708373955
108	1.9690999823	0.3758904459	-729.7718356531
109	1.9839733328	0.3758904459	-753.1158949875
110	2.0849939711	0.3758904459	-746.4971779387
111	0.0057449795	0.3758904459	-12.8285945559
112	2.4536472835	0.3758904459	-750.5400174736
113	1.9342681331	0.3758904459	-750.3516340186
114	0.7822932389	0.3758904459	-582.6484445426
115	1.4563550042	0.3758904459	-720.8442778633
116	2.3267909799	0.3758904459	-762.2636634625
117	2.6342218203	0.3758904459	-749.9544621064
118	1.0903333418	0.3758904459	-632.3704187988
119	1.2788872056	0.3758904459	-704.2110926933
120	2.2947973124	0.3758904459	-743.0339936238
121	0.8082744759	0.3758904459	-566.8855254467
122	0.1992755640	0.3758904459	-205.2587286731
123	2.7552707009	0.3758904459	-771.5850437129
124	2.2972746335	0.3758904459	-749.1102231554
