site	rate	t	lnL
1	1.4291106806	0.0611275186	-255.1026842885
2	0.6583983831	0.0611275186	-138.8821850147
3	1.8540324392	0.0611275186	-311.4698722087
4	1.2062547970	0.0611275186	-220.9699764861
5	0.0338754785	0.0611275186	-13.1715325048
6	1.9909837249	0.0611275186	-320.4375911277
7	0.3770345336	0.0611275186	-88.4282697221
8	0.7666970658	0.0611275186	-152.0429162998
9	1.3175703306	0.0611275186	-236.7063045635
10	1.0209655736	0.0611275186	-196.9025056677
11	0.3426578033	0.0611275186	-81.6172909843
12	1.7048420391	0.0611275186	-286.9710361212
13	0.9091606485	0.0611275186	-180.9763375471
14	0.9092097509	0.0611275186	-180.9751858787
15	0.3774019485	0.0611275186	-87.3191207458
16	1.7382401814	0.0611275186	-296.4174229302
17	0.9483309201	0.0611275186	-184.6519489698
18	1.0214697515	0.0611275186	-192.8973898117
19	2.1033622495	0.0611275186	-334.2928752014
20	1.5065174002	0.0611275186	-263.9827948565
21	0.6587795243	0.0611275186	-136.6737672189
22	1.5432059280	0.0611275186	-274.0281876639
23	0.9571211071	0.0611275186	-183.8156990571
24	0.2044795463	0.0611275186	-53.2646392667
25	1.0188781465	0.0611275186	-195.9774117588
26	0.5176579205	0.0611275186	-113.6464192934
27	1.0188901226	0.0611275186	-197.2454844818
28	0.0000000000	0.0611275186	-2.9957322736
29	0.0338787405	0.0611275186	-13.1714286941
30	0.4119793492	0.0611275186	-95.1321921452
31	1.2024919483	0.0611275186	-226.6019009804
32	0.5518710038	0.0611275186	-119.3794143023
33	0.1360242603	0.0611275186	-38.1385642804
34	1.6957775957	0.0611275186	-295.3517781141
35	1.0931279642	0.0611275186	-205.4414806703
36	1.4292992053	0.0611275186	-254.9799395340
37	1.3509944672	0.0611275186	-245.3292327191
38	2.1040173049	0.0611275186	-338.8726422623
39	1.3908300250	0.0611275186	-248.3302525591
40	0.9469297740	0.0611275186	-180.4099077486
41	1.0923897966	0.0611275186	-206.4427667759
42	1.9470758681	0.0611275186	-319.4670136052
43	1.1685680856	0.0611275186	-217.3536402403
44	1.6607910594	0.0611275186	-287.9610978973
45	0.8734010951	0.0611275186	-173.9907145881
46	0.3078774319	0.0611275186	-73.6190182583
47	0.4820504480	0.0611275186	-108.2913495065
48	1.2057029454	0.0611275186	-223.2173721549
49	1.8163138619	0.0611275186	-304.6228228348
50	0.5518692502	0.0611275186	-121.1714839275
51	0.0000000000	0.0611275186	-2.9957322736
52	0.3771573290	0.0611275186	-88.4247532850
53	1.9783546253	0.0611275186	-322.8145922503
54	0.7694942257	0.0611275186	-155.1416757687
55	0.3423583246	0.0611275186	-80.9326969971
56	1.8707122146	0.0611275186	-306.8861165108
57	0.0678241620	0.0611275186	-21.9588605621
58	1.2059026078	0.0611275186	-220.8439163418
59	1.3527319697	0.0611275186	-243.8977454170
60	0.7298208331	0.0611275186	-148.7752237172
61	0.0000000000	0.0611275186	-2.9957322736
62	1.2414166972	0.0611275186	-228.9224501030
63	1.1692638744	0.0611275186	-213.7261343829
64	1.2413039833	0.0611275186	-229.9052266880
65	1.4689187967	0.0611275186	-260.5558547156
66	1.2422247895	0.0611275186	-226.7010164637
67	0.9460366810	0.0611275186	-185.6947383297
68	0.3077257665	0.0611275186	-74.7220405268
69	0.8739898081	0.0611275186	-173.9747655182
70	1.4314065333	0.0611275186	-257.1260185882
71	0.8737559685	0.0611275186	-170.8884076174
72	1.4729948190	0.0611275186	-257.2719926668
73	0.0338701053	0.0611275186	-13.1715324922
74	1.8149933129	0.0611275186	-302.5059625442
75	1.3571246262	0.0611275186	-244.1906906911
76	0.8749619805	0.0611275186	-174.3555407612
77	0.0678247428	0.0611275186	-21.9586521241
78	1.9709682458	0.0611275186	-325.3760252072
79	1.5813060857	0.0611275186	-275.3199447245
80	0.2388626510	0.0611275186	-60.5552828592
81	0.9828575637	0.0611275186	-190.3780814889
82	1.0922734936	0.0611275186	-207.6651994335
83	1.9914777378	0.0611275186	-326.1438210821
84	1.7402365192	0.0611275186	-294.6090254664
85	1.0556767769	0.0611275186	-202.9592920645
86	1.1323088397	0.0611275186	-210.9088251983
87	1.4324249814	0.0611275186	-253.9160954608
88	0.7301586525	0.0611275186	-151.5393517837
89	0.0678176315	0.0611275186	-21.9588605529
90	1.5444226428	0.0611275186	-274.6875171384
91	0.0338752075	0.0611275186	-13.1715325036
92	1.0549721354	0.0611275186	-201.6780342988
93	1.8139323944	0.0611275186	-306.1234326167
94	0.2045353211	0.0611275186	-52.1643758404
95	0.5874002102	0.0611275186	-126.3994819776
96	1.4688859443	0.0611275186	-261.4096111247
97	0.9470908419	0.0611275186	-186.7664090063
98	0.5526580377	0.0611275186	-120.0505007061
99	1.8962509555	0.0611275186	-315.2613297127
100	0.8023416594	0.0611275186	-160.9864200621
101	0.1701840613	0.0611275186	-45.8041197708
102	1.6246897814	0.0611275186	-280.1760903590
103	1.7939692567	0.0611275186	-297.7274836149
104	0.1018493042	0.0611275186	-30.2207562793
105	0.9840163490	0.0611275186	-187.9790241262
106	0.7299943185	0.0611275186	-149.0578073084
107	0.8731712240	0.0611275186	-175.0961702921
108	1.5889305517	0.0611275186	-274.9815272419
109	1.3533530218	0.0611275186	-243.7125055318
110	1.5432908028	0.0611275186	-272.2306145095
111	0.0000000000	0.0611275186	-2.9957322736
112	1.7818023056	0.0611275186	-300.3708000731
113	1.2050356111	0.0611275186	-224.3358668270
114	0.2389271734	0.0611275186	-59.4547524489
115	0.8017566271	0.0611275186	-162.1000154812
116	1.6223763016	0.0611275186	-281.1803093141
117	0.9857398857	0.0611275186	-191.4008762566
118	0.8754048178	0.0611275186	-175.0354379928
119	0.7658878085	0.0611275186	-156.2098322197
120	1.6577957059	0.0611275186	-286.5295963720
121	0.1702271237	0.0611275186	-45.8030682016
122	0.0338752076	0.0611275186	-13.1715325036
123	1.8160366249	0.0611275186	-308.5610436614
124	1.5070616652	0.0611275186	-266.8601391742
