site	rate	t	lnL
1	3.1758333402	0.5220071627	-776.4276461947
2	0.4573679529	0.5220071627	-470.1865469873
3	2.9263459529	0.5220071627	-768.4708656043
4	2.9608503999	0.5220071627	-768.0392449067
5	0.0475016636	0.5220071627	-73.9943715185
6	3.5627806310	0.5220071627	-761.8748637681
7	0.2967992877	0.5220071627	-371.4311821638
8	0.9982571236	0.5220071627	-666.1381590751
9	2.2034838022	0.5220071627	-762.8298401934
10	3.1072422025	0.5220071627	-723.6395448963
11	0.3569387511	0.5220071627	-428.3201205359
12	2.1180778309	0.5220071627	-759.0410698723
13	1.0762577306	0.5220071627	-669.5519764430
14	1.3955553371	0.5220071627	-575.8979438200
15	0.3222716991	0.5220071627	-389.7396461095
16	2.7438946122	0.5220071627	-750.3728096175
17	2.3984811143	0.5220071627	-705.6229124091
18	1.2685819308	0.5220071627	-627.9577808279
19	2.4831078091	0.5220071627	-753.6185408433
20	0.4813717382	0.5220071627	-271.8596403621
21	0.8534911223	0.5220071627	-584.5760882935
22	2.4430657082	0.5220071627	-700.3392870348
23	0.4702131690	0.5220071627	-504.3972434027
24	0.3731255048	0.5220071627	-186.8181208709
25	2.3856855791	0.5220071627	-756.1364058965
26	0.2353998177	0.5220071627	-216.0423147459
27	0.3265855203	0.5220071627	-416.3034608675
28	0.0000000000	0.5220071627	-2.3964472290
29	0.0911027723	0.5220071627	-209.2506933493
30	0.3932985277	0.5220071627	-477.7565503950
31	3.1244942004	0.5220071627	-738.2973570606
32	1.3195612582	0.5220071627	-698.8251492730
33	0.1656689426	0.5220071627	-264.1214858182
34	2.2134417247	0.5220071627	-718.5061286412
35	1.5657809873	0.5220071627	-689.1837384035
36	3.2681454785	0.5220071627	-763.2043130497
37	1.8256253700	0.5220071627	-635.0979539224
38	2.5730272665	0.5220071627	-770.0913339418
39	2.5866402898	0.5220071627	-752.0482272191
40	1.0224071904	0.5220071627	-640.3791041530
41	1.4435721476	0.5220071627	-718.6912056006
42	4.3885035871	0.5220071627	-760.3134682430
43	2.0704750736	0.5220071627	-734.1134832245
44	2.6162386377	0.5220071627	-748.3256513248
45	1.9467695924	0.5220071627	-696.3852774747
46	1.3548859295	0.5220071627	-562.7628849854
47	0.5047705740	0.5220071627	-552.5250805394
48	1.3895121244	0.5220071627	-696.6234131121
49	1.1051181817	0.5220071627	-671.7025978311
50	0.6130192086	0.5220071627	-527.4475037580
51	0.0000000000	0.5220071627	-2.6820553290
52	0.2941130596	0.5220071627	-408.6671048335
53	0.4644016628	0.5220071627	-512.9087345775
54	0.7238225756	0.5220071627	-543.6857334363
55	0.3290941690	0.5220071627	-404.4400981771
56	1.1651522269	0.5220071627	-726.7215260041
57	0.0903508407	0.5220071627	-169.5706668610
58	1.4300398890	0.5220071627	-688.1931726008
59	1.7994334034	0.5220071627	-739.4186967133
60	0.5460870715	0.5220071627	-457.3495425268
61	0.0663962678	0.5220071627	-90.9548319042
62	3.0222198401	0.5220071627	-773.3549290235
63	0.5511721396	0.5220071627	-390.9116415677
64	1.3176089512	0.5220071627	-570.2345848513
65	1.7269250014	0.5220071627	-732.5805537076
66	0.3536366545	0.5220071627	-445.0374749070
67	3.0755656143	0.5220071627	-766.8731986205
68	1.4182359078	0.5220071627	-627.9883688609
69	4.0379392921	0.5220071627	-785.0204624859
70	3.2324539298	0.5220071627	-752.0877811587
71	1.4740684087	0.5220071627	-681.7660880559
72	1.3962937761	0.5220071627	-703.9994835761
73	0.0896389655	0.5220071627	-118.7716012455
74	1.1377390659	0.5220071627	-515.0079586570
75	0.9521036097	0.5220071627	-630.5451388941
76	2.7157130576	0.5220071627	-754.0461252600
77	0.0831723046	0.5220071627	-108.9461383737
78	3.4520646381	0.5220071627	-776.8202272122
79	3.4605936401	0.5220071627	-759.4549704108
80	0.6569687353	0.5220071627	-589.1770259712
81	1.3277954377	0.5220071627	-687.0288541358
82	2.2427342879	0.5220071627	-756.8177024324
83	3.1366860845	0.5220071627	-780.8878635545
84	1.3085892385	0.5220071627	-628.9579952128
85	0.6609179711	0.5220071627	-581.6235565036
86	0.8406844531	0.5220071627	-708.8362168512
87	2.7641295613	0.5220071627	-711.5188683707
88	0.4816944907	0.5220071627	-559.2222802978
89	0.1887312596	0.5220071627	-304.5774577925
90	3.5525200875	0.5220071627	-768.6236111661
91	0.1672025434	0.5220071627	-187.4969724157
92	0.5857123457	0.5220071627	-505.7280522746
93	5.0158970382	0.5220071627	-752.3659266038
94	0.3822046862	0.5220071627	-416.4242645249
95	0.3320477394	0.5220071627	-454.1510877929
96	3.2317585036	0.5220071627	-747.9184399074
97	6.2610066302	0.5220071627	-750.0997442807
98	1.5151373627	0.5220071627	-611.1403648255
99	3.0292041125	0.5220071627	-767.0293865191
100	0.4732855421	0.5220071627	-280.0354729216
101	0.1949210319	0.5220071627	-298.2259223301
102	2.0259604609	0.5220071627	-756.6360053801
103	1.6955557134	0.5220071627	-695.7740583934
104	0.3905664856	0.5220071627	-320.7289645461
105	2.5223209010	0.5220071627	-741.3029826908
106	2.0193918141	0.5220071627	-733.8685724359
107	0.4425452591	0.5220071627	-407.4404267318
108	2.0041843055	0.5220071627	-729.5131355792
109	3.9378763519	0.5220071627	-767.2306672041
110	3.0121895037	0.5220071627	-758.9106813647
111	0.0155233706	0.5220071627	-27.9271907981
112	2.7081697321	0.5220071627	-772.8431660205
113	2.6319310708	0.5220071627	-756.8971633640
114	1.3378189628	0.5220071627	-625.1483648713
115	1.4745329261	0.5220071627	-705.4996892076
116	9.5363628589	0.5220071627	-786.0345398475
117	3.2977786021	0.5220071627	-747.5182309835
118	1.4550760415	0.5220071627	-690.1328739066
119	1.1827359738	0.5220071627	-730.9429800257
120	3.4778652467	0.5220071627	-763.1545403912
121	1.4331201376	0.5220071627	-577.4541749017
122	0.2439819794	0.5220071627	-256.9190916507
123	3.9144681152	0.5220071627	-772.7106703742
124	5.7208588322	0.5220071627	-771.8693332934
