site	rate	t	lnL
1	3.2241964774	0.0063775323	-82.6466793592
2	0.2680462973	0.0063775323	-15.5272844079
3	1.0421270373	0.0063775323	-27.8800300705
4	1.1481937713	0.0063775323	-50.7688209836
5	0.0000000000	0.0063775323	-2.2012333578
6	0.7412503357	0.0063775323	-21.0317950691
7	0.2386656095	0.0063775323	-13.7684758017
8	0.4768806615	0.0063775323	-23.2341769624
9	2.5475560611	0.0063775323	-61.7236167341
10	2.0692124649	0.0063775323	-44.4846411932
11	0.0000000000	0.0063775323	-3.3461623564
12	1.1713980118	0.0063775323	-39.5497033030
13	1.3300330854	0.0063775323	-48.6222497191
14	0.2308250094	0.0063775323	-11.9860243795
15	0.2407964154	0.0063775323	-14.3717141197
16	5.1403209877	0.0063775323	-74.0058574028
17	0.6942594210	0.0063775323	-21.0676090063
18	0.2381033087	0.0063775323	-14.1320037508
19	0.2309013504	0.0063775323	-14.2750283429
20	1.3913795801	0.0063775323	-40.6006631739
21	0.2674170690	0.0063775323	-14.5548005488
22	1.1895263358	0.0063775323	-39.7334126612
23	0.3701267140	0.0063775323	-13.3230780993
24	0.0000000000	0.0063775323	-3.6213998238
25	1.4504004538	0.0063775323	-61.9213185004
26	0.2895059314	0.0063775323	-15.9750192430
27	0.4271300510	0.0063775323	-12.9525501796
28	0.0000000000	0.0063775323	-2.2012333578
29	0.2380815948	0.0063775323	-14.4685076165
30	0.0000000000	0.0063775323	-3.4051112810
31	2.1573941176	0.0063775323	-59.2738303228
32	1.5950635325	0.0063775323	-60.8226645381
33	0.3475538839	0.0063775323	-12.5358702987
34	1.1255554475	0.0063775323	-37.3449739701
35	0.2383217486	0.0063775323	-11.9156322428
36	1.2872454340	0.0063775323	-34.3805916032
37	0.0000000000	0.0063775323	-2.3547674710
38	1.1385151399	0.0063775323	-34.4901082958
39	1.1718144010	0.0063775323	-47.7509347477
40	0.3380229406	0.0063775323	-13.5116961635
41	1.2249734650	0.0063775323	-40.2533025749
42	1.1788080627	0.0063775323	-50.4660736147
43	0.5806296169	0.0063775323	-23.6840666650
44	1.3422986929	0.0063775323	-46.7497300165
45	0.8065874931	0.0063775323	-31.7850189629
46	0.0000000000	0.0063775323	-2.3494711991
47	0.2969316926	0.0063775323	-12.2310870587
48	0.4277563136	0.0063775323	-12.5248712713
49	1.5886300887	0.0063775323	-34.5828962004
50	0.8441469941	0.0063775323	-32.6819312106
51	0.0000000000	0.0063775323	-2.3494711991
52	0.8595475553	0.0063775323	-22.6286086407
53	1.9410389092	0.0063775323	-64.8509491015
54	2.2785399248	0.0063775323	-53.4878383282
55	0.3683512906	0.0063775323	-10.7549800739
56	0.4620285525	0.0063775323	-19.7775435819
57	0.0000000000	0.0063775323	-2.3494711991
58	1.3431943862	0.0063775323	-21.9094518214
59	0.9212022752	0.0063775323	-41.1857033457
60	0.0000000000	0.0063775323	-3.1831068982
61	0.0000000000	0.0063775323	-2.2012333578
62	1.7295220193	0.0063775323	-33.3644201165
63	2.6338361432	0.0063775323	-65.8489200280
64	1.1521819203	0.0063775323	-41.0193623262
65	0.4528537547	0.0063775323	-25.0700320049
66	0.2023770306	0.0063775323	-15.3556986534
67	1.8543287001	0.0063775323	-55.6724996944
68	0.9075031571	0.0063775323	-39.0435013919
69	1.9357866607	0.0063775323	-75.5803873888
70	3.4194280948	0.0063775323	-51.8852412701
71	0.3476995748	0.0063775323	-13.1148711642
72	0.6984361891	0.0063775323	-28.6577492625
73	0.0000000000	0.0063775323	-2.2012333578
74	4.7882323797	0.0063775323	-67.6062454678
75	0.6861403812	0.0063775323	-32.6251774141
76	0.6113019145	0.0063775323	-31.9483282576
77	0.0000000000	0.0063775323	-2.2012333578
78	1.6572241709	0.0063775323	-63.8879232616
79	0.4782980890	0.0063775323	-21.0517763746
80	0.4798950834	0.0063775323	-23.4032639076
81	0.0000000000	0.0063775323	-3.1938021873
82	2.6469002857	0.0063775323	-66.9060638568
83	1.2859296075	0.0063775323	-29.8176515321
84	0.0000000000	0.0063775323	-3.4687646785
85	1.8925212657	0.0063775323	-53.6674846874
86	1.3838047271	0.0063775323	-59.2046505753
87	1.1487839773	0.0063775323	-51.0469311256
88	1.5128158431	0.0063775323	-66.2445932202
89	0.0000000000	0.0063775323	-2.3205119605
90	4.3290504348	0.0063775323	-96.5461674740
91	0.7359626972	0.0063775323	-39.0971958191
92	0.2382516750	0.0063775323	-12.2239165152
93	1.6072198106	0.0063775323	-35.7800703404
94	0.9278882176	0.0063775323	-41.1627801718
95	0.7451041870	0.0063775323	-25.3621850567
96	1.4493221439	0.0063775323	-50.8767327257
97	1.3720608115	0.0063775323	-37.9913483580
98	1.1548149388	0.0063775323	-41.6937891735
99	2.1141549060	0.0063775323	-39.4619742235
100	2.2609329276	0.0063775323	-64.3732350471
101	0.0000000000	0.0063775323	-2.3547674710
102	2.3352296624	0.0063775323	-70.3766471292
103	1.2101743834	0.0063775323	-52.9389351651
104	0.0000000000	0.0063775323	-3.1831068982
105	0.0000000000	0.0063775323	-3.6213998238
106	0.6764625748	0.0063775323	-23.9703814205
107	3.3116544042	0.0063775323	-48.9076400596
108	2.7948489446	0.0063775323	-50.5321481243
109	1.4395651440	0.0063775323	-46.9877223889
110	0.9998906612	0.0063775323	-28.6296614711
111	0.0000000000	0.0063775323	-2.2012333578
112	2.5952010811	0.0063775323	-54.7050880866
113	2.4894056674	0.0063775323	-76.4895051499
114	2.1605270657	0.0063775323	-55.3482191536
115	2.5072407300	0.0063775323	-42.6907302462
116	1.8460962391	0.0063775323	-57.8988251836
117	1.6333622172	0.0063775323	-57.9892429207
118	2.7523850874	0.0063775323	-42.0917769264
119	1.6537137784	0.0063775323	-50.5359173686
120	2.7824133658	0.0063775323	-68.2940586963
121	0.0000000000	0.0063775323	-2.3494711991
122	0.0000000000	0.0063775323	-2.2012333578
123	1.3700638759	0.0063775323	-60.7817866997
124	0.8881358134	0.0063775323	-30.6378769279
