site	rate	t	lnL
1	1.3987069470	0.0640827465	-259.7950537223
2	0.3599460197	0.0640827465	-87.3206790733
3	1.1136847365	0.0640827465	-216.6846942862
4	2.0033506927	0.0640827465	-335.1171450270
5	0.0971567377	0.0640827465	-30.2204424083
6	1.5473300862	0.0640827465	-280.3370240352
7	0.1296913132	0.0640827465	-38.1402431514
8	0.5945157418	0.0640827465	-131.5597672673
9	1.6569034671	0.0640827465	-293.8242005323
10	1.3314064612	0.0640827465	-250.3987057696
11	0.5941473807	0.0640827465	-132.6693392492
12	1.8838239670	0.0640827465	-322.5376794271
13	1.4749553850	0.0640827465	-266.6905451609
14	0.2937919246	0.0640827465	-74.7143408492
15	0.5637435042	0.0640827465	-126.2963749451
16	2.3990773258	0.0640827465	-383.5273054045
17	0.7296233085	0.0640827465	-155.8319076999
18	0.8331625437	0.0640827465	-173.2965383600
19	1.5125007128	0.0640827465	-273.6760661063
20	1.5529966122	0.0640827465	-277.0849871093
21	0.6972908924	0.0640827465	-149.0304651857
22	1.7018143206	0.0640827465	-297.5391303028
23	0.2935670151	0.0640827465	-74.7210762168
24	0.0323081579	0.0640827465	-13.1715324922
25	1.1492785156	0.0640827465	-219.2113639489
26	0.4932848156	0.0640827465	-112.5622484545
27	0.2606154627	0.0640827465	-67.7035529706
28	0.0000000000	0.0640827465	-2.9957322736
29	0.0000000000	0.0640827465	-2.9957322736
30	0.4935901984	0.0640827465	-112.6711533086
31	1.6556783414	0.0640827465	-297.2064579707
32	0.2607717098	0.0640827465	-66.6001788706
33	0.2279009645	0.0640827465	-59.4549950812
34	1.8455098146	0.0640827465	-319.5507478778
35	1.6643397930	0.0640827465	-296.5435369676
36	1.2869648011	0.0640827465	-249.7758786372
37	1.7044041434	0.0640827465	-297.4805521350
38	1.6170397635	0.0640827465	-289.9432953001
39	1.8842616990	0.0640827465	-327.1861173492
40	1.3292916635	0.0640827465	-249.6473443120
41	1.4731602495	0.0640827465	-268.6134430923
42	1.3978614632	0.0640827465	-262.5945137349
43	1.3276816948	0.0640827465	-248.7090812623
44	1.1481490144	0.0640827465	-223.5231238598
45	0.7657548625	0.0640827465	-160.9729470101
46	0.1297325258	0.0640827465	-38.1389845853
47	1.2546545047	0.0640827465	-240.3518865599
48	1.0784470295	0.0640827465	-212.1714978291
49	0.6620935116	0.0640827465	-143.4282458197
50	1.6354741562	0.0640827465	-289.0040479161
51	0.0000000000	0.0640827465	-2.9957322736
52	0.2277484897	0.0640827465	-60.5582594517
53	0.7992715266	0.0640827465	-169.1564922967
54	0.5955045153	0.0640827465	-131.5312007801
55	0.1622838078	0.0640827465	-45.8057016077
56	1.6954702411	0.0640827465	-298.1393936078
57	0.1623182212	0.0640827465	-45.8046517228
58	1.6168572709	0.0640827465	-290.1172949691
59	1.3313282991	0.0640827465	-252.4818747101
60	0.2939518218	0.0640827465	-72.5121588005
61	0.0000000000	0.0640827465	-2.9957322736
62	1.7764486862	0.0640827465	-307.9472605532
63	1.2921339966	0.0640827465	-246.4538772045
64	0.2606178030	0.0640827465	-66.3172231427
65	1.5848803935	0.0640827465	-282.6945689259
66	0.2277486442	0.0640827465	-60.5582572560
67	1.6605314389	0.0640827465	-296.3894559449
68	0.2278474642	0.0640827465	-60.5552806391
69	0.7302850352	0.0640827465	-156.0998989383
70	1.6572553661	0.0640827465	-296.9977526228
71	0.8674529795	0.0640827465	-180.9703032983
72	0.8671742946	0.0640827465	-178.8971684571
73	0.0323115216	0.0640827465	-13.1714286611
74	1.6213830686	0.0640827465	-289.9863233438
75	1.6242088003	0.0640827465	-289.1101100752
76	0.5606967113	0.0640827465	-125.2893587513
77	0.0646969467	0.0640827465	-21.9586521241
78	1.8100548321	0.0640827465	-316.9054000639
79	1.7020952226	0.0640827465	-298.9536445812
80	1.1169760624	0.0640827465	-221.2726617886
81	0.9012506779	0.0640827465	-187.2334580187
82	1.5467456839	0.0640827465	-280.8313439129
83	1.5817549292	0.0640827465	-285.4201347440
84	0.9720011828	0.0640827465	-196.1433295113
85	0.1950077706	0.0640827465	-53.2659099297
86	1.6951110480	0.0640827465	-296.3585376795
87	1.6343409267	0.0640827465	-287.3248347067
88	0.6279633251	0.0640827465	-138.8842832937
89	0.0971729330	0.0640827465	-30.2201283178
90	1.2906103445	0.0640827465	-245.3957837929
91	1.5443961994	0.0640827465	-280.6026642904
92	0.6285000749	0.0640827465	-138.8688180580
93	1.7285998003	0.0640827465	-307.5557875600
94	0.2936315786	0.0640827465	-74.7191472708
95	0.9020982453	0.0640827465	-185.7037130931
96	1.1488431909	0.0640827465	-223.2517857862
97	1.3997328653	0.0640827465	-258.2608671121
98	1.1150314070	0.0640827465	-219.9470627379
99	1.9205588416	0.0640827465	-333.7655887965
100	0.0646963761	0.0640827465	-21.9588605621
101	0.0647099491	0.0640827465	-21.9584435957
102	1.3663389877	0.0640827465	-254.1714122289
103	0.5941991240	0.0640827465	-133.7668586786
104	1.0085146219	0.0640827465	-196.9625206762
105	0.9380528432	0.0640827465	-190.7703596501
106	1.0059300898	0.0640827465	-202.9884438759
107	0.6956141929	0.0640827465	-152.2578949932
108	1.6200311008	0.0640827465	-285.4275795345
109	1.0769611479	0.0640827465	-213.1942312349
110	1.2943695143	0.0640827465	-242.6889479815
111	0.0000000000	0.0640827465	-2.9957322736
112	1.2556482150	0.0640827465	-239.5984219046
113	1.6584525126	0.0640827465	-294.0689768338
114	0.2937278905	0.0640827465	-74.7162619466
115	1.0424548976	0.0640827465	-204.7558039316
116	2.2304935831	0.0640827465	-371.3241219629
117	1.6662391236	0.0640827465	-294.1368702843
118	0.6961584035	0.0640827465	-150.0439171019
119	1.0083120286	0.0640827465	-200.9760254712
120	1.8073759979	0.0640827465	-316.4027548232
121	1.6249430840	0.0640827465	-290.1771858663
122	0.4595747358	0.0640827465	-107.6056175124
123	2.1512767674	0.0640827465	-355.1564657077
124	1.1810025664	0.0640827465	-231.0892017558
