site	rate	t	lnL
1	1.8524279937	0.0611712531	-300.4771778003
2	0.4592921549	0.0611712531	-99.3297823276
3	1.0007798127	0.0611712531	-192.9771289860
4	1.3557532100	0.0611712531	-244.6398004346
5	1.8400287434	0.0611712531	-301.4676573843
6	1.7595742671	0.0611712531	-306.7582631657
7	0.9113204500	0.0611712531	-176.6285520337
8	1.1595223237	0.0611712531	-210.9408814157
9	1.4240076502	0.0611712531	-263.7050798370
10	1.6726380445	0.0611712531	-293.5281671205
11	0.1765677899	0.0611712531	-44.8538637891
12	1.4938124873	0.0611712531	-271.5115185924
13	1.6559642709	0.0611712531	-281.5903919252
14	1.1588409146	0.0611712531	-205.7469620481
15	0.4948779007	0.0611712531	-103.1950617142
16	1.8464593638	0.0611712531	-318.0467199472
17	0.8015278103	0.0611712531	-157.4463789100
18	1.2504273464	0.0611712531	-221.7014657927
19	1.7006753217	0.0611712531	-305.4890830447
20	0.0711787165	0.0611712531	-20.7765319787
21	1.3558707136	0.0611712531	-240.2448317123
22	1.7167302903	0.0611712531	-299.1247357106
23	1.2013834164	0.0611712531	-220.1588291891
24	0.2499890488	0.0611712531	-63.9374838584
25	1.2628775274	0.0611712531	-237.4683254172
26	0.7792230677	0.0611712531	-152.3076331829
27	0.0690258916	0.0611712531	-21.5649399674
28	0.0000000000	0.0611712531	-2.3868052810
29	0.3211365257	0.0611712531	-72.2349340469
30	0.4280579378	0.0611712531	-94.4332884404
31	1.2422584921	0.0611712531	-237.5218224786
32	1.5051752229	0.0611712531	-277.8079195989
33	0.2015902122	0.0611712531	-55.0500793636
34	1.5872844114	0.0611712531	-273.8128239588
35	0.9867707312	0.0611712531	-189.6169559387
36	1.4293506504	0.0611712531	-256.6774507293
37	0.8884283460	0.0611712531	-176.3853694057
38	1.8123626748	0.0611712531	-295.5084465445
39	1.2035428790	0.0611712531	-228.5561150443
40	1.8459336247	0.0611712531	-310.7289053502
41	1.4169625029	0.0611712531	-255.5861628788
42	1.7147593746	0.0611712531	-285.3248213723
43	1.7219053932	0.0611712531	-291.4757529618
44	1.5039348419	0.0611712531	-267.4713679373
45	0.6500209986	0.0611712531	-131.5200314473
46	0.3229986224	0.0611712531	-72.9234435661
47	0.9498586736	0.0611712531	-183.3213530896
48	0.7744432710	0.0611712531	-157.4327310735
49	0.5457976696	0.0611712531	-115.8551420305
50	0.4565287445	0.0611712531	-99.4770701727
51	0.0000000000	0.0611712531	-2.3524468997
52	0.3210411049	0.0611712531	-71.5615273003
53	1.6372082790	0.0611712531	-286.3054997183
54	0.5144867004	0.0611712531	-115.5306374558
55	0.7326405667	0.0611712531	-148.2485596479
56	1.1720458926	0.0611712531	-225.6771193927
57	0.3221981274	0.0611712531	-74.8829810502
58	0.6268915009	0.0611712531	-132.5033736441
59	1.5930856314	0.0611712531	-278.9678726447
60	0.1345825841	0.0611712531	-36.6816123669
61	0.0000000000	0.0611712531	-2.3868052810
62	1.4447824863	0.0611712531	-249.5024221493
63	0.5459377107	0.0611712531	-119.4310580010
64	1.5812080791	0.0611712531	-277.0795596932
65	0.9774480254	0.0611712531	-189.1717768030
66	0.6185554601	0.0611712531	-132.1243655406
67	1.5437811301	0.0611712531	-278.3514615175
68	0.5417138698	0.0611712531	-109.6087409511
69	0.8348047582	0.0611712531	-168.1277986522
70	1.7307211142	0.0611712531	-293.2509737403
71	0.7213798963	0.0611712531	-144.5622119207
72	1.7358178562	0.0611712531	-297.8141995049
73	0.0354135392	0.0611712531	-13.0359187643
74	0.3592453960	0.0611712531	-80.0262112266
75	0.6692887713	0.0611712531	-137.8122580340
76	1.0312306957	0.0611712531	-207.4354689418
77	0.0354188908	0.0611712531	-11.8740915929
78	1.3908410188	0.0611712531	-250.1996690909
79	1.9060454455	0.0611712531	-313.7259021948
80	1.5960235858	0.0611712531	-282.0510567271
81	1.0655975102	0.0611712531	-199.3174313550
82	1.4430402259	0.0611712531	-252.1931578685
83	0.9657170986	0.0611712531	-196.1453935452
84	0.4745504170	0.0611712531	-110.1602668567
85	0.5231506281	0.0611712531	-111.4464803626
86	1.4216050396	0.0611712531	-256.7706301069
87	0.7121097097	0.0611712531	-150.4355284555
88	0.3118460623	0.0611712531	-73.1421848883
89	0.2131002811	0.0611712531	-51.9456296919
90	1.5411798578	0.0611712531	-271.2886153660
91	0.0709183540	0.0611712531	-22.2025006484
92	0.8343962055	0.0611712531	-166.4568032135
93	1.1427431092	0.0611712531	-214.0509587508
94	0.2831906858	0.0611712531	-67.3381176036
95	0.4169480786	0.0611712531	-94.4420624124
96	1.3658260484	0.0611712531	-243.5802549080
97	1.7175724835	0.0611712531	-291.8676626642
98	1.6182722534	0.0611712531	-279.2288448164
99	1.4454043172	0.0611712531	-263.3875432185
100	0.2849171249	0.0611712531	-66.4030326032
101	0.0690258735	0.0611712531	-21.2613367976
102	1.7324930952	0.0611712531	-296.0400103357
103	1.1596398439	0.0611712531	-210.8039579977
104	0.1345176874	0.0611712531	-38.7087512802
105	1.1816100270	0.0611712531	-230.7631806249
106	1.1164687137	0.0611712531	-213.1329904654
107	0.4224571371	0.0611712531	-95.2356285090
108	1.7455198704	0.0611712531	-301.4006214729
109	1.6920167279	0.0611712531	-301.9000272528
110	2.4215765633	0.0611712531	-371.2126313077
111	0.0000000000	0.0611712531	-2.3868052810
112	1.8187047641	0.0611712531	-317.0977916130
113	1.4367903651	0.0611712531	-260.8812383551
114	0.4052226604	0.0611712531	-100.9737984721
115	1.4500337636	0.0611712531	-252.2901611415
116	1.0120197600	0.0611712531	-202.9644574243
117	1.3105554955	0.0611712531	-240.6629808466
118	0.9984576455	0.0611712531	-198.3706010732
119	0.7250920294	0.0611712531	-155.0553552760
120	1.2583182164	0.0611712531	-223.2031005261
121	0.3236344524	0.0611712531	-71.3441062975
122	0.2500385854	0.0611712531	-60.1411852256
123	2.1620642325	0.0611712531	-349.4167425025
124	1.7859833938	0.0611712531	-314.2665418462
