site	rate	t	lnL
1	3.2026008264	0.0005729428	-14.7358887605
2	0.0000000000	0.0005729428	-2.6239254208
3	5.4735203537	0.0005729428	-25.7036844027
4	0.0000000000	0.0005729428	-2.4220312422
5	0.0000000000	0.0005729428	-2.6221893093
6	0.0000000000	0.0005729428	-3.4349642441
7	0.0000000000	0.0005729428	-2.0481812439
8	3.2011671666	0.0005729428	-12.2402328946
9	0.0000000000	0.0005729428	-3.4330111185
10	0.0000000000	0.0005729428	-3.2077235258
11	0.0000000000	0.0005729428	-2.0481812439
12	16.7903841554	0.0005729428	-24.9645803658
13	0.0000000000	0.0005729428	-2.5118541970
14	0.0000000000	0.0005729428	-2.7432844153
15	2.7283521155	0.0005729428	-13.7930611228
16	3.5361849306	0.0005729428	-13.0728085597
17	0.0000000000	0.0005729428	-3.4349642441
18	0.0000000000	0.0005729428	-2.6239254208
19	0.0000000000	0.0005729428	-2.5118541970
20	0.0000000000	0.0005729428	-2.7432844153
21	3.5368860135	0.0005729428	-10.8689728834
22	0.0000000000	0.0005729428	-4.1251831649
23	0.0000000000	0.0005729428	-2.6239254208
24	0.0000000000	0.0005729428	-4.1251831649
25	0.0000000000	0.0005729428	-3.4398638130
26	0.0000000000	0.0005729428	-3.2108436532
27	2.5320505330	0.0005729428	-16.8489858044
28	0.0000000000	0.0005729428	-2.6221893093
29	0.0000000000	0.0005729428	-2.0481812439
30	0.0000000000	0.0005729428	-3.2077235258
31	2.5177568936	0.0005729428	-13.5547386333
32	0.0000000000	0.0005729428	-2.0481812439
33	0.0000000000	0.0005729428	-2.7447539232
34	0.0000000000	0.0005729428	-3.4369211919
35	0.0000000000	0.0005729428	-2.6239254208
36	0.0000000000	0.0005729428	-2.8810903668
37	0.0000000000	0.0005729428	-3.2077235258
38	0.0000000000	0.0005729428	-3.2108436532
39	6.7524475090	0.0005729428	-20.8280593116
40	0.0000000000	0.0005729428	-2.8810903668
41	3.5411451974	0.0005729428	-13.3920043657
42	0.0000000000	0.0005729428	-2.0481812439
43	0.0000000000	0.0005729428	-2.4220312422
44	8.0926856401	0.0005729428	-15.6567937574
45	0.0000000000	0.0005729428	-3.2100627082
46	0.0000000000	0.0005729428	-2.7432844153
47	3.2021031737	0.0005729428	-12.7510640506
48	0.0000000000	0.0005729428	-2.4220312422
49	0.0000000000	0.0005729428	-2.0481812439
50	0.0000000000	0.0005729428	-2.4220312422
51	0.0000000000	0.0005729428	-2.7432844153
52	0.0000000000	0.0005729428	-2.6239254208
53	0.0000000000	0.0005729428	-3.2100627082
54	0.0000000000	0.0005729428	-2.5118541970
55	0.0000000000	0.0005729428	-2.4220312422
56	3.2049212582	0.0005729428	-13.6854810412
57	0.0000000000	0.0005729428	-2.7447539232
58	0.0000000000	0.0005729428	-3.2100627082
59	0.0000000000	0.0005729428	-2.5118541970
60	0.0000000000	0.0005729428	-2.0481812439
61	0.0000000000	0.0005729428	-2.6221893093
62	0.0000000000	0.0005729428	-4.7670370511
63	4.8433981314	0.0005729428	-11.7935511849
64	0.0000000000	0.0005729428	-3.4339872045
65	0.0000000000	0.0005729428	-3.4349642441
66	0.0000000000	0.0005729428	-3.7190684952
67	0.0000000000	0.0005729428	-3.7190684952
68	8.3319431139	0.0005729428	-13.8613889765
69	0.0000000000	0.0005729428	-2.8810903668
70	0.0000000000	0.0005729428	-3.2077235258
71	8.1617781793	0.0005729428	-26.9527044274
72	0.0000000000	0.0005729428	-3.2077235258
73	0.0000000000	0.0005729428	-2.6221893093
74	0.0000000000	0.0005729428	-3.4339872045
75	0.0000000000	0.0005729428	-2.0481812439
76	3.2032381305	0.0005729428	-14.0807915279
77	0.0000000000	0.0005729428	-2.6221893093
78	2.6731509839	0.0005729428	-13.8794020343
79	0.0000000000	0.0005729428	-3.2124073751
80	0.0000000000	0.0005729428	-3.2100627082
81	0.0000000000	0.0005729428	-2.0481812439
82	3.3576242316	0.0005729428	-14.6754082064
83	4.1109920746	0.0005729428	-12.5574445241
84	3.8107651672	0.0005729428	-11.9056784634
85	0.0000000000	0.0005729428	-2.0481812439
86	8.0467614878	0.0005729428	-14.0684583358
87	0.0000000000	0.0005729428	-2.4220312422
88	0.0000000000	0.0005729428	-3.2100627082
89	0.0000000000	0.0005729428	-2.0481812439
90	0.0000000000	0.0005729428	-2.0481812439
91	0.0000000000	0.0005729428	-2.4220312422
92	0.0000000000	0.0005729428	-2.0481812439
93	0.0000000000	0.0005729428	-2.8810903668
94	0.0000000000	0.0005729428	-2.4220312422
95	0.0000000000	0.0005729428	-2.6239254208
96	2.5818314196	0.0005729428	-15.7718286684
97	0.0000000000	0.0005729428	-3.4339872045
98	3.2025997901	0.0005729428	-13.5605300871
99	0.0000000000	0.0005729428	-3.2124073751
100	4.9240273669	0.0005729428	-16.1538035435
101	0.0000000000	0.0005729428	-2.5118541970
102	0.0000000000	0.0005729428	-2.6239254208
103	0.0000000000	0.0005729428	-3.2108436532
104	0.0000000000	0.0005729428	-3.4369211919
105	0.0000000000	0.0005729428	-2.5118541970
106	3.5361846818	0.0005729428	-13.0728085597
107	0.0000000000	0.0005729428	-2.0481812439
108	0.0000000000	0.0005729428	-3.4398638130
109	4.0780889578	0.0005729428	-16.6974684487
110	2.5819027392	0.0005729428	-12.5536959090
111	0.0000000000	0.0005729428	-2.6221893093
112	0.0000000000	0.0005729428	-3.4330111185
113	0.0000000000	0.0005729428	-3.2108436532
114	0.0000000000	0.0005729428	-3.2124073751
115	8.3911285709	0.0005729428	-14.2396505663
116	4.0519842969	0.0005729428	-15.3850815019
117	0.0000000000	0.0005729428	-3.4369211919
118	6.3541926366	0.0005729428	-16.3049937268
119	0.0000000000	0.0005729428	-2.4220312422
120	0.0000000000	0.0005729428	-3.7190684952
121	0.0000000000	0.0005729428	-2.7432844153
122	0.0000000000	0.0005729428	-2.6221893093
123	0.0000000000	0.0005729428	-2.8810903668
124	0.0000000000	0.0005729428	-3.4330111185
