site	rate	t	lnL
1	2.7844276190	0.5648688099	-773.1720563568
2	0.5488650425	0.5648688099	-487.3718942431
3	2.4456357264	0.5648688099	-765.7773619482
4	2.5718041992	0.5648688099	-763.4464680663
5	0.0586713373	0.5648688099	-71.7185499993
6	3.1905642019	0.5648688099	-764.8504832103
7	0.3798360984	0.5648688099	-381.1984106457
8	1.0302184979	0.5648688099	-657.5227458263
9	2.0569806908	0.5648688099	-760.3586785351
10	2.8425270473	0.5648688099	-723.9175328283
11	0.4955613098	0.5648688099	-435.4202595393
12	2.2473186497	0.5648688099	-760.5087703943
13	1.1358624316	0.5648688099	-672.1664985751
14	1.1071929858	0.5648688099	-581.9654675705
15	0.4325338620	0.5648688099	-398.9815281612
16	2.1529136823	0.5648688099	-748.5521245104
17	1.9576469834	0.5648688099	-703.4112230498
18	1.6854484463	0.5648688099	-643.0165589544
19	2.6252258855	0.5648688099	-755.7118470143
20	0.3607333425	0.5648688099	-280.4689671721
21	1.0900466080	0.5648688099	-613.7491890992
22	1.6569822987	0.5648688099	-705.6887278214
23	0.5546472478	0.5648688099	-496.3236952118
24	0.2033845035	0.5648688099	-195.3622665974
25	2.2829199714	0.5648688099	-758.2511213147
26	0.3376192584	0.5648688099	-233.7938361909
27	0.3250303984	0.5648688099	-418.3906173770
28	0.0000000000	0.5648688099	-2.3964472290
29	0.1146570380	0.5648688099	-204.7648877531
30	0.4047918350	0.5648688099	-474.9517654276
31	3.2900856350	0.5648688099	-739.5737808264
32	1.1619827454	0.5648688099	-687.8542452342
33	0.1594916514	0.5648688099	-267.8657408330
34	1.8557719507	0.5648688099	-718.6281632714
35	1.6543728378	0.5648688099	-683.7996447835
36	2.9522297892	0.5648688099	-762.4158399753
37	1.1712056451	0.5648688099	-638.4504536622
38	2.3520670213	0.5648688099	-767.6075635167
39	2.8365029272	0.5648688099	-752.9715749205
40	0.8656984197	0.5648688099	-651.2359117329
41	1.2876741719	0.5648688099	-732.3532770314
42	3.6690216200	0.5648688099	-759.9151737068
43	2.3622793965	0.5648688099	-740.5841228502
44	1.9938920767	0.5648688099	-749.4352251904
45	1.5509777691	0.5648688099	-696.2920871050
46	1.0630501857	0.5648688099	-565.0161172829
47	0.4843987189	0.5648688099	-537.2732199451
48	1.5011257656	0.5648688099	-697.3216518898
49	0.9711437328	0.5648688099	-677.2987576870
50	0.7057658892	0.5648688099	-551.2080419162
51	0.0000000000	0.5648688099	-2.6820553290
52	0.3650646587	0.5648688099	-390.5113447822
53	0.5783501545	0.5648688099	-508.7549310566
54	0.6996512533	0.5648688099	-546.6265001062
55	0.3417621896	0.5648688099	-412.0301235482
56	1.0322640987	0.5648688099	-710.9354563667
57	0.0856343778	0.5648688099	-173.4021593938
58	1.3071005759	0.5648688099	-701.8461071031
59	1.8599858795	0.5648688099	-735.7859983945
60	0.7721993814	0.5648688099	-499.5130473049
61	0.0813720555	0.5648688099	-95.5175025366
62	2.8939034336	0.5648688099	-771.2600584352
63	0.3995507320	0.5648688099	-390.7013405768
64	1.0627175352	0.5648688099	-578.2697870687
65	1.5722669205	0.5648688099	-734.0514245160
66	0.3260404417	0.5648688099	-440.8849946876
67	2.2225564687	0.5648688099	-770.1069296415
68	1.2646607294	0.5648688099	-629.3573397832
69	3.4831454870	0.5648688099	-785.5980857315
70	3.0622746306	0.5648688099	-749.2009694617
71	1.4333268937	0.5648688099	-679.3809377463
72	1.4305195783	0.5648688099	-698.0137803827
73	0.1062447777	0.5648688099	-118.3576771492
74	0.8905559149	0.5648688099	-523.0130933639
75	0.9871818066	0.5648688099	-628.1889389626
76	1.7956262582	0.5648688099	-758.5399361286
77	0.1037128305	0.5648688099	-119.9111670446
78	2.9533965133	0.5648688099	-774.7331436645
79	2.9871428229	0.5648688099	-756.3867021394
80	0.7275423480	0.5648688099	-570.2595153278
81	1.2793353570	0.5648688099	-684.4215468777
82	2.0663602140	0.5648688099	-757.2151152604
83	2.8969891740	0.5648688099	-778.9301660443
84	1.0148616791	0.5648688099	-626.1682029121
85	0.6904690041	0.5648688099	-558.6288837633
86	0.8151604542	0.5648688099	-721.5204489995
87	1.8888634680	0.5648688099	-715.6671265659
88	0.4616003185	0.5648688099	-552.4165615296
89	0.2258254685	0.5648688099	-289.4668537111
90	3.7816449222	0.5648688099	-770.7613704365
91	0.2058050737	0.5648688099	-195.2908619089
92	0.7287901782	0.5648688099	-526.7601476900
93	4.5933624806	0.5648688099	-751.8415132265
94	0.4130863763	0.5648688099	-416.0181348882
95	0.3117568346	0.5648688099	-462.3731070594
96	2.9677178290	0.5648688099	-748.7370403128
97	5.1731794676	0.5648688099	-748.6893939210
98	1.1572080394	0.5648688099	-609.7150946060
99	2.2734073964	0.5648688099	-771.5113203635
100	0.3752194687	0.5648688099	-290.5965324507
101	0.2404159859	0.5648688099	-299.4183389387
102	1.8562236407	0.5648688099	-748.4085467354
103	1.6186302995	0.5648688099	-679.9670459950
104	0.5294106605	0.5648688099	-328.2677240334
105	1.7755229392	0.5648688099	-743.0399635498
106	2.0552094178	0.5648688099	-733.5864202114
107	0.5472017673	0.5648688099	-448.3656700593
108	2.0888508887	0.5648688099	-737.3943692553
109	3.2256562291	0.5648688099	-763.6373137769
110	3.1639268329	0.5648688099	-759.0722838259
111	0.0193261067	0.5648688099	-28.4727116525
112	2.4588876573	0.5648688099	-766.6584132057
113	2.4724997009	0.5648688099	-758.2226262841
114	0.9882143540	0.5648688099	-622.1956273962
115	1.5307160772	0.5648688099	-702.2909590099
116	7.3123469644	0.5648688099	-785.5955345255
117	3.0797231126	0.5648688099	-746.1792276509
118	1.7772468318	0.5648688099	-697.8644623424
119	1.1266036500	0.5648688099	-720.6192874410
120	3.2848538381	0.5648688099	-763.6979073194
121	1.1133402493	0.5648688099	-583.4517111109
122	0.3003187601	0.5648688099	-260.0334605163
123	3.0598579601	0.5648688099	-764.5654945470
124	4.1639263127	0.5648688099	-770.5265614745
