site	rate	t	lnL
1	2.5888157418	0.3589212052	-750.3008445267
2	0.7542389094	0.3589212052	-542.8052580301
3	2.2952115439	0.3589212052	-742.1983272072
4	2.1071819136	0.3589212052	-737.9166712627
5	0.0820622517	0.3589212052	-106.0995775756
6	1.9510863779	0.3589212052	-725.0840936488
7	0.5097728891	0.3589212052	-428.6029865951
8	0.7089155666	0.3589212052	-520.7021095605
9	2.1006288237	0.3589212052	-734.1999296515
10	1.6304245800	0.3589212052	-720.2119736678
11	0.4992530140	0.3589212052	-429.0576464641
12	2.4137249497	0.3589212052	-743.1542065695
13	1.4599762244	0.3589212052	-709.3436470474
14	0.6237240341	0.3589212052	-477.6825036855
15	0.6479610121	0.3589212052	-503.1205768403
16	1.5585318829	0.3589212052	-709.2900738097
17	1.3339425429	0.3589212052	-684.7095754228
18	1.0936482179	0.3589212052	-641.5081573103
19	2.0375826859	0.3589212052	-732.7785339682
20	0.3775646769	0.3589212052	-342.6660483945
21	1.0572008362	0.3589212052	-636.5930681203
22	1.5688147812	0.3589212052	-725.0498576120
23	0.7453593808	0.3589212052	-537.0233286325
24	0.0760753647	0.3589212052	-101.7593940083
25	1.5309259981	0.3589212052	-705.8119019146
26	0.2766763915	0.3589212052	-280.2966634690
27	0.6397456425	0.3589212052	-501.1839868152
28	0.0000000000	0.3589212052	-2.9957322736
29	0.3027981827	0.3589212052	-294.8497135983
30	0.8564329588	0.3589212052	-580.8133084581
31	2.8102883780	0.3589212052	-752.6976384267
32	0.8865532166	0.3589212052	-590.1819214078
33	0.4187826845	0.3589212052	-371.2361209141
34	1.5842010830	0.3589212052	-714.8054776044
35	1.2179163454	0.3589212052	-663.7655237228
36	1.9500497127	0.3589212052	-732.7621477543
37	1.1834377032	0.3589212052	-662.5970234601
38	3.0871025193	0.3589212052	-756.3307949314
39	1.9927298083	0.3589212052	-727.1906603654
40	1.4962574556	0.3589212052	-719.7319185731
41	1.0459893250	0.3589212052	-628.5253273105
42	2.9282171148	0.3589212052	-757.1162505907
43	1.6242228609	0.3589212052	-711.6193043089
44	2.9795357020	0.3589212052	-757.5454098355
45	1.3285387825	0.3589212052	-686.5873403893
46	0.8270361153	0.3589212052	-567.8280159124
47	0.6346370141	0.3589212052	-491.5460888985
48	1.3334406343	0.3589212052	-685.2268457113
49	0.9711921904	0.3589212052	-610.9874715462
50	0.8592527446	0.3589212052	-574.9318298056
51	0.0115505782	0.3589212052	-21.9588605558
52	0.6730299079	0.3589212052	-512.8789567217
53	0.8039200276	0.3589212052	-559.2596541652
54	1.0675703171	0.3589212052	-631.5800249308
55	0.4770826017	0.3589212052	-418.8948673309
56	1.3353451951	0.3589212052	-690.5910417204
57	0.2302194141	0.3589212052	-243.6357750664
58	1.2336242717	0.3589212052	-677.4476225038
59	1.6604934238	0.3589212052	-728.0414681396
60	0.3432122231	0.3589212052	-327.2244940082
61	0.0583511957	0.3589212052	-81.6183724445
62	1.9835681216	0.3589212052	-724.8367512507
63	0.5082513924	0.3589212052	-416.5487182466
64	1.0361107768	0.3589212052	-631.1314416946
65	1.9053743956	0.3589212052	-729.3375901951
66	0.6034554314	0.3589212052	-475.4072650977
67	2.6466478588	0.3589212052	-751.2395658449
68	1.0080914764	0.3589212052	-620.6099894745
69	1.9224464672	0.3589212052	-731.5193453237
70	2.2063927307	0.3589212052	-736.4972758284
71	1.3827980144	0.3589212052	-690.7727545742
72	1.3105530544	0.3589212052	-686.1414491072
73	0.0821355923	0.3589212052	-106.4940725065
74	0.8426332857	0.3589212052	-557.9055297760
75	1.1521487581	0.3589212052	-654.6538450805
76	1.5791512509	0.3589212052	-713.5827481194
77	0.1001506029	0.3589212052	-123.4904200011
78	1.9562315856	0.3589212052	-743.7219110102
79	2.3054614169	0.3589212052	-740.7245574421
80	0.4675860109	0.3589212052	-401.4265101914
81	1.2631651639	0.3589212052	-676.0787965046
82	2.1014448698	0.3589212052	-738.5429992628
83	2.7224656841	0.3589212052	-750.0533482492
84	0.5926742125	0.3589212052	-465.8030668590
85	0.7232494020	0.3589212052	-528.1419888865
86	1.3422328885	0.3589212052	-698.9728998998
87	1.6657999678	0.3589212052	-716.1721376945
88	0.8822574206	0.3589212052	-589.1828215681
89	0.4398662862	0.3589212052	-393.0481476753
90	2.5980226586	0.3589212052	-748.4192948656
91	0.0940849640	0.3589212052	-116.3184293898
92	0.7551804883	0.3589212052	-538.9068342459
93	1.6068524470	0.3589212052	-714.4737929505
94	0.5803860483	0.3589212052	-472.2576557329
95	0.4849301866	0.3589212052	-413.8168277976
96	2.8679173780	0.3589212052	-755.8154092295
97	2.0579792087	0.3589212052	-740.8829599992
98	1.2864160349	0.3589212052	-684.0625966351
99	1.9082299983	0.3589212052	-733.6065627215
100	0.2438032955	0.3589212052	-244.2207089294
101	0.2562628475	0.3589212052	-264.5202040311
102	2.0530772728	0.3589212052	-733.2395480489
103	0.9734039405	0.3589212052	-606.1352019043
104	0.2765735142	0.3589212052	-271.9273354447
105	1.3717651311	0.3589212052	-695.4986285021
106	1.7518243564	0.3589212052	-718.9935176603
107	0.6380063806	0.3589212052	-494.5738614415
108	1.9185125225	0.3589212052	-733.0550732184
109	2.1947639898	0.3589212052	-735.9467101161
110	2.0549278570	0.3589212052	-733.9198394091
111	0.0057683774	0.3589212052	-13.1715324922
112	2.4247130081	0.3589212052	-744.9401854049
113	1.9176660404	0.3589212052	-726.9613300903
114	0.8421338335	0.3589212052	-571.6423195076
115	1.3850586604	0.3589212052	-687.8716201645
116	2.3362126307	0.3589212052	-748.5118828119
117	2.4378506156	0.3589212052	-748.6756759146
118	1.3473223281	0.3589212052	-685.7168986356
119	1.3081922116	0.3589212052	-684.0373733313
120	2.2379832627	0.3589212052	-749.6631625955
121	0.5144922095	0.3589212052	-429.4222198342
122	0.2698576340	0.3589212052	-270.3962598398
123	3.2335165068	0.3589212052	-758.9993250602
124	3.8974055538	0.3589212052	-763.8270618192
