site	rate	t	lnL
1	4.5053261423	0.5256457166	-759.7112063239
2	0.9117199228	0.5256457166	-592.3062429816
3	2.6176405662	0.5256457166	-752.6072282987
4	3.0145100994	0.5256457166	-765.6902390958
5	0.0656115666	0.5256457166	-161.7106032751
6	3.3226638080	0.5256457166	-758.6324447762
7	1.2937364313	0.5256457166	-592.6350280153
8	0.9811569833	0.5256457166	-656.2198645973
9	2.9891159644	0.5256457166	-774.8296691302
10	3.0599919630	0.5256457166	-748.5025806851
11	0.7217349210	0.5256457166	-489.5309595579
12	3.0836829205	0.5256457166	-762.3464945048
13	2.0449143652	0.5256457166	-666.6461266111
14	0.4780784864	0.5256457166	-507.1871231037
15	0.8583154471	0.5256457166	-517.0345522990
16	2.1663170024	0.5256457166	-774.1029873962
17	1.1872258742	0.5256457166	-707.0718949568
18	0.7685943542	0.5256457166	-648.6194954667
19	2.3337307409	0.5256457166	-743.9773721784
20	0.1629369258	0.5256457166	-244.2710192412
21	1.4488510452	0.5256457166	-690.8643243229
22	2.3012559628	0.5256457166	-735.7865424782
23	1.0265778807	0.5256457166	-557.9230213835
24	0.2305813054	0.5256457166	-247.1945069892
25	2.8030146773	0.5256457166	-763.9921837419
26	0.1352808912	0.5256457166	-260.0011161080
27	0.6187108796	0.5256457166	-453.8057877052
28	0.0096229748	0.5256457166	-28.9750239345
29	0.0631108550	0.5256457166	-153.5128457838
30	0.5604183361	0.5256457166	-606.7126747611
31	8.2220411268	0.5256457166	-765.2048729787
32	1.6333392270	0.5256457166	-604.5334208322
33	0.3685319650	0.5256457166	-399.8616589903
34	0.9331096490	0.5256457166	-695.9967224425
35	1.5685698612	0.5256457166	-637.9196489838
36	2.6260994357	0.5256457166	-762.4684771848
37	1.2817778740	0.5256457166	-613.1153903789
38	2.9854479646	0.5256457166	-765.1731476098
39	3.1105137240	0.5256457166	-758.9093407265
40	0.8826539239	0.5256457166	-672.6770459296
41	1.0818858488	0.5256457166	-721.0471990567
42	4.3957647109	0.5256457166	-783.0013690918
43	1.8135310132	0.5256457166	-750.7628185580
44	3.3653436426	0.5256457166	-794.5715738007
45	1.9253613301	0.5256457166	-740.1419720383
46	0.4320189661	0.5256457166	-482.9234530981
47	0.8960707085	0.5256457166	-626.0058876529
48	2.4960618594	0.5256457166	-720.4378856001
49	0.6174039675	0.5256457166	-659.4657246392
50	1.2319412621	0.5256457166	-642.7385585452
51	0.0039033820	0.5256457166	-12.1181079985
52	0.9884330754	0.5256457166	-604.7826535811
53	1.1691089235	0.5256457166	-580.3230519805
54	0.5800307676	0.5256457166	-603.7363107980
55	0.9450983173	0.5256457166	-616.3098077252
56	1.9128936700	0.5256457166	-780.8539237112
57	0.1326857800	0.5256457166	-196.5026528766
58	0.8063557573	0.5256457166	-643.1333651914
59	3.9446036804	0.5256457166	-766.0426449544
60	0.5982069199	0.5256457166	-562.2188447417
61	0.0411217791	0.5256457166	-117.0187912833
62	4.5256831052	0.5256457166	-770.3431879294
63	0.6753175061	0.5256457166	-577.9209378734
64	1.0157884390	0.5256457166	-711.2808472206
65	1.3230938846	0.5256457166	-750.8961030448
66	0.4000809518	0.5256457166	-575.7197849204
67	6.2490658858	0.5256457166	-782.5508590768
68	0.6428320150	0.5256457166	-586.8727559707
69	2.1779733306	0.5256457166	-764.7616055976
70	4.0958321910	0.5256457166	-761.4770732305
71	1.5804870198	0.5256457166	-717.7360507595
72	2.1653361223	0.5256457166	-735.8355110056
73	0.0195571017	0.5256457166	-57.1887893692
74	0.4257619979	0.5256457166	-483.8994701739
75	2.8305513449	0.5256457166	-702.1552685535
76	1.8514500384	0.5256457166	-714.3051043186
77	0.0361963047	0.5256457166	-101.1469287227
78	2.4911002707	0.5256457166	-753.1042346337
79	5.4695924274	0.5256457166	-749.4144544747
80	2.0805893366	0.5256457166	-657.0888889019
81	1.8349949586	0.5256457166	-690.9775482012
82	3.2312597567	0.5256457166	-780.7790001784
83	3.0869814656	0.5256457166	-785.0530261626
84	1.1494526469	0.5256457166	-680.2879857451
85	0.7122337330	0.5256457166	-599.0894425133
86	2.4744862391	0.5256457166	-791.8204622066
87	3.1216259073	0.5256457166	-750.4296305050
88	1.1895973230	0.5256457166	-728.7036404016
89	0.3024487298	0.5256457166	-405.6773912006
90	1.9495663453	0.5256457166	-743.4814864397
91	0.0227337293	0.5256457166	-64.0505287159
92	1.0370401657	0.5256457166	-600.2369159881
93	2.5779406000	0.5256457166	-735.7859918616
94	0.6180613977	0.5256457166	-568.4506583062
95	0.7376168197	0.5256457166	-582.6237432091
96	1.8248017015	0.5256457166	-728.3723299054
97	2.2269287514	0.5256457166	-714.0602498567
98	1.1863411090	0.5256457166	-712.2137396802
99	2.9804258785	0.5256457166	-780.4142856101
100	0.0940795416	0.5256457166	-162.2301768783
101	0.2368159021	0.5256457166	-360.7356835863
102	3.8009928496	0.5256457166	-786.2016163158
103	2.5769141077	0.5256457166	-705.9037802587
104	0.2072018240	0.5256457166	-348.4493865703
105	1.7759076357	0.5256457166	-724.2786481582
106	2.2459985647	0.5256457166	-723.9806004630
107	0.5943500397	0.5256457166	-584.4492187363
108	2.0062801609	0.5256457166	-733.0555838572
109	4.2612417236	0.5256457166	-768.1058132037
110	3.9402481400	0.5256457166	-762.5173043222
111	0.0000000000	0.5256457166	-2.3947186201
112	5.3490204835	0.5256457166	-775.6625015916
113	2.8499861655	0.5256457166	-773.6841221038
114	1.0989013242	0.5256457166	-685.7537876943
115	3.0014675516	0.5256457166	-749.3271548424
116	5.1515428155	0.5256457166	-787.3828304854
117	3.4192958205	0.5256457166	-730.4124326136
118	2.8376135256	0.5256457166	-723.7296074982
119	1.2666282419	0.5256457166	-729.0063067104
120	3.5117356766	0.5256457166	-763.7578214747
121	0.4732806711	0.5256457166	-502.2495276684
122	0.0843670362	0.5256457166	-183.4292340856
123	2.4132540538	0.5256457166	-756.7250341260
124	2.2210092874	0.5256457166	-756.3248681160
