site	rate	t	lnL
1	1.3141347028	0.0618623126	-281.1442601292
2	1.2264189706	0.0618623126	-147.7850529467
3	1.5732193592	0.0618623126	-285.5578016876
4	1.2907385626	0.0618623126	-237.1105509235
5	0.0809188869	0.0618623126	-14.3186822301
6	1.2314707202	0.0618623126	-254.6687401935
7	0.2647464127	0.0618623126	-78.3106120915
8	0.4982062742	0.0618623126	-142.1560906446
9	1.7950774653	0.0618623126	-324.8332867383
10	1.2641609925	0.0618623126	-269.2484235831
11	0.2108460135	0.0618623126	-40.6998324775
12	1.3009617148	0.0618623126	-253.3553713473
13	0.9716667807	0.0618623126	-195.0171972302
14	0.5565303385	0.0618623126	-59.2651543991
15	0.3628396572	0.0618623126	-71.3526225858
16	0.7907639802	0.0618623126	-165.6139284983
17	1.1686025813	0.0618623126	-230.0183958398
18	0.9042523205	0.0618623126	-137.5913892123
19	1.8359383112	0.0618623126	-300.5809606911
20	0.0000000000	0.0618623126	-2.3995662750
21	0.9211396513	0.0618623126	-153.8982125018
22	0.6100712061	0.0618623126	-74.7692983030
23	0.4674878884	0.0618623126	-132.2803654940
24	0.1421071508	0.0618623126	-22.5497199672
25	0.7455231494	0.0618623126	-201.3238396088
26	0.1282536312	0.0618623126	-19.1232423451
27	0.2712875602	0.0618623126	-76.7449214088
28	0.0000000000	0.0618623126	-2.5506555806
29	0.0259250332	0.0618623126	-13.0691048470
30	0.4118331214	0.0618623126	-131.9937631519
31	1.2598278965	0.0618623126	-251.4165084302
32	0.7588288146	0.0618623126	-188.6723811534
33	0.1071332708	0.0618623126	-38.3596136505
34	1.2036386462	0.0618623126	-244.7461005896
35	0.7680352298	0.0618623126	-137.0735487200
36	3.3078843005	0.0618623126	-366.8862732710
37	1.1953333696	0.0618623126	-251.4854364361
38	1.0044630988	0.0618623126	-246.5457903560
39	1.6027433875	0.0618623126	-281.9118164070
40	0.8214879094	0.0618623126	-210.5558900289
41	1.2278965086	0.0618623126	-265.6330447868
42	1.5161458280	0.0618623126	-255.3660648190
43	0.9402992885	0.0618623126	-223.9146795608
44	1.3573748514	0.0618623126	-265.8350383400
45	1.5167219550	0.0618623126	-314.5177998389
46	1.0570403101	0.0618623126	-113.4985393236
47	1.7345586199	0.0618623126	-185.2730112636
48	0.9284749354	0.0618623126	-169.8027397991
49	0.4678680520	0.0618623126	-119.0549336095
50	0.5705052223	0.0618623126	-91.3521290794
51	0.0000000000	0.0618623126	-2.3995662750
52	0.2739484971	0.0618623126	-81.2627873486
53	0.4676660485	0.0618623126	-130.5173614538
54	1.7500008257	0.0618623126	-321.7332343915
55	0.2197214637	0.0618623126	-68.4147647337
56	1.6657372904	0.0618623126	-287.7447711250
57	0.1611598689	0.0618623126	-47.6651139559
58	2.3930244017	0.0618623126	-285.8258866729
59	1.8533342116	0.0618623126	-280.3669321495
60	0.5088647194	0.0618623126	-63.9815874131
61	0.1569324225	0.0618623126	-19.8553841975
62	1.2108167217	0.0618623126	-261.3795916950
63	0.5202404998	0.0618623126	-118.6153514856
64	0.0822317532	0.0618623126	-11.2756686067
65	0.9344214232	0.0618623126	-187.4038753189
66	0.1893239982	0.0618623126	-54.1505310340
67	1.7835349647	0.0618623126	-336.5880023442
68	0.6686934945	0.0618623126	-68.0755869314
69	1.5193172862	0.0618623126	-270.2730364769
70	1.8842540675	0.0618623126	-291.5245938236
71	1.8301551709	0.0618623126	-231.1690592991
72	0.9806171374	0.0618623126	-195.2362171493
73	0.0804994536	0.0618623126	-12.3864126887
74	1.4176420899	0.0618623126	-254.5057353089
75	0.3215641748	0.0618623126	-97.6951745606
76	1.2666676008	0.0618623126	-256.9171416352
77	0.4993755030	0.0618623126	-101.0641202848
78	1.2829905688	0.0618623126	-281.2017860688
79	1.0496581190	0.0618623126	-213.3326160106
80	0.2111466578	0.0618623126	-60.6831080599
81	1.2929996975	0.0618623126	-262.2177617206
82	1.4556286869	0.0618623126	-335.5550365474
83	2.4079257664	0.0618623126	-315.3107398461
84	1.3069097423	0.0618623126	-224.6538586033
85	0.2943728200	0.0618623126	-86.5887512387
86	2.0197031929	0.0618623126	-347.6603359029
87	3.5172210841	0.0618623126	-380.3233243942
88	0.1090947122	0.0618623126	-34.6349255583
89	0.2720114378	0.0618623126	-73.0794977955
90	1.3588548549	0.0618623126	-256.0929199072
91	2.6604641041	0.0618623126	-230.7536095603
92	0.5835932737	0.0618623126	-146.5739578291
93	2.1228802472	0.0618623126	-342.0197045006
94	0.2735745123	0.0618623126	-69.0564075276
95	0.4690607364	0.0618623126	-138.4579825918
96	1.2555448657	0.0618623126	-241.4871421587
97	2.0729107177	0.0618623126	-264.9931169520
98	1.0067691942	0.0618623126	-107.2579503385
99	1.7638340399	0.0618623126	-314.0061342981
100	0.0824202206	0.0618623126	-12.8226086282
101	0.0258856592	0.0618623126	-13.2551186247
102	1.3145261893	0.0618623126	-286.3653963787
103	0.4733458041	0.0618623126	-137.8352575876
104	2.0428241312	0.0618623126	-379.7729669728
105	2.2752319181	0.0618623126	-362.1414899420
106	1.4239796978	0.0618623126	-268.9298457392
107	1.4089973554	0.0618623126	-231.1468291201
108	0.8357173603	0.0618623126	-212.4754958063
109	0.8320565228	0.0618623126	-220.2218438862
110	1.7121369150	0.0618623126	-329.1493026431
111	0.0000000000	0.0618623126	-2.5506555806
112	2.8179183114	0.0618623126	-350.5261498869
113	1.4642032245	0.0618623126	-266.4978508929
114	0.7176770909	0.0618623126	-155.6138768092
115	1.4564913194	0.0618623126	-308.2693485412
116	1.9514429868	0.0618623126	-308.5455164392
117	1.3410772974	0.0618623126	-277.3724274885
118	1.5843262550	0.0618623126	-319.1626591645
119	0.6363341381	0.0618623126	-165.8795620550
120	1.2668408990	0.0618623126	-283.2745828312
121	0.5595059957	0.0618623126	-57.5495070184
122	0.2326389051	0.0618623126	-29.8815000875
123	1.8249398840	0.0618623126	-314.9025532698
124	0.9646850209	0.0618623126	-209.9331276729
