site	rate	t	lnL
1	3.7782931821	0.4840149942	-780.4704590567
2	0.5766630870	0.4840149942	-539.4799592513
3	3.6836143613	0.4840149942	-769.8248475546
4	2.5986750525	0.4840149942	-750.6650978031
5	0.0623333099	0.4840149942	-135.6619090633
6	2.9325785795	0.4840149942	-755.4759243042
7	0.7222931907	0.4840149942	-525.9780214152
8	0.5595006822	0.4840149942	-577.0479174978
9	3.5147792491	0.4840149942	-781.4304945150
10	4.5116629196	0.4840149942	-743.2932241158
11	0.6821299393	0.4840149942	-509.6557326935
12	13.1584773634	0.4840149942	-781.0365582293
13	1.9323229072	0.4840149942	-708.6305584250
14	0.5737982115	0.4840149942	-516.1838479266
15	0.5566162437	0.4840149942	-468.0862830079
16	1.3842262738	0.4840149942	-754.1112283825
17	2.2512932232	0.4840149942	-739.2426973691
18	0.8436546597	0.4840149942	-642.5890380942
19	2.6735504619	0.4840149942	-747.3953646056
20	0.2206561854	0.4840149942	-285.4003690629
21	1.1986689655	0.4840149942	-664.8776326996
22	3.3609392969	0.4840149942	-771.5531356709
23	0.9635577372	0.4840149942	-598.4367547311
24	0.2070308996	0.4840149942	-235.1754945336
25	1.6577325272	0.4840149942	-721.2644836065
26	0.1869287646	0.4840149942	-282.9394356243
27	0.5267719010	0.4840149942	-490.2736237248
28	0.0000000000	0.4840149942	-2.3992192335
29	0.1008975955	0.4840149942	-189.2650352642
30	0.5169644266	0.4840149942	-560.7097199839
31	3.9498138679	0.4840149942	-748.8010457421
32	1.4485191007	0.4840149942	-642.5043562904
33	0.4109483771	0.4840149942	-440.6059006201
34	1.1678520363	0.4840149942	-704.6295160304
35	1.7317169697	0.4840149942	-653.4599138382
36	2.4080293287	0.4840149942	-750.8389291651
37	1.7451320742	0.4840149942	-660.7238019159
38	2.3339246385	0.4840149942	-761.3405675963
39	2.5710746581	0.4840149942	-739.5337622684
40	0.7913996773	0.4840149942	-615.5718573908
41	1.1706906780	0.4840149942	-728.9450264756
42	3.8471524613	0.4840149942	-762.9469224861
43	2.5884246549	0.4840149942	-750.7057721697
44	2.7244941447	0.4840149942	-776.1669886302
45	1.2248934271	0.4840149942	-703.1800884379
46	0.7123282983	0.4840149942	-579.0548130388
47	0.6812055746	0.4840149942	-609.5333783555
48	1.7263622027	0.4840149942	-704.4195608826
49	0.6563950739	0.4840149942	-656.4988299800
50	0.6187379542	0.4840149942	-558.8556206256
51	0.0000000000	0.4840149942	-2.5901831636
52	0.6964651018	0.4840149942	-545.1691987450
53	1.1246098074	0.4840149942	-621.7549756286
54	0.5075285044	0.4840149942	-570.9280897578
55	0.9410122088	0.4840149942	-600.8543721420
56	1.1090592509	0.4840149942	-742.7568889200
57	0.1314517803	0.4840149942	-222.8708580522
58	1.0264544898	0.4840149942	-671.1218025808
59	2.2916600917	0.4840149942	-748.1790744532
60	0.3655639423	0.4840149942	-442.0107274770
61	0.1218695123	0.4840149942	-223.7593474765
62	3.2032492239	0.4840149942	-749.5374501315
63	0.5175226698	0.4840149942	-524.5395239146
64	1.0498924512	0.4840149942	-695.6201564583
65	2.8824222646	0.4840149942	-775.3711880963
66	0.2035936065	0.4840149942	-372.3736346516
67	3.0113570794	0.4840149942	-781.8096108955
68	0.9075156124	0.4840149942	-637.8504565179
69	2.4341287673	0.4840149942	-755.7035453935
70	4.3299265018	0.4840149942	-767.4272279036
71	1.4418631904	0.4840149942	-707.6445330490
72	2.2307377460	0.4840149942	-740.3655762706
73	0.0506818689	0.4840149942	-112.0465486643
74	0.7704086817	0.4840149942	-597.7474558975
75	2.0313222048	0.4840149942	-702.7366610863
76	2.5415342559	0.4840149942	-774.9403774574
77	0.0802058185	0.4840149942	-166.7835054576
78	5.3113362931	0.4840149942	-780.9496820742
79	3.4874470646	0.4840149942	-752.5251681069
80	1.6007670964	0.4840149942	-655.0117121372
81	1.4606787690	0.4840149942	-678.4488599928
82	2.4033095456	0.4840149942	-759.6541495190
83	3.5411583079	0.4840149942	-779.4505327328
84	0.8014859931	0.4840149942	-605.5510514830
85	0.5556324511	0.4840149942	-567.0993703307
86	1.0154223676	0.4840149942	-731.8284689056
87	2.5503129069	0.4840149942	-747.7255498466
88	1.2813065730	0.4840149942	-701.5830645584
89	0.5145321201	0.4840149942	-493.1260331486
90	3.0471661756	0.4840149942	-746.9687049882
91	0.0704140866	0.4840149942	-142.5776792155
92	0.8287392470	0.4840149942	-583.4782732419
93	3.0999879945	0.4840149942	-747.0941510729
94	0.4355339838	0.4840149942	-473.6837279916
95	0.4860064828	0.4840149942	-589.3487964684
96	3.1351923547	0.4840149942	-754.6243390870
97	2.4132092122	0.4840149942	-731.9404929108
98	0.8529895669	0.4840149942	-621.7774409348
99	2.3210243067	0.4840149942	-748.5508977481
100	0.2888523703	0.4840149942	-337.2715016614
101	0.2925554291	0.4840149942	-379.0011640405
102	2.6959994416	0.4840149942	-756.5593457813
103	2.8475073797	0.4840149942	-717.7782707020
104	0.4761801649	0.4840149942	-507.6501529375
105	2.4786811630	0.4840149942	-767.2409122046
106	3.0342712410	0.4840149942	-736.2016583409
107	0.4478594423	0.4840149942	-508.3207814504
108	2.5609063484	0.4840149942	-742.1015883653
109	3.3145837959	0.4840149942	-772.6821609407
110	2.3091095498	0.4840149942	-740.8134181682
111	0.0037224930	0.4840149942	-13.1818606754
112	3.3560984178	0.4840149942	-761.7451749718
113	2.4760408354	0.4840149942	-788.1723579826
114	0.7207069575	0.4840149942	-583.9215896384
115	2.1758938711	0.4840149942	-731.2868600410
116	2.4591435665	0.4840149942	-771.3580497406
117	2.4217927291	0.4840149942	-741.3903417844
118	1.9692186808	0.4840149942	-705.4199981622
119	1.5880297867	0.4840149942	-730.4359923398
120	3.4318673902	0.4840149942	-746.3779044996
121	0.4926161534	0.4840149942	-494.1063540009
122	0.1873505411	0.4840149942	-262.7616542550
123	2.7108152636	0.4840149942	-759.7672186909
124	3.1445326832	0.4840149942	-759.7127303281
