site	rate	t	lnL
1	1.9419815347	0.0056068143	-43.1698860316
2	0.9582100613	0.0056068143	-33.2425890453
3	0.0000000000	0.0056068143	-2.5726972893
4	1.0234270285	0.0056068143	-25.6861465561
5	0.0000000000	0.0056068143	-2.3779345302
6	1.4021939731	0.0056068143	-51.4575883335
7	0.2176762788	0.0056068143	-11.7811032431
8	0.0000000000	0.0056068143	-3.9618848121
9	0.9848090807	0.0056068143	-33.1514002380
10	1.2574589105	0.0056068143	-55.1299792877
11	0.0000000000	0.0056068143	-2.6243599200
12	1.7666935207	0.0056068143	-32.9283052489
13	0.5373506798	0.0056068143	-19.1307957605
14	0.9215733319	0.0056068143	-16.2432879221
15	0.0000000000	0.0056068143	-1.8440746140
16	2.0040093078	0.0056068143	-40.6842115665
17	2.4772738111	0.0056068143	-60.9591662377
18	0.6078708341	0.0056068143	-16.2498631215
19	0.4379343105	0.0056068143	-25.5609771435
20	0.0000000000	0.0056068143	-2.8889866289
21	0.2697353620	0.0056068143	-10.9638387255
22	0.8318109904	0.0056068143	-34.8272590963
23	0.2784550533	0.0056068143	-15.5467235266
24	0.0000000000	0.0056068143	-3.4184830179
25	2.1293091223	0.0056068143	-43.6968521911
26	0.0000000000	0.0056068143	-2.9436832164
27	1.3784892783	0.0056068143	-45.1142826641
28	0.0000000000	0.0056068143	-2.3779345302
29	0.0000000000	0.0056068143	-1.8440746140
30	0.2785792369	0.0056068143	-13.6504093969
31	1.1197257823	0.0056068143	-43.7804208101
32	0.0000000000	0.0056068143	-3.0436092963
33	0.0000000000	0.0056068143	-3.0772146091
34	0.9177588396	0.0056068143	-13.2554578726
35	0.3150258866	0.0056068143	-13.8446665661
36	1.2703935465	0.0056068143	-44.8749861272
37	2.1683045547	0.0056068143	-48.6100215120
38	5.0644062034	0.0056068143	-78.2419399587
39	1.9899546830	0.0056068143	-42.8490690986
40	4.0590774225	0.0056068143	-74.5439903111
41	2.1323314739	0.0056068143	-37.7681481845
42	0.5397361967	0.0056068143	-22.2034075581
43	0.8838958594	0.0056068143	-41.9340345377
44	0.7143239704	0.0056068143	-22.6834580854
45	0.0000000000	0.0056068143	-2.4006081226
46	0.0000000000	0.0056068143	-2.8889866289
47	0.2751578925	0.0056068143	-11.3559598052
48	0.8344918805	0.0056068143	-25.4483221340
49	0.6597245448	0.0056068143	-11.6352868006
50	0.2691098831	0.0056068143	-10.9661589204
51	0.0000000000	0.0056068143	-2.8889866289
52	0.2473110711	0.0056068143	-10.8822595976
53	0.5388763728	0.0056068143	-18.9341285088
54	0.0000000000	0.0056068143	-3.2108436532
55	0.7440496304	0.0056068143	-24.7291265928
56	0.9956847753	0.0056068143	-34.0075669856
57	0.3570351647	0.0056068143	-12.3590895437
58	3.8654816738	0.0056068143	-52.3574601865
59	0.6563864650	0.0056068143	-30.8253521638
60	2.9378633350	0.0056068143	-70.3477602662
61	0.4983860401	0.0056068143	-12.1797421070
62	3.2955425802	0.0056068143	-60.9839333052
63	0.0000000000	0.0056068143	-2.5726972893
64	1.1141704503	0.0056068143	-44.6668366001
65	0.8292936661	0.0056068143	-32.5785044409
66	0.6610728580	0.0056068143	-21.6694832373
67	2.2401824651	0.0056068143	-68.1604248144
68	1.8970204622	0.0056068143	-30.9848782841
69	7.8901634689	0.0056068143	-107.4682422654
70	0.6279778960	0.0056068143	-19.7902376869
71	0.3262687077	0.0056068143	-13.8384625870
72	0.6638783221	0.0056068143	-38.8148448135
73	0.0000000000	0.0056068143	-2.3779345302
74	1.3178275430	0.0056068143	-41.0830176157
75	0.5520369241	0.0056068143	-22.3541389977
76	0.2752121554	0.0056068143	-14.3970377665
77	0.0000000000	0.0056068143	-2.3779345302
78	1.5538836990	0.0056068143	-36.3205887121
79	4.0795085668	0.0056068143	-41.3586146299
80	0.0000000000	0.0056068143	-2.4006081226
81	0.5590256510	0.0056068143	-21.6277106297
82	0.6620058082	0.0056068143	-36.5470511978
83	5.1900380238	0.0056068143	-38.3367565819
84	2.7402220794	0.0056068143	-39.3449434999
85	1.3372598671	0.0056068143	-21.5716887835
86	5.1945409203	0.0056068143	-86.6452597188
87	1.6809694105	0.0056068143	-61.9643481158
88	2.1975755265	0.0056068143	-62.7934540072
89	0.0000000000	0.0056068143	-1.8440746140
90	2.4966711285	0.0056068143	-45.9850292253
91	0.0000000000	0.0056068143	-2.3779345302
92	0.0000000000	0.0056068143	-2.4006081226
93	1.3926376583	0.0056068143	-42.1293783007
94	0.0000000000	0.0056068143	-1.8440746140
95	0.0000000000	0.0056068143	-3.9618848121
96	2.4159022743	0.0056068143	-35.8985264453
97	0.6935982300	0.0056068143	-24.7769418379
98	2.8594939659	0.0056068143	-96.4353716359
99	2.5422136109	0.0056068143	-23.5288138399
100	0.0000000000	0.0056068143	-2.8889866289
101	0.0000000000	0.0056068143	-2.4006081226
102	1.2175392088	0.0056068143	-24.8657534745
103	3.1619650556	0.0056068143	-50.0384301102
104	0.5364846598	0.0056068143	-14.8521217267
105	1.2915626115	0.0056068143	-59.3111855883
106	0.8534782967	0.0056068143	-30.0188429930
107	0.3133515517	0.0056068143	-12.7221115046
108	3.1133052286	0.0056068143	-55.3747473311
109	0.7496036006	0.0056068143	-32.7137097578
110	0.5524349421	0.0056068143	-20.7434576539
111	0.0000000000	0.0056068143	-2.3779345302
112	2.1777983570	0.0056068143	-57.2623060046
113	3.5743206493	0.0056068143	-78.2238118039
114	0.6662560798	0.0056068143	-13.7129699021
115	2.1917865723	0.0056068143	-74.2268718726
116	0.0000000000	0.0056068143	-2.6243599200
117	1.4645648130	0.0056068143	-36.8678428150
118	0.9972723635	0.0056068143	-40.6311993373
119	0.2174570368	0.0056068143	-10.1119710185
120	1.1163202921	0.0056068143	-38.4812197990
121	2.0971134951	0.0056068143	-46.1635709094
122	3.5836670450	0.0056068143	-74.3891439974
123	2.1976381190	0.0056068143	-56.8169971282
124	2.0189751534	0.0056068143	-73.8025266869
