site	rate	t	lnL
1	1.3668680047	0.0651218605	-252.8542423860
2	0.1594095428	0.0651218605	-45.5920756029
3	1.1387907355	0.0651218605	-234.5903607498
4	1.6150028602	0.0651218605	-304.9172327727
5	0.0339206975	0.0651218605	-12.0072549471
6	1.0801912405	0.0651218605	-220.4236255775
7	0.4952655325	0.0651218605	-110.5533402062
8	0.8807112403	0.0651218605	-177.4334700780
9	1.2701274030	0.0651218605	-249.2052926425
10	1.4113466817	0.0651218605	-266.0669609714
11	0.3613657615	0.0651218605	-87.0804042171
12	1.4228978876	0.0651218605	-264.7770983075
13	1.4536014411	0.0651218605	-262.5962544492
14	0.4560065963	0.0651218605	-106.4595306993
15	0.3682337790	0.0651218605	-83.9958027547
16	0.5083890742	0.0651218605	-121.2849126396
17	1.4296165853	0.0651218605	-277.9205846382
18	1.0703814449	0.0651218605	-203.4973706667
19	1.4752769491	0.0651218605	-278.8663806937
20	0.3566194524	0.0651218605	-89.7597588941
21	1.0185546435	0.0651218605	-199.6634231061
22	1.7371814813	0.0651218605	-316.5814566048
23	0.3003041058	0.0651218605	-71.7234549955
24	0.0943686362	0.0651218605	-30.7013361703
25	1.1732314177	0.0651218605	-225.9085672039
26	0.4950370618	0.0651218605	-114.6485280966
27	0.2356934450	0.0651218605	-59.2950184305
28	0.0000000000	0.0651218605	-2.2138373631
29	0.3846621801	0.0651218605	-94.4393935712
30	1.6687894095	0.0651218605	-299.9110534329
31	0.9581857430	0.0651218605	-199.8455565276
32	1.1350548017	0.0651218605	-225.7907584109
33	0.1577820973	0.0651218605	-47.3075679723
34	1.4190598673	0.0651218605	-278.1820185506
35	1.2104313333	0.0651218605	-231.5082943955
36	1.0640182780	0.0651218605	-213.6120867632
37	1.7802285113	0.0651218605	-309.3720903330
38	2.0618803101	0.0651218605	-354.5062496904
39	1.5796602016	0.0651218605	-281.6733158071
40	1.7971754624	0.0651218605	-336.3100641122
41	1.8789543038	0.0651218605	-321.7346950028
42	1.8879293814	0.0651218605	-330.0988615710
43	0.6261683951	0.0651218605	-140.1816896734
44	1.2939093915	0.0651218605	-247.0140248025
45	1.4302995121	0.0651218605	-275.2823447753
46	1.5738314472	0.0651218605	-289.3983945125
47	0.8175191437	0.0651218605	-178.4333429105
48	0.8592897137	0.0651218605	-181.1254450616
49	1.7180083068	0.0651218605	-310.9607325477
50	0.4644014214	0.0651218605	-103.2194374322
51	0.0320054360	0.0651218605	-13.4461314900
52	0.5225692395	0.0651218605	-120.4160963667
53	0.2696080008	0.0651218605	-66.5138380817
54	1.7062368186	0.0651218605	-295.4403809482
55	0.1945869144	0.0651218605	-51.9609279365
56	0.8784476501	0.0651218605	-184.2263944839
57	0.1253903834	0.0651218605	-39.2662644935
58	0.8305174363	0.0651218605	-176.1601279508
59	1.6231838607	0.0651218605	-307.3109086292
60	0.1274471848	0.0651218605	-35.7001089947
61	0.0339206959	0.0651218605	-13.0432218397
62	1.4104501409	0.0651218605	-266.0768897315
63	1.6607979098	0.0651218605	-302.9913789428
64	1.7675491513	0.0651218605	-323.3575002075
65	1.2857302730	0.0651218605	-246.2578473207
66	0.1909918998	0.0651218605	-53.9676398817
67	1.6336735826	0.0651218605	-307.2060122401
68	1.0374813046	0.0651218605	-213.5042309054
69	2.0051874800	0.0651218605	-357.3369224852
70	1.2903969997	0.0651218605	-248.1993314560
71	1.0186586989	0.0651218605	-194.9752776452
72	0.6070591182	0.0651218605	-132.4597584997
73	0.0000000000	0.0651218605	-2.2138373631
74	0.4886751119	0.0651218605	-117.7951293187
75	1.6340172296	0.0651218605	-295.3302462081
76	1.3941484282	0.0651218605	-264.4370569238
77	0.0678957084	0.0651218605	-21.7432013772
78	1.8426206206	0.0651218605	-312.4870504852
79	0.9847591874	0.0651218605	-196.8976392343
80	0.7543849210	0.0651218605	-157.7873977879
81	1.3950494866	0.0651218605	-261.4743004569
82	1.7682458659	0.0651218605	-312.0292514861
83	1.7143493236	0.0651218605	-317.1172721478
84	0.6206497417	0.0651218605	-138.0753170696
85	0.2657618844	0.0651218605	-66.0936859731
86	0.9659692340	0.0651218605	-197.8844867844
87	1.3386835217	0.0651218605	-257.4361709069
88	0.5070822236	0.0651218605	-118.3109954084
89	0.1935514510	0.0651218605	-50.9074351204
90	1.5047335492	0.0651218605	-284.1888607524
91	0.0679229624	0.0651218605	-22.2289752194
92	0.5501793947	0.0651218605	-116.6820825681
93	0.9661036450	0.0651218605	-188.1654160039
94	0.5233080543	0.0651218605	-116.5700972884
95	1.4163007811	0.0651218605	-267.3656670030
96	1.8040274562	0.0651218605	-316.0416909197
97	1.4366781922	0.0651218605	-261.9441752682
98	1.4722925545	0.0651218605	-274.4135891088
99	1.4454551463	0.0651218605	-274.8121478987
100	0.0641343746	0.0651218605	-20.7602408341
101	0.1669295101	0.0651218605	-42.6709338515
102	1.1780929102	0.0651218605	-234.8035070045
103	1.4828159160	0.0651218605	-269.5752013218
104	0.0635251895	0.0651218605	-23.0107519657
105	1.9143743569	0.0651218605	-337.9564109077
106	1.5487795558	0.0651218605	-277.2770505872
107	0.6198349071	0.0651218605	-137.6316524433
108	1.0452026724	0.0651218605	-219.9786930020
109	1.4270754264	0.0651218605	-259.5418935573
110	1.3045598531	0.0651218605	-251.5686058302
111	0.0678273102	0.0651218605	-21.3316634104
112	1.9358166784	0.0651218605	-333.9043431468
113	1.2651841588	0.0651218605	-249.7980330736
114	1.4281784380	0.0651218605	-284.4043889806
115	0.7539955485	0.0651218605	-161.9496945224
116	1.5184633005	0.0651218605	-278.4173894571
117	1.2074283504	0.0651218605	-235.9181771942
118	0.4852739061	0.0651218605	-113.7900467472
119	0.8598194104	0.0651218605	-174.9409221410
120	1.4433867125	0.0651218605	-275.4331939133
121	1.2068634810	0.0651218605	-236.3487003344
122	0.1019397191	0.0651218605	-29.8271565424
123	1.9163983595	0.0651218605	-339.6831491413
124	1.8811626582	0.0651218605	-321.5202176737
