site	rate	t	lnL
1	1.6421919938	0.0666456432	-291.7257958393
2	0.4307646859	0.0666456432	-83.7216007019
3	1.8735096432	0.0666456432	-316.2124765758
4	1.5677728946	0.0666456432	-288.9968279290
5	0.0000000000	0.0666456432	-2.4096832286
6	1.2444814602	0.0666456432	-302.9401309866
7	0.1773038567	0.0666456432	-53.8517921215
8	2.8114610120	0.0666456432	-262.4061332902
9	3.1977031811	0.0666456432	-335.6925853387
10	0.9097915904	0.0666456432	-220.0210866289
11	0.8862649878	0.0666456432	-211.9340508446
12	1.3106974781	0.0666456432	-279.9607931567
13	1.5389636060	0.0666456432	-311.8402712328
14	0.5211023281	0.0666456432	-60.8429024965
15	0.3839334645	0.0666456432	-99.5477335600
16	1.4910628532	0.0666456432	-340.6695311627
17	1.1343248617	0.0666456432	-217.2685169166
18	0.6181600128	0.0666456432	-95.9230426507
19	2.4873929473	0.0666456432	-259.8853622622
20	0.4839905343	0.0666456432	-63.7560791271
21	1.1927045682	0.0666456432	-222.7141317335
22	0.8863655209	0.0666456432	-111.4447914395
23	0.4546258885	0.0666456432	-132.3897742027
24	0.2597245202	0.0666456432	-39.4434996833
25	1.0800585715	0.0666456432	-261.4354714647
26	0.5610961323	0.0666456432	-92.1769746331
27	0.3873702018	0.0666456432	-105.6535424710
28	0.0000000000	0.0666456432	-2.4096832286
29	0.0747597453	0.0666456432	-30.7139851368
30	0.6956021465	0.0666456432	-158.6501093332
31	1.1497205794	0.0666456432	-229.4655128931
32	1.1972554387	0.0666456432	-242.9168014655
33	0.2769967946	0.0666456432	-64.9403107339
34	1.2725666753	0.0666456432	-255.4067807574
35	0.6076244874	0.0666456432	-150.7590314102
36	1.9871939046	0.0666456432	-357.8412864993
37	1.4708478627	0.0666456432	-313.3438047367
38	1.7164170831	0.0666456432	-341.9451044168
39	1.9396353793	0.0666456432	-257.3071919997
40	0.8169034781	0.0666456432	-211.9512490527
41	0.7489064164	0.0666456432	-162.5818318324
42	1.5296063159	0.0666456432	-299.6990952764
43	1.1541767618	0.0666456432	-252.2741426142
44	1.3658363348	0.0666456432	-287.1864537546
45	1.8385773056	0.0666456432	-312.9954274921
46	0.5436051342	0.0666456432	-66.3836143491
47	0.4825540335	0.0666456432	-99.5265749390
48	0.9305209010	0.0666456432	-220.5902640753
49	0.8202088950	0.0666456432	-218.4565593595
50	0.6356867894	0.0666456432	-129.5452387879
51	0.0000000000	0.0666456432	-2.7842491839
52	0.2205314209	0.0666456432	-67.1958732684
53	0.3258928308	0.0666456432	-93.7073117029
54	0.8295258282	0.0666456432	-198.0716897152
55	0.4053804244	0.0666456432	-99.6553911805
56	1.1408831128	0.0666456432	-286.7420610002
57	0.2577592057	0.0666456432	-61.7623300651
58	0.9319593771	0.0666456432	-229.5037104396
59	1.6408466173	0.0666456432	-309.3842939713
60	0.3304847614	0.0666456432	-98.4273777545
61	0.0722770818	0.0666456432	-12.6634410525
62	0.9612536032	0.0666456432	-245.0836529645
63	0.3529259960	0.0666456432	-86.3188466772
64	1.9273243337	0.0666456432	-330.6133273978
65	0.9267085930	0.0666456432	-217.8538657172
66	0.1179461063	0.0666456432	-36.1023186168
67	1.6849116858	0.0666456432	-324.7353975291
68	1.1345600977	0.0666456432	-218.9409047154
69	1.6810122732	0.0666456432	-271.6143913092
70	1.3172946601	0.0666456432	-283.8563819687
71	0.6340061996	0.0666456432	-170.1270867667
72	0.8063087447	0.0666456432	-216.0667884043
73	0.2178585728	0.0666456432	-28.5735224629
74	0.8882825969	0.0666456432	-94.0832014452
75	1.2596258607	0.0666456432	-273.7432702111
76	1.1337937320	0.0666456432	-269.6619612813
77	0.0000000000	0.0666456432	-2.4096832286
78	0.7117601217	0.0666456432	-184.1077596798
79	1.3497299428	0.0666456432	-310.0382830192
80	0.9083784750	0.0666456432	-205.0751555136
81	1.0133582436	0.0666456432	-223.7646605214
82	1.4617957760	0.0666456432	-287.4587415094
83	1.5243686341	0.0666456432	-325.2381309342
84	0.2800277195	0.0666456432	-70.1189703913
85	0.8608079520	0.0666456432	-224.3496520458
86	0.6841937408	0.0666456432	-166.4973284291
87	1.5130260579	0.0666456432	-302.1915843979
88	0.5287125552	0.0666456432	-148.6728545636
89	0.0930217914	0.0666456432	-32.2527751543
90	1.2952144524	0.0666456432	-267.2199509570
91	0.1468432456	0.0666456432	-24.2938760234
92	0.3562451907	0.0666456432	-108.6592681114
93	0.7688441470	0.0666456432	-202.4829007046
94	0.1243733418	0.0666456432	-39.4389037817
95	0.1439802479	0.0666456432	-47.2190553883
96	2.3104582983	0.0666456432	-367.8267831766
97	1.6833701324	0.0666456432	-382.2121087891
98	1.8683766053	0.0666456432	-298.6392910281
99	1.5391930634	0.0666456432	-313.8162802760
100	0.7144642921	0.0666456432	-93.1560958409
101	0.5161269303	0.0666456432	-110.9536118175
102	1.2494973259	0.0666456432	-282.7879181788
103	1.4000693888	0.0666456432	-289.4061654030
104	0.7019255577	0.0666456432	-143.3216665433
105	1.5665263990	0.0666456432	-288.3555548064
106	3.1045045030	0.0666456432	-315.3856562902
107	0.1436241969	0.0666456432	-38.4179500305
108	0.6598555689	0.0666456432	-184.1996972872
109	1.4719457221	0.0666456432	-271.8107755947
110	1.8616499659	0.0666456432	-321.9819145360
111	0.0000000000	0.0666456432	-2.4096832286
112	1.9924248311	0.0666456432	-375.4171084104
113	2.0384119560	0.0666456432	-391.9253167595
114	1.8481683232	0.0666456432	-317.2328502322
115	0.6004469922	0.0666456432	-142.8134683039
116	1.5511056119	0.0666456432	-300.9388017984
117	1.3218102935	0.0666456432	-287.7817094629
118	1.0500838109	0.0666456432	-158.1841310078
119	1.8120738614	0.0666456432	-305.3324126484
120	1.2600364040	0.0666456432	-303.0909394880
121	0.7862302007	0.0666456432	-215.7451369121
122	1.1809282277	0.0666456432	-260.6152710864
123	1.5925402267	0.0666456432	-321.3669700183
124	1.4399224488	0.0666456432	-292.6100963427
