site	rate	t	lnL
1	2.0769337730	0.0065515582	-57.5105620394
2	0.0000000000	0.0065515582	-3.0175151869
3	2.9349087961	0.0065515582	-90.7829090766
4	1.2666054958	0.0065515582	-54.4927209597
5	0.5890420455	0.0065515582	-11.3806771472
6	3.7777045529	0.0065515582	-46.3686088125
7	0.7415664823	0.0065515582	-17.9840456507
8	1.3572735730	0.0065515582	-40.7009422037
9	0.8315419485	0.0065515582	-32.6345109589
10	1.4434500547	0.0065515582	-44.4694459579
11	0.7371779298	0.0065515582	-20.7884445927
12	1.5261280062	0.0065515582	-41.2247503978
13	0.2617448173	0.0065515582	-14.2003314763
14	1.4983268234	0.0065515582	-41.4386761806
15	0.0000000000	0.0065515582	-2.6388053452
16	1.3922611432	0.0065515582	-40.1409009019
17	0.5833291835	0.0065515582	-13.7340603469
18	0.7355170103	0.0065515582	-25.4641186535
19	2.0817717312	0.0065515582	-57.7221025532
20	0.0000000000	0.0065515582	-2.6815950298
21	6.6840245093	0.0065515582	-85.7682761528
22	2.3930067200	0.0065515582	-62.2094878239
23	0.2761649249	0.0065515582	-10.8124818166
24	0.0000000000	0.0065515582	-4.0757434392
25	0.7388085873	0.0065515582	-24.1184047714
26	0.7548314394	0.0065515582	-12.9654528222
27	0.3701720186	0.0065515582	-11.4730925203
28	0.0000000000	0.0065515582	-2.2069427653
29	0.0000000000	0.0065515582	-2.6388053452
30	1.1825730811	0.0065515582	-21.1238417331
31	1.9542998966	0.0065515582	-63.2923653926
32	0.5783932958	0.0065515582	-14.4370019322
33	0.0000000000	0.0065515582	-3.4117747992
34	1.7488091832	0.0065515582	-31.0885994012
35	2.0664705655	0.0065515582	-59.8498197260
36	0.8736330281	0.0065515582	-25.1942208873
37	1.0574775173	0.0065515582	-22.5705743308
38	1.6573982514	0.0065515582	-38.2777370611
39	1.9343859802	0.0065515582	-46.0715804917
40	0.0000000000	0.0065515582	-3.7151799615
41	0.2615855412	0.0065515582	-12.6848322601
42	3.4354066699	0.0065515582	-72.9758884858
43	0.4002940118	0.0065515582	-14.2939995818
44	2.3029383409	0.0065515582	-53.0045588284
45	0.6907159362	0.0065515582	-31.0892248763
46	0.0000000000	0.0065515582	-2.6815950298
47	0.2132741325	0.0065515582	-14.0199054019
48	0.0000000000	0.0065515582	-3.0175151869
49	1.9066175644	0.0065515582	-61.2840055307
50	0.0000000000	0.0065515582	-3.0175151869
51	0.0000000000	0.0065515582	-2.6815950298
52	0.0000000000	0.0065515582	-2.2080885689
53	0.3732118551	0.0065515582	-13.2361214174
54	0.0000000000	0.0065515582	-2.2080885689
55	0.0000000000	0.0065515582	-3.0649861958
56	1.3083027524	0.0065515582	-53.4270992937
57	0.0000000000	0.0065515582	-2.9136367736
58	0.0000000000	0.0065515582	-3.1695217836
59	1.7318104584	0.0065515582	-52.9213691602
60	0.0000000000	0.0065515582	-3.2896501461
61	0.0000000000	0.0065515582	-2.2069427653
62	1.1248863233	0.0065515582	-34.5836853867
63	0.0000000000	0.0065515582	-3.3452683018
64	3.8592288438	0.0065515582	-129.7514939674
65	0.6371921457	0.0065515582	-21.7959584425
66	1.6195604391	0.0065515582	-30.6706098482
67	2.5370787421	0.0065515582	-68.4912074495
68	0.5803342810	0.0065515582	-12.2959195704
69	1.1249149444	0.0065515582	-33.1465695681
70	0.7614393689	0.0065515582	-28.5691683857
71	0.9652322678	0.0065515582	-33.7574062222
72	0.6707910149	0.0065515582	-22.5927079107
73	0.0000000000	0.0065515582	-2.2069427653
74	2.1835961395	0.0065515582	-34.3239008763
75	1.4838726831	0.0065515582	-41.2327286897
76	3.6621831989	0.0065515582	-64.3380964944
77	0.0000000000	0.0065515582	-2.2069427653
78	1.8935722780	0.0065515582	-51.5867088604
79	0.3701719771	0.0065515582	-11.4730925203
80	1.4655379797	0.0065515582	-32.6031181876
81	2.8895207647	0.0065515582	-63.8858469832
82	0.9370636393	0.0065515582	-42.4130133945
83	2.0904545283	0.0065515582	-53.0284184653
84	1.6984746710	0.0065515582	-54.1495244075
85	0.6932562036	0.0065515582	-28.6998341934
86	0.6583193445	0.0065515582	-35.6392858834
87	1.0156216876	0.0065515582	-32.8989292260
88	0.4610086996	0.0065515582	-22.0417649071
89	0.0000000000	0.0065515582	-2.6388053452
90	0.3768318643	0.0065515582	-16.3544376454
91	0.0000000000	0.0065515582	-2.2069427653
92	0.2758717839	0.0065515582	-13.3394165234
93	2.3749689851	0.0065515582	-41.9452638472
94	0.0000000000	0.0065515582	-3.0649861958
95	0.0000000000	0.0065515582	-3.0265708762
96	0.9548042777	0.0065515582	-36.4940684793
97	4.0788282470	0.0065515582	-57.7361526874
98	0.7731154074	0.0065515582	-24.0325282969
99	0.0000000000	0.0065515582	-3.0609430636
100	0.0000000000	0.0065515582	-2.6815950298
101	0.3689235349	0.0065515582	-14.1851299587
102	1.4858777404	0.0065515582	-57.6891253476
103	3.1694807357	0.0065515582	-77.5098239575
104	0.3415388296	0.0065515582	-11.1805504263
105	2.7218509075	0.0065515582	-65.6696288499
106	1.0132761403	0.0065515582	-32.4751845864
107	2.0467799959	0.0065515582	-59.8795721281
108	0.8321899581	0.0065515582	-33.5714570546
109	0.2311253236	0.0065515582	-11.3282052131
110	0.6309768156	0.0065515582	-28.3921255145
111	0.0000000000	0.0065515582	-2.2069427653
112	1.9812492716	0.0065515582	-56.5737009609
113	2.0411203845	0.0065515582	-53.7722570295
114	0.5536370673	0.0065515582	-20.7721079681
115	0.8349954895	0.0065515582	-26.1733301333
116	0.7004731613	0.0065515582	-34.1201472775
117	1.0397908208	0.0065515582	-32.5739246178
118	1.3574810267	0.0065515582	-44.2910273709
119	1.0788145389	0.0065515582	-40.8939608914
120	0.0000000000	0.0065515582	-3.1695217836
121	1.7487609734	0.0065515582	-40.7063019044
122	0.0000000000	0.0065515582	-2.2069427653
123	0.7413113845	0.0065515582	-22.6533250684
124	1.0223238834	0.0065515582	-33.8146223236
