site	rate	t	lnL
1	5.7506526857	0.0008063598	-22.1791562028
2	0.0000000000	0.0008063598	-1.9900598243
3	0.0000000000	0.0008063598	-2.5180871739
4	0.0000000000	0.0008063598	-2.5188690348
5	0.0000000000	0.0008063598	-2.6208892007
6	2.2273454976	0.0008063598	-14.3305642471
7	0.0000000000	0.0008063598	-3.0239751577
8	0.0000000000	0.0008063598	-1.9900598243
9	0.0000000000	0.0008063598	-3.2139735462
10	3.0202714449	0.0008063598	-10.4917543951
11	0.0000000000	0.0008063598	-2.5180871739
12	0.0000000000	0.0008063598	-2.5180871739
13	0.0000000000	0.0008063598	-2.6230569883
14	2.8087612027	0.0008063598	-14.4920521359
15	0.0000000000	0.0008063598	-3.0239751577
16	0.0000000000	0.0008063598	-3.0704025936
17	0.0000000000	0.0008063598	-2.6282789322
18	2.9035851592	0.0008063598	-15.6731704682
19	3.0230344315	0.0008063598	-12.4108778468
20	0.0000000000	0.0008063598	-2.8726987092
21	0.0000000000	0.0008063598	-2.6282789322
22	3.0437590237	0.0008063598	-16.4726219016
23	4.3784324185	0.0008063598	-12.4867748840
24	0.0000000000	0.0008063598	-2.8726987092
25	5.6711287375	0.0008063598	-24.9623834931
26	0.0000000000	0.0008063598	-2.5188690348
27	0.0000000000	0.0008063598	-3.0239751577
28	0.0000000000	0.0008063598	-2.6208892007
29	0.0000000000	0.0008063598	-1.9900598243
30	1.8884452830	0.0008063598	-12.6493230072
31	2.9284652962	0.0008063598	-12.6717991049
32	0.0000000000	0.0008063598	-3.0239751577
33	0.0000000000	0.0008063598	-3.2178997389
34	0.0000000000	0.0008063598	-2.5188690348
35	0.0000000000	0.0008063598	-2.6282789322
36	2.2512897219	0.0008063598	-14.5040892683
37	0.0000000000	0.0008063598	-4.7523309037
38	0.0000000000	0.0008063598	-2.6208892007
39	0.0000000000	0.0008063598	-2.5188690348
40	0.0000000000	0.0008063598	-2.8676973095
41	2.8800954812	0.0008063598	-14.5372216223
42	0.0000000000	0.0008063598	-1.9900598243
43	0.0000000000	0.0008063598	-1.9900598243
44	0.0000000000	0.0008063598	-2.6282789322
45	3.0213839629	0.0008063598	-13.0905101258
46	0.0000000000	0.0008063598	-2.8726987092
47	0.0000000000	0.0008063598	-1.9900598243
48	5.9655412944	0.0008063598	-11.3435362562
49	0.0000000000	0.0008063598	-3.7190684952
50	0.0000000000	0.0008063598	-1.9900598243
51	0.0000000000	0.0008063598	-2.8726987092
52	2.7635046084	0.0008063598	-10.4045870466
53	0.0000000000	0.0008063598	-1.9900598243
54	5.5589091104	0.0008063598	-24.6279012748
55	0.0000000000	0.0008063598	-2.8676973095
56	0.0000000000	0.0008063598	-1.9900598243
57	0.0000000000	0.0008063598	-3.2178997389
58	2.8798153442	0.0008063598	-14.2086498974
59	3.0050699983	0.0008063598	-11.6631978632
60	0.0000000000	0.0008063598	-2.5180871739
61	0.0000000000	0.0008063598	-2.6208892007
62	0.0000000000	0.0008063598	-3.7151799615
63	2.7954795591	0.0008063598	-13.3683606864
64	0.0000000000	0.0008063598	-2.8726987092
65	0.0000000000	0.0008063598	-2.6230569883
66	0.0000000000	0.0008063598	-3.7100186597
67	8.3380379650	0.0008063598	-33.8052771877
68	2.9089902053	0.0008063598	-14.4666887642
69	0.0000000000	0.0008063598	-2.6282789322
70	4.3159645833	0.0008063598	-14.8692534291
71	1.6748828803	0.0008063598	-16.4078940666
72	3.4146096412	0.0008063598	-25.7764362298
73	0.0000000000	0.0008063598	-2.6208892007
74	0.0000000000	0.0008063598	-3.2178997389
75	0.0000000000	0.0008063598	-3.2131901541
76	0.0000000000	0.0008063598	-3.0704025936
77	0.0000000000	0.0008063598	-2.6208892007
78	3.0255469570	0.0008063598	-16.0649826577
79	0.0000000000	0.0008063598	-3.7100186597
80	0.0000000000	0.0008063598	-3.0704025936
81	2.8742974833	0.0008063598	-11.0444409176
82	5.8423203598	0.0008063598	-12.5611884742
83	2.7638476973	0.0008063598	-12.6026993783
84	3.4101357605	0.0008063598	-12.6731094376
85	1.6730008628	0.0008063598	-14.6168655341
86	2.1634418628	0.0008063598	-13.9724216744
87	0.0000000000	0.0008063598	-4.1232357446
88	0.0000000000	0.0008063598	-3.0704025936
89	2.7792485526	0.0008063598	-12.4597972752
90	0.0000000000	0.0008063598	-3.2139735462
91	0.0000000000	0.0008063598	-2.6208892007
92	2.7687116821	0.0008063598	-10.7696765801
93	3.6842525591	0.0008063598	-11.9471880866
94	0.0000000000	0.0008063598	-2.8676973095
95	0.0000000000	0.0008063598	-2.8676973095
96	0.0000000000	0.0008063598	-2.6230569883
97	0.0000000000	0.0008063598	-2.6282789322
98	0.0000000000	0.0008063598	-2.6230569883
99	0.0000000000	0.0008063598	-3.2139735462
100	0.0000000000	0.0008063598	-4.1251831649
101	0.0000000000	0.0008063598	-1.9900598243
102	0.0000000000	0.0008063598	-2.8726987092
103	2.9793615981	0.0008063598	-14.3044812180
104	0.0000000000	0.0008063598	-3.7151799615
105	0.0000000000	0.0008063598	-2.8676973095
106	2.1692807035	0.0008063598	-14.4344711658
107	0.0000000000	0.0008063598	-2.6230569883
108	0.0000000000	0.0008063598	-3.7100186597
109	0.0000000000	0.0008063598	-2.5188690348
110	0.0000000000	0.0008063598	-2.5188690348
111	0.0000000000	0.0008063598	-2.6208892007
112	0.0000000000	0.0008063598	-3.7190684952
113	0.0000000000	0.0008063598	-2.6282789322
114	0.0000000000	0.0008063598	-4.1232357446
115	5.9666034493	0.0008063598	-11.8330010041
116	0.0000000000	0.0008063598	-3.2131901541
117	0.0000000000	0.0008063598	-1.9900598243
118	0.0000000000	0.0008063598	-2.5188690348
119	0.0000000000	0.0008063598	-1.9900598243
120	0.0000000000	0.0008063598	-3.1770462736
121	0.0000000000	0.0008063598	-2.8726987092
122	0.0000000000	0.0008063598	-1.9900598243
123	0.0000000000	0.0008063598	-3.7151799615
124	0.0000000000	0.0008063598	-2.6230569883
