site	rate	t	lnL
1	1.7109270878	0.0613743644	-307.2510409106
2	0.7478915949	0.0613743644	-148.6036137708
3	1.1253114005	0.0613743644	-217.7450988028
4	1.5565346098	0.0613743644	-276.3170631998
5	0.0000000000	0.0613743644	-2.3224381248
6	1.0842627342	0.0613743644	-201.1998156806
7	0.2174328024	0.0613743644	-50.8163917478
8	0.2108664244	0.0613743644	-52.4128436549
9	1.8787216580	0.0613743644	-305.5081414528
10	1.4567273196	0.0613743644	-259.2775992841
11	0.5332381626	0.0613743644	-112.1525814361
12	1.6191088752	0.0613743644	-294.5962226854
13	0.8575145780	0.0613743644	-167.4087369750
14	0.3883548089	0.0613743644	-89.9225035411
15	0.2908233322	0.0613743644	-64.3131865865
16	1.0665922803	0.0613743644	-202.0577479213
17	1.2240278942	0.0613743644	-223.4154094875
18	0.9020448028	0.0613743644	-173.7262607110
19	1.1630126576	0.0613743644	-219.2772397469
20	0.0351304141	0.0613743644	-12.1679526990
21	0.8589447798	0.0613743644	-169.3782242585
22	0.6761493212	0.0613743644	-143.9283610610
23	1.0858990354	0.0613743644	-206.9578177642
24	0.2465265476	0.0613743644	-62.7376572096
25	1.8853804718	0.0613743644	-314.6495387903
26	0.1047144195	0.0613743644	-28.5160697205
27	0.2169571970	0.0613743644	-54.1847345012
28	0.0000000000	0.0613743644	-2.3224381248
29	0.6040570558	0.0613743644	-134.2660111453
30	0.3174741892	0.0613743644	-77.4676545679
31	1.3887981045	0.0613743644	-249.2534217273
32	0.6246204734	0.0613743644	-126.0274483116
33	0.2820351330	0.0613743644	-71.2283845011
34	1.5902499341	0.0613743644	-265.3430398019
35	0.5291031639	0.0613743644	-110.0113483682
36	1.7362405896	0.0613743644	-302.1525476808
37	0.9286799944	0.0613743644	-169.9446788046
38	2.2418094480	0.0613743644	-365.3815833816
39	1.7767376894	0.0613743644	-305.7605857455
40	1.3271568796	0.0613743644	-249.2397064090
41	1.8416742931	0.0613743644	-316.3521273626
42	1.4227875994	0.0613743644	-259.0381399570
43	1.4893583669	0.0613743644	-262.2728968433
44	2.1306638562	0.0613743644	-362.9036978157
45	1.5296280745	0.0613743644	-272.7631609962
46	1.1935575813	0.0613743644	-219.6317022435
47	1.1289026169	0.0613743644	-214.5008606454
48	0.6133820863	0.0613743644	-130.1746790741
49	0.6847975448	0.0613743644	-148.1374420648
50	0.4120381197	0.0613743644	-96.3118032261
51	0.0000000000	0.0613743644	-2.4359724868
52	1.1211043267	0.0613743644	-192.0561685964
53	0.3184235253	0.0613743644	-70.4239266094
54	0.4035453992	0.0613743644	-95.0475621063
55	0.3736293743	0.0613743644	-85.2149139504
56	1.0760619961	0.0613743644	-207.8319646650
57	0.2475706522	0.0613743644	-63.3010254759
58	0.7981041495	0.0613743644	-155.4603209524
59	1.3985530410	0.0613743644	-250.2413058209
60	0.1749452853	0.0613743644	-43.6104442635
61	0.0355338930	0.0613743644	-12.8925586333
62	1.3153168990	0.0613743644	-231.5175352474
63	0.5428284259	0.0613743644	-120.4072741114
64	0.8621112241	0.0613743644	-176.2678561113
65	1.2721869692	0.0613743644	-231.4856162439
66	0.9735260666	0.0613743644	-195.5473745617
67	1.7559784210	0.0613743644	-301.1977815838
68	1.2248980914	0.0613743644	-222.8891661193
69	1.6677186585	0.0613743644	-296.6160450556
70	1.5996431996	0.0613743644	-283.1428874857
71	1.2639009263	0.0613743644	-240.2517497029
72	1.0805829961	0.0613743644	-205.0457833153
73	0.0355329548	0.0613743644	-13.0272419366
74	1.7932105434	0.0613743644	-309.6699032885
75	0.9495592079	0.0613743644	-174.8198744587
76	1.8281362135	0.0613743644	-304.7147285603
77	0.0355288804	0.0613743644	-12.8463866734
78	1.7407376952	0.0613743644	-309.0995135632
79	1.8444963752	0.0613743644	-325.4084064105
80	1.2374030402	0.0613743644	-215.6221524905
81	0.7337368221	0.0613743644	-147.8970387555
82	1.6449103715	0.0613743644	-285.5064295847
83	1.8214173300	0.0613743644	-317.2971234844
84	0.6818835980	0.0613743644	-146.1329394634
85	0.6227211835	0.0613743644	-134.7779063072
86	1.3047297109	0.0613743644	-242.0817951978
87	0.8931302748	0.0613743644	-177.1233849650
88	1.5985994455	0.0613743644	-285.9025885709
89	0.2107075974	0.0613743644	-51.1650368648
90	1.4348583092	0.0613743644	-265.0334977687
91	0.0711726171	0.0613743644	-20.8128271598
92	0.6507875488	0.0613743644	-132.2358547503
93	2.3192691965	0.0613743644	-368.4207811503
94	0.1399932114	0.0613743644	-37.4847137971
95	0.1662691539	0.0613743644	-48.1512394913
96	1.6718778926	0.0613743644	-284.4337863513
97	1.4543287709	0.0613743644	-267.9159382562
98	1.0604454473	0.0613743644	-200.8305421511
99	1.2209791641	0.0613743644	-237.5697525932
100	0.0703397943	0.0613743644	-21.4954905379
101	0.1809080375	0.0613743644	-44.1973454720
102	1.0316407569	0.0613743644	-188.8758328153
103	1.6165799367	0.0613743644	-267.0006647472
104	0.1395035527	0.0613743644	-37.1751997008
105	0.8176123964	0.0613743644	-169.2368208353
106	1.4035250739	0.0613743644	-248.6894782388
107	0.5656126276	0.0613743644	-115.8173546936
108	1.8669187252	0.0613743644	-324.6134199707
109	1.3989102098	0.0613743644	-258.3127365861
110	1.2889567603	0.0613743644	-240.7677733879
111	0.0000000000	0.0613743644	-2.3224381248
112	1.6682589077	0.0613743644	-289.9237665349
113	1.7547336085	0.0613743644	-306.7060252666
114	2.0022414145	0.0613743644	-348.6183296817
115	2.0181690227	0.0613743644	-332.3851893150
116	1.7884475079	0.0613743644	-309.8393464894
117	1.5354895540	0.0613743644	-275.2743400854
118	1.3721171539	0.0613743644	-252.6484928763
119	0.7852730377	0.0613743644	-164.6855608373
120	0.9403810680	0.0613743644	-188.5410435663
121	0.1411866513	0.0613743644	-37.0549322273
122	0.9237666662	0.0613743644	-167.4331522532
123	1.0021631633	0.0613743644	-198.9249418235
124	0.9702044583	0.0613743644	-185.5127634662
