site	rate	t	lnL
1	1.2634220900	0.0654731241	-314.1925001388
2	0.7813323161	0.0654731241	-197.0734055581
3	1.8493899776	0.0654731241	-311.9083632639
4	2.7274649077	0.0654731241	-344.4517262025
5	0.2324420576	0.0654731241	-66.8754218048
6	1.1656369372	0.0654731241	-295.1955205852
7	0.4557554617	0.0654731241	-182.4139872755
8	0.8989849069	0.0654731241	-206.2458531130
9	1.7229614034	0.0654731241	-320.2883154516
10	1.1684585719	0.0654731241	-258.3591567515
11	0.6823949517	0.0654731241	-68.0047576936
12	1.9046108881	0.0654731241	-339.2720096398
13	1.1522447759	0.0654731241	-264.4100480043
14	0.1827632871	0.0654731241	-57.8894348487
15	1.7877217989	0.0654731241	-317.7374347711
16	1.6977094248	0.0654731241	-290.7890937246
17	0.4033448977	0.0654731241	-105.3182054078
18	0.5996973292	0.0654731241	-184.2033442323
19	2.8560006221	0.0654731241	-409.0107738064
20	0.1220404603	0.0654731241	-42.5607211282
21	1.4082810016	0.0654731241	-151.7308983087
22	0.9681673083	0.0654731241	-141.6047508035
23	0.2767334568	0.0654731241	-63.5689248843
24	0.0523754904	0.0654731241	-11.4869818231
25	0.9343990018	0.0654731241	-288.7805428090
26	0.1466865349	0.0654731241	-60.4602269503
27	0.8166173931	0.0654731241	-148.2760707333
28	0.0000000000	0.0654731241	-2.3442028299
29	0.3796525701	0.0654731241	-151.7412964825
30	0.2984712667	0.0654731241	-105.3590005253
31	1.1674745727	0.0654731241	-218.9399033858
32	2.5495782727	0.0654731241	-373.0206286840
33	0.1372726564	0.0654731241	-33.8980594871
34	1.9191856284	0.0654731241	-306.9614453465
35	0.5848389096	0.0654731241	-151.5377146781
36	1.4274540048	0.0654731241	-271.2097448088
37	0.8154873736	0.0654731241	-124.9368061306
38	1.1217209442	0.0654731241	-335.3335910201
39	1.2107123544	0.0654731241	-322.0009438745
40	0.8156930617	0.0654731241	-208.3546400775
41	1.6311876993	0.0654731241	-309.6630321826
42	0.9640323711	0.0654731241	-222.2059725994
43	1.4112958219	0.0654731241	-211.3594774249
44	1.1551241543	0.0654731241	-273.4395952711
45	1.8549319402	0.0654731241	-267.4386569949
46	0.6099942169	0.0654731241	-144.1251134186
47	0.3125596446	0.0654731241	-61.1746918838
48	0.5326146738	0.0654731241	-184.4874339769
49	0.9624371567	0.0654731241	-225.8729141963
50	0.8612662912	0.0654731241	-144.3470331234
51	0.0000000000	0.0654731241	-2.3888636008
52	0.4567401544	0.0654731241	-98.0534931958
53	0.2468462458	0.0654731241	-93.5125102178
54	0.8646401837	0.0654731241	-178.0203732425
55	1.2235398390	0.0654731241	-210.7068591076
56	2.0229117148	0.0654731241	-325.0248686149
57	0.1386883678	0.0654731241	-35.8874014891
58	0.7782662997	0.0654731241	-228.8239216424
59	2.1847523570	0.0654731241	-240.1180182438
60	0.9777267546	0.0654731241	-246.7700332088
61	0.0641413743	0.0654731241	-26.4606009316
62	1.5763873391	0.0654731241	-407.8124546426
63	2.5580958778	0.0654731241	-329.0589283033
64	1.9282741879	0.0654731241	-257.3099028020
65	1.5637369043	0.0654731241	-387.0526529208
66	0.0771928313	0.0654731241	-46.8813842693
67	1.7397953876	0.0654731241	-226.9766458261
68	0.3801214403	0.0654731241	-101.8755635828
69	1.3423439547	0.0654731241	-306.6028443473
70	1.3996236626	0.0654731241	-206.0248753421
71	0.8671313549	0.0654731241	-195.2268104180
72	1.6355684819	0.0654731241	-307.5919564488
73	0.0319091273	0.0654731241	-14.8588448526
74	0.9516028841	0.0654731241	-270.6186762892
75	1.8676248012	0.0654731241	-341.9540828923
76	1.7144201385	0.0654731241	-388.7815154534
77	0.0319088264	0.0654731241	-13.1146896297
78	1.5483327959	0.0654731241	-218.9630677135
79	1.4891692105	0.0654731241	-289.4412947078
80	1.1521648404	0.0654731241	-165.1789320566
81	0.7901895869	0.0654731241	-218.3369093258
82	1.4404981901	0.0654731241	-263.7315554480
83	1.8421412079	0.0654731241	-358.5260009841
84	1.2620074645	0.0654731241	-353.6527537621
85	0.5742135748	0.0654731241	-102.5300862986
86	0.8370254027	0.0654731241	-234.1807255909
87	3.9616437226	0.0654731241	-309.2378631127
88	0.5973204996	0.0654731241	-146.1958408006
89	0.8702998442	0.0654731241	-156.9300852890
90	1.4778415595	0.0654731241	-273.3163433708
91	0.0319505788	0.0654731241	-14.8249495727
92	0.3325597783	0.0654731241	-102.3241505615
93	1.5486392925	0.0654731241	-313.5965918639
94	0.1601882851	0.0654731241	-58.0736786854
95	0.6062937582	0.0654731241	-114.6283453016
96	1.2460706622	0.0654731241	-291.2090596629
97	2.2368162485	0.0654731241	-335.7325742978
98	0.4089981150	0.0654731241	-113.8602125608
99	2.4203044882	0.0654731241	-339.3161219312
100	0.0300712455	0.0654731241	-13.8235683900
101	0.6421112220	0.0654731241	-122.3818029228
102	1.4372683281	0.0654731241	-312.4734112928
103	2.0691641341	0.0654731241	-285.6781017738
104	0.0961841272	0.0654731241	-38.9255183095
105	1.6561401095	0.0654731241	-364.3079658887
106	2.0019975086	0.0654731241	-288.6429183390
107	0.3367416259	0.0654731241	-135.4685800017
108	2.3442523807	0.0654731241	-399.6237410053
109	1.4023587649	0.0654731241	-267.4478313062
110	1.2088351663	0.0654731241	-268.5109375306
111	0.0000000000	0.0654731241	-2.3442028299
112	1.9087396073	0.0654731241	-335.8707758138
113	0.9733541323	0.0654731241	-312.3513581557
114	0.2718013697	0.0654731241	-78.8089648177
115	1.5249988772	0.0654731241	-273.2561291822
116	2.3862210586	0.0654731241	-377.9280571348
117	1.8807155502	0.0654731241	-303.8034735216
118	0.4250808547	0.0654731241	-138.1898662416
119	1.4919270519	0.0654731241	-292.8785562946
120	1.3918394492	0.0654731241	-254.5387754749
121	0.2787627695	0.0654731241	-81.4110180125
122	0.3364084997	0.0654731241	-90.3002939901
123	2.8964861637	0.0654731241	-374.6468011852
124	1.1685817587	0.0654731241	-276.7744739260
