site	rate	t	lnL
1	1.1675858077	0.0623184962	-224.8158385519
2	2.2892093063	0.0623184962	-362.4160109517
3	1.7719865699	0.0623184962	-305.2998178758
4	2.2991457882	0.0623184962	-383.7617154798
5	0.1037276864	0.0623184962	-28.9353821964
6	1.6208871202	0.0623184962	-272.3496069823
7	0.1805042643	0.0623184962	-43.6784473195
8	0.2892377524	0.0623184962	-65.6177449739
9	1.6889449940	0.0623184962	-296.6604832483
10	1.7097878883	0.0623184962	-306.3559393607
11	0.3638376449	0.0623184962	-80.5885200360
12	1.0659098329	0.0623184962	-194.7902972358
13	1.1881402517	0.0623184962	-232.5463322338
14	0.3475143521	0.0623184962	-83.3466743176
15	0.3634843204	0.0623184962	-79.0649561009
16	2.0079892651	0.0623184962	-345.9970690443
17	0.4881888754	0.0623184962	-109.8368498538
18	1.1657301684	0.0623184962	-220.3860840624
19	1.3728955405	0.0623184962	-262.0739840943
20	0.1033659729	0.0623184962	-28.9350334786
21	0.8502866209	0.0623184962	-163.6230983372
22	1.1927282712	0.0623184962	-221.9960630695
23	0.1804427981	0.0623184962	-44.8755668376
24	0.0663929959	0.0623184962	-21.0357402319
25	1.3898080847	0.0623184962	-260.5820242749
26	0.0658150288	0.0623184962	-21.5410567188
27	0.9171380513	0.0623184962	-177.2697286391
28	0.0000000000	0.0623184962	-2.4574395655
29	0.3242293854	0.0623184962	-71.7781326008
30	1.1831604711	0.0623184962	-211.9565529911
31	1.3458278306	0.0623184962	-253.6379243309
32	0.6708523298	0.0623184962	-140.9316258099
33	0.0672728886	0.0623184962	-21.7839221379
34	1.1703922886	0.0623184962	-223.8438559286
35	1.4278727527	0.0623184962	-265.6388724705
36	1.1966809432	0.0623184962	-236.4075235332
37	0.5427056406	0.0623184962	-116.5379267567
38	1.9152026860	0.0623184962	-319.2179183923
39	1.2272338425	0.0623184962	-232.6354810168
40	0.8887186988	0.0623184962	-179.9885658999
41	1.7823470000	0.0623184962	-312.8209287098
42	2.1150293789	0.0623184962	-342.5504006620
43	1.6099921275	0.0623184962	-280.8437096425
44	1.4586572493	0.0623184962	-271.2692083923
45	0.8302034957	0.0623184962	-170.7893462187
46	1.5814056583	0.0623184962	-283.5922410339
47	0.2028843389	0.0623184962	-52.4075618836
48	0.8595838941	0.0623184962	-178.8996028691
49	1.5674458296	0.0623184962	-284.5722984030
50	0.4377149146	0.0623184962	-101.2008867664
51	0.0000000000	0.0623184962	-2.5095268104
52	0.4152213658	0.0623184962	-89.3843352152
53	0.3789944251	0.0623184962	-88.4907692015
54	1.1126937153	0.0623184962	-216.8776510165
55	0.2710437603	0.0623184962	-64.4465741641
56	0.7416624135	0.0623184962	-159.7097400165
57	0.0335997686	0.0623184962	-12.9626516301
58	1.4045497016	0.0623184962	-256.7533118910
59	2.0511171810	0.0623184962	-338.0797910682
60	0.5422035471	0.0623184962	-118.2725948764
61	0.0000000000	0.0623184962	-2.4574395655
62	1.4117908763	0.0623184962	-263.8975023208
63	0.3286851330	0.0623184962	-84.9143689328
64	0.6935425186	0.0623184962	-148.6701083540
65	1.1345671548	0.0623184962	-218.0866904568
66	0.7751603962	0.0623184962	-154.6566164380
67	0.9250204191	0.0623184962	-193.4249876027
68	1.3473947904	0.0623184962	-243.3936881420
69	1.3304834688	0.0623184962	-237.1287225466
70	1.7438288247	0.0623184962	-309.8118940919
71	1.5891400828	0.0623184962	-277.0080824470
72	1.3783023314	0.0623184962	-243.4882998640
73	0.0000000000	0.0623184962	-2.4574395655
74	0.5240123081	0.0623184962	-114.2161458967
75	0.6954697312	0.0623184962	-138.0301406682
76	1.1981993149	0.0623184962	-233.0717999137
77	0.3706856056	0.0623184962	-83.9368670843
78	0.9256399725	0.0623184962	-187.1457158514
79	2.1040836187	0.0623184962	-348.1851772340
80	0.3790167378	0.0623184962	-83.8739355653
81	1.5031144913	0.0623184962	-259.6077170801
82	2.2883527673	0.0623184962	-356.0962136640
83	1.8921964124	0.0623184962	-312.6147035054
84	0.3961802625	0.0623184962	-96.9027572419
85	0.2531278571	0.0623184962	-59.1797144393
86	1.3490464622	0.0623184962	-250.0498345583
87	1.4435839929	0.0623184962	-260.5505998236
88	0.5428951975	0.0623184962	-116.4247478695
89	0.2367015978	0.0623184962	-57.9994079687
90	1.4505471936	0.0623184962	-266.3238927690
91	0.0691294478	0.0623184962	-21.1602246881
92	0.2891462488	0.0623184962	-64.2137462608
93	1.3735231683	0.0623184962	-252.7576473909
94	0.1685867657	0.0623184962	-45.7729752451
95	0.8107791142	0.0623184962	-163.5734030918
96	1.8703642287	0.0623184962	-316.2683976863
97	0.9875961462	0.0623184962	-186.2037882145
98	0.8442527083	0.0623184962	-168.5696649977
99	1.5201617139	0.0623184962	-282.7651539995
100	0.2425081131	0.0623184962	-60.3390041628
101	2.0038191203	0.0623184962	-331.7881385351
102	1.0244608847	0.0623184962	-204.6485598864
103	1.3810432594	0.0623184962	-251.9206105771
104	0.9281409085	0.0623184962	-182.0691462018
105	1.7442571901	0.0623184962	-295.5431019871
106	1.1786380725	0.0623184962	-219.4602667464
107	0.3710733003	0.0623184962	-87.4792095336
108	1.6775853883	0.0623184962	-297.3768197694
109	1.2696598260	0.0623184962	-250.3301327061
110	1.5092755437	0.0623184962	-268.6495882246
111	0.0000000000	0.0623184962	-2.4574395655
112	1.8666415780	0.0623184962	-331.7907263674
113	1.6479581585	0.0623184962	-281.7328346651
114	1.5289881907	0.0623184962	-280.3915660064
115	1.2655750136	0.0623184962	-239.4559050803
116	1.2843148369	0.0623184962	-231.6160370452
117	1.8108370009	0.0623184962	-313.9661748061
118	0.5346038392	0.0623184962	-114.3963169910
119	0.9818251181	0.0623184962	-195.4784949532
120	1.5563923838	0.0623184962	-275.0508903453
121	1.0187626222	0.0623184962	-197.3311427041
122	0.2083709364	0.0623184962	-53.0714520342
123	1.0349311867	0.0623184962	-201.8899120928
124	1.3851769874	0.0623184962	-261.7906479462
