site	rate	t	lnL
1	2.0720200869	0.0745305955	-291.0256630129
2	0.3752020168	0.0745305955	-119.6422299010
3	1.7561964047	0.0745305955	-308.7273897841
4	1.1783653471	0.0745305955	-296.1172376711
5	0.1342093683	0.0745305955	-20.0905802108
6	1.9313813692	0.0745305955	-380.9474406041
7	0.7316889564	0.0745305955	-182.4116512549
8	1.1652604636	0.0745305955	-291.0564992759
9	1.1753228587	0.0745305955	-271.4712362448
10	0.9708508611	0.0745305955	-248.6300233597
11	0.6821051969	0.0745305955	-177.4753593662
12	2.0594161886	0.0745305955	-293.1369418816
13	0.9294453307	0.0745305955	-244.8971386387
14	1.1505428475	0.0745305955	-260.6653808529
15	1.1696380729	0.0745305955	-256.0311578974
16	1.1468438298	0.0745305955	-294.7923399132
17	0.9333452058	0.0745305955	-224.4629611409
18	1.4837897614	0.0745305955	-305.1577363847
19	1.5221187291	0.0745305955	-336.8658021608
20	1.2065307973	0.0745305955	-302.2169382198
21	1.3975380567	0.0745305955	-309.7322937015
22	1.3712064267	0.0745305955	-293.0628388816
23	0.5284974572	0.0745305955	-140.3752193050
24	0.1148738850	0.0745305955	-21.7408431350
25	1.4027766739	0.0745305955	-270.9748339947
26	0.0881663811	0.0745305955	-22.6752399390
27	0.3574802471	0.0745305955	-108.0165800095
28	0.0000000000	0.0745305955	-2.3163512888
29	2.1214332625	0.0745305955	-256.0670557544
30	0.3441801545	0.0745305955	-114.5019276969
31	1.3608831106	0.0745305955	-315.3498569560
32	1.4839168021	0.0745305955	-360.4214048601
33	0.5926218923	0.0745305955	-113.6002924507
34	2.7730639774	0.0745305955	-475.3073953675
35	0.3931335111	0.0745305955	-100.5508970206
36	1.3200940954	0.0745305955	-312.6609353008
37	0.7663005554	0.0745305955	-108.1170132921
38	1.3236766227	0.0745305955	-323.1109511940
39	1.1999300189	0.0745305955	-272.2985905729
40	0.5363565371	0.0745305955	-135.9444807251
41	0.6071170773	0.0745305955	-153.8139856739
42	0.9856323595	0.0745305955	-260.5596584948
43	0.8751277068	0.0745305955	-240.6475313201
44	2.2916972945	0.0745305955	-274.4286636881
45	2.1609444467	0.0745305955	-322.4666771937
46	1.2286426160	0.0745305955	-305.7309944166
47	0.2588657703	0.0745305955	-90.8346715996
48	0.7983061130	0.0745305955	-179.2264819505
49	0.7719582618	0.0745305955	-191.1537245442
50	0.5406425450	0.0745305955	-125.4904128768
51	0.0000000000	0.0745305955	-2.4774996735
52	0.2431460586	0.0745305955	-86.2825508734
53	0.7163275998	0.0745305955	-165.4274004043
54	0.5056848487	0.0745305955	-147.6227647188
55	0.8709471542	0.0745305955	-194.8004926200
56	1.0130919588	0.0745305955	-263.3083330071
57	0.0000000000	0.0745305955	-3.1961089934
58	1.5394981478	0.0745305955	-248.8865395195
59	0.7397159129	0.0745305955	-196.6105685968
60	0.9476479282	0.0745305955	-193.7332653425
61	0.0670400795	0.0745305955	-12.0003194755
62	1.1944076281	0.0745305955	-297.0106208835
63	0.4595937005	0.0745305955	-111.1129626335
64	0.9267327372	0.0745305955	-105.1520707875
65	1.2403750177	0.0745305955	-303.6646787179
66	0.2569689483	0.0745305955	-74.2308959112
67	2.1052512810	0.0745305955	-232.4572750478
68	0.6947079107	0.0745305955	-88.5188730713
69	2.3857545299	0.0745305955	-387.6805288079
70	1.1947041483	0.0745305955	-272.3689837357
71	0.9768331566	0.0745305955	-248.4439424192
72	0.5553779867	0.0745305955	-165.1994234468
73	0.0670934908	0.0745305955	-12.2259776954
74	0.7157723388	0.0745305955	-91.8108560898
75	1.1059690082	0.0745305955	-250.0220646892
76	0.9213504443	0.0745305955	-271.1833159241
77	0.0655603773	0.0745305955	-11.8365213443
78	2.0475303554	0.0745305955	-342.6181068754
79	2.3226890251	0.0745305955	-311.6329978372
80	1.5371224800	0.0745305955	-348.1548315056
81	0.5577690964	0.0745305955	-166.6585098530
82	1.1399309595	0.0745305955	-272.8526525479
83	1.4887674455	0.0745305955	-295.4813083434
84	0.2757350654	0.0745305955	-74.0890115599
85	0.0228695358	0.0745305955	-10.5298796191
86	1.0049843170	0.0745305955	-274.6776671696
87	1.1873858555	0.0745305955	-305.2576450013
88	1.0182167828	0.0745305955	-260.2357118611
89	0.9332670429	0.0745305955	-219.5930137367
90	1.1809601316	0.0745305955	-265.2694257334
91	0.2004692175	0.0745305955	-32.1229861009
92	0.4346260770	0.0745305955	-127.9894405095
93	1.4731084687	0.0745305955	-308.8873082068
94	0.1868761680	0.0745305955	-67.8705405684
95	1.0017768908	0.0745305955	-243.8980697947
96	0.6901792109	0.0745305955	-177.4241825920
97	2.5267583405	0.0745305955	-312.9441378989
98	1.3634519491	0.0745305955	-299.7780704167
99	1.8917361749	0.0745305955	-297.1378578126
100	0.2068800578	0.0745305955	-30.4091587598
101	0.0472612018	0.0745305955	-19.7558739232
102	0.7038035606	0.0745305955	-206.7267449114
103	1.9242792595	0.0745305955	-334.8794734757
104	0.1770474703	0.0745305955	-37.3970742307
105	1.6374320637	0.0745305955	-333.9851986403
106	1.1963468629	0.0745305955	-263.0202882204
107	1.6513275838	0.0745305955	-334.8538101211
108	1.3375778774	0.0745305955	-335.4285991055
109	0.7443881229	0.0745305955	-208.0415865759
110	1.5329819583	0.0745305955	-337.9969727177
111	0.0000000000	0.0745305955	-2.3163512888
112	1.1888834418	0.0745305955	-253.4764085043
113	1.2420501600	0.0745305955	-246.2269292968
114	0.5835949397	0.0745305955	-167.6062455159
115	1.1465921910	0.0745305955	-296.8701483523
116	1.4844488243	0.0745305955	-308.7924678850
117	1.1933291333	0.0745305955	-321.9248216291
118	1.1765544225	0.0745305955	-281.6667954222
119	2.4689689959	0.0745305955	-279.2690271757
120	1.3959880232	0.0745305955	-275.4157651947
121	1.1036589443	0.0745305955	-145.7611901458
122	0.3159019605	0.0745305955	-45.1585755910
123	1.4989175885	0.0745305955	-304.0443192388
124	1.2863975251	0.0745305955	-155.4693840443
