site	rate	t	lnL
1	0.0000000000	0.0005527534	-2.8766060544
2	8.2539360111	0.0005527534	-22.4958809131
3	4.0938358333	0.0005527534	-15.9000065183
4	0.0000000000	0.0005527534	-3.4320359844
5	0.0000000000	0.0005527534	-2.2556327341
6	0.0000000000	0.0005527534	-3.4310618002
7	0.0000000000	0.0005527534	-2.1096305828
8	0.0000000000	0.0005527534	-2.1096305828
9	0.0000000000	0.0005527534	-2.6114063710
10	0.0000000000	0.0005527534	-3.4242689550
11	0.0000000000	0.0005527534	-2.1096305828
12	0.0000000000	0.0005527534	-2.6114063710
13	0.0000000000	0.0005527534	-2.4223862928
14	0.0000000000	0.0005527534	-2.2556327341
15	0.0000000000	0.0005527534	-3.0436092963
16	0.0000000000	0.0005527534	-3.2092823726
17	3.6894433381	0.0005527534	-13.0338305579
18	6.1267156556	0.0005527534	-15.5496819294
19	5.4599474352	0.0005527534	-16.2977830652
20	0.0000000000	0.0005527534	-2.8721417612
21	0.0000000000	0.0005527534	-2.1096305828
22	5.1341676932	0.0005527534	-11.6396659559
23	0.0000000000	0.0005527534	-2.2556327341
24	0.0000000000	0.0005527534	-2.8721417612
25	2.9613979703	0.0005527534	-14.3065669503
26	0.0000000000	0.0005527534	-2.8766060544
27	0.0000000000	0.0005527534	-2.4223862928
28	0.0000000000	0.0005527534	-2.2556327341
29	0.0000000000	0.0005527534	-2.1096305828
30	0.0000000000	0.0005527534	-2.2556327341
31	0.0000000000	0.0005527534	-3.0436092963
32	0.0000000000	0.0005527534	-2.1096305828
33	0.0000000000	0.0005527534	-3.4291162743
34	0.0000000000	0.0005527534	-2.6114063710
35	0.0000000000	0.0005527534	-3.0181593093
36	0.0000000000	0.0005527534	-3.2092823726
37	11.1839593243	0.0005527534	-13.9428907486
38	0.0000000000	0.0005527534	-2.4223862928
39	0.0000000000	0.0005527534	-3.4310618002
40	5.5972877579	0.0005527534	-22.7168884789
41	7.4394530700	0.0005527534	-23.5498197557
42	8.8394987292	0.0005527534	-13.0799893883
43	0.0000000000	0.0005527534	-3.2100627082
44	0.0000000000	0.0005527534	-2.4223862928
45	0.0000000000	0.0005527534	-2.1096305828
46	4.2501237055	0.0005527534	-14.1859908038
47	0.0000000000	0.0005527534	-3.4291162743
48	0.0000000000	0.0005527534	-3.0436092963
49	4.1291237841	0.0005527534	-13.4817460514
50	0.0000000000	0.0005527534	-2.9038186179
51	0.0000000000	0.0005527534	-2.8721417612
52	0.0000000000	0.0005527534	-2.4223862928
53	0.0000000000	0.0005527534	-2.1096305828
54	0.0000000000	0.0005527534	-2.1096305828
55	0.0000000000	0.0005527534	-3.2092823726
56	0.0000000000	0.0005527534	-3.2100627082
57	0.0000000000	0.0005527534	-3.4291162743
58	0.0000000000	0.0005527534	-2.1096305828
59	0.0000000000	0.0005527534	-2.8721417612
60	0.0000000000	0.0005527534	-2.8766060544
61	0.0000000000	0.0005527534	-2.2556327341
62	0.0000000000	0.0005527534	-2.8721417612
63	0.0000000000	0.0005527534	-3.7177706365
64	3.0056150053	0.0005527534	-11.4074124654
65	0.0000000000	0.0005527534	-2.8721417612
66	0.0000000000	0.0005527534	-3.4379011038
67	4.0667297179	0.0005527534	-12.0850124582
68	9.4991525795	0.0005527534	-31.7697442269
69	6.1039579896	0.0005527534	-14.6560064121
70	0.0000000000	0.0005527534	-2.2556327341
71	3.9356878729	0.0005527534	-11.7014278649
72	0.0000000000	0.0005527534	-2.6114063710
73	0.0000000000	0.0005527534	-2.2556327341
74	0.0000000000	0.0005527534	-2.4223862928
75	0.0000000000	0.0005527534	-2.1096305828
76	0.0000000000	0.0005527534	-2.1096305828
77	0.0000000000	0.0005527534	-2.2556327341
78	0.0000000000	0.0005527534	-3.4379011038
79	0.0000000000	0.0005527534	-3.2053898025
80	0.0000000000	0.0005527534	-2.1096305828
81	0.0000000000	0.0005527534	-3.4242689550
82	0.0000000000	0.0005527534	-2.4223862928
83	8.3844141465	0.0005527534	-20.6042247718
84	0.0000000000	0.0005527534	-2.9038186179
85	0.0000000000	0.0005527534	-2.1096305828
86	0.0000000000	0.0005527534	-3.2053898025
87	12.2193228615	0.0005527534	-13.7414041701
88	0.0000000000	0.0005527534	-3.4428151186
89	2.6720135144	0.0005527534	-11.7278158035
90	0.0000000000	0.0005527534	-2.6114063710
91	0.0000000000	0.0005527534	-2.2556327341
92	0.0000000000	0.0005527534	-3.4379011038
93	5.0389868211	0.0005527534	-15.1461955746
94	0.0000000000	0.0005527534	-3.2092823726
95	0.0000000000	0.0005527534	-3.4242689550
96	0.0000000000	0.0005527534	-2.6114063710
97	0.0000000000	0.0005527534	-3.4310618002
98	6.1421181146	0.0005527534	-16.7901861691
99	0.0000000000	0.0005527534	-3.2053898025
100	8.5686855026	0.0005527534	-23.9403812596
101	0.0000000000	0.0005527534	-2.4223862928
102	0.0000000000	0.0005527534	-3.0181593093
103	0.0000000000	0.0005527534	-3.4310618002
104	0.0000000000	0.0005527534	-3.0181593093
105	0.0000000000	0.0005527534	-3.4428151186
106	0.0000000000	0.0005527534	-3.4320359844
107	0.0000000000	0.0005527534	-3.0181593093
108	0.0000000000	0.0005527534	-3.2100627082
109	0.0000000000	0.0005527534	-3.0436092963
110	0.0000000000	0.0005527534	-3.4291162743
111	0.0000000000	0.0005527534	-2.2556327341
112	3.8395702593	0.0005527534	-15.1235482422
113	3.6895141397	0.0005527534	-12.7695713995
114	0.0000000000	0.0005527534	-3.7177706365
115	0.0000000000	0.0005527534	-3.0181593093
116	0.0000000000	0.0005527534	-3.2053898025
117	0.0000000000	0.0005527534	-3.4320359844
118	0.0000000000	0.0005527534	-2.4223862928
119	0.0000000000	0.0005527534	-2.8766060544
120	0.0000000000	0.0005527534	-2.4223862928
121	2.5335491269	0.0005527534	-16.0541165317
122	0.0000000000	0.0005527534	-2.2556327341
123	0.0000000000	0.0005527534	-2.1096305828
124	0.0000000000	0.0005527534	-4.8086309484
