site	rate	t	lnL
1	1.3805447478	0.0633866707	-251.7230833419
2	0.4314567662	0.0633866707	-99.5418111113
3	1.9439514755	0.0633866707	-327.3508788583
4	1.6815927835	0.0633866707	-298.5175512567
5	0.0654068481	0.0633866707	-21.9588605621
6	1.5275778051	0.0633866707	-273.5085596897
7	0.0326629460	0.0633866707	-13.1715324922
8	0.3976746126	0.0633866707	-92.9235931200
9	1.0872258294	0.0633866707	-215.4361461201
10	1.5221827121	0.0633866707	-278.5765793356
11	0.2637878576	0.0633866707	-66.5956390381
12	1.4562883129	0.0633866707	-269.9682340406
13	1.5995417830	0.0633866707	-283.3247468334
14	1.5265381591	0.0633866707	-273.8082881997
15	1.2712270304	0.0633866707	-237.7433853997
16	1.9053763348	0.0633866707	-322.4175209191
17	1.2377351894	0.0633866707	-235.6914320896
18	0.6694878397	0.0633866707	-146.1332584540
19	1.4960727054	0.0633866707	-265.6919457622
20	1.7865361867	0.0633866707	-309.9788440561
21	0.5663979358	0.0633866707	-126.4013788519
22	1.7908757080	0.0633866707	-309.7601361400
23	0.1971700700	0.0633866707	-53.2652809051
24	0.1641710025	0.0633866707	-45.8025414814
25	1.8341693819	0.0633866707	-312.4944407133
26	0.1641186776	0.0633866707	-45.8041181011
27	0.2303787198	0.0633866707	-59.4557384227
28	0.0000000000	0.0633866707	-2.9957322736
29	0.1971067291	0.0633866707	-53.2671811230
30	0.3973451906	0.0633866707	-94.0319987430
31	1.9511859714	0.0633866707	-325.5288259154
32	0.3974309914	0.0633866707	-95.1282705337
33	0.0982132811	0.0633866707	-30.2207562736
34	1.0897871321	0.0633866707	-213.1676252474
35	1.0539500125	0.0633866707	-206.5470633288
36	1.5275058368	0.0633866707	-273.3075452743
37	1.2683167287	0.0633866707	-240.9299522569
38	1.7552249895	0.0633866707	-304.8736325312
39	1.7141893813	0.0633866707	-301.0378129533
40	1.3413459527	0.0633866707	-248.9049081923
41	1.6038476649	0.0633866707	-284.2896903433
42	1.7186086864	0.0633866707	-295.7082830571
43	1.2358051004	0.0633866707	-233.5560026067
44	1.4212608536	0.0633866707	-258.1044866266
45	1.2691167080	0.0633866707	-238.2516808035
46	0.1971279621	0.0633866707	-53.2665459655
47	1.2316962802	0.0633866707	-234.3583824617
48	1.1617580056	0.0633866707	-219.2520689632
49	0.9122333649	0.0633866707	-187.8961620619
50	0.1311345484	0.0633866707	-38.1398229823
51	0.0000000000	0.0633866707	-2.9957322736
52	1.7227974260	0.0633866707	-304.2524515456
53	0.5669034679	0.0633866707	-123.6138171174
54	0.8093607667	0.0633866707	-167.0387338738
55	0.1971705896	0.0633866707	-53.2652730305
56	0.6690859036	0.0633866707	-143.9465991947
57	0.0654068421	0.0633866707	-21.9588605621
58	0.8089410661	0.0633866707	-165.1408448993
59	1.0898096037	0.0633866707	-214.2634733466
60	0.4648255659	0.0633866707	-108.2927513597
61	0.0326678638	0.0633866707	-13.1715325036
62	1.1963319645	0.0633866707	-229.6388131198
63	0.1311066871	0.0633866707	-38.1406632814
64	1.8237754986	0.0633866707	-315.6740416711
65	1.7143372313	0.0633866707	-296.1362762793
66	0.6348627204	0.0633866707	-138.8842339784
67	1.9456402354	0.0633866707	-331.5965980582
68	0.2971976418	0.0633866707	-73.6103460370
69	1.2720673147	0.0633866707	-239.7309885319
70	1.0885352993	0.0633866707	-212.2193679561
71	1.9402300204	0.0633866707	-327.3585674520
72	1.2372782857	0.0633866707	-233.0047485802
73	0.7031581743	0.0633866707	-152.2604104292
74	1.5256326480	0.0633866707	-276.8142664988
75	1.9064965811	0.0633866707	-323.6947352419
76	1.7515263609	0.0633866707	-308.9678355954
77	0.0654136960	0.0633866707	-21.9586521333
78	1.0535363828	0.0633866707	-208.5346777277
79	1.2336910880	0.0633866707	-234.3041162080
80	0.3636780784	0.0633866707	-88.4258890831
81	1.0190180944	0.0633866707	-197.4055379354
82	1.4134433677	0.0633866707	-261.4864461199
83	1.5284108098	0.0633866707	-273.8452977939
84	0.4319214387	0.0633866707	-97.4484857313
85	0.9870749019	0.0633866707	-197.1139246695
86	1.0941563051	0.0633866707	-210.6457059292
87	1.0553104295	0.0633866707	-206.7989324747
88	0.6349635450	0.0633866707	-138.8813890967
89	0.1311485058	0.0633866707	-38.1394024117
90	1.3445626377	0.0633866707	-247.6667275542
91	0.0982877555	0.0633866707	-29.1200614093
92	0.1972666016	0.0633866707	-52.1637425455
93	1.8028241779	0.0633866707	-312.5504835054
94	0.1311155077	0.0633866707	-38.1402431514
95	0.5322610113	0.0633866707	-121.1697288891
96	1.8049778859	0.0633866707	-308.2497526868
97	1.2299161862	0.0633866707	-238.8061042053
98	1.7515294461	0.0633866707	-302.9699608235
99	1.6723024315	0.0633866707	-297.5023188425
100	1.1307532103	0.0633866707	-220.8273919708
101	0.0654068300	0.0633866707	-21.9588605621
102	1.0885921314	0.0633866707	-214.7061209011
103	1.6034448100	0.0633866707	-282.5443840571
104	0.8772579751	0.0633866707	-177.6642706674
105	1.4571066377	0.0633866707	-262.2461361206
106	0.8772674290	0.0633866707	-179.8627741496
107	0.2634772782	0.0633866707	-67.7035544289
108	1.0179053876	0.0633866707	-201.8638795060
109	1.9424227279	0.0633866707	-324.8954563207
110	1.2348220764	0.0633866707	-231.4989129380
111	0.0000000000	0.0633866707	-2.9957322736
112	1.9843042275	0.0633866707	-337.7365828660
113	1.8732219420	0.0633866707	-319.4990392183
114	0.4648454593	0.0633866707	-106.5001997586
115	1.4922425926	0.0633866707	-273.1063776077
116	1.9852883223	0.0633866707	-334.9375658392
117	1.3779929587	0.0633866707	-259.3921952299
118	0.6361004563	0.0633866707	-136.7688060440
119	0.7727885266	0.0633866707	-162.1111441108
120	1.4540142299	0.0633866707	-267.8271853126
121	1.0924126220	0.0633866707	-216.3911972042
122	0.0326712681	0.0633866707	-13.1714286940
123	1.0179009039	0.0633866707	-201.2889875673
124	1.2683635853	0.0633866707	-238.7278729849
