site	rate	t	lnL
1	3.1426718179	0.0062910076	-55.0844359786
2	0.0000000000	0.0062910076	-2.6317754393
3	0.8196174680	0.0062910076	-32.1593905209
4	0.9891358173	0.0062910076	-22.7410020220
5	0.0000000000	0.0062910076	-2.6045658142
6	0.9895739452	0.0062910076	-32.5650417259
7	0.6545924585	0.0062910076	-23.0654285707
8	0.2720544550	0.0062910076	-13.6626687961
9	0.6588073125	0.0062910076	-23.3938998208
10	2.7707243572	0.0062910076	-69.0467245295
11	0.0000000000	0.0062910076	-3.0670139086
12	2.0855356628	0.0062910076	-63.4749204169
13	0.6648635687	0.0062910076	-26.0726312978
14	1.4475470097	0.0062910076	-44.1039793634
15	0.0000000000	0.0062910076	-2.2535309468
16	1.5767964660	0.0062910076	-51.5814288713
17	0.5410633284	0.0062910076	-27.3513211914
18	1.3195750629	0.0062910076	-40.0228697757
19	0.5452509926	0.0062910076	-25.3298756021
20	0.0000000000	0.0062910076	-2.2526315313
21	0.2729864328	0.0062910076	-14.7214764076
22	1.7242717430	0.0062910076	-36.6515787035
23	4.1544453350	0.0062910076	-65.3269329059
24	0.5839865128	0.0062910076	-13.5193702979
25	3.0759209445	0.0062910076	-62.5646454212
26	0.0000000000	0.0062910076	-3.7203680406
27	0.3274690714	0.0062910076	-10.3780102872
28	0.0000000000	0.0062910076	-2.6045658142
29	0.0000000000	0.0062910076	-2.2886329788
30	0.0000000000	0.0062910076	-2.7287068976
31	0.9081391668	0.0062910076	-45.9632991758
32	2.2220731768	0.0062910076	-66.4889423333
33	0.0000000000	0.0062910076	-2.7590716203
34	0.0000000000	0.0062910076	-2.2526315313
35	0.0000000000	0.0062910076	-2.2886329788
36	0.7014136545	0.0062910076	-33.9738400180
37	0.8074253420	0.0062910076	-39.1910573786
38	1.2202360784	0.0062910076	-67.4702401334
39	0.8263245572	0.0062910076	-34.4905837163
40	0.5047087975	0.0062910076	-13.3943641072
41	0.3949827565	0.0062910076	-14.1353888027
42	3.1772934304	0.0062910076	-88.8840230551
43	1.5882581135	0.0062910076	-55.9845436249
44	0.6590847000	0.0062910076	-35.3868897706
45	0.8006211697	0.0062910076	-18.0148597622
46	1.3259526670	0.0062910076	-20.7344579817
47	1.9779984593	0.0062910076	-29.4033845615
48	2.5808758309	0.0062910076	-53.8874548115
49	0.7894397654	0.0062910076	-24.1955033189
50	0.1996505275	0.0062910076	-15.7191182758
51	0.0000000000	0.0062910076	-2.2526315313
52	0.3268520639	0.0062910076	-11.3701915435
53	1.3600026224	0.0062910076	-37.9950739695
54	2.0711474362	0.0062910076	-65.7718263737
55	0.0000000000	0.0062910076	-2.7516403253
56	2.0058322943	0.0062910076	-36.9814049593
57	0.0000000000	0.0062910076	-2.7590716203
58	1.6394460258	0.0062910076	-72.2217808487
59	0.9984139512	0.0062910076	-35.2745051295
60	0.8869171422	0.0062910076	-34.2895085786
61	0.0000000000	0.0062910076	-2.6045658142
62	2.2897585369	0.0062910076	-91.0227812131
63	0.0000000000	0.0062910076	-3.0813242039
64	0.6506302805	0.0062910076	-12.0717358434
65	0.9882092567	0.0062910076	-40.2553252834
66	0.2685470456	0.0062910076	-12.8446550737
67	1.3877257358	0.0062910076	-50.7087927513
68	0.0000000000	0.0062910076	-2.2526315313
69	0.5413498285	0.0062910076	-23.3315194126
70	0.0000000000	0.0062910076	-2.6317754393
71	1.0852827872	0.0062910076	-39.6598690997
72	1.1315948760	0.0062910076	-48.7078531267
73	0.5283274437	0.0062910076	-15.5197038403
74	0.6614746178	0.0062910076	-11.5601811621
75	2.6888260838	0.0062910076	-53.1786750969
76	0.0000000000	0.0062910076	-3.2265920101
77	0.0000000000	0.0062910076	-2.6045658142
78	2.3283261460	0.0062910076	-37.7528329050
79	3.3568596131	0.0062910076	-56.0597874999
80	0.3274715486	0.0062910076	-12.6519945100
81	0.9832948481	0.0062910076	-30.5271617198
82	2.5022830343	0.0062910076	-47.9248258891
83	0.6750008795	0.0062910076	-28.7975570752
84	0.4035505891	0.0062910076	-11.2328897668
85	1.2055559372	0.0062910076	-30.2882957990
86	0.2705145454	0.0062910076	-14.9118703005
87	2.4561877750	0.0062910076	-48.6046272433
88	2.0893935004	0.0062910076	-63.9552387529
89	0.0000000000	0.0062910076	-2.7516403253
90	2.0180128039	0.0062910076	-52.7027168335
91	0.0000000000	0.0062910076	-2.6045658142
92	1.0800320815	0.0062910076	-35.1795857655
93	0.0000000000	0.0062910076	-3.7203680406
94	0.4023783322	0.0062910076	-18.8550479219
95	0.4364317858	0.0062910076	-21.0080156561
96	0.5458512883	0.0062910076	-20.3241704422
97	1.0622478646	0.0062910076	-35.1503783248
98	0.6618237250	0.0062910076	-11.8728927266
99	2.0190815217	0.0062910076	-63.4949071516
100	0.0000000000	0.0062910076	-2.2526315313
101	0.5460206996	0.0062910076	-21.4687646178
102	0.3284916957	0.0062910076	-15.1143714369
103	0.0000000000	0.0062910076	-2.2886329788
104	0.0000000000	0.0062910076	-3.7203680406
105	4.3338139565	0.0062910076	-54.8693632403
106	2.4648610220	0.0062910076	-53.8591529602
107	0.5110534924	0.0062910076	-15.4819079962
108	2.0494173400	0.0062910076	-91.3417671743
109	2.0407587997	0.0062910076	-51.2674501807
110	5.7942748820	0.0062910076	-79.5844270424
111	0.0000000000	0.0062910076	-2.6045658142
112	5.2746636517	0.0062910076	-89.6752808385
113	0.9906337577	0.0062910076	-23.7821447394
114	1.1136272655	0.0062910076	-53.2451867281
115	0.7895641832	0.0062910076	-26.5539619658
116	2.5160619182	0.0062910076	-46.1367257705
117	1.9601944968	0.0062910076	-47.5460528249
118	0.5080986396	0.0062910076	-10.7722772233
119	0.2688484340	0.0062910076	-12.4612637273
120	1.0194973971	0.0062910076	-19.3537243355
121	0.0000000000	0.0062910076	-2.2526315313
122	0.4051739055	0.0062910076	-27.2143762051
123	1.9464225476	0.0062910076	-74.9076693380
124	3.2615874602	0.0062910076	-68.5993081718
