site	rate	t	lnL
1	1.2783274934	0.0754393698	-256.7296514368
2	0.4783990850	0.0754393698	-112.7024379471
3	2.1077534949	0.0754393698	-349.6166364157
4	1.3058698029	0.0754393698	-233.8819460003
5	0.3981643462	0.0754393698	-69.1745926538
6	1.2615547490	0.0754393698	-251.4226143045
7	0.2273104214	0.0754393698	-68.7007682067
8	0.3933406869	0.0754393698	-93.9803705473
9	1.8639324123	0.0754393698	-338.0619309252
10	1.7084210673	0.0754393698	-302.6490985934
11	0.5168416518	0.0754393698	-112.3977624703
12	1.3321198230	0.0754393698	-257.9749703048
13	0.6266664623	0.0754393698	-138.8524121815
14	0.3342206043	0.0754393698	-50.7982756222
15	0.2623851316	0.0754393698	-65.0992174387
16	1.8240547711	0.0754393698	-327.9907362939
17	1.8945996261	0.0754393698	-313.2651079562
18	0.8869607625	0.0754393698	-191.4532590404
19	1.4591057260	0.0754393698	-266.3592651344
20	0.1108787184	0.0754393698	-22.3896104276
21	1.3438023336	0.0754393698	-163.3537619270
22	1.2689562210	0.0754393698	-241.5800921283
23	0.2926002598	0.0754393698	-99.8463830588
24	0.1731985519	0.0754393698	-31.1653430460
25	1.4211952588	0.0754393698	-284.1900198633
26	0.3309232063	0.0754393698	-44.9124693811
27	0.4090175258	0.0754393698	-142.2967942925
28	0.0000000000	0.0754393698	-2.4468303567
29	0.0320257257	0.0754393698	-12.2866575734
30	0.3227337487	0.0754393698	-79.5113420211
31	1.7877911894	0.0754393698	-255.5092104199
32	0.5653141425	0.0754393698	-141.4203369037
33	0.5996729196	0.0754393698	-86.2099441008
34	1.1165671568	0.0754393698	-176.4519304871
35	0.5853054465	0.0754393698	-132.5357472989
36	0.7674304080	0.0754393698	-270.3552166746
37	1.1138332477	0.0754393698	-238.9229300471
38	2.0860049247	0.0754393698	-339.6706801927
39	1.4369056992	0.0754393698	-294.8984923107
40	0.7596069541	0.0754393698	-252.9489846401
41	1.7606107218	0.0754393698	-382.7166935969
42	2.1169251047	0.0754393698	-342.1648934336
43	0.6400966247	0.0754393698	-204.7372736240
44	1.0979426363	0.0754393698	-227.2439170247
45	1.0175320722	0.0754393698	-202.3605697007
46	1.5752443392	0.0754393698	-253.1252799905
47	0.5820655654	0.0754393698	-138.2004932042
48	0.6583615320	0.0754393698	-158.9471690876
49	0.8333396577	0.0754393698	-183.3788725998
50	0.4940261398	0.0754393698	-99.9174229096
51	0.0551174701	0.0754393698	-11.9450361170
52	0.2620864614	0.0754393698	-85.3664560030
53	2.1964591656	0.0754393698	-411.0088395541
54	1.6125297407	0.0754393698	-311.0714725809
55	0.8286592896	0.0754393698	-173.9259268025
56	0.5234425170	0.0754393698	-131.9203060970
57	0.7022237987	0.0754393698	-112.7014635086
58	0.7002982696	0.0754393698	-152.6046097806
59	1.2022219363	0.0754393698	-299.9232889375
60	1.6322009124	0.0754393698	-310.2178926279
61	0.0000000000	0.0754393698	-2.4468303567
62	1.3861509518	0.0754393698	-269.4138372138
63	0.0996105396	0.0754393698	-38.0223962721
64	0.5891405437	0.0754393698	-89.7963059663
65	2.1764502409	0.0754393698	-277.8449548980
66	0.6704243820	0.0754393698	-203.3799392241
67	1.0444041825	0.0754393698	-297.6800976402
68	0.3349900567	0.0754393698	-50.3818095221
69	1.9480665021	0.0754393698	-370.9691090643
70	1.2347148645	0.0754393698	-317.4124209444
71	0.7547539257	0.0754393698	-167.8046724185
72	1.0431853899	0.0754393698	-199.5213538167
73	0.0000000000	0.0754393698	-2.4468303567
74	2.0455894871	0.0754393698	-398.9032570837
75	0.2445006123	0.0754393698	-84.5061403961
76	1.5849728732	0.0754393698	-215.3010982721
77	0.0476233575	0.0754393698	-12.8382021811
78	2.1586995825	0.0754393698	-390.3425570625
79	0.9203397043	0.0754393698	-254.4610894018
80	0.8518330817	0.0754393698	-247.4842122869
81	0.7934219323	0.0754393698	-169.3984592700
82	1.3911154451	0.0754393698	-283.9706250104
83	1.2778478050	0.0754393698	-329.0679452932
84	0.2649460268	0.0754393698	-71.7643385379
85	0.3608609561	0.0754393698	-107.3574353248
86	1.6040892133	0.0754393698	-294.7648031931
87	0.8426153327	0.0754393698	-185.4759858331
88	0.4293634746	0.0754393698	-149.8491412122
89	0.1260286287	0.0754393698	-69.4608296889
90	1.6869542997	0.0754393698	-326.5338513606
91	0.0496297073	0.0754393698	-12.7969340128
92	0.4481061758	0.0754393698	-98.0341270953
93	1.6103871664	0.0754393698	-299.9451381792
94	0.1863790455	0.0754393698	-44.4180237378
95	0.6805876210	0.0754393698	-148.4331597996
96	1.9019925866	0.0754393698	-348.8467391212
97	1.6641805053	0.0754393698	-306.7412057574
98	0.5551210891	0.0754393698	-78.1509650039
99	1.7637819015	0.0754393698	-308.3785428767
100	2.2196572827	0.0754393698	-373.3813888689
101	0.3294775367	0.0754393698	-76.7454387784
102	1.4900994702	0.0754393698	-275.1741441784
103	0.4384017436	0.0754393698	-106.2294263030
104	0.1319460520	0.0754393698	-19.8607655150
105	1.5217791235	0.0754393698	-219.3594213229
106	2.5590716610	0.0754393698	-268.5378713825
107	0.5865674913	0.0754393698	-71.9047481440
108	1.7806373980	0.0754393698	-341.5605364414
109	1.5407414755	0.0754393698	-307.6964436092
110	1.2300432306	0.0754393698	-261.1519205249
111	0.0000000000	0.0754393698	-2.4468303567
112	2.2243664210	0.0754393698	-376.3742547227
113	1.8254310385	0.0754393698	-353.1249777560
114	1.2336460381	0.0754393698	-254.2968482810
115	1.0402120528	0.0754393698	-223.3656152351
116	2.0042726865	0.0754393698	-314.7318610467
117	1.0752231873	0.0754393698	-351.5380946384
118	1.1672829978	0.0754393698	-240.0131627175
119	1.4503644666	0.0754393698	-288.8693949526
120	1.0312452424	0.0754393698	-229.5242829642
121	1.8995025092	0.0754393698	-301.4345513682
122	0.2921234327	0.0754393698	-50.9596303878
123	3.1871556383	0.0754393698	-333.8001227621
124	1.5286575711	0.0754393698	-315.7481921228
