site	rate	t	lnL
1	3.0302322903	0.5075028453	-1531.8620895556
2	0.5834146350	0.5075028453	-1022.8706857503
3	2.6078347910	0.5075028453	-1518.9650741283
4	5.2881577302	0.5075028453	-1542.8774183681
5	0.1353645299	0.5075028453	-343.7364466819
6	3.1861683422	0.5075028453	-1530.2766604409
7	0.3819885642	0.5075028453	-892.0823203660
8	0.7242303582	0.5075028453	-1257.2487539745
9	2.3820987721	0.5075028453	-1530.2648255303
10	2.8059227438	0.5075028453	-1496.4771533328
11	0.2954608646	0.5075028453	-719.9225161229
12	2.4878093098	0.5075028453	-1533.2789298171
13	1.0134309910	0.5075028453	-1289.6112738532
14	1.3820726565	0.5075028453	-1112.6985292012
15	0.2299039742	0.5075028453	-685.4011631106
16	2.2030078455	0.5075028453	-1458.3530173706
17	1.9844717519	0.5075028453	-1385.6915149545
18	1.2207101806	0.5075028453	-1233.4478346685
19	2.4273661980	0.5075028453	-1498.3919234194
20	0.5124843091	0.5075028453	-565.8354711005
21	0.7994341446	0.5075028453	-1163.4770505893
22	2.8571808796	0.5075028453	-1454.5710962241
23	0.5293072825	0.5075028453	-1100.0260211286
24	0.3528027994	0.5075028453	-376.9572489576
25	2.3352808306	0.5075028453	-1494.4739144400
26	0.3221038999	0.5075028453	-591.0306962010
27	0.2621368889	0.5075028453	-749.7975791245
28	0.0000000000	0.5075028453	-2.3917868253
29	0.1415326824	0.5075028453	-544.2722019722
30	0.4432247797	0.5075028453	-974.4268020784
31	2.3175969803	0.5075028453	-1478.3844021534
32	0.7976440860	0.5075028453	-1245.4525096402
33	0.1489211064	0.5075028453	-468.0923263643
34	2.0370307974	0.5075028453	-1391.7509836592
35	1.2413753311	0.5075028453	-1332.2692245480
36	2.8804533818	0.5075028453	-1506.0553540486
37	2.1975003834	0.5075028453	-1344.0860378633
38	2.8190200010	0.5075028453	-1518.3261650796
39	2.7867557471	0.5075028453	-1519.2452647091
40	1.3371351789	0.5075028453	-1371.5060910203
41	1.3856234272	0.5075028453	-1392.6360012052
42	5.3740834830	0.5075028453	-1547.2499630665
43	2.0458790434	0.5075028453	-1480.7258490255
44	3.6584160923	0.5075028453	-1541.8508429635
45	2.9905273920	0.5075028453	-1484.4179776849
46	1.0979562894	0.5075028453	-1023.4234200364
47	0.4676506548	0.5075028453	-1007.4167084151
48	1.4127243032	0.5075028453	-1389.5785508985
49	1.0872622262	0.5075028453	-1290.1391061760
50	0.6209410639	0.5075028453	-1092.5810683753
51	0.0194738845	0.5075028453	-35.6076342646
52	0.4638464507	0.5075028453	-949.6086291232
53	0.4659708166	0.5075028453	-981.6734263943
54	0.7848391830	0.5075028453	-1151.9146768916
55	0.3177161966	0.5075028453	-813.2552878560
56	1.0646650971	0.5075028453	-1419.2790302069
57	0.0816728090	0.5075028453	-305.1120968363
58	1.3528715956	0.5075028453	-1343.7935523045
59	2.7102200430	0.5075028453	-1520.9711426045
60	0.5950172469	0.5075028453	-878.0571468656
61	0.0370423739	0.5075028453	-111.2163674080
62	3.2578856229	0.5075028453	-1528.5085952793
63	0.8218334248	0.5075028453	-995.7372529536
64	1.7408685136	0.5075028453	-1284.4673905221
65	1.6696468850	0.5075028453	-1460.9478273931
66	0.2200690968	0.5075028453	-621.2039376573
67	3.3656856803	0.5075028453	-1569.0968147219
68	1.2491253759	0.5075028453	-1093.9849416407
69	2.8095080232	0.5075028453	-1530.4659036653
70	2.6936044739	0.5075028453	-1475.5472040528
71	1.3652535021	0.5075028453	-1339.5069363463
72	1.6956701909	0.5075028453	-1420.4014079368
73	0.0334774775	0.5075028453	-107.2161093467
74	1.3617082788	0.5075028453	-1108.7463003423
75	0.9843009422	0.5075028453	-1265.0395545756
76	2.6312045777	0.5075028453	-1472.2963095133
77	0.0776673396	0.5075028453	-187.8793120430
78	6.1239621247	0.5075028453	-1562.4158570555
79	3.3948679302	0.5075028453	-1517.7864466109
80	0.7210154029	0.5075028453	-1237.1865028739
81	1.5619026890	0.5075028453	-1404.2556459309
82	3.4992788906	0.5075028453	-1529.5280975274
83	3.8954591143	0.5075028453	-1571.1433512166
84	1.0146358111	0.5075028453	-1084.1735691322
85	0.4507932455	0.5075028453	-1018.9186265436
86	0.9922082974	0.5075028453	-1477.3539528585
87	2.7825903899	0.5075028453	-1422.5362062563
88	0.5711713583	0.5075028453	-1161.9877676705
89	0.1925621194	0.5075028453	-549.7513089100
90	4.4727568409	0.5075028453	-1524.0880070429
91	0.0797914352	0.5075028453	-210.7260344189
92	0.4729089052	0.5075028453	-991.1142843992
93	1.8752516046	0.5075028453	-1420.6526232777
94	0.3249764648	0.5075028453	-766.9311927922
95	0.3676030850	0.5075028453	-925.9833951222
96	3.2913565791	0.5075028453	-1511.1172696151
97	2.2574288737	0.5075028453	-1452.1984664297
98	1.6475829110	0.5075028453	-1220.8163738167
99	2.7858191439	0.5075028453	-1533.1759709470
100	0.3603718807	0.5075028453	-439.3418419749
101	0.1567803033	0.5075028453	-492.8583784861
102	3.1295418495	0.5075028453	-1543.6529300164
103	3.1826329519	0.5075028453	-1422.9656329343
104	0.4223631189	0.5075028453	-647.7416611983
105	2.4855506251	0.5075028453	-1437.1968552665
106	3.3346005656	0.5075028453	-1492.6730378045
107	0.4770907360	0.5075028453	-894.5742339970
108	2.0596318148	0.5075028453	-1466.3117641396
109	3.7848347764	0.5075028453	-1536.1338808438
110	2.5479057102	0.5075028453	-1508.1824627084
111	0.0052800654	0.5075028453	-22.0556045646
112	4.8213093147	0.5075028453	-1547.2573351958
113	4.0269699721	0.5075028453	-1535.8784567800
114	0.8300365705	0.5075028453	-968.8182161876
115	2.2421371459	0.5075028453	-1486.1123036765
116	2.5872537937	0.5075028453	-1521.8222921677
117	3.2839097805	0.5075028453	-1491.6036637728
118	1.3708977648	0.5075028453	-1306.2319454617
119	1.1712207137	0.5075028453	-1459.3401041224
120	3.6894272110	0.5075028453	-1527.4722874771
121	1.2698117901	0.5075028453	-1091.1908480040
122	0.1667906160	0.5075028453	-380.1474371262
123	3.0768612548	0.5075028453	-1529.7262745917
124	2.8494911260	0.5075028453	-1502.5345739986
