site	rate	t	lnL
1	2.4729652248	0.3669048155	-1515.9166551581
2	0.8217176448	0.3669048155	-1096.6122050184
3	1.7120238008	0.3669048155	-1492.4415310180
4	1.7423811513	0.3669048155	-1465.5512387486
5	0.1050168475	0.3669048155	-248.5142506703
6	1.7948915208	0.3669048155	-1490.0493564222
7	0.6305305333	0.3669048155	-918.1699114497
8	0.9441279262	0.3669048155	-1164.4425777884
9	1.9298554523	0.3669048155	-1499.0633545568
10	2.3638771958	0.3669048155	-1466.7279733542
11	0.4918755618	0.3669048155	-788.3738981383
12	2.3426925586	0.3669048155	-1521.9036289522
13	1.4976223480	0.3669048155	-1374.2153587682
14	0.6514673173	0.3669048155	-986.0750482034
15	0.5348536604	0.3669048155	-817.1061888847
16	1.2344301832	0.3669048155	-1384.0384421598
17	1.3404978690	0.3669048155	-1359.6951607676
18	1.1866996755	0.3669048155	-1275.2028900037
19	2.0881569415	0.3669048155	-1484.9586186564
20	0.4470427559	0.3669048155	-752.3971250250
21	1.0018520028	0.3669048155	-1239.7726268843
22	1.3736548811	0.3669048155	-1423.0853396539
23	0.8758540646	0.3669048155	-1099.4327173299
24	0.0819795090	0.3669048155	-214.8429287312
25	1.3753133571	0.3669048155	-1413.9561098785
26	0.2376361639	0.3669048155	-482.5957110804
27	0.4846615508	0.3669048155	-799.6525224807
28	0.0058630958	0.3669048155	-23.4251060439
29	0.2625100292	0.3669048155	-499.8815448902
30	0.7079406048	0.3669048155	-1018.8740439920
31	2.5316212274	0.3669048155	-1505.4295938453
32	1.1610675785	0.3669048155	-1259.4283092445
33	0.2442747553	0.3669048155	-529.4659300763
34	1.5251522587	0.3669048155	-1439.2417345214
35	1.2901550853	0.3669048155	-1285.5544148529
36	2.1685774307	0.3669048155	-1488.9685148673
37	0.8503535915	0.3669048155	-1164.3878323341
38	2.0833378882	0.3669048155	-1500.5739860496
39	2.1834684477	0.3669048155	-1483.7997427026
40	1.2066728430	0.3669048155	-1323.4430672075
41	1.2278987189	0.3669048155	-1405.1444697377
42	2.4788679390	0.3669048155	-1533.4544024573
43	1.5404413606	0.3669048155	-1433.8921774986
44	1.8069671199	0.3669048155	-1507.1626956575
45	1.1987988507	0.3669048155	-1344.1054128242
46	0.4854569930	0.3669048155	-814.6546986939
47	0.6650602243	0.3669048155	-1018.4485004652
48	1.4617283811	0.3669048155	-1399.4549085729
49	0.9390170149	0.3669048155	-1229.8448806718
50	0.8113752701	0.3669048155	-1116.5328983087
51	0.0057664643	0.3669048155	-23.6574423052
52	0.5509367134	0.3669048155	-838.4392938415
53	0.7513199715	0.3669048155	-1015.1580907136
54	0.8453286340	0.3669048155	-1152.4452339472
55	0.4719194566	0.3669048155	-782.7361885581
56	1.1061611043	0.3669048155	-1322.4239132783
57	0.1464669117	0.3669048155	-357.4189107973
58	1.2473047739	0.3669048155	-1310.9498061018
59	1.8289440265	0.3669048155	-1454.9225343895
60	0.5717863240	0.3669048155	-880.6007350265
61	0.0623991207	0.3669048155	-159.7517585683
62	1.8286343840	0.3669048155	-1484.7919147836
63	0.6943944818	0.3669048155	-1070.5425556891
64	1.0618663973	0.3669048155	-1263.4060865410
65	1.8802155517	0.3669048155	-1497.5033726273
66	0.5009831848	0.3669048155	-845.8558213655
67	2.3944818790	0.3669048155	-1574.0558682116
68	0.9135409843	0.3669048155	-1208.1768102516
69	2.3428139534	0.3669048155	-1523.4919690043
70	2.0046841180	0.3669048155	-1450.2364206420
71	1.3251913006	0.3669048155	-1326.4942193456
72	1.6256869826	0.3669048155	-1404.0528916545
73	0.0353921197	0.3669048155	-103.8255012278
74	0.7737991983	0.3669048155	-1099.8464491958
75	1.2099335251	0.3669048155	-1268.0106291217
76	1.6399771626	0.3669048155	-1520.6479759199
77	0.1082778399	0.3669048155	-261.8323514403
78	2.2312629406	0.3669048155	-1511.2664903422
79	2.0188905541	0.3669048155	-1452.5908030316
80	0.6703638044	0.3669048155	-968.8258562759
81	1.4075085022	0.3669048155	-1320.3449820447
82	2.9278817970	0.3669048155	-1521.6420472394
83	2.2462142134	0.3669048155	-1522.4793014827
84	0.7611040133	0.3669048155	-1130.7542029186
85	0.6964255739	0.3669048155	-977.4860863208
86	1.1089132033	0.3669048155	-1343.5525040343
87	1.5979839435	0.3669048155	-1462.2646060723
88	0.8512839028	0.3669048155	-1170.1165384329
89	0.4246952001	0.3669048155	-706.4596188171
90	2.4637826313	0.3669048155	-1485.3551685009
91	0.2515890763	0.3669048155	-503.9210102278
92	0.9559067793	0.3669048155	-1135.6556807215
93	1.7991549372	0.3669048155	-1436.4311996633
94	0.4946298838	0.3669048155	-780.0964734494
95	0.6386382114	0.3669048155	-1005.8126796910
96	2.1268275245	0.3669048155	-1473.2832057862
97	2.0725708760	0.3669048155	-1428.0744823053
98	1.2595326535	0.3669048155	-1350.9827738940
99	1.7475753694	0.3669048155	-1502.3193361634
100	0.2251097394	0.3669048155	-454.7758888451
101	0.2869028101	0.3669048155	-520.6909184708
102	1.9771335584	0.3669048155	-1475.4751745060
103	1.4177242960	0.3669048155	-1351.5360060211
104	0.4406900276	0.3669048155	-761.7133421980
105	1.4915985516	0.3669048155	-1477.1261789762
106	1.7313454072	0.3669048155	-1394.1147864715
107	0.6028607833	0.3669048155	-973.7638540860
108	2.0932616159	0.3669048155	-1468.1573132555
109	2.1377424389	0.3669048155	-1501.2465572630
110	1.9670920675	0.3669048155	-1460.9177506769
111	0.0088003629	0.3669048155	-32.7061761651
112	2.4021235275	0.3669048155	-1506.0852394960
113	2.3711671068	0.3669048155	-1528.1031523739
114	0.8207871579	0.3669048155	-1182.4632607293
115	1.3791189441	0.3669048155	-1413.9829711894
116	2.2253308514	0.3669048155	-1509.5373203952
117	2.3420134853	0.3669048155	-1476.6816694828
118	1.3086588514	0.3669048155	-1354.5403248355
119	1.2985815849	0.3669048155	-1393.4696081285
120	2.4554152302	0.3669048155	-1490.2532855175
121	0.5631399144	0.3669048155	-903.9162582489
122	0.2497992601	0.3669048155	-478.4716718322
123	2.1645949757	0.3669048155	-1505.8192722942
124	2.5928740118	0.3669048155	-1519.6025858037
