site	rate	t	lnL
1	3.7384206036	0.0007232081	-27.5806977407
2	0.0000000000	0.0007232081	-1.8744044763
3	2.9225307103	0.0007232081	-26.5644554295
4	2.5543430099	0.0007232081	-25.6714381280
5	0.0000000000	0.0007232081	-2.7325735047
6	0.0000000000	0.0007232081	-3.4537117098
7	0.0000000000	0.0007232081	-2.8732559675
8	0.0000000000	0.0007232081	-3.1819677297
9	0.9377704506	0.0007232081	-15.4447348621
10	2.5513391646	0.0007232081	-24.5295552343
11	0.0000000000	0.0007232081	-1.8744044763
12	2.9158733608	0.0007232081	-23.6409831054
13	1.2582343536	0.0007232081	-12.5514241289
14	0.0000000000	0.0007232081	-2.8847487359
15	0.0000000000	0.0007232081	-1.8744044763
16	1.7518167029	0.0007232081	-13.7147370211
17	2.8428819200	0.0007232081	-26.1282280929
18	0.0000000000	0.0007232081	-2.8732559675
19	0.0000000000	0.0007232081	-3.2108436532
20	0.0000000000	0.0007232081	-3.1823473083
21	3.6257056945	0.0007232081	-22.9625971646
22	0.0000000000	0.0007232081	-3.2104531044
23	1.1573955925	0.0007232081	-13.5802034500
24	0.0000000000	0.0007232081	-3.2104531044
25	1.3683853513	0.0007232081	-15.5437597588
26	2.4315665650	0.0007232081	-15.9726504587
27	0.0000000000	0.0007232081	-2.8732559675
28	0.0000000000	0.0007232081	-2.7325735047
29	0.0000000000	0.0007232081	-1.8744044763
30	0.0000000000	0.0007232081	-1.8744044763
31	1.2724779589	0.0007232081	-12.0193034587
32	0.0000000000	0.0007232081	-2.8853127517
33	0.0000000000	0.0007232081	-3.0409690307
34	0.0000000000	0.0007232081	-2.8735347131
35	5.4565399282	0.0007232081	-30.8431624624
36	1.2578822428	0.0007232081	-12.8163789409
37	3.2310853206	0.0007232081	-14.1133237856
38	8.0118612717	0.0007232081	-24.5980438606
39	2.7084113025	0.0007232081	-19.9632656426
40	0.0000000000	0.0007232081	-1.8744044763
41	0.0000000000	0.0007232081	-2.8735347131
42	1.3676891073	0.0007232081	-15.1713398548
43	2.0248821940	0.0007232081	-21.5860481338
44	0.0000000000	0.0007232081	-3.4537117098
45	0.0000000000	0.0007232081	-2.8943805384
46	0.0000000000	0.0007232081	-2.8735347131
47	3.3301457783	0.0007232081	-24.3809139740
48	0.0000000000	0.0007232081	-3.1819677297
49	0.0000000000	0.0007232081	-3.0255966920
50	2.0258179949	0.0007232081	-24.9011557088
51	0.0000000000	0.0007232081	-3.1823473083
52	0.0000000000	0.0007232081	-2.8732559675
53	1.3690814856	0.0007232081	-16.0035525727
54	0.0000000000	0.0007232081	-2.8943805384
55	1.2752397603	0.0007232081	-16.1476856623
56	1.2734880543	0.0007232081	-16.4853048802
57	0.0000000000	0.0007232081	-3.0409690307
58	4.2028405825	0.0007232081	-29.9981190757
59	0.0000000000	0.0007232081	-2.8732559675
60	0.0000000000	0.0007232081	-3.2088924330
61	0.0000000000	0.0007232081	-2.7325735047
62	0.0000000000	0.0007232081	-3.1819677297
63	0.0000000000	0.0007232081	-3.2104531044
64	0.0000000000	0.0007232081	-3.1823473083
65	0.0000000000	0.0007232081	-2.8813713051
66	0.0000000000	0.0007232081	-4.1271343850
67	4.2273326037	0.0007232081	-36.2919117740
68	0.0000000000	0.0007232081	-3.0255966920
69	3.8826489098	0.0007232081	-42.4463975798
70	0.0000000000	0.0007232081	-2.8943805384
71	0.0000000000	0.0007232081	-2.7325735047
72	0.0000000000	0.0007232081	-1.8744044763
73	1.8191779659	0.0007232081	-12.7852838256
74	1.3992294679	0.0007232081	-13.6950963613
75	0.8347495210	0.0007232081	-17.4189892729
76	0.0000000000	0.0007232081	-3.0255966920
77	0.0000000000	0.0007232081	-2.7325735047
78	2.3960077505	0.0007232081	-15.1492604965
79	0.0000000000	0.0007232081	-3.0409690307
80	2.2096097314	0.0007232081	-15.2266208765
81	1.2587573477	0.0007232081	-12.1613213611
82	4.6084591780	0.0007232081	-12.6081156631
83	0.0000000000	0.0007232081	-3.0255966920
84	0.0000000000	0.0007232081	-2.8847487359
85	0.0000000000	0.0007232081	-1.8744044763
86	1.7508318049	0.0007232081	-14.9243899485
87	1.7536119501	0.0007232081	-14.7476480720
88	0.0000000000	0.0007232081	-2.8732559675
89	0.0000000000	0.0007232081	-1.8744044763
90	0.0000000000	0.0007232081	-2.8853127517
91	0.0000000000	0.0007232081	-3.1819677297
92	0.0000000000	0.0007232081	-2.8813713051
93	1.2016218726	0.0007232081	-13.2659195414
94	0.0000000000	0.0007232081	-1.8744044763
95	0.0000000000	0.0007232081	-3.1819677297
96	1.2778263248	0.0007232081	-18.0141650680
97	0.0000000000	0.0007232081	-2.8732559675
98	1.8733001987	0.0007232081	-21.3753557286
99	1.1490603920	0.0007232081	-16.0739870991
100	1.2591368583	0.0007232081	-12.9414509075
101	0.0000000000	0.0007232081	-1.8744044763
102	4.6077188488	0.0007232081	-13.3578915883
103	1.2586460215	0.0007232081	-12.2608390520
104	0.0000000000	0.0007232081	-3.2088924330
105	6.4756858810	0.0007232081	-26.5075850074
106	0.0000000000	0.0007232081	-1.8744044763
107	1.2095345496	0.0007232081	-15.8644268544
108	0.0000000000	0.0007232081	-1.8744044763
109	5.4535829232	0.0007232081	-35.7540930608
110	1.1603638959	0.0007232081	-17.3643508579
111	0.0000000000	0.0007232081	-2.7325735047
112	1.2084940708	0.0007232081	-12.4224976854
113	2.0469460903	0.0007232081	-29.4269981886
114	0.0000000000	0.0007232081	-3.2088924330
115	2.8055735935	0.0007232081	-25.0750645742
116	4.6308870905	0.0007232081	-14.3871698737
117	0.0000000000	0.0007232081	-3.0255966920
118	0.0000000000	0.0007232081	-2.8943805384
119	13.9268550495	0.0007232081	-32.6885262436
120	1.3340804388	0.0007232081	-13.2162964566
121	0.0000000000	0.0007232081	-3.1823473083
122	1.2583647476	0.0007232081	-12.1616373396
123	1.3668503473	0.0007232081	-15.9413254296
124	0.0000000000	0.0007232081	-2.8847487359
