site	rate	t	lnL
1	1.2574597790	0.0068776869	-94.1302515926
2	0.5203949858	0.0068776869	-33.9223972667
3	3.3387991540	0.0068776869	-111.9978591571
4	0.9273136074	0.0068776869	-73.9449193969
5	0.0000000000	0.0068776869	-2.1776035664
6	5.6390308722	0.0068776869	-150.4462716419
7	0.1384883153	0.0068776869	-15.5494822352
8	2.1457791046	0.0068776869	-133.8941936126
9	3.6393583402	0.0068776869	-125.2199371664
10	1.5857681507	0.0068776869	-113.7294057526
11	0.8569493538	0.0068776869	-53.2349170489
12	2.2631545091	0.0068776869	-134.5050926596
13	0.2435027949	0.0068776869	-25.5872797576
14	1.3583380574	0.0068776869	-38.7617570015
15	0.1216167091	0.0068776869	-14.4803372711
16	2.4284811766	0.0068776869	-155.7717042159
17	1.4053275698	0.0068776869	-96.6181164100
18	2.0356995267	0.0068776869	-135.6718874842
19	0.5557612688	0.0068776869	-44.0625582936
20	0.0000000000	0.0068776869	-2.5312646682
21	0.3311106089	0.0068776869	-24.1075867415
22	1.8504032930	0.0068776869	-115.2200541034
23	0.1216758922	0.0068776869	-14.5876936785
24	0.0000000000	0.0068776869	-2.5312646682
25	2.7795581349	0.0068776869	-156.3666977578
26	0.5189429097	0.0068776869	-24.1939503010
27	0.5274220088	0.0068776869	-42.2270362917
28	0.0000000000	0.0068776869	-2.1776035664
29	0.8562478173	0.0068776869	-52.6449336905
30	0.1383889191	0.0068776869	-13.0956507804
31	1.6196945155	0.0068776869	-105.2498714619
32	1.0995019482	0.0068776869	-84.5256219958
33	0.1451165132	0.0068776869	-14.9260297062
34	0.6832338403	0.0068776869	-23.1508386642
35	0.6974305189	0.0068776869	-39.1478318309
36	0.7021566677	0.0068776869	-52.7459025157
37	0.5799850389	0.0068776869	-21.3464108851
38	1.5063547285	0.0068776869	-75.2458384173
39	1.1746968756	0.0068776869	-79.6974678508
40	1.2015440954	0.0068776869	-97.8299906655
41	0.5486203806	0.0068776869	-43.6660148591
42	1.7851360452	0.0068776869	-100.9301082089
43	1.0395872130	0.0068776869	-42.3922387740
44	0.5889163514	0.0068776869	-27.0906596668
45	0.6489496060	0.0068776869	-51.1900574730
46	1.7190493254	0.0068776869	-106.8713338155
47	0.2644654551	0.0068776869	-22.8292711734
48	0.3950532720	0.0068776869	-36.6931444243
49	0.2800755471	0.0068776869	-24.1486392132
50	0.1640868265	0.0068776869	-12.2752587589
51	0.0000000000	0.0068776869	-2.5312646682
52	0.1385467584	0.0068776869	-14.9741858581
53	0.1385984006	0.0068776869	-12.8581344936
54	0.2770543441	0.0068776869	-22.3920047540
55	0.8361207087	0.0068776869	-57.6367375938
56	1.2036284580	0.0068776869	-81.9443545268
57	0.0000000000	0.0068776869	-2.7773885294
58	0.2803823831	0.0068776869	-23.4567251377
59	0.3652477443	0.0068776869	-29.4877633344
60	0.7658826721	0.0068776869	-30.0606297306
61	0.0000000000	0.0068776869	-2.1776035664
62	2.0005538646	0.0068776869	-130.7700765600
63	0.2114825080	0.0068776869	-14.5824005325
64	1.0237540892	0.0068776869	-34.0960535977
65	3.3950951624	0.0068776869	-91.0111744477
66	0.9364863381	0.0068776869	-33.0277651272
67	0.4873960160	0.0068776869	-44.6919409029
68	0.3254686423	0.0068776869	-15.5010769554
69	1.9924952465	0.0068776869	-109.5057561187
70	1.0321395732	0.0068776869	-67.5841418251
71	0.8528439422	0.0068776869	-68.9357311498
72	1.4153326219	0.0068776869	-89.1570133337
73	0.0000000000	0.0068776869	-2.1776035664
74	1.7067606928	0.0068776869	-111.4227237961
75	0.5565466210	0.0068776869	-41.4544867417
76	2.0189599478	0.0068776869	-129.7326373450
77	0.0000000000	0.0068776869	-2.1776035664
78	2.3528706262	0.0068776869	-86.1850455659
79	2.5472138572	0.0068776869	-152.7175015970
80	0.1215991828	0.0068776869	-14.5883246521
81	0.8520061026	0.0068776869	-73.7260191684
82	1.6777249225	0.0068776869	-111.7226950576
83	0.8419904435	0.0068776869	-69.3790433276
84	0.7004598727	0.0068776869	-47.5160296749
85	0.2770941857	0.0068776869	-19.4035129763
86	1.8067788417	0.0068776869	-122.7440941845
87	0.6850928742	0.0068776869	-51.4311658358
88	0.3686726789	0.0068776869	-29.4597262469
89	0.1383778219	0.0068776869	-14.4544992408
90	0.9315311509	0.0068776869	-77.1701125109
91	0.3449606175	0.0068776869	-14.1293491253
92	0.0000000000	0.0068776869	-2.1095007211
93	0.8546333738	0.0068776869	-65.8063043891
94	0.1383244582	0.0068776869	-13.5377922102
95	1.7001488637	0.0068776869	-47.4233378955
96	0.9300071851	0.0068776869	-68.9005185221
97	2.3439105075	0.0068776869	-105.3720728844
98	1.3210952423	0.0068776869	-84.9982867086
99	0.8908424940	0.0068776869	-33.8497708304
100	0.6864211082	0.0068776869	-24.5220810789
101	0.1214733613	0.0068776869	-11.2766988051
102	0.5482545998	0.0068776869	-47.8194304185
103	1.3606739227	0.0068776869	-108.5617680766
104	0.2598264052	0.0068776869	-12.6300649796
105	0.7316947074	0.0068776869	-50.5185110851
106	0.4908129801	0.0068776869	-49.4689575522
107	0.8323513006	0.0068776869	-61.8838215335
108	6.1453848070	0.0068776869	-164.6392247012
109	2.6435751785	0.0068776869	-108.6748508386
110	0.7354238587	0.0068776869	-62.1997703193
111	0.0000000000	0.0068776869	-2.1776035664
112	1.7627158477	0.0068776869	-73.4790820075
113	1.2639157705	0.0068776869	-71.2153106108
114	0.4229881750	0.0068776869	-25.1629729362
115	1.2511957137	0.0068776869	-88.2096284644
116	4.3777588695	0.0068776869	-131.3628261445
117	1.5441413406	0.0068776869	-104.0664664637
118	1.2595333079	0.0068776869	-79.7678847479
119	4.6893472510	0.0068776869	-127.2863032754
120	1.0250556781	0.0068776869	-29.1339788048
121	0.6868226510	0.0068776869	-24.5175052633
122	0.0000000000	0.0068776869	-2.1776035664
123	0.7318853542	0.0068776869	-56.2788198042
124	1.4066776630	0.0068776869	-79.8422259299
