site	rate	t	lnL
1	2.6102176715	0.5540390589	-1519.6279118578
2	0.6875747477	0.5540390589	-1049.2575303028
3	2.7415638430	0.5540390589	-1531.3494535396
4	2.0976965775	0.5540390589	-1481.4204885613
5	0.2433362396	0.5540390589	-440.9321870627
6	3.3567411606	0.5540390589	-1528.6151787259
7	0.4563969937	0.5540390589	-855.7895979362
8	1.0699651857	0.5540390589	-1309.2692323717
9	2.0456516229	0.5540390589	-1502.9191408274
10	2.6746504098	0.5540390589	-1484.7425262279
11	0.5841494092	0.5540390589	-909.6702654928
12	2.3717357208	0.5540390589	-1534.7332865498
13	1.4421111372	0.5540390589	-1373.3498807604
14	1.0617897270	0.5540390589	-1118.7163359637
15	0.3354628162	0.5540390589	-745.9054643397
16	2.0627599773	0.5540390589	-1490.7081431597
17	1.8809752259	0.5540390589	-1401.6784874679
18	1.8303094991	0.5540390589	-1349.4433044334
19	1.8079121300	0.5540390589	-1475.5702214127
20	0.6343786462	0.5540390589	-813.1679371004
21	1.0133843935	0.5540390589	-1179.7224723236
22	1.7760319264	0.5540390589	-1472.7400741482
23	0.6230052011	0.5540390589	-1032.8880160140
24	0.2089736902	0.5540390589	-401.1746685182
25	1.7897512082	0.5540390589	-1472.8011237412
26	0.4939709296	0.5540390589	-681.0056469541
27	0.3536221931	0.5540390589	-758.0106141226
28	0.0064222795	0.5540390589	-23.5046324150
29	0.1696330568	0.5540390589	-525.6244840445
30	0.4745192885	0.5540390589	-1001.8262714008
31	3.5378776447	0.5540390589	-1488.1753539045
32	0.8150797997	0.5540390589	-1227.7353632323
33	0.1415071570	0.5540390589	-483.2974799851
34	1.5806132211	0.5540390589	-1373.5424974641
35	1.6372020533	0.5540390589	-1360.2064449470
36	2.1789416439	0.5540390589	-1494.4121550329
37	1.5975512911	0.5540390589	-1415.9687232626
38	2.4233226077	0.5540390589	-1521.1449827449
39	3.1349489826	0.5540390589	-1516.5148247687
40	0.8128661610	0.5540390589	-1285.6501234456
41	1.1357618663	0.5540390589	-1415.0730968751
42	3.0232208433	0.5540390589	-1546.8180264894
43	2.3135493723	0.5540390589	-1481.5404480700
44	2.7355175961	0.5540390589	-1545.7946546804
45	1.7397627847	0.5540390589	-1456.8562518330
46	0.7893898604	0.5540390589	-953.1792419359
47	0.2814773672	0.5540390589	-840.7051716148
48	1.4210552583	0.5540390589	-1407.8385083859
49	0.7769310209	0.5540390589	-1228.3942437149
50	0.8251071354	0.5540390589	-1152.2176944301
51	0.0176513843	0.5540390589	-44.2628193600
52	0.3464008960	0.5540390589	-746.0087204374
53	0.6065270612	0.5540390589	-1007.8722337424
54	0.6791687775	0.5540390589	-1066.4717571476
55	0.4114713628	0.5540390589	-921.9993525939
56	1.0097219447	0.5540390589	-1428.9049993639
57	0.0823780370	0.5540390589	-333.7769444044
58	1.3980410067	0.5540390589	-1363.8889305810
59	3.0006193861	0.5540390589	-1491.2262930193
60	0.6339910760	0.5540390589	-835.4236310813
61	0.0618325128	0.5540390589	-158.3553610099
62	2.2548555504	0.5540390589	-1518.9300122263
63	0.8044212057	0.5540390589	-1149.7963245701
64	1.2619684577	0.5540390589	-1214.4090791015
65	2.2339920168	0.5540390589	-1533.3069231616
66	0.1465637778	0.5540390589	-500.5071735938
67	2.7374582579	0.5540390589	-1562.7083755562
68	1.1544733611	0.5540390589	-1180.9026495405
69	2.1443889375	0.5540390589	-1537.8201690596
70	3.0920029425	0.5540390589	-1506.6376797382
71	1.1782035725	0.5540390589	-1346.4143299253
72	1.5360273576	0.5540390589	-1405.7667564834
73	0.0830056904	0.5540390589	-194.0867976361
74	1.1439242964	0.5540390589	-1218.4134418054
75	1.1142604714	0.5540390589	-1291.4530802687
76	1.6884600391	0.5540390589	-1475.0831756604
77	0.0877956395	0.5540390589	-203.0196485060
78	4.0553980980	0.5540390589	-1536.1009515404
79	2.7450597879	0.5540390589	-1498.6802183903
80	0.6187510822	0.5540390589	-1054.7834668108
81	1.2836729352	0.5540390589	-1355.2918680432
82	2.4313795751	0.5540390589	-1518.2302805870
83	3.3264949919	0.5540390589	-1565.3442534143
84	0.6243212916	0.5540390589	-992.1453521687
85	0.7107546265	0.5540390589	-1116.8939211556
86	0.9286344824	0.5540390589	-1487.3390202126
87	1.9452673766	0.5540390589	-1474.4671813403
88	0.6122740007	0.5540390589	-1230.6070889521
89	0.2879172439	0.5540390589	-703.4255598993
90	3.7428529243	0.5540390589	-1498.1071945733
91	0.2367989734	0.5540390589	-455.0242316603
92	0.6545499671	0.5540390589	-1051.8729225733
93	2.5239396819	0.5540390589	-1485.9757584433
94	0.3507469036	0.5540390589	-766.1261241184
95	0.4170895874	0.5540390589	-1017.5773941446
96	2.2678633592	0.5540390589	-1480.4178489613
97	3.4458269238	0.5540390589	-1491.4647906173
98	1.6890148148	0.5540390589	-1349.5724486115
99	2.0212240593	0.5540390589	-1507.5924298898
100	0.2547979714	0.5540390589	-433.7179398201
101	0.2265475089	0.5540390589	-564.1590783914
102	2.1118274540	0.5540390589	-1498.8947469306
103	1.8383825906	0.5540390589	-1364.6910520624
104	0.3490632017	0.5540390589	-482.2174585912
105	1.7198253572	0.5540390589	-1451.1690250500
106	2.2424207656	0.5540390589	-1448.5827809563
107	0.4961631338	0.5540390589	-888.5001517054
108	2.2958160082	0.5540390589	-1497.9902374704
109	2.6143225637	0.5540390589	-1488.1752216796
110	2.5662263644	0.5540390589	-1463.6638761878
111	0.0096849258	0.5540390589	-31.8078746972
112	3.7697981851	0.5540390589	-1553.2290600684
113	2.4601207415	0.5540390589	-1545.1922742700
114	0.8343061629	0.5540390589	-1192.5122349203
115	1.9176643530	0.5540390589	-1470.0504816506
116	3.8866023923	0.5540390589	-1526.7849665886
117	2.3727135155	0.5540390589	-1446.1896804270
118	1.8350513272	0.5540390589	-1365.8050028818
119	1.4058559180	0.5540390589	-1488.3910664371
120	2.6548651159	0.5540390589	-1512.5664303404
121	0.7834650480	0.5540390589	-975.8620679953
122	0.1871609815	0.5540390589	-370.5668917392
123	3.9165980390	0.5540390589	-1541.8465095720
124	2.9692999027	0.5540390589	-1522.3643603702
