site	rate	t	lnL
1	2.8719793804	0.3559118520	-1506.5127101856
2	0.7237443192	0.3559118520	-1054.1691976131
3	2.0072205923	0.3559118520	-1469.4734870934
4	2.1404116155	0.3559118520	-1474.1065132332
5	0.2000920271	0.3559118520	-419.2079183302
6	2.0364356696	0.3559118520	-1466.6083625682
7	0.6217993610	0.3559118520	-962.6294452692
8	0.7792141621	0.3559118520	-1084.8352653741
9	1.9035056747	0.3559118520	-1459.0941997045
10	1.6960557455	0.3559118520	-1446.9272795246
11	0.5896714470	0.3559118520	-942.6988095439
12	2.3405907806	0.3559118520	-1484.3860415489
13	1.3473717916	0.3559118520	-1363.1330325179
14	1.0039048799	0.3559118520	-1230.2317040832
15	0.5992823873	0.3559118520	-937.8982853052
16	1.4920731832	0.3559118520	-1416.3010539115
17	1.4399520314	0.3559118520	-1401.8321564157
18	1.1407427602	0.3559118520	-1325.9496660428
19	2.1232470344	0.3559118520	-1474.3394088875
20	0.3316915762	0.3559118520	-617.5819637211
21	1.0883653981	0.3559118520	-1279.6714908004
22	1.4740047981	0.3559118520	-1420.4055771486
23	0.8857040230	0.3559118520	-1170.7941134376
24	0.2444552055	0.3559118520	-511.5230874045
25	1.6356533811	0.3559118520	-1434.2124856605
26	0.3246144368	0.3559118520	-620.1636561027
27	0.5664350689	0.3559118520	-912.1490374954
28	0.0087109014	0.3559118520	-32.3137923465
29	0.1497033934	0.3559118520	-335.2772995120
30	0.6532374743	0.3559118520	-991.5094754929
31	1.9552136530	0.3559118520	-1456.4307202958
32	0.9137749210	0.3559118520	-1180.9040942419
33	0.4490683199	0.3559118520	-789.5409951796
34	1.5583416227	0.3559118520	-1425.7950056631
35	1.1097665424	0.3559118520	-1284.4931955339
36	2.3072234500	0.3559118520	-1486.3424145398
37	1.2109127099	0.3559118520	-1328.9622100290
38	2.2458247047	0.3559118520	-1477.6630350592
39	1.8982218867	0.3559118520	-1464.2723897468
40	1.3742546069	0.3559118520	-1390.0871770662
41	1.6521811220	0.3559118520	-1450.7621036589
42	2.6535569885	0.3559118520	-1499.4661245113
43	1.6927714187	0.3559118520	-1438.6755862795
44	2.8197853282	0.3559118520	-1506.2719318586
45	1.1570786561	0.3559118520	-1331.7729861545
46	0.5005034813	0.3559118520	-824.7017154508
47	0.7527763569	0.3559118520	-1075.0441945492
48	1.5011220107	0.3559118520	-1407.7917568908
49	1.1078626374	0.3559118520	-1293.2041390935
50	0.7700722694	0.3559118520	-1085.4072705139
51	0.0057999170	0.3559118520	-23.3532243462
52	0.4875710534	0.3559118520	-829.8342921920
53	0.5840551173	0.3559118520	-925.9728746927
54	0.9966576073	0.3559118520	-1231.1591757526
55	0.6500170780	0.3559118520	-993.2150734125
56	1.1784055009	0.3559118520	-1317.6135281366
57	0.3578041529	0.3559118520	-669.0221590095
58	1.1841672266	0.3559118520	-1329.9200683735
59	1.7548070739	0.3559118520	-1459.8347509088
60	0.4644283849	0.3559118520	-802.4373056497
61	0.0916638311	0.3559118520	-225.1374778511
62	2.3543451827	0.3559118520	-1488.1919056108
63	0.3871148319	0.3559118520	-700.3634844626
64	1.0313606156	0.3559118520	-1244.9144007387
65	1.8551665354	0.3559118520	-1467.0977106115
66	0.4669983605	0.3559118520	-798.5888409433
67	2.3171967403	0.3559118520	-1494.4793612385
68	0.8417847596	0.3559118520	-1136.6090812798
69	2.0841613656	0.3559118520	-1465.1976410135
70	2.3724742989	0.3559118520	-1494.2656538155
71	1.3694414821	0.3559118520	-1374.0301404409
72	1.6082075942	0.3559118520	-1431.6786583889
73	0.0379606316	0.3559118520	-108.7053447744
74	0.6813645500	0.3559118520	-998.1808864860
75	1.0700197647	0.3559118520	-1283.1887516530
76	1.7250238469	0.3559118520	-1459.9601054635
77	0.0886220179	0.3559118520	-223.4135864327
78	2.8221913686	0.3559118520	-1504.3395740424
79	2.0310718545	0.3559118520	-1471.0590847846
80	0.6369823751	0.3559118520	-973.4841790063
81	1.2335518178	0.3559118520	-1349.4066301235
82	2.5306549275	0.3559118520	-1495.4214386768
83	2.6809198667	0.3559118520	-1505.9849567057
84	0.7007403491	0.3559118520	-1039.4347654445
85	0.6939959337	0.3559118520	-1026.7198556893
86	1.1707200064	0.3559118520	-1314.9420561380
87	1.3110872809	0.3559118520	-1369.5366100120
88	0.8233084719	0.3559118520	-1120.7937725698
89	0.3485913563	0.3559118520	-655.8999516545
90	2.3378548564	0.3559118520	-1488.5571452278
91	0.1342966031	0.3559118520	-311.5643752843
92	0.9004439178	0.3559118520	-1182.3421174684
93	1.4724171793	0.3559118520	-1411.9805570137
94	0.4979429125	0.3559118520	-844.0300855723
95	0.5586955827	0.3559118520	-901.1364094797
96	2.1413443387	0.3559118520	-1481.3232510192
97	2.0341920528	0.3559118520	-1466.4542114009
98	0.9721604686	0.3559118520	-1232.4949627171
99	2.0591184265	0.3559118520	-1469.2200018374
100	0.1280221615	0.3559118520	-297.7960665903
101	0.3206865577	0.3559118520	-620.5588663086
102	2.3859680879	0.3559118520	-1489.3482011405
103	1.1752984265	0.3559118520	-1307.9459579577
104	0.2349969579	0.3559118520	-485.8444806024
105	1.4335085015	0.3559118520	-1403.6965522649
106	1.6975788975	0.3559118520	-1439.3287579118
107	0.5745911999	0.3559118520	-926.4748561506
108	2.0707932830	0.3559118520	-1472.8773135392
109	2.4341866662	0.3559118520	-1491.9955797495
110	1.8544417561	0.3559118520	-1451.5313160298
111	0.0497503623	0.3559118520	-137.4283956099
112	2.1298418176	0.3559118520	-1483.8848595388
113	2.5037943391	0.3559118520	-1492.9679323956
114	0.7216317225	0.3559118520	-1042.7087270498
115	1.4328434104	0.3559118520	-1397.0494217367
116	2.5028097461	0.3559118520	-1500.0666822847
117	1.9422266426	0.3559118520	-1456.2465780496
118	1.3376974864	0.3559118520	-1366.1212229621
119	1.1806530848	0.3559118520	-1323.8648466412
120	2.9711780782	0.3559118520	-1514.7121531221
121	0.7704165396	0.3559118520	-1071.2674974043
122	0.2226575042	0.3559118520	-458.9053681489
123	2.1930353986	0.3559118520	-1482.7691823325
124	2.6213135432	0.3559118520	-1494.2656090036
