site	rate	t	lnL
1	1.9543781591	0.0618332295	-665.9769536352
2	0.5633776485	0.0618332295	-250.6230977800
3	1.6866591424	0.0618332295	-610.7734197800
4	2.0527515504	0.0618332295	-697.6393554135
5	0.0174342958	0.0618332295	-13.5660941369
6	1.7585863880	0.0618332295	-617.7336871053
7	0.5637367904	0.0618332295	-232.6249773552
8	0.2745062073	0.0618332295	-123.1928150737
9	2.0000297483	0.0618332295	-662.6119643940
10	1.3887214120	0.0618332295	-511.8115511217
11	0.2188407412	0.0618332295	-100.4383715135
12	1.9878795109	0.0618332295	-676.8567601636
13	0.8425152058	0.0618332295	-328.2433090937
14	0.7914515140	0.0618332295	-325.8871927251
15	1.3491108141	0.0618332295	-485.4462022340
16	1.1538799987	0.0618332295	-446.5073864411
17	1.0232802193	0.0618332295	-398.5233393940
18	0.9888237272	0.0618332295	-364.0249193551
19	1.2169780937	0.0618332295	-456.2615340345
20	0.1705258572	0.0618332295	-86.9970528775
21	0.9325034261	0.0618332295	-364.2914858881
22	0.8900021077	0.0618332295	-364.2197885152
23	0.5281459448	0.0618332295	-213.5691660229
24	0.0823781745	0.0618332295	-47.9920391441
25	0.8252441769	0.0618332295	-324.7900242678
26	0.1517774771	0.0618332295	-80.3853131923
27	0.2099878246	0.0618332295	-102.3669733968
28	0.0000000000	0.0618332295	-2.3974858304
29	0.1271436433	0.0618332295	-65.7490986726
30	0.8004058908	0.0618332295	-335.5085396682
31	1.5308242186	0.0618332295	-563.4553785833
32	1.6041583463	0.0618332295	-540.1472312952
33	0.1172126068	0.0618332295	-66.0439135311
34	1.5033601406	0.0618332295	-540.3056599212
35	1.4488047073	0.0618332295	-510.9432858873
36	1.4026509708	0.0618332295	-500.3373472953
37	1.9580842930	0.0618332295	-655.1533444570
38	1.4834914590	0.0618332295	-529.2918310650
39	1.0994853620	0.0618332295	-416.1981691357
40	0.9717039323	0.0618332295	-364.6619883508
41	0.5599954945	0.0618332295	-233.6350374063
42	1.3554835125	0.0618332295	-484.8393214009
43	1.5183886449	0.0618332295	-513.4838139571
44	1.5723908314	0.0618332295	-560.6745785898
45	1.7382459220	0.0618332295	-591.4535923591
46	0.4148634078	0.0618332295	-178.2006779008
47	0.0836503372	0.0618332295	-49.2269830417
48	1.6739455782	0.0618332295	-579.7515730712
49	0.7738676223	0.0618332295	-308.3556961711
50	1.3231231066	0.0618332295	-481.1122636742
51	0.0000000000	0.0618332295	-2.6843600085
52	1.0212191754	0.0618332295	-376.6705342223
53	0.7098055445	0.0618332295	-284.4921506335
54	0.7873485621	0.0618332295	-321.9665932479
55	0.5142213303	0.0618332295	-211.0671463701
56	0.5869125545	0.0618332295	-257.5883246396
57	0.0333957354	0.0618332295	-24.5504683647
58	0.8486636153	0.0618332295	-327.8248357201
59	1.8309323610	0.0618332295	-634.5363323406
60	0.2370582610	0.0618332295	-111.3152565271
61	0.0698698019	0.0618332295	-42.3744135629
62	1.5101054069	0.0618332295	-546.7065640486
63	0.2878161893	0.0618332295	-141.0831116933
64	1.4455500644	0.0618332295	-521.3862149835
65	1.7863082312	0.0618332295	-617.3005435412
66	0.9626140511	0.0618332295	-386.2940204934
67	1.3515847831	0.0618332295	-503.8720704197
68	0.2743166622	0.0618332295	-135.1658813988
69	1.2166288758	0.0618332295	-442.3745484085
70	1.6936294454	0.0618332295	-570.3652224750
71	0.6544770621	0.0618332295	-264.6712897577
72	1.2017384552	0.0618332295	-432.2154216143
73	0.0000000000	0.0618332295	-2.3974858304
74	0.2227977015	0.0618332295	-109.5327941546
75	1.4781652881	0.0618332295	-518.5059320417
76	1.9855695425	0.0618332295	-678.5452907292
77	0.5218287208	0.0618332295	-220.5146471306
78	1.4807387109	0.0618332295	-549.0255018981
79	1.4193992461	0.0618332295	-509.1751580826
80	0.2270762271	0.0618332295	-112.8028453710
81	1.1342699309	0.0618332295	-406.6443870399
82	1.6276003018	0.0618332295	-567.2912282185
83	1.7882705189	0.0618332295	-614.1225229189
84	1.7361231388	0.0618332295	-587.1787737302
85	1.2394165867	0.0618332295	-445.9792848799
86	1.3454100403	0.0618332295	-502.0464801504
87	1.1866900512	0.0618332295	-450.6122311466
88	0.4227459505	0.0618332295	-189.0333920074
89	0.2895959439	0.0618332295	-133.7829310397
90	1.6699468709	0.0618332295	-578.8773774503
91	1.0405522259	0.0618332295	-368.6608989263
92	1.0837899618	0.0618332295	-395.4246752570
93	0.8322215684	0.0618332295	-330.9336669918
94	0.4273999560	0.0618332295	-183.8109700363
95	0.3871142736	0.0618332295	-181.1838476662
96	0.9107352178	0.0618332295	-348.1027185915
97	1.0464742722	0.0618332295	-398.7160727765
98	1.1034257071	0.0618332295	-417.7749381100
99	1.3621436870	0.0618332295	-491.7209725859
100	0.1023235938	0.0618332295	-56.7347542512
101	0.6123332197	0.0618332295	-235.4241499995
102	1.3194682509	0.0618332295	-491.6977964458
103	1.4941708984	0.0618332295	-528.0066443150
104	0.2196971904	0.0618332295	-108.6764860985
105	1.4903038629	0.0618332295	-531.3395562832
106	0.8750027589	0.0618332295	-352.8981684106
107	0.3371016594	0.0618332295	-157.7456109073
108	1.2843972565	0.0618332295	-488.0697396200
109	1.6286165673	0.0618332295	-577.6851621277
110	1.2391823366	0.0618332295	-456.5907165972
111	0.0000000000	0.0618332295	-2.3974858304
112	1.6619282146	0.0618332295	-581.1002711405
113	1.6584632871	0.0618332295	-586.9874548706
114	0.3910042867	0.0618332295	-183.5515487760
115	1.8793682503	0.0618332295	-637.0790650553
116	1.3050160786	0.0618332295	-486.3449819570
117	1.3204939001	0.0618332295	-491.6683600967
118	0.8822300170	0.0618332295	-352.6511855058
119	1.2160748467	0.0618332295	-442.5504736617
120	1.4097249563	0.0618332295	-497.1985957274
121	1.3943985064	0.0618332295	-475.6267198533
122	0.0872163417	0.0618332295	-48.4445851456
123	1.9040458120	0.0618332295	-655.0848385741
124	1.8864151739	0.0618332295	-631.7288968147
