site	rate	t	lnL
1	2.1525832672	0.0634372125	-586.3102556914
2	0.2913832815	0.0634372125	-157.8273756575
3	1.1969806461	0.0634372125	-428.1530283241
4	1.6066236382	0.0634372125	-546.2883024155
5	1.6968953174	0.0634372125	-555.1156783340
6	1.5821737025	0.0634372125	-512.8788692546
7	0.1205712734	0.0634372125	-80.2223602436
8	1.1567688578	0.0634372125	-482.0891488349
9	1.3813863147	0.0634372125	-545.3925102327
10	1.4566355185	0.0634372125	-465.3008764745
11	0.2798609848	0.0634372125	-145.1168178455
12	1.3271676116	0.0634372125	-483.3194653711
13	0.7332226650	0.0634372125	-341.2269566380
14	1.4953978983	0.0634372125	-460.7117681669
15	0.4139326605	0.0634372125	-195.4780556632
16	1.1839013011	0.0634372125	-507.9412905158
17	1.1896570492	0.0634372125	-457.8745692096
18	0.8195155144	0.0634372125	-247.0208851939
19	1.3858742175	0.0634372125	-553.7537776125
20	0.4675819365	0.0634372125	-102.9494086599
21	1.5967736028	0.0634372125	-619.3495293153
22	1.4787102286	0.0634372125	-347.3325467190
23	0.3516683657	0.0634372125	-233.1243249277
24	0.3093148871	0.0634372125	-78.8145179078
25	1.7766515788	0.0634372125	-556.8963007264
26	0.3391964775	0.0634372125	-109.4734288283
27	0.3260526845	0.0634372125	-180.7565259536
28	0.0353531032	0.0634372125	-13.4608198325
29	0.0666956865	0.0634372125	-51.0561739131
30	0.3091441656	0.0634372125	-180.5318419155
31	1.1528954339	0.0634372125	-483.7477927410
32	1.1381157524	0.0634372125	-471.2179107512
33	0.0719689973	0.0634372125	-47.4520839790
34	1.6236065559	0.0634372125	-435.7478690567
35	0.8472810850	0.0634372125	-444.7393905911
36	1.0742076769	0.0634372125	-483.2075262345
37	1.5309292978	0.0634372125	-623.1613468543
38	1.2100567503	0.0634372125	-487.3867470646
39	1.0296845486	0.0634372125	-479.1863422658
40	0.6351268727	0.0634372125	-311.6195065911
41	1.7981996729	0.0634372125	-658.5605790832
42	1.7960165456	0.0634372125	-663.5104799394
43	1.0646200715	0.0634372125	-421.4509815028
44	1.3469522580	0.0634372125	-503.5528381363
45	0.9938850071	0.0634372125	-486.7952366824
46	1.0224899185	0.0634372125	-369.2301117425
47	1.2581927932	0.0634372125	-274.1801535198
48	0.8938790126	0.0634372125	-478.7067637150
49	0.5895951194	0.0634372125	-294.8986864068
50	0.3354520838	0.0634372125	-169.7721180479
51	0.0429796010	0.0634372125	-13.1441615175
52	0.2805606907	0.0634372125	-191.6714196703
53	0.3567308476	0.0634372125	-204.8551616094
54	1.6947190617	0.0634372125	-680.9219657767
55	0.3897720650	0.0634372125	-200.6443914057
56	1.2589248618	0.0634372125	-570.5436650236
57	0.1011626383	0.0634372125	-62.6645294986
58	0.8689158121	0.0634372125	-404.2582948860
59	1.7930258739	0.0634372125	-502.4164296339
60	0.5698470397	0.0634372125	-296.5494393238
61	0.4297598759	0.0634372125	-227.9444533016
62	1.6587480228	0.0634372125	-522.8029771987
63	1.3843413777	0.0634372125	-477.1885743952
64	2.3917846645	0.0634372125	-822.2350995339
65	1.7697768278	0.0634372125	-646.4806031823
66	0.6737484137	0.0634372125	-342.7711343360
67	1.7589517727	0.0634372125	-598.3550123678
68	1.3957059490	0.0634372125	-549.1903888096
69	1.4070726273	0.0634372125	-621.5418388574
70	1.4543167959	0.0634372125	-585.6394588839
71	1.3328766468	0.0634372125	-444.3970227201
72	0.7785387480	0.0634372125	-430.2661852813
73	0.0353477660	0.0634372125	-13.4608198211
74	1.2766224366	0.0634372125	-353.0840319764
75	0.9257953734	0.0634372125	-463.4667763491
76	1.5414645064	0.0634372125	-594.3524606446
77	0.1015791975	0.0634372125	-33.0352579761
78	1.3978280525	0.0634372125	-551.1978698899
79	1.1864313491	0.0634372125	-514.8604685940
80	0.2215717970	0.0634372125	-140.4315962036
81	0.7177431124	0.0634372125	-362.4881266484
82	1.2011639963	0.0634372125	-565.2390620066
83	1.9350597560	0.0634372125	-625.5099856380
84	0.8134199153	0.0634372125	-296.0934366920
85	0.3813907664	0.0634372125	-268.6132220974
86	0.7547030315	0.0634372125	-348.9400376240
87	1.2683438761	0.0634372125	-588.2406438079
88	1.4572745274	0.0634372125	-356.5625114536
89	0.1734595515	0.0634372125	-100.3386527982
90	1.3653849618	0.0634372125	-546.2135853475
91	0.0705362969	0.0634372125	-22.1757516880
92	0.4385824816	0.0634372125	-260.9676088289
93	1.2927198306	0.0634372125	-528.9147034791
94	0.6252557673	0.0634372125	-294.4132153939
95	0.2114385322	0.0634372125	-121.2408931624
96	1.6832971931	0.0634372125	-568.3788579298
97	1.3588307316	0.0634372125	-528.5103626925
98	1.3812456199	0.0634372125	-577.2121161329
99	1.4906759666	0.0634372125	-523.7924771954
100	0.9179166722	0.0634372125	-207.4850241439
101	1.0978135287	0.0634372125	-472.0167663088
102	1.7705188909	0.0634372125	-700.0880903937
103	1.2567686587	0.0634372125	-543.2244956092
104	0.0750259976	0.0634372125	-32.5018024422
105	1.4609044752	0.0634372125	-350.5882315558
106	1.0344204949	0.0634372125	-478.5746013309
107	0.3397063612	0.0634372125	-169.2441039134
108	1.1406710676	0.0634372125	-518.5678371203
109	1.0933720602	0.0634372125	-517.1756683415
110	1.3004290300	0.0634372125	-576.3410144045
111	0.0000000000	0.0634372125	-2.6740305238
112	1.8190439328	0.0634372125	-660.2547277358
113	1.5369353495	0.0634372125	-685.9125009861
114	1.7127169472	0.0634372125	-629.6543730771
115	0.9627421477	0.0634372125	-423.9660036772
116	1.4420940488	0.0634372125	-498.3632389727
117	1.9192890219	0.0634372125	-653.1428024479
118	0.8896947114	0.0634372125	-380.2484335808
119	1.3285290580	0.0634372125	-495.6638765076
120	1.4810246648	0.0634372125	-501.0475340757
121	0.4219678532	0.0634372125	-88.2672502347
122	0.2485454530	0.0634372125	-68.8291576484
123	1.0591155278	0.0634372125	-585.1695645039
124	1.5949008497	0.0634372125	-597.7933784132
