site	rate	t	lnL
1	3.4717378728	0.5706821655	-1533.0747661200
2	0.7312142035	0.5706821655	-1090.5119397087
3	1.9171551976	0.5706821655	-1497.7362330305
4	2.6283208495	0.5706821655	-1510.2741127259
5	0.1642390921	0.5706821655	-346.8055387970
6	2.9226887771	0.5706821655	-1518.2420036912
7	0.5158660648	0.5706821655	-888.3377119914
8	0.6004847053	0.5706821655	-1097.0616037402
9	1.9178781942	0.5706821655	-1518.6731303391
10	1.9439425307	0.5706821655	-1461.9757761995
11	0.5093801839	0.5706821655	-857.4682453631
12	3.7108393604	0.5706821655	-1557.9761018720
13	1.1051936936	0.5706821655	-1392.5996833307
14	0.9714022373	0.5706821655	-1099.7172115636
15	0.3632751694	0.5706821655	-776.9410760607
16	2.3421912443	0.5706821655	-1536.1087356472
17	2.0105981354	0.5706821655	-1434.6851082302
18	1.6991064233	0.5706821655	-1306.5886908793
19	2.9372175841	0.5706821655	-1497.2099315524
20	0.3541849584	0.5706821655	-555.0466537293
21	1.1523431427	0.5706821655	-1275.5029186022
22	1.7260807123	0.5706821655	-1469.4669675178
23	0.7106332082	0.5706821655	-1131.1900975492
24	0.1327180637	0.5706821655	-283.1383592636
25	1.7052696814	0.5706821655	-1470.7055310691
26	0.7410076527	0.5706821655	-915.9441788738
27	0.3085223787	0.5706821655	-774.3483343932
28	0.0316618915	0.5706821655	-88.1634063037
29	0.2180524980	0.5706821655	-612.3283658334
30	0.4984707993	0.5706821655	-1056.6556622175
31	3.1098007792	0.5706821655	-1515.0516888256
32	0.9541857005	0.5706821655	-1254.1825917449
33	0.1367766086	0.5706821655	-487.2828236312
34	1.8747841470	0.5706821655	-1438.8569836487
35	1.7675395733	0.5706821655	-1353.3559367247
36	2.5292034197	0.5706821655	-1533.6795897572
37	1.2649019031	0.5706821655	-1310.7266825101
38	4.0191449077	0.5706821655	-1531.6650440069
39	3.1429685198	0.5706821655	-1508.6835191772
40	1.0204462456	0.5706821655	-1384.5961543041
41	1.4384171650	0.5706821655	-1473.3034630966
42	3.6421153389	0.5706821655	-1545.1729757756
43	1.9774562985	0.5706821655	-1485.2277341073
44	3.1607378316	0.5706821655	-1553.9811966980
45	2.2401806644	0.5706821655	-1480.1045557914
46	0.6042782996	0.5706821655	-812.2904167907
47	0.4755542581	0.5706821655	-1070.7873216775
48	1.4519999569	0.5706821655	-1409.7378543887
49	0.9959701866	0.5706821655	-1322.0823193485
50	0.7149999906	0.5706821655	-1146.6329729377
51	0.0170426338	0.5706821655	-42.7758528928
52	0.3535993452	0.5706821655	-754.8686607023
53	0.6573855088	0.5706821655	-1040.8607965468
54	0.8360426744	0.5706821655	-1186.1227158210
55	0.3294586946	0.5706821655	-814.5090927691
56	1.1872986285	0.5706821655	-1459.9896876339
57	0.0936940908	0.5706821655	-375.6023266856
58	1.2814055300	0.5706821655	-1384.3816309857
59	2.6650267818	0.5706821655	-1527.2746895135
60	0.9085345157	0.5706821655	-974.5789349370
61	0.0974221273	0.5706821655	-219.9104784062
62	1.7879468103	0.5706821655	-1488.7653001746
63	0.5676325583	0.5706821655	-957.3760886341
64	1.2298491419	0.5706821655	-1270.0841446798
65	1.6305317243	0.5706821655	-1503.2321458990
66	0.3203857774	0.5706821655	-869.5819083368
67	2.0373889629	0.5706821655	-1532.8717896823
68	0.9918473378	0.5706821655	-1121.5354409153
69	2.3469133068	0.5706821655	-1521.4539921245
70	2.8364409690	0.5706821655	-1512.8536893732
71	1.4269030759	0.5706821655	-1355.2581562733
72	1.6319090804	0.5706821655	-1416.6367642447
73	0.1111976928	0.5706821655	-252.9620462311
74	1.0478047363	0.5706821655	-1141.5739327825
75	0.9159387548	0.5706821655	-1221.2319994933
76	1.5490934712	0.5706821655	-1444.9404415489
77	0.1286151641	0.5706821655	-270.2599655604
78	2.7472011962	0.5706821655	-1541.6647726593
79	2.5393300006	0.5706821655	-1469.5258009453
80	0.6367617631	0.5706821655	-1115.1309427227
81	1.0865728044	0.5706821655	-1322.0314954690
82	2.3015109874	0.5706821655	-1516.3180434099
83	3.7727498070	0.5706821655	-1571.6928378961
84	0.6443441378	0.5706821655	-1036.6439703427
85	0.5257515685	0.5706821655	-1008.0905614661
86	0.8200851386	0.5706821655	-1469.3981442332
87	2.1255688726	0.5706821655	-1457.0805897345
88	0.5195493253	0.5706821655	-1121.1129224027
89	0.2149449117	0.5706821655	-558.3910188434
90	4.6610699392	0.5706821655	-1514.3137897939
91	0.0936384603	0.5706821655	-214.7842649489
92	0.6440936465	0.5706821655	-1064.6332098091
93	2.8437069537	0.5706821655	-1511.1118544001
94	0.4107325755	0.5706821655	-825.7662678148
95	0.3811451877	0.5706821655	-1024.8800910395
96	2.2006386724	0.5706821655	-1488.1305278415
97	4.1113062239	0.5706821655	-1506.5603472159
98	1.6919596770	0.5706821655	-1396.4741097019
99	2.3134121885	0.5706821655	-1526.7483073460
100	0.3401183111	0.5706821655	-542.3938360061
101	0.2215079653	0.5706821655	-573.4773186064
102	2.1388862653	0.5706821655	-1529.2198770793
103	2.0202402555	0.5706821655	-1378.9904155133
104	0.4416852321	0.5706821655	-580.7741747382
105	1.7366040310	0.5706821655	-1458.7899183316
106	2.5916360210	0.5706821655	-1483.9852575613
107	0.7495970202	0.5706821655	-1043.3828197873
108	2.0164402478	0.5706821655	-1465.1036729598
109	3.3617899794	0.5706821655	-1531.3241605137
110	2.5247850125	0.5706821655	-1495.5922848617
111	0.0000000000	0.5706821655	-2.4074067194
112	3.1191510357	0.5706821655	-1511.7327945143
113	2.0457939658	0.5706821655	-1531.2870065768
114	0.9204281379	0.5706821655	-1213.9103280628
115	2.2446540956	0.5706821655	-1508.6459896015
116	3.4197515300	0.5706821655	-1564.8520487205
117	2.4299562896	0.5706821655	-1479.3621229130
118	1.7188369920	0.5706821655	-1363.5197169607
119	0.8877572455	0.5706821655	-1380.9742874487
120	2.5476623618	0.5706821655	-1523.7206869132
121	0.9638969490	0.5706821655	-1084.7078767210
122	0.1986835462	0.5706821655	-393.0005703737
123	2.7405153656	0.5706821655	-1501.4816810775
124	2.9225048488	0.5706821655	-1522.6716971905
