site	rate	t	lnL
1	3.1630221008	0.0075372215	-208.7725475900
2	0.5846186231	0.0075372215	-48.0213165641
3	0.9257127641	0.0075372215	-75.4076699218
4	0.9428223534	0.0075372215	-65.1268718783
5	0.0000000000	0.0075372215	-2.2479973949
6	4.4429734452	0.0075372215	-131.3910318646
7	0.2709431221	0.0075372215	-18.4592570485
8	0.3494447029	0.0075372215	-32.5022210229
9	1.1033565745	0.0075372215	-79.5881801420
10	0.9408929535	0.0075372215	-76.3844395270
11	0.5170655982	0.0075372215	-28.9561240629
12	1.0337161284	0.0075372215	-91.6632690460
13	1.1523192018	0.0075372215	-97.5926844220
14	0.9192955760	0.0075372215	-34.7090068904
15	2.0033461060	0.0075372215	-148.8823991666
16	1.9216320924	0.0075372215	-133.8223756890
17	0.6912877861	0.0075372215	-54.0112397672
18	0.4734022916	0.0075372215	-41.7871827463
19	1.2180344492	0.0075372215	-91.8024502401
20	0.0000000000	0.0075372215	-2.5478335670
21	0.3445002206	0.0075372215	-22.1038789957
22	1.1771992424	0.0075372215	-96.5066762806
23	0.5433738503	0.0075372215	-40.4591569526
24	0.0000000000	0.0075372215	-3.2955848816
25	0.9939774336	0.0075372215	-81.0520647239
26	1.1326077919	0.0075372215	-47.8198303493
27	0.5439711525	0.0075372215	-43.9713507151
28	0.0000000000	0.0075372215	-2.2479973949
29	0.2334323642	0.0075372215	-22.2116685797
30	2.2056110351	0.0075372215	-64.4112091864
31	1.0996633300	0.0075372215	-83.3549370473
32	1.9379853365	0.0075372215	-59.3418389036
33	0.1523073392	0.0075372215	-12.7543983326
34	1.4798640192	0.0075372215	-113.4365285185
35	1.3948687681	0.0075372215	-103.1561342416
36	0.6953697877	0.0075372215	-43.4863361784
37	0.2760072235	0.0075372215	-13.7848129877
38	1.1098067170	0.0075372215	-78.3784530013
39	1.8976607077	0.0075372215	-73.6703399540
40	0.2556336818	0.0075372215	-23.6186956808
41	0.5134087548	0.0075372215	-43.7887619090
42	2.4046081513	0.0075372215	-151.4865443218
43	0.6642679330	0.0075372215	-55.2315510645
44	1.7197933297	0.0075372215	-102.8535833703
45	1.5011282756	0.0075372215	-89.5811377688
46	0.7709575526	0.0075372215	-50.4507937164
47	1.1852676413	0.0075372215	-49.5575358600
48	1.8536783621	0.0075372215	-104.7069790282
49	0.4844925524	0.0075372215	-43.2087576509
50	0.6805317755	0.0075372215	-57.6134556940
51	0.0000000000	0.0075372215	-2.5478335670
52	0.1160455618	0.0075372215	-13.1845945983
53	0.1161252461	0.0075372215	-12.9826821842
54	1.3491526235	0.0075372215	-83.5123258133
55	0.1136997877	0.0075372215	-17.0140332874
56	2.2252685081	0.0075372215	-109.8799766736
57	0.0000000000	0.0075372215	-4.0119589128
58	0.9473056653	0.0075372215	-68.8482715217
59	1.0356411558	0.0075372215	-59.7383772951
60	0.4732453682	0.0075372215	-21.1055371337
61	0.0000000000	0.0075372215	-2.2479973949
62	2.8507149743	0.0075372215	-85.5776214462
63	0.1809573784	0.0075372215	-15.4963007056
64	0.9213181377	0.0075372215	-35.0362737726
65	1.4672488888	0.0075372215	-54.2157238238
66	0.0000000000	0.0075372215	-3.3288708593
67	3.4448455964	0.0075372215	-135.3888233482
68	0.3058314314	0.0075372215	-13.6476280810
69	1.6187751468	0.0075372215	-97.1603488640
70	1.1114578055	0.0075372215	-64.2598275914
71	0.9682846779	0.0075372215	-62.5000050041
72	1.3712369044	0.0075372215	-98.3634515586
73	0.3174646845	0.0075372215	-11.6643394652
74	0.7665404993	0.0075372215	-53.1096798914
75	1.7322466983	0.0075372215	-114.4838631808
76	1.2160223109	0.0075372215	-72.9931021123
77	0.0000000000	0.0075372215	-2.2479973949
78	0.5767810177	0.0075372215	-51.3717671435
79	1.4016591728	0.0075372215	-104.5865964331
80	1.3551667191	0.0075372215	-54.7740668482
81	0.8128097384	0.0075372215	-58.5172452978
82	0.7967708241	0.0075372215	-58.2319652317
83	1.6539374435	0.0075372215	-92.7855855360
84	1.2877137803	0.0075372215	-108.5922106027
85	0.0000000000	0.0075372215	-2.4848436477
86	1.7314871795	0.0075372215	-127.2460371960
87	4.3588263013	0.0075372215	-140.5845200930
88	0.8148017187	0.0075372215	-53.7698408936
89	0.0000000000	0.0075372215	-2.4213215190
90	2.1347968326	0.0075372215	-87.6455497962
91	0.0000000000	0.0075372215	-2.2479973949
92	0.4589532061	0.0075372215	-32.3744906183
93	1.1872841449	0.0075372215	-68.4681337147
94	0.2695807244	0.0075372215	-21.0860563833
95	0.1152855386	0.0075372215	-17.0130124208
96	0.6416531603	0.0075372215	-48.8794622590
97	0.8439701504	0.0075372215	-86.4322609916
98	0.6003592002	0.0075372215	-25.1231723100
99	1.3850744299	0.0075372215	-92.2358496840
100	0.6028209236	0.0075372215	-23.1602770813
101	0.2708578986	0.0075372215	-21.7265359131
102	1.2036317932	0.0075372215	-95.1745905805
103	0.5752050802	0.0075372215	-50.0143951781
104	0.2372451992	0.0075372215	-15.9528056034
105	0.8022791508	0.0075372215	-71.8922781022
106	1.2272411770	0.0075372215	-79.1105666603
107	0.1720741318	0.0075372215	-12.0124163285
108	2.0130858908	0.0075372215	-120.5337391854
109	1.8454627632	0.0075372215	-104.3358630261
110	0.9664100238	0.0075372215	-70.2235946359
111	0.0000000000	0.0075372215	-2.2479973949
112	2.1127443830	0.0075372215	-94.8615439937
113	2.5183507863	0.0075372215	-80.1004038158
114	3.6458843976	0.0075372215	-122.7516842710
115	0.9544813133	0.0075372215	-66.1471969823
116	1.8580603431	0.0075372215	-142.9145610227
117	1.3487487970	0.0075372215	-108.0139920802
118	0.9566007935	0.0075372215	-69.3312298386
119	0.6942959021	0.0075372215	-58.9879435651
120	0.9772125923	0.0075372215	-86.4266107423
121	1.1195632948	0.0075372215	-42.9422989159
122	1.4742984146	0.0075372215	-116.9768972008
123	1.3815707136	0.0075372215	-79.2018416715
124	1.5170890888	0.0075372215	-113.0910274901
