site	rate	t	lnL
1	1.1156457544	0.0068261061	-66.6249483634
2	0.2993019007	0.0068261061	-24.1948705658
3	0.6233969978	0.0068261061	-58.2247551648
4	0.2726483083	0.0068261061	-23.0752212978
5	0.0000000000	0.0068261061	-2.2593969484
6	2.0439717534	0.0068261061	-77.1948562161
7	3.1094565478	0.0068261061	-55.0723452240
8	0.6144730872	0.0068261061	-62.3301798128
9	1.2856933289	0.0068261061	-90.2567840751
10	2.4687160663	0.0068261061	-96.3650031277
11	0.0000000000	0.0068261061	-2.5416130192
12	4.6010272934	0.0068261061	-85.8221513589
13	1.7337408533	0.0068261061	-108.6715295341
14	0.4477462989	0.0068261061	-31.9602690982
15	0.4615206347	0.0068261061	-34.6197623625
16	1.8412167382	0.0068261061	-68.6423046508
17	0.7469366238	0.0068261061	-58.8593403852
18	0.2859093872	0.0068261061	-24.8552051313
19	1.3646786039	0.0068261061	-96.2744314544
20	3.0272166804	0.0068261061	-103.4126411567
21	1.7342032969	0.0068261061	-110.7518589324
22	3.1560079477	0.0068261061	-56.6600135321
23	0.8680559108	0.0068261061	-36.1337282275
24	0.0000000000	0.0068261061	-2.9952283683
25	0.1775206077	0.0068261061	-15.2813435900
26	0.0000000000	0.0068261061	-2.7748594435
27	0.0000000000	0.0068261061	-2.4114379228
28	0.0000000000	0.0068261061	-2.2593969484
29	0.7408195214	0.0068261061	-68.4987127729
30	0.9651508685	0.0068261061	-72.9907817209
31	1.6660459203	0.0068261061	-130.8238391337
32	0.0000000000	0.0068261061	-2.4114379228
33	0.3326285213	0.0068261061	-29.6186558898
34	0.4210123589	0.0068261061	-32.3522929710
35	1.5990497467	0.0068261061	-31.8222159322
36	1.9879345573	0.0068261061	-121.4967475254
37	0.7667847661	0.0068261061	-31.4039798741
38	1.1462305883	0.0068261061	-97.2083568131
39	0.8298251848	0.0068261061	-70.2110284224
40	1.4322888840	0.0068261061	-140.1572289572
41	1.2942757385	0.0068261061	-68.8214967394
42	6.0045373924	0.0068261061	-114.0722571201
43	1.1488305126	0.0068261061	-74.4352591212
44	2.0342140152	0.0068261061	-119.4002870795
45	2.3228363155	0.0068261061	-120.1494269886
46	0.8223912104	0.0068261061	-62.8772151353
47	1.2843776460	0.0068261061	-74.5687162806
48	0.4453082854	0.0068261061	-32.2015269228
49	0.5447410180	0.0068261061	-44.2858396090
50	0.1479316286	0.0068261061	-13.7717816236
51	0.0000000000	0.0068261061	-2.8690840799
52	0.1361700184	0.0068261061	-16.7716897248
53	1.5749292426	0.0068261061	-103.6072943890
54	0.3710271365	0.0068261061	-34.2229768457
55	0.5799806533	0.0068261061	-24.7085944225
56	1.4423717767	0.0068261061	-53.9621019842
57	0.0000000000	0.0068261061	-2.9347519275
58	0.7580005640	0.0068261061	-64.2579975406
59	2.8861628199	0.0068261061	-100.6254094226
60	1.1153316915	0.0068261061	-86.1510924022
61	0.0000000000	0.0068261061	-2.2593969484
62	1.0877296026	0.0068261061	-50.9445376583
63	0.0000000000	0.0068261061	-3.4189639028
64	0.9994580825	0.0068261061	-68.6741010785
65	1.1234630447	0.0068261061	-91.4284777011
66	0.3659588456	0.0068261061	-29.2934040167
67	2.0542613348	0.0068261061	-134.4384985092
68	0.7641621263	0.0068261061	-57.1220515099
69	1.7777302352	0.0068261061	-123.3718289773
70	3.1603898634	0.0068261061	-93.0016489224
71	1.5585387418	0.0068261061	-50.0877331037
72	2.8249333829	0.0068261061	-153.3333190875
73	0.0000000000	0.0068261061	-2.2593969484
74	1.3441854832	0.0068261061	-81.7972463304
75	0.6144892515	0.0068261061	-41.4979046317
76	0.5214468025	0.0068261061	-24.4922386044
77	0.0000000000	0.0068261061	-2.2593969484
78	4.2032825525	0.0068261061	-88.2370845904
79	1.3686990234	0.0068261061	-94.5405599999
80	0.7717243002	0.0068261061	-56.0753561328
81	0.6144798008	0.0068261061	-46.4206017939
82	3.7821071873	0.0068261061	-131.5626196182
83	1.4326001082	0.0068261061	-94.4347896775
84	2.0343697728	0.0068261061	-127.0672362390
85	1.2431620205	0.0068261061	-92.3216218232
86	1.6344118716	0.0068261061	-30.0977693429
87	1.0561607932	0.0068261061	-72.3662636107
88	1.0281930625	0.0068261061	-47.3044610132
89	0.0000000000	0.0068261061	-2.5035393468
90	0.7690115138	0.0068261061	-52.6657893313
91	0.0000000000	0.0068261061	-2.2593969484
92	0.6136182942	0.0068261061	-42.5851637695
93	5.5340227893	0.0068261061	-93.2865811545
94	0.5795323462	0.0068261061	-25.0615178456
95	0.0000000000	0.0068261061	-2.8808095074
96	1.1792527491	0.0068261061	-75.9055876983
97	1.5382262421	0.0068261061	-107.0970160016
98	0.2990117290	0.0068261061	-28.8959465821
99	0.8875607810	0.0068261061	-73.4063878817
100	1.2932342517	0.0068261061	-70.0375223923
101	0.0000000000	0.0068261061	-2.4114379228
102	2.3454995545	0.0068261061	-145.2006899097
103	0.3063946603	0.0068261061	-25.3299809600
104	0.0000000000	0.0068261061	-2.7748594435
105	2.0650468219	0.0068261061	-111.9083859202
106	1.0642937828	0.0068261061	-71.0267165610
107	0.4460963296	0.0068261061	-38.4181583089
108	1.8132170926	0.0068261061	-107.0390594287
109	0.5177903964	0.0068261061	-23.5509377397
110	1.0399341855	0.0068261061	-74.5134843839
111	0.0000000000	0.0068261061	-2.2593969484
112	0.7217925948	0.0068261061	-56.9009614004
113	3.3389497075	0.0068261061	-109.4927064786
114	0.7891752659	0.0068261061	-37.7383345438
115	1.7219787941	0.0068261061	-99.7846694139
116	0.8868229527	0.0068261061	-90.8464514544
117	1.1129484937	0.0068261061	-55.3398472296
118	3.3073335272	0.0068261061	-61.9298850097
119	0.7465981231	0.0068261061	-63.5039409508
120	1.2484569089	0.0068261061	-94.8352186175
121	0.1492814351	0.0068261061	-15.4145001014
122	0.1837384959	0.0068261061	-11.0949123268
123	2.1239231462	0.0068261061	-87.9497519547
124	1.2490429860	0.0068261061	-97.2451640027
