site	rate	t	lnL
1	2.5863109409	0.0065863642	-158.0209077410
2	0.1782422361	0.0065863642	-11.7637310127
3	1.3040447729	0.0065863642	-105.9566662765
4	0.8967047400	0.0065863642	-53.2122645923
5	0.0000000000	0.0065863642	-2.4167205553
6	2.5182984580	0.0065863642	-96.6976852463
7	0.2284046239	0.0065863642	-23.7198501097
8	2.0253713060	0.0065863642	-121.1275485546
9	2.2121019655	0.0065863642	-140.4251585710
10	1.0748712710	0.0065863642	-59.4703969563
11	1.0730036076	0.0065863642	-57.0797370341
12	0.6078717166	0.0065863642	-48.9756255206
13	0.8727846032	0.0065863642	-63.9458818493
14	2.1525553070	0.0065863642	-46.9565758080
15	0.3409548026	0.0065863642	-32.8731759679
16	2.0768343664	0.0065863642	-124.3170764771
17	0.7533159271	0.0065863642	-49.2053800816
18	0.8773029671	0.0065863642	-63.6193506510
19	2.1477526490	0.0065863642	-128.5640239739
20	0.4378369372	0.0065863642	-14.9226548669
21	0.9418153415	0.0065863642	-63.6537060470
22	0.7979921873	0.0065863642	-22.4304246445
23	0.7277906862	0.0065863642	-50.8171859637
24	0.4005843325	0.0065863642	-12.9682293368
25	1.7600970181	0.0065863642	-124.5427413130
26	0.4712570626	0.0065863642	-33.1637897407
27	0.2924550308	0.0065863642	-21.5507294556
28	0.0000000000	0.0065863642	-2.4167205553
29	0.1571325860	0.0065863642	-14.0425002289
30	0.5854711477	0.0065863642	-38.5267781459
31	2.1077788847	0.0065863642	-54.7256969708
32	0.9095567229	0.0065863642	-48.2175962849
33	0.3289885694	0.0065863642	-23.8057289727
34	1.6599784158	0.0065863642	-101.5561054955
35	1.4421496380	0.0065863642	-76.6356899016
36	0.6985896090	0.0065863642	-62.2786742875
37	1.0543761507	0.0065863642	-74.0798865406
38	1.9256954159	0.0065863642	-128.2529678551
39	0.9211988994	0.0065863642	-83.0402939226
40	1.7965618694	0.0065863642	-96.7287153294
41	0.9393281911	0.0065863642	-79.2503765584
42	0.8161752880	0.0065863642	-84.0821078781
43	1.5202667533	0.0065863642	-91.9659219707
44	1.8300594823	0.0065863642	-113.3156916778
45	0.9468153745	0.0065863642	-60.9525009443
46	0.4361202858	0.0065863642	-13.0214671066
47	0.8032958823	0.0065863642	-23.7527242117
48	0.9446682711	0.0065863642	-57.5208878894
49	0.9102202031	0.0065863642	-63.6385881501
50	0.7600848208	0.0065863642	-46.0978929686
51	0.0000000000	0.0065863642	-2.6129090009
52	0.0000000000	0.0065863642	-1.8560963978
53	0.7016385369	0.0065863642	-67.1099595646
54	0.2895569299	0.0065863642	-20.8350529959
55	0.1136223791	0.0065863642	-15.2548663474
56	1.1535742741	0.0065863642	-33.4270865089
57	0.0000000000	0.0065863642	-3.6839771754
58	4.4273399875	0.0065863642	-99.9884716063
59	1.0311073792	0.0065863642	-69.9899071661
60	0.4618793151	0.0065863642	-39.7538407794
61	0.0000000000	0.0065863642	-2.4167205553
62	2.2726168750	0.0065863642	-85.1497670618
63	0.1803715959	0.0065863642	-12.3687445031
64	0.4359921703	0.0065863642	-13.1886741128
65	0.8024377840	0.0065863642	-87.4855189977
66	0.4830554418	0.0065863642	-35.0734336710
67	1.5614981133	0.0065863642	-40.6550463764
68	0.8683223497	0.0065863642	-22.7716765466
69	1.4935120168	0.0065863642	-102.9281673000
70	1.1097282336	0.0065863642	-63.7369302862
71	0.7818699376	0.0065863642	-49.7681378780
72	1.1590006185	0.0065863642	-75.0268335126
73	0.0000000000	0.0065863642	-2.4167205553
74	0.4311610437	0.0065863642	-13.3305243861
75	0.9289546043	0.0065863642	-64.1046273455
76	0.9124869003	0.0065863642	-63.5272497509
77	0.0000000000	0.0065863642	-2.4167205553
78	1.5883031199	0.0065863642	-93.1521390145
79	2.3764406842	0.0065863642	-95.6458409356
80	0.3133823434	0.0065863642	-19.5629822953
81	0.9296967506	0.0065863642	-74.1493386595
82	2.5231260326	0.0065863642	-144.8739302536
83	3.3243481358	0.0065863642	-73.6007970487
84	0.3655213187	0.0065863642	-20.0170695832
85	0.1571920479	0.0065863642	-14.2037926691
86	0.7349265963	0.0065863642	-41.5907503456
87	1.9824254374	0.0065863642	-48.4993182360
88	0.3136362485	0.0065863642	-22.9464827396
89	0.0000000000	0.0065863642	-1.8560963978
90	1.9000428901	0.0065863642	-105.8841029863
91	0.0000000000	0.0065863642	-2.4167205553
92	0.3413795294	0.0065863642	-31.1803659922
93	0.3459575223	0.0065863642	-32.8326224060
94	1.6426083896	0.0065863642	-129.6715869835
95	0.0000000000	0.0065863642	-3.0207399559
96	1.2690338433	0.0065863642	-82.9985253752
97	1.2200510530	0.0065863642	-90.2947191453
98	1.9931621544	0.0065863642	-109.5677922575
99	0.4521238099	0.0065863642	-32.7799812229
100	0.0000000000	0.0065863642	-2.6129090009
101	0.1564738279	0.0065863642	-13.4822170809
102	0.7213955637	0.0065863642	-45.3507053122
103	1.7729824507	0.0065863642	-118.1511868880
104	0.0000000000	0.0065863642	-3.2167202617
105	0.6981393054	0.0065863642	-78.9757584617
106	1.0247689130	0.0065863642	-70.8409539663
107	0.3567423404	0.0065863642	-19.4301570109
108	1.8129780734	0.0065863642	-111.8333323356
109	0.6394669684	0.0065863642	-41.1268191967
110	2.3817749161	0.0065863642	-133.3174197778
111	0.0000000000	0.0065863642	-2.4167205553
112	0.8045350260	0.0065863642	-63.9904798193
113	0.9480798845	0.0065863642	-63.8986011616
114	1.9227584076	0.0065863642	-128.7239136556
115	2.7421609843	0.0065863642	-68.7482060066
116	0.4625788880	0.0065863642	-35.5206188606
117	0.9289061268	0.0065863642	-64.1107707110
118	0.7156697089	0.0065863642	-44.7310339311
119	0.5722985441	0.0065863642	-59.1639024641
120	3.5252180431	0.0065863642	-125.7403440057
121	0.4357258176	0.0065863642	-12.3651936609
122	0.0000000000	0.0065863642	-2.4167205553
123	1.3979991853	0.0065863642	-80.7981384633
124	5.8176367344	0.0065863642	-128.5235133089
