site	rate	t	lnL
1	4.1300391487	0.5193347208	-1550.5442417676
2	0.6073444371	0.5193347208	-1041.1450835964
3	2.7892225145	0.5193347208	-1515.1347427568
4	2.0452964741	0.5193347208	-1482.6572831650
5	0.1187737697	0.5193347208	-313.2887718060
6	2.9632918711	0.5193347208	-1531.9536067383
7	0.2854764455	0.5193347208	-774.7417240359
8	1.2235239075	0.5193347208	-1348.1766996220
9	3.1680213225	0.5193347208	-1535.3818799916
10	2.4309118339	0.5193347208	-1479.2075831525
11	0.4098527659	0.5193347208	-865.8910009798
12	2.6065116336	0.5193347208	-1545.6114268156
13	0.9165004064	0.5193347208	-1265.1301152299
14	1.2194478429	0.5193347208	-1039.6548996191
15	0.3395729258	0.5193347208	-853.1885351888
16	3.0758435345	0.5193347208	-1521.0898521944
17	1.9902628835	0.5193347208	-1397.2876146631
18	1.2312427374	0.5193347208	-1263.3907886514
19	1.9640945046	0.5193347208	-1475.5310839545
20	0.9261697318	0.5193347208	-856.8472712001
21	1.0649595328	0.5193347208	-1280.5869895424
22	2.1938702452	0.5193347208	-1310.2197226590
23	0.5901282609	0.5193347208	-1113.1607811202
24	0.3255388574	0.5193347208	-369.3087734141
25	2.1319721358	0.5193347208	-1472.7763548813
26	0.4296759941	0.5193347208	-684.4267025803
27	0.2906127157	0.5193347208	-792.4183457193
28	0.0077471995	0.5193347208	-29.9475885838
29	0.1047099868	0.5193347208	-444.8467507790
30	0.4822764574	0.5193347208	-1013.5811805913
31	2.2145082924	0.5193347208	-1478.9648185834
32	1.6199811717	0.5193347208	-1357.5928478419
33	0.1202388927	0.5193347208	-415.7142238221
34	1.9069302796	0.5193347208	-1355.5955654994
35	1.3244786519	0.5193347208	-1351.3147412072
36	4.7933081023	0.5193347208	-1534.6928000215
37	2.0948924967	0.5193347208	-1334.9803022150
38	2.9265515544	0.5193347208	-1523.1171109538
39	3.3291340772	0.5193347208	-1524.8732270437
40	1.4627882579	0.5193347208	-1417.9417217505
41	1.2695506385	0.5193347208	-1387.2714259620
42	3.8382946661	0.5193347208	-1517.3385584235
43	1.9560145429	0.5193347208	-1476.3021996290
44	3.4690247700	0.5193347208	-1544.3289932488
45	2.2201267446	0.5193347208	-1459.5608003696
46	0.9687776750	0.5193347208	-911.3464582965
47	0.3948913766	0.5193347208	-995.9971495767
48	1.2436468770	0.5193347208	-1374.6821440221
49	1.0795911140	0.5193347208	-1328.7790785738
50	0.5774031759	0.5193347208	-1057.3513264530
51	0.0285405510	0.5193347208	-48.6205478254
52	0.3491492650	0.5193347208	-863.2348662520
53	0.5007214912	0.5193347208	-985.3334493143
54	1.0843270626	0.5193347208	-1294.2503918277
55	0.4332946907	0.5193347208	-939.6003401864
56	0.8865040083	0.5193347208	-1374.3558445261
57	0.0981329936	0.5193347208	-358.6206596570
58	1.3032283064	0.5193347208	-1324.9330559461
59	3.4797782581	0.5193347208	-1519.6839392355
60	0.4765155136	0.5193347208	-697.6937548295
61	0.0877343688	0.5193347208	-231.0473227841
62	3.2061063312	0.5193347208	-1501.6731365989
63	0.7565964661	0.5193347208	-1006.0549265113
64	1.3725834832	0.5193347208	-1215.8102760785
65	2.2221924714	0.5193347208	-1507.5606552673
66	0.3124589819	0.5193347208	-802.5912960783
67	3.0070757943	0.5193347208	-1557.2540042166
68	1.4489489990	0.5193347208	-1173.2791816594
69	3.4918145644	0.5193347208	-1540.2194766112
70	2.5258453926	0.5193347208	-1479.6937176052
71	1.5067681449	0.5193347208	-1354.6257763314
72	1.4972209436	0.5193347208	-1394.4196926641
73	0.0339736164	0.5193347208	-105.3858209818
74	1.0914824364	0.5193347208	-991.5783532754
75	0.9659065630	0.5193347208	-1261.3063807992
76	2.5721564408	0.5193347208	-1501.3898460454
77	0.0786186048	0.5193347208	-209.9289358219
78	3.4112851973	0.5193347208	-1543.3980339481
79	4.7960761971	0.5193347208	-1520.4369778358
80	0.3683467446	0.5193347208	-936.8627123526
81	1.4848977518	0.5193347208	-1383.1590863768
82	2.4623397060	0.5193347208	-1517.2485593378
83	4.2578510329	0.5193347208	-1559.0840711083
84	0.8705399927	0.5193347208	-1025.3793935642
85	0.5067982585	0.5193347208	-1085.8198328118
86	0.9878420539	0.5193347208	-1499.7213302456
87	2.8523845296	0.5193347208	-1453.5387615769
88	0.4751830291	0.5193347208	-1081.5216427686
89	0.2336175943	0.5193347208	-626.4828858791
90	3.0611043017	0.5193347208	-1520.2029907435
91	0.1098181144	0.5193347208	-279.5152541123
92	0.6852842728	0.5193347208	-1080.5688877077
93	3.0581332279	0.5193347208	-1495.9548185980
94	0.2399219954	0.5193347208	-678.5056981466
95	0.3122191880	0.5193347208	-870.5574106714
96	2.6994260574	0.5193347208	-1517.3054275226
97	3.0626539289	0.5193347208	-1480.3060906558
98	2.0234087223	0.5193347208	-1376.9328795366
99	2.5499528466	0.5193347208	-1534.1571828677
100	0.3730257749	0.5193347208	-463.7805894156
101	0.1788969432	0.5193347208	-564.0739708588
102	2.3314749973	0.5193347208	-1538.3414057640
103	2.9195156158	0.5193347208	-1442.6810986394
104	0.3430394859	0.5193347208	-565.7467861398
105	2.7372157764	0.5193347208	-1462.3246180970
106	2.0416433763	0.5193347208	-1490.8053155727
107	0.5230936475	0.5193347208	-917.7429154819
108	1.8711194322	0.5193347208	-1475.7359081570
109	4.8834162899	0.5193347208	-1532.4487095222
110	1.9648815557	0.5193347208	-1455.7476531267
111	0.0077134398	0.5193347208	-28.7402209119
112	4.8443755146	0.5193347208	-1502.6175266777
113	2.4161775722	0.5193347208	-1522.8909950495
114	1.1770942187	0.5193347208	-1205.4877560110
115	2.2396659170	0.5193347208	-1485.6965440856
116	2.5258069006	0.5193347208	-1520.3583741750
117	2.7902234467	0.5193347208	-1492.1015378864
118	1.3863628298	0.5193347208	-1310.6591492734
119	1.4347353959	0.5193347208	-1513.4794989287
120	3.3717222733	0.5193347208	-1500.4391353428
121	0.9125613432	0.5193347208	-885.2488019989
122	0.2035947180	0.5193347208	-454.4568610874
123	3.3791525949	0.5193347208	-1541.8104765195
124	3.0506585118	0.5193347208	-1518.1114550023
