site	rate	t	lnL
1	2.1969160827	0.0006025111	-14.6925840554
2	0.0000000000	0.0006025111	-3.2100627082
3	0.0000000000	0.0006025111	-2.4202578777
4	0.0000000000	0.0006025111	-2.4220312422
5	0.0000000000	0.0006025111	-2.5155503397
6	0.0000000000	0.0006025111	-3.0298250282
7	0.0000000000	0.0006025111	-2.6111918938
8	1.2987805903	0.0006025111	-16.6576703934
9	1.5391133025	0.0006025111	-16.3534695673
10	1.1900197821	0.0006025111	-11.0763365633
11	0.0000000000	0.0006025111	-2.4220312422
12	1.6015239993	0.0006025111	-16.0543376909
13	8.1084067825	0.0006025111	-35.4075719976
14	2.4920877347	0.0006025111	-13.6678667222
15	0.0000000000	0.0006025111	-2.2562340570
16	2.7158982683	0.0006025111	-15.5557580552
17	2.0606235111	0.0006025111	-13.8520220982
18	0.0000000000	0.0006025111	-2.4220312422
19	1.5530717286	0.0006025111	-16.6239364628
20	0.0000000000	0.0006025111	-2.4202578777
21	0.0000000000	0.0006025111	-2.4220312422
22	2.2010728550	0.0006025111	-17.2398861403
23	0.0000000000	0.0006025111	-2.2562340570
24	0.0000000000	0.0006025111	-2.4202578777
25	0.0000000000	0.0006025111	-3.2178997389
26	0.0000000000	0.0006025111	-3.2178997389
27	0.0000000000	0.0006025111	-2.8853127517
28	0.0000000000	0.0006025111	-2.5155503397
29	0.0000000000	0.0006025111	-2.4202578777
30	0.0000000000	0.0006025111	-3.7295124544
31	0.0000000000	0.0006025111	-2.5249492732
32	0.0000000000	0.0006025111	-3.4482485723
33	0.0000000000	0.0006025111	-3.6978662876
34	0.0000000000	0.0006025111	-2.4220312422
35	4.6638078767	0.0006025111	-14.3187069447
36	9.2714104736	0.0006025111	-20.8700317603
37	2.8985680013	0.0006025111	-27.4676140397
38	0.0000000000	0.0006025111	-3.4482485723
39	0.0000000000	0.0006025111	-3.0246234560
40	0.0000000000	0.0006025111	-2.2562340570
41	1.6870947424	0.0006025111	-14.1646024186
42	0.0000000000	0.0006025111	-2.4202578777
43	0.0000000000	0.0006025111	-3.7210184471
44	5.5022308186	0.0006025111	-55.9500262720
45	2.7257868062	0.0006025111	-16.3630582338
46	2.8696485093	0.0006025111	-25.9208597015
47	5.5799526877	0.0006025111	-13.9476308825
48	0.0000000000	0.0006025111	-2.6111918938
49	0.0000000000	0.0006025111	-3.0246234560
50	0.0000000000	0.0006025111	-2.6111918938
51	0.0000000000	0.0006025111	-2.4202578777
52	0.0000000000	0.0006025111	-2.2562340570
53	0.0000000000	0.0006025111	-2.2562340570
54	0.0000000000	0.0006025111	-2.5249492732
55	0.0000000000	0.0006025111	-2.8853127517
56	1.5266493297	0.0006025111	-14.8286638865
57	0.0000000000	0.0006025111	-3.7210184471
58	2.0250140158	0.0006025111	-12.2768555111
59	3.6360960753	0.0006025111	-37.3345969726
60	2.8933641550	0.0006025111	-21.6549335844
61	0.0000000000	0.0006025111	-2.5155503397
62	0.0000000000	0.0006025111	-3.0246234560
63	0.0000000000	0.0006025111	-3.2167202617
64	0.0000000000	0.0006025111	-3.0246234560
65	0.0000000000	0.0006025111	-2.5249492732
66	2.5566018637	0.0006025111	-16.8385600485
67	5.5918147421	0.0006025111	-16.3589372457
68	0.0000000000	0.0006025111	-3.0298250282
69	0.0000000000	0.0006025111	-3.7210184471
70	1.6933511419	0.0006025111	-16.4663340630
71	1.5989708034	0.0006025111	-16.3153226424
72	0.0000000000	0.0006025111	-2.4220312422
73	0.0000000000	0.0006025111	-2.5155503397
74	1.5258026408	0.0006025111	-16.7373596784
75	1.1903863507	0.0006025111	-13.5848401416
76	1.4255426795	0.0006025111	-15.6531545169
77	0.0000000000	0.0006025111	-2.5155503397
78	1.5224303252	0.0006025111	-14.3439953605
79	0.0000000000	0.0006025111	-2.6111918938
80	0.0000000000	0.0006025111	-2.4220312422
81	1.2534852929	0.0006025111	-15.5027571840
82	5.3773240970	0.0006025111	-23.8266076451
83	2.1950025773	0.0006025111	-16.4289929426
84	0.0000000000	0.0006025111	-3.0278712665
85	1.1912910175	0.0006025111	-16.8952619963
86	1.5260404888	0.0006025111	-14.8290645791
87	0.0000000000	0.0006025111	-3.2178997389
88	0.0000000000	0.0006025111	-2.8853127517
89	0.0000000000	0.0006025111	-2.8853127517
90	0.0000000000	0.0006025111	-2.6111918938
91	0.0000000000	0.0006025111	-2.5155503397
92	0.0000000000	0.0006025111	-2.2562340570
93	1.2104793906	0.0006025111	-14.9877466795
94	0.0000000000	0.0006025111	-2.8853127517
95	0.0000000000	0.0006025111	-2.4220312422
96	5.4568557236	0.0006025111	-29.0989420139
97	0.0000000000	0.0006025111	-2.4202578777
98	0.0000000000	0.0006025111	-2.5249492732
99	0.0000000000	0.0006025111	-3.2100627082
100	0.0000000000	0.0006025111	-2.4202578777
101	0.0000000000	0.0006025111	-2.2562340570
102	2.0271440923	0.0006025111	-14.7284636905
103	0.0000000000	0.0006025111	-2.4220312422
104	1.5480835338	0.0006025111	-12.9076135461
105	1.1974389440	0.0006025111	-17.1856504051
106	2.1976471523	0.0006025111	-14.9909827381
107	0.0000000000	0.0006025111	-3.2100627082
108	1.4438531075	0.0006025111	-13.2560394663
109	1.1901101997	0.0006025111	-12.5207810242
110	2.5154009879	0.0006025111	-26.7138819073
111	0.0000000000	0.0006025111	-2.5155503397
112	5.4098696322	0.0006025111	-21.8101684031
113	6.0990734166	0.0006025111	-32.7590783354
114	0.0000000000	0.0006025111	-3.0278712665
115	0.0000000000	0.0006025111	-2.6111918938
116	0.0000000000	0.0006025111	-2.2562340570
117	3.1013039015	0.0006025111	-24.1098385899
118	0.0000000000	0.0006025111	-4.1349775625
119	0.0000000000	0.0006025111	-2.5249492732
120	0.0000000000	0.0006025111	-2.6111918938
121	4.6612347429	0.0006025111	-13.3784515103
122	0.0000000000	0.0006025111	-2.5155503397
123	2.8910748553	0.0006025111	-22.9489019134
124	6.0414507908	0.0006025111	-34.2424686712
