site	rate	t	lnL
1	4.4740999203	0.4770112617	-1557.1843233149
2	0.7179883687	0.4770112617	-1180.2096979526
3	2.2547936039	0.4770112617	-1529.7922570064
4	2.5993335043	0.4770112617	-1487.8335648524
5	0.0664857961	0.4770112617	-282.0365179085
6	2.6541737349	0.4770112617	-1509.3337801047
7	0.3979473617	0.4770112617	-951.1547815048
8	0.7985680412	0.4770112617	-1243.6785085783
9	1.7558946001	0.4770112617	-1500.5192559695
10	2.9728503450	0.4770112617	-1483.1435236674
11	0.8107374704	0.4770112617	-1052.3461615050
12	2.6910519619	0.4770112617	-1541.4463738207
13	1.7443189694	0.4770112617	-1391.5822166000
14	0.7361476658	0.4770112617	-1181.1165954895
15	0.4938582230	0.4770112617	-916.1630778523
16	1.3731586617	0.4770112617	-1464.4955892509
17	1.9310959377	0.4770112617	-1470.1337903378
18	0.8958887329	0.4770112617	-1301.8600726367
19	2.4171694674	0.4770112617	-1516.0413503580
20	0.1792074359	0.4770112617	-484.7258197693
21	1.3410961291	0.4770112617	-1317.8751770255
22	2.4647546940	0.4770112617	-1492.1630213527
23	0.9047032166	0.4770112617	-1131.7699158136
24	0.1793613466	0.4770112617	-270.3952791704
25	1.8436986899	0.4770112617	-1462.6832352084
26	0.2180077039	0.4770112617	-635.9707213318
27	0.4764212841	0.4770112617	-885.5650510278
28	0.0092939609	0.4770112617	-54.4717055382
29	0.2735201923	0.4770112617	-765.6920975255
30	0.4965448040	0.4770112617	-1089.6441418357
31	3.7201324444	0.4770112617	-1501.0007930016
32	1.4996339972	0.4770112617	-1271.2971988599
33	0.1235946558	0.4770112617	-447.6273161428
34	1.2896244969	0.4770112617	-1442.5304265151
35	1.9057839466	0.4770112617	-1321.9883585083
36	2.6379069224	0.4770112617	-1526.7046527002
37	1.6122545071	0.4770112617	-1282.0633018865
38	3.0784151757	0.4770112617	-1549.3412540166
39	3.7098688379	0.4770112617	-1507.6989369107
40	0.9308496350	0.4770112617	-1327.4727568233
41	0.9356167151	0.4770112617	-1376.3826181501
42	2.9909504008	0.4770112617	-1507.9135461704
43	1.6905680561	0.4770112617	-1474.9463739100
44	2.8881721422	0.4770112617	-1531.0916972279
45	1.5287018467	0.4770112617	-1472.9509255589
46	0.5076732518	0.4770112617	-985.3572198754
47	0.7484863633	0.4770112617	-1181.4643941462
48	2.2640216240	0.4770112617	-1473.1672871762
49	0.8106613462	0.4770112617	-1325.3156531197
50	0.5461121451	0.4770112617	-1092.1456544104
51	0.0022373560	0.4770112617	-13.6818156929
52	0.6251123101	0.4770112617	-1075.7811284160
53	1.0197001049	0.4770112617	-1140.2862922114
54	0.6355151983	0.4770112617	-1255.7701709837
55	0.7152035115	0.4770112617	-1096.2269954518
56	1.9534771760	0.4770112617	-1517.6197334112
57	0.3490693139	0.4770112617	-691.5394861937
58	1.1106299500	0.4770112617	-1346.0492154732
59	2.4031985594	0.4770112617	-1522.5257206310
60	0.4566744971	0.4770112617	-939.6548145194
61	0.0423620663	0.4770112617	-200.0554268222
62	2.6241971985	0.4770112617	-1507.4395235298
63	0.6212220426	0.4770112617	-1132.3428073696
64	0.7627061189	0.4770112617	-1245.6606506232
65	1.3744544917	0.4770112617	-1489.7850775658
66	0.5016705543	0.4770112617	-1186.7956717809
67	3.2173251326	0.4770112617	-1560.2523683215
68	0.5545751087	0.4770112617	-1036.4600514689
69	3.5229733954	0.4770112617	-1547.1460788313
70	2.3827542267	0.4770112617	-1506.5572272804
71	1.5174904152	0.4770112617	-1428.9363147873
72	2.3711233338	0.4770112617	-1444.3864230920
73	0.0188021479	0.4770112617	-98.9468292122
74	0.6456509072	0.4770112617	-1104.6793589325
75	1.7070536390	0.4770112617	-1299.0171659294
76	2.5497504647	0.4770112617	-1519.9659499811
77	0.0571139052	0.4770112617	-243.6170225867
78	4.0445797217	0.4770112617	-1557.3202392538
79	3.0787514990	0.4770112617	-1493.1105211727
80	1.0082986933	0.4770112617	-1152.7550619742
81	1.8284062566	0.4770112617	-1405.4653376768
82	3.3040825345	0.4770112617	-1534.2157036992
83	2.8601108747	0.4770112617	-1550.0675009061
84	0.6961277708	0.4770112617	-1155.3253923912
85	0.9427881739	0.4770112617	-1222.1370470128
86	2.1854591630	0.4770112617	-1566.8798005803
87	2.8729275222	0.4770112617	-1491.5724383076
88	0.8679699208	0.4770112617	-1286.3441958218
89	0.2724287023	0.4770112617	-758.2634938851
90	2.8790998775	0.4770112617	-1505.4309284156
91	0.0827542623	0.4770112617	-311.2351687290
92	0.4748489203	0.4770112617	-1004.7520266466
93	2.3137579213	0.4770112617	-1476.7979552377
94	0.3408822311	0.4770112617	-866.9618724697
95	0.5642494890	0.4770112617	-1161.0893611402
96	2.8462107154	0.4770112617	-1501.9658157072
97	2.6169428097	0.4770112617	-1464.8180766112
98	1.0018412687	0.4770112617	-1323.4274472676
99	2.8426647484	0.4770112617	-1536.9288358540
100	0.2123926077	0.4770112617	-537.3899380163
101	0.2588177048	0.4770112617	-703.4612972349
102	2.8089492376	0.4770112617	-1539.7930907623
103	2.5724776676	0.4770112617	-1401.0797133044
104	0.2098978152	0.4770112617	-604.1573258360
105	2.1214113538	0.4770112617	-1473.7163133670
106	3.5006372565	0.4770112617	-1508.3715458174
107	0.5939758330	0.4770112617	-1066.9485751130
108	2.0476554871	0.4770112617	-1487.4818167645
109	3.3777864460	0.4770112617	-1516.7403197718
110	3.0554926448	0.4770112617	-1505.3862528659
111	0.0037053649	0.4770112617	-26.4462965038
112	3.6295350512	0.4770112617	-1534.0149875648
113	2.3803345465	0.4770112617	-1545.5820209911
114	0.9201246192	0.4770112617	-1293.0023179568
115	2.4731475947	0.4770112617	-1490.6658476115
116	3.3878865218	0.4770112617	-1542.1488905042
117	3.7789989155	0.4770112617	-1507.8713722569
118	1.5079544746	0.4770112617	-1398.3086810862
119	2.2291082121	0.4770112617	-1513.5124741828
120	2.7663547972	0.4770112617	-1507.9832903973
121	0.7756965365	0.4770112617	-1219.8701438977
122	0.1491588007	0.4770112617	-456.7584572468
123	3.1286580845	0.4770112617	-1546.0670558695
124	2.9990368001	0.4770112617	-1509.3927346741
