site	rate	t	lnL
1	1.5343949297	0.0637092630	-675.5600888279
2	0.3255645227	0.0637092630	-173.3475210952
3	1.5976879351	0.0637092630	-630.7608455256
4	1.1180522856	0.0637092630	-552.8955615160
5	0.0000000000	0.0637092630	-2.4082816866
6	1.7573579282	0.0637092630	-627.4124980637
7	0.4238025773	0.0637092630	-178.3403090426
8	0.3151175846	0.0637092630	-179.8012746533
9	2.0316569772	0.0637092630	-674.7875647152
10	1.2164119084	0.0637092630	-471.7043217536
11	0.8206708394	0.0637092630	-343.2640649650
12	1.3675476902	0.0637092630	-578.1852601107
13	0.8216892225	0.0637092630	-368.0824405171
14	1.7293498478	0.0637092630	-523.7903869787
15	1.1326611823	0.0637092630	-340.9003043347
16	0.9846095202	0.0637092630	-454.5443580557
17	1.5551710650	0.0637092630	-419.8340120740
18	1.0339923959	0.0637092630	-445.5025189892
19	1.3485395022	0.0637092630	-521.2054809494
20	0.1556105900	0.0637092630	-83.5712789951
21	1.9566987088	0.0637092630	-602.3451538640
22	2.3334677463	0.0637092630	-546.4052294625
23	0.5437687263	0.0637092630	-217.3816979120
24	0.8345475302	0.0637092630	-200.9736953279
25	1.0220630698	0.0637092630	-414.6355460014
26	1.4817229609	0.0637092630	-549.6016347088
27	0.4596004830	0.0637092630	-194.9741543034
28	0.0000000000	0.0637092630	-2.4082816866
29	0.0699872300	0.0637092630	-50.6459714174
30	0.3007518903	0.0637092630	-178.3102779867
31	1.8852270672	0.0637092630	-591.8269072983
32	1.4510241600	0.0637092630	-533.6850721762
33	0.4049949377	0.0637092630	-109.6612035175
34	0.9091363426	0.0637092630	-350.1139775742
35	1.0017660172	0.0637092630	-387.7950065697
36	1.1684090456	0.0637092630	-501.6808710490
37	0.8659324367	0.0637092630	-327.5761235277
38	1.4174629173	0.0637092630	-613.3538360586
39	1.7629594752	0.0637092630	-685.8834975199
40	0.6352251221	0.0637092630	-298.4817718165
41	2.1314682036	0.0637092630	-650.9408093049
42	2.0714357255	0.0637092630	-632.3945252738
43	1.7680026295	0.0637092630	-531.4250915808
44	1.8284372842	0.0637092630	-640.3911882503
45	0.7737017344	0.0637092630	-417.2165912050
46	0.1385406725	0.0637092630	-78.7910541664
47	1.0646898437	0.0637092630	-404.9477502446
48	1.3656269019	0.0637092630	-380.9736869364
49	0.4696589261	0.0637092630	-277.9719152339
50	0.7520674227	0.0637092630	-333.7983608936
51	0.0000000000	0.0637092630	-2.6615488005
52	0.6684892967	0.0637092630	-298.3646271453
53	0.1990044679	0.0637092630	-129.0990053907
54	0.7271291211	0.0637092630	-379.2502332894
55	0.3104579310	0.0637092630	-167.9685082995
56	1.2094165400	0.0637092630	-490.9113437632
57	0.0755361107	0.0637092630	-55.0499629720
58	1.4157028712	0.0637092630	-499.0573499110
59	1.6875087913	0.0637092630	-619.9121530201
60	0.2652326397	0.0637092630	-138.9468643897
61	0.0414103436	0.0637092630	-34.4526566491
62	1.7306525455	0.0637092630	-542.5915949183
63	1.2528395893	0.0637092630	-487.9176509879
64	2.1740215865	0.0637092630	-579.4225828210
65	1.5311862856	0.0637092630	-590.0988653469
66	0.1981585056	0.0637092630	-163.7030250187
67	1.6582655882	0.0637092630	-729.2802337903
68	1.8332847282	0.0637092630	-446.4687980064
69	1.4713346761	0.0637092630	-665.3286269662
70	1.8567614678	0.0637092630	-498.0604410373
71	0.6622228324	0.0637092630	-354.4064899842
72	1.2995745105	0.0637092630	-533.7040370121
73	0.0137348011	0.0637092630	-15.1157171425
74	1.9505612580	0.0637092630	-575.1404730691
75	0.8278332837	0.0637092630	-433.1327986856
76	1.8252623641	0.0637092630	-578.3856457800
77	0.0413848438	0.0637092630	-34.4327781944
78	2.1339960581	0.0637092630	-609.3448627286
79	1.2755858216	0.0637092630	-539.9454810408
80	1.5269087155	0.0637092630	-422.2100513571
81	0.8122794926	0.0637092630	-356.1707243021
82	1.1749016759	0.0637092630	-490.7625364148
83	1.7747984218	0.0637092630	-709.1474872773
84	0.9661898738	0.0637092630	-241.1357108580
85	0.2464251492	0.0637092630	-145.6235762918
86	0.8610590771	0.0637092630	-380.9213763779
87	0.8528957960	0.0637092630	-420.7456726878
88	0.6731151878	0.0637092630	-338.4610983332
89	0.0840825098	0.0637092630	-62.7126500080
90	1.3127097446	0.0637092630	-559.1626700571
91	0.0274968718	0.0637092630	-23.4753809991
92	0.8440437451	0.0637092630	-448.2389172860
93	1.8319996637	0.0637092630	-679.4634890583
94	0.1988451802	0.0637092630	-131.3100777450
95	1.1724783058	0.0637092630	-600.7665137799
96	1.0640638294	0.0637092630	-454.2923569369
97	1.2656575702	0.0637092630	-602.9023392501
98	1.4830214964	0.0637092630	-637.5918616316
99	1.8922006624	0.0637092630	-645.9985399787
100	0.8610727949	0.0637092630	-387.0186644471
101	0.1484693220	0.0637092630	-68.7483638985
102	1.5816459763	0.0637092630	-514.1613475594
103	0.4997377956	0.0637092630	-265.1990381127
104	0.1875423581	0.0637092630	-112.2905739129
105	2.4972798534	0.0637092630	-665.4864724849
106	1.0654931493	0.0637092630	-473.1048444805
107	0.5253293892	0.0637092630	-149.4372406884
108	0.8208855528	0.0637092630	-481.5252410737
109	1.8432842117	0.0637092630	-589.5480224299
110	1.8517320112	0.0637092630	-541.2743538999
111	0.0000000000	0.0637092630	-2.4082816866
112	1.8024715567	0.0637092630	-658.8040850852
113	1.4665446206	0.0637092630	-574.1959793282
114	0.4109930044	0.0637092630	-188.9887882081
115	2.4433952931	0.0637092630	-557.6521523138
116	1.6791936717	0.0637092630	-632.6249243987
117	1.5187936698	0.0637092630	-533.7338769295
118	0.9483919786	0.0637092630	-437.4684008908
119	1.3358752678	0.0637092630	-548.0678576585
120	1.3692306325	0.0637092630	-596.7673607297
121	0.1554109025	0.0637092630	-84.6129553639
122	0.1113919337	0.0637092630	-77.5439955521
123	1.7946853272	0.0637092630	-660.3989652662
124	1.7627718075	0.0637092630	-703.3326676802
