site	rate	t	lnL
1	1.3946020036	0.0063828861	-93.4983067101
2	0.2367004361	0.0063828861	-26.6651807306
3	0.9947597733	0.0063828861	-63.9945716970
4	0.4932129167	0.0063828861	-47.1179959310
5	0.1805568660	0.0063828861	-17.6150367419
6	1.6242290313	0.0063828861	-88.6398955926
7	0.1595079097	0.0063828861	-14.5522087758
8	0.0000000000	0.0063828861	-2.2356945643
9	2.2277414569	0.0063828861	-120.6273595024
10	2.6875583777	0.0063828861	-104.9915623404
11	1.6048495387	0.0063828861	-32.9771527085
12	1.6216258020	0.0063828861	-96.9000319679
13	0.1496875361	0.0063828861	-11.7515088825
14	1.0031367067	0.0063828861	-59.0108005923
15	0.3048535511	0.0063828861	-24.3952809348
16	1.5636051337	0.0063828861	-109.7855253777
17	1.7883434799	0.0063828861	-91.2681640389
18	2.8426217922	0.0063828861	-80.9879724723
19	1.6366366380	0.0063828861	-122.8534912329
20	1.9455933345	0.0063828861	-67.0753016009
21	0.5745853133	0.0063828861	-54.8830157062
22	1.8350673387	0.0063828861	-137.2864361641
23	0.3196289496	0.0063828861	-24.6124944978
24	0.3335822812	0.0063828861	-23.2787011968
25	0.7600658709	0.0063828861	-52.3100337673
26	0.1140080252	0.0063828861	-16.6201429727
27	0.0000000000	0.0063828861	-2.4243413276
28	0.0000000000	0.0063828861	-2.3524468997
29	0.0000000000	0.0063828861	-2.2356945643
30	0.3411617096	0.0063828861	-31.5427960487
31	3.0327076888	0.0063828861	-57.6856786256
32	1.6706557334	0.0063828861	-66.5766820851
33	0.5260374022	0.0063828861	-36.3211335766
34	2.3634604936	0.0063828861	-78.8407899349
35	1.3525246472	0.0063828861	-77.2636665056
36	1.9399758721	0.0063828861	-109.2609682899
37	1.5190830054	0.0063828861	-102.1355194401
38	1.4697388521	0.0063828861	-62.5542742440
39	0.7593332232	0.0063828861	-35.8286724232
40	2.1216440176	0.0063828861	-132.6442077141
41	0.3678824108	0.0063828861	-32.0783044848
42	5.4541284927	0.0063828861	-102.5743837522
43	1.5899720657	0.0063828861	-115.9857943640
44	2.1893311871	0.0063828861	-115.7029165572
45	0.6696653318	0.0063828861	-42.3639222827
46	0.3340668176	0.0063828861	-25.0015691293
47	0.3197418563	0.0063828861	-27.7730028451
48	2.1034581914	0.0063828861	-110.9016304554
49	1.1341246804	0.0063828861	-83.6049172474
50	1.2983915593	0.0063828861	-82.7561487310
51	0.0000000000	0.0063828861	-2.5404134989
52	0.1519784916	0.0063828861	-14.5019847262
53	1.2898078881	0.0063828861	-55.9267866713
54	1.0337098136	0.0063828861	-100.0407059160
55	0.3042424200	0.0063828861	-21.7270503289
56	1.2486541662	0.0063828861	-103.3058508010
57	0.0000000000	0.0063828861	-3.0509061778
58	0.5362342300	0.0063828861	-42.3651825594
59	1.4688417834	0.0063828861	-66.3629421738
60	0.2283903667	0.0063828861	-24.9366511409
61	0.0000000000	0.0063828861	-2.3524468997
62	1.1177252408	0.0063828861	-89.6181104533
63	2.1567086451	0.0063828861	-124.0381026143
64	0.3340921586	0.0063828861	-23.8760556583
65	0.8070876644	0.0063828861	-55.8659050924
66	1.5703646003	0.0063828861	-71.0806603105
67	1.9936848685	0.0063828861	-133.2932193689
68	0.0000000000	0.0063828861	-2.5404134989
69	0.8549528487	0.0063828861	-67.3569362085
70	1.0853428975	0.0063828861	-62.0310588374
71	0.7440820117	0.0063828861	-66.6337157220
72	2.5577313779	0.0063828861	-120.0602696534
73	0.0000000000	0.0063828861	-2.3524468997
74	2.1297839848	0.0063828861	-118.9910260791
75	0.3061598389	0.0063828861	-28.1982945809
76	0.6823896559	0.0063828861	-33.0536452092
77	0.0000000000	0.0063828861	-2.3524468997
78	1.8025042214	0.0063828861	-101.8136924318
79	1.7192901132	0.0063828861	-71.2697224417
80	0.4582008916	0.0063828861	-39.2216300222
81	0.4863319841	0.0063828861	-44.1387195981
82	0.9100839034	0.0063828861	-57.2014774225
83	1.7465665032	0.0063828861	-110.5588180937
84	0.0000000000	0.0063828861	-3.0806380975
85	0.9212605294	0.0063828861	-94.3486752009
86	2.1521434013	0.0063828861	-112.3885144094
87	3.1723445063	0.0063828861	-104.7926554937
88	0.4802472569	0.0063828861	-39.0615928782
89	1.6705176493	0.0063828861	-122.1047403943
90	1.1043075234	0.0063828861	-82.0988325246
91	0.0000000000	0.0063828861	-2.3524468997
92	0.1594665864	0.0063828861	-11.1289359742
93	0.9863724505	0.0063828861	-75.8873753581
94	0.6804738929	0.0063828861	-37.4286791496
95	0.2784791607	0.0063828861	-30.3641443114
96	1.2496442805	0.0063828861	-96.8408042122
97	1.4370408653	0.0063828861	-73.2198593260
98	0.4997462900	0.0063828861	-32.0566152026
99	2.9738081104	0.0063828861	-96.9139509730
100	0.1666655910	0.0063828861	-14.2846932345
101	0.1521350159	0.0063828861	-15.4571446041
102	2.7175653614	0.0063828861	-110.9869971193
103	3.5190562446	0.0063828861	-72.4704567104
104	0.1139256426	0.0063828861	-13.1074340191
105	1.8142575760	0.0063828861	-148.8774262990
106	2.8575318044	0.0063828861	-64.7766662208
107	0.2359820051	0.0063828861	-25.3114010648
108	1.5179926629	0.0063828861	-92.0528343689
109	1.2706030874	0.0063828861	-91.4844655989
110	3.1483437952	0.0063828861	-112.5891019472
111	0.0000000000	0.0063828861	-2.3524468997
112	2.6442539679	0.0063828861	-49.9131874912
113	1.1277117074	0.0063828861	-87.4766671911
114	1.8731854523	0.0063828861	-115.8931261774
115	1.4539884351	0.0063828861	-87.5058384390
116	0.7131433442	0.0063828861	-63.7503567318
117	1.9084732318	0.0063828861	-115.9680621702
118	0.6405239551	0.0063828861	-42.5085570547
119	0.4213951679	0.0063828861	-36.8018935300
120	3.0125748956	0.0063828861	-109.6354068863
121	0.0000000000	0.0063828861	-2.5404134989
122	0.0000000000	0.0063828861	-2.3524468997
123	1.5472975568	0.0063828861	-100.5594523175
124	0.7193540943	0.0063828861	-66.4662078044
