site	rate	t	lnL
1	2.4247318373	0.5183621118	-1525.8271317077
2	0.5704198902	0.5183621118	-962.8077790342
3	1.8231321439	0.5183621118	-1503.8439583547
4	2.3042650492	0.5183621118	-1494.9833421111
5	0.4217623146	0.5183621118	-525.2359156982
6	2.4711298794	0.5183621118	-1496.2811197921
7	0.3380932891	0.5183621118	-781.0666549969
8	0.7864801557	0.5183621118	-1236.3861857513
9	1.8877415887	0.5183621118	-1519.2496372550
10	1.8984429181	0.5183621118	-1451.2714241353
11	0.4248003583	0.5183621118	-853.6399009580
12	2.6629342493	0.5183621118	-1545.0390189414
13	1.1081557837	0.5183621118	-1291.5932207964
14	1.2155314003	0.5183621118	-1049.2228788577
15	0.4248120088	0.5183621118	-897.7703132933
16	1.9138079517	0.5183621118	-1492.1187433655
17	2.1047746551	0.5183621118	-1420.6595516044
18	1.3607623097	0.5183621118	-1294.8138951125
19	1.5992476942	0.5183621118	-1440.3680773268
20	0.4477986277	0.5183621118	-502.5652274148
21	1.0195427237	0.5183621118	-1245.1466522775
22	1.9118846599	0.5183621118	-1409.1057026921
23	0.7704953336	0.5183621118	-1199.1522129067
24	0.1452317862	0.5183621118	-245.0553743575
25	1.5548731283	0.5183621118	-1467.1511573279
26	0.3296717837	0.5183621118	-552.5873779631
27	0.2485147800	0.5183621118	-663.2976874403
28	0.0046303774	0.5183621118	-12.5876555086
29	0.1904402621	0.5183621118	-622.0148342189
30	0.4968965728	0.5183621118	-1000.3892641772
31	2.5425453434	0.5183621118	-1489.7595943145
32	0.8392862761	0.5183621118	-1232.8145787847
33	0.2172386612	0.5183621118	-544.7223986053
34	1.8236133514	0.5183621118	-1403.7897067015
35	1.3025601498	0.5183621118	-1299.9290964807
36	2.3547473755	0.5183621118	-1521.9590181956
37	1.6063490552	0.5183621118	-1364.4384830753
38	2.2045521973	0.5183621118	-1526.0289207368
39	2.8359964723	0.5183621118	-1510.8136944442
40	1.0342907639	0.5183621118	-1354.9157244182
41	1.2744072045	0.5183621118	-1472.4763803031
42	3.3065757535	0.5183621118	-1542.1475598307
43	1.9730239395	0.5183621118	-1497.4059408019
44	2.5787923960	0.5183621118	-1518.0012066516
45	1.4957388477	0.5183621118	-1415.5312326652
46	0.8687257415	0.5183621118	-867.4853421964
47	0.2724805256	0.5183621118	-764.6089050932
48	1.2988898808	0.5183621118	-1403.2177891821
49	1.0608689114	0.5183621118	-1355.2351784415
50	0.7483816678	0.5183621118	-1099.5056177929
51	0.0248476255	0.5183621118	-40.5972361121
52	0.3405267164	0.5183621118	-812.1872342266
53	0.5125536121	0.5183621118	-1004.5726523713
54	0.8104507758	0.5183621118	-1248.3436390261
55	0.3848167423	0.5183621118	-884.4231502274
56	1.0448721279	0.5183621118	-1403.2257884021
57	0.1560982684	0.5183621118	-455.4882192544
58	0.9342851031	0.5183621118	-1275.9221660904
59	2.0964840887	0.5183621118	-1510.2022142351
60	0.6549548519	0.5183621118	-926.6088922087
61	0.1834082498	0.5183621118	-264.5348180122
62	1.9072487318	0.5183621118	-1509.6261954818
63	0.6207482623	0.5183621118	-960.5789036891
64	1.3263808987	0.5183621118	-1185.9699638839
65	1.7623443168	0.5183621118	-1510.1957890299
66	0.4602460920	0.5183621118	-982.0206280829
67	2.4013613652	0.5183621118	-1545.9010443621
68	1.4558391403	0.5183621118	-1194.7716039509
69	2.4004509710	0.5183621118	-1516.6020897147
70	2.8061162892	0.5183621118	-1506.8584368703
71	1.5359054454	0.5183621118	-1387.9699069419
72	1.3605978745	0.5183621118	-1401.9281242240
73	0.0556504597	0.5183621118	-95.6408752499
74	1.3560918629	0.5183621118	-1114.9085311997
75	1.0134184060	0.5183621118	-1296.5462967802
76	2.4014691455	0.5183621118	-1522.4644117255
77	0.1448571607	0.5183621118	-211.0450106084
78	2.3794397174	0.5183621118	-1512.2187056454
79	1.9447301649	0.5183621118	-1450.5801312600
80	0.4494781453	0.5183621118	-1011.2697435099
81	1.0213563323	0.5183621118	-1308.4135893413
82	2.6128507695	0.5183621118	-1533.2280969421
83	2.4916383081	0.5183621118	-1530.1132560072
84	0.7375322989	0.5183621118	-1084.1587694093
85	0.3914333892	0.5183621118	-923.7342047877
86	0.9039976413	0.5183621118	-1396.3642522450
87	2.1060410817	0.5183621118	-1428.6286470358
88	0.6312483193	0.5183621118	-1224.2763943293
89	0.3302828322	0.5183621118	-731.3682420947
90	2.3885327033	0.5183621118	-1505.5182970193
91	0.1412752136	0.5183621118	-219.5131693565
92	0.6542546061	0.5183621118	-1077.3420711095
93	1.9670393439	0.5183621118	-1450.7762112481
94	0.3523596092	0.5183621118	-768.6008502683
95	0.3605510226	0.5183621118	-892.9748228222
96	2.1638778920	0.5183621118	-1492.5270680285
97	2.1271970930	0.5183621118	-1478.6155895735
98	1.8547546058	0.5183621118	-1301.5902417174
99	2.5063461826	0.5183621118	-1529.3454977153
100	0.3001615076	0.5183621118	-377.2003046204
101	0.1711483924	0.5183621118	-522.1235196044
102	2.4777911161	0.5183621118	-1525.4391426452
103	1.5059124500	0.5183621118	-1378.0059241764
104	0.3630456953	0.5183621118	-567.2408468932
105	1.9200078035	0.5183621118	-1470.3813679221
106	2.1529511677	0.5183621118	-1440.2951201792
107	0.6213161102	0.5183621118	-947.0780433426
108	1.6517211830	0.5183621118	-1476.4256543826
109	2.4646254426	0.5183621118	-1508.7605738490
110	2.1755385318	0.5183621118	-1471.8832172196
111	0.0046303892	0.5183621118	-12.5876555086
112	3.0820342242	0.5183621118	-1525.6444520053
113	2.5748858714	0.5183621118	-1537.7184456619
114	0.8795395303	0.5183621118	-1187.3414884846
115	1.5908243524	0.5183621118	-1456.9646758789
116	2.3231608643	0.5183621118	-1534.6289166900
117	2.3064304103	0.5183621118	-1468.7834279116
118	1.4110693474	0.5183621118	-1352.3606382780
119	1.0254839487	0.5183621118	-1416.3334058091
120	1.9685846306	0.5183621118	-1479.7598294092
121	1.2095113949	0.5183621118	-1054.4357007616
122	0.3564796628	0.5183621118	-468.0029785374
123	2.5973840908	0.5183621118	-1540.2301541373
124	3.4124816588	0.5183621118	-1536.8822649302
