site	rate	t	lnL
1	1.0940307014	0.0666109781	-432.9895096973
2	0.9412531860	0.0666109781	-381.8834971534
3	0.8811817594	0.0666109781	-370.9029676497
4	1.7451004059	0.0666109781	-650.5594090951
5	0.0321510325	0.0666109781	-22.7414925473
6	1.5892123493	0.0666109781	-585.3570336342
7	0.4152636142	0.0666109781	-192.3221733940
8	1.0758411090	0.0666109781	-421.4541555479
9	1.3819164662	0.0666109781	-530.2967450110
10	0.9051737770	0.0666109781	-371.5251700959
11	0.8145588297	0.0666109781	-343.9142540446
12	1.6521309918	0.0666109781	-619.5811934078
13	1.5062948545	0.0666109781	-553.6590250164
14	0.9294321121	0.0666109781	-387.6669208117
15	1.2807504887	0.0666109781	-494.0742653909
16	1.4426118151	0.0666109781	-559.2892355421
17	1.0587654567	0.0666109781	-438.1957310499
18	1.4932360342	0.0666109781	-555.5284985784
19	1.0055504454	0.0666109781	-410.4527819994
20	1.6822034402	0.0666109781	-604.5178421682
21	0.4572946032	0.0666109781	-217.9014907770
22	1.4267745316	0.0666109781	-556.1431333815
23	0.5512470795	0.0666109781	-239.7721872353
24	0.1273103158	0.0666109781	-80.5849250578
25	1.0958114069	0.0666109781	-434.1242602152
26	0.1255274565	0.0666109781	-69.9819596029
27	0.4649029185	0.0666109781	-208.9473222894
28	0.0000000000	0.0666109781	-2.4759998607
29	0.1151478113	0.0666109781	-61.5769098997
30	0.5543649527	0.0666109781	-250.1131833036
31	1.7728271577	0.0666109781	-635.6920789093
32	0.3221050175	0.0666109781	-156.0932363478
33	0.2018214626	0.0666109781	-111.7622232894
34	1.4962706473	0.0666109781	-566.5742446998
35	1.2552992626	0.0666109781	-483.4654334930
36	1.6041129300	0.0666109781	-582.8036796341
37	0.9965337167	0.0666109781	-430.7949132203
38	1.2922261860	0.0666109781	-509.6417279266
39	1.3338092410	0.0666109781	-519.1895751010
40	1.6601484486	0.0666109781	-597.8096998767
41	1.5686414857	0.0666109781	-572.0223092349
42	1.5320898932	0.0666109781	-578.5892914442
43	1.3358929224	0.0666109781	-500.7003997731
44	1.6896332829	0.0666109781	-619.4866119299
45	1.4719041606	0.0666109781	-561.1338878242
46	1.2717035908	0.0666109781	-486.0376972718
47	0.7155087592	0.0666109781	-320.8097117385
48	1.1067840665	0.0666109781	-449.4956923092
49	1.7788929705	0.0666109781	-629.2594106114
50	0.5055364069	0.0666109781	-234.1553968882
51	0.0000000000	0.0666109781	-2.6202397798
52	0.2732913201	0.0666109781	-141.5841897623
53	0.3818538749	0.0666109781	-180.7367750219
54	0.5918820588	0.0666109781	-273.3708193147
55	1.2790773165	0.0666109781	-482.5928054323
56	1.2401505859	0.0666109781	-496.0580301313
57	0.0921093167	0.0666109781	-56.9954506673
58	1.2478914129	0.0666109781	-482.3483127185
59	0.9397456598	0.0666109781	-383.7329064779
60	0.5194329903	0.0666109781	-237.0684872511
61	0.0160624538	0.0666109781	-13.6813262180
62	1.0591367845	0.0666109781	-433.3078974201
63	1.2515214426	0.0666109781	-488.3203766182
64	0.3212939536	0.0666109781	-158.2537452951
65	1.5338960599	0.0666109781	-581.4457992134
66	0.2335993310	0.0666109781	-127.1443750594
67	1.5413843287	0.0666109781	-603.2317335610
68	0.3858314319	0.0666109781	-186.6824271245
69	1.7076342603	0.0666109781	-617.2436152336
70	1.3282871270	0.0666109781	-517.7095457107
71	0.8714462554	0.0666109781	-356.0159308697
72	1.3615490702	0.0666109781	-518.7915923677
73	0.0321460898	0.0666109781	-23.1274869536
74	1.4582594133	0.0666109781	-553.6509379321
75	1.5636583914	0.0666109781	-576.8585489421
76	1.3103960972	0.0666109781	-509.1605451148
77	0.0160635626	0.0666109781	-12.9363724606
78	1.5813503504	0.0666109781	-603.3119592982
79	1.2370932432	0.0666109781	-500.2991871913
80	0.2080692727	0.0666109781	-113.6717878420
81	1.1948448038	0.0666109781	-465.7972484409
82	1.2544264401	0.0666109781	-492.1221796569
83	1.6712321204	0.0666109781	-608.3057137508
84	0.3412573094	0.0666109781	-171.9767309409
85	0.3647363872	0.0666109781	-174.5322467523
86	1.8347903789	0.0666109781	-668.7174386919
87	1.6250201759	0.0666109781	-602.7573962872
88	0.3462557275	0.0666109781	-175.9154918030
89	0.4467398080	0.0666109781	-202.8606174698
90	1.3676554727	0.0666109781	-532.2365412048
91	0.0321472529	0.0666109781	-22.7787487235
92	0.5771319713	0.0666109781	-252.0069393188
93	1.5669702141	0.0666109781	-573.6893194030
94	0.3626943879	0.0666109781	-175.4457100672
95	0.8801508463	0.0666109781	-366.1474817137
96	1.4421164538	0.0666109781	-541.2584823502
97	1.6355782623	0.0666109781	-606.9856340753
98	1.5001886746	0.0666109781	-542.0130334350
99	1.1476302499	0.0666109781	-466.7053344979
100	0.5273557346	0.0666109781	-238.7474836485
101	0.1316190523	0.0666109781	-72.3502406086
102	1.2335662274	0.0666109781	-494.7521005519
103	1.2744088296	0.0666109781	-491.8370896987
104	0.0939965658	0.0666109781	-56.4900629418
105	1.5449668596	0.0666109781	-584.5866891041
106	2.0436882172	0.0666109781	-712.2205484848
107	0.3599851639	0.0666109781	-178.1679576254
108	1.4602122354	0.0666109781	-572.5989324551
109	1.2961927940	0.0666109781	-503.4533221908
110	1.2824978158	0.0666109781	-489.9026806861
111	0.0000000000	0.0666109781	-2.4759998607
112	1.5979105322	0.0666109781	-595.0376567330
113	0.9797180666	0.0666109781	-411.1109413895
114	0.5199681659	0.0666109781	-250.3697965507
115	1.0884450442	0.0666109781	-450.1471705850
116	1.4310154788	0.0666109781	-552.4608779217
117	1.4735766574	0.0666109781	-550.7708599074
118	0.6736135103	0.0666109781	-296.8228351696
119	1.3106567044	0.0666109781	-507.3414287835
120	1.4577754425	0.0666109781	-538.1642512101
121	1.2538275161	0.0666109781	-490.9545186200
122	1.5688108652	0.0666109781	-571.0210665414
123	1.1246909225	0.0666109781	-452.1224451947
124	1.4518121861	0.0666109781	-543.2590130604
