site	rate	t	lnL
1	4.1602148480	0.5065132326	-1556.9297080306
2	0.6009303665	0.5065132326	-983.7107584902
3	1.8667717571	0.5065132326	-1503.8276120812
4	2.4094349585	0.5065132326	-1497.6657644753
5	0.3550548877	0.5065132326	-433.1468522388
6	1.9538570644	0.5065132326	-1503.8781894362
7	0.4476900563	0.5065132326	-861.5604446185
8	0.5783576286	0.5065132326	-1131.7047785811
9	1.4423844685	0.5065132326	-1481.2376888084
10	1.8084380512	0.5065132326	-1420.9540422361
11	0.4424107196	0.5065132326	-826.5803054914
12	2.3496987863	0.5065132326	-1531.8467735083
13	1.1101633995	0.5065132326	-1351.0830445424
14	1.4679329339	0.5065132326	-1194.8712910032
15	0.4136300872	0.5065132326	-866.2143510149
16	1.8961683320	0.5065132326	-1487.0057346553
17	1.9789895852	0.5065132326	-1403.0694614928
18	1.3713588655	0.5065132326	-1285.3999956737
19	2.0092220035	0.5065132326	-1468.3042654856
20	0.5916697004	0.5065132326	-608.5698847325
21	0.9997136050	0.5065132326	-1210.4635843677
22	1.9792012073	0.5065132326	-1436.4742064304
23	0.6768100657	0.5065132326	-1134.7514951173
24	0.3899342901	0.5065132326	-531.4461906479
25	1.4902644797	0.5065132326	-1444.5373384601
26	0.3637480023	0.5065132326	-559.6121827936
27	0.3597781739	0.5065132326	-792.2302563796
28	0.0143653246	0.5065132326	-29.7718620592
29	0.0881929503	0.5065132326	-350.7815909444
30	0.4596184301	0.5065132326	-963.6683052530
31	2.0025233242	0.5065132326	-1469.0087989964
32	0.8202466471	0.5065132326	-1237.2101306849
33	0.3266950433	0.5065132326	-711.6917329447
34	1.9327832816	0.5065132326	-1439.2524867278
35	1.1523305564	0.5065132326	-1283.0953490946
36	2.5630215660	0.5065132326	-1534.3730968671
37	1.6095718791	0.5065132326	-1345.8487841445
38	2.2651099681	0.5065132326	-1515.3306230870
39	2.0540991624	0.5065132326	-1478.7743253091
40	1.1712523684	0.5065132326	-1391.3821775287
41	1.3852699352	0.5065132326	-1482.1419590826
42	3.2242343468	0.5065132326	-1533.2134089254
43	1.5791821050	0.5065132326	-1446.4838884291
44	2.5901288754	0.5065132326	-1540.4799123642
45	1.3884383310	0.5065132326	-1369.1155520140
46	0.8676969722	0.5065132326	-806.7674048840
47	0.5458742874	0.5065132326	-1069.9820857191
48	1.4378599633	0.5065132326	-1391.7363974627
49	0.8810492008	0.5065132326	-1300.0050700826
50	0.6051039772	0.5065132326	-1029.5808597863
51	0.0102303891	0.5065132326	-20.8697882493
52	0.3190413779	0.5065132326	-766.2869159978
53	0.4041179958	0.5065132326	-905.7828729957
54	0.7608845740	0.5065132326	-1206.2283807964
55	0.4225033540	0.5065132326	-880.1789716062
56	0.9612596774	0.5065132326	-1406.0649727952
57	0.2474441583	0.5065132326	-587.1550670845
58	1.0376049323	0.5065132326	-1313.9879865216
59	2.1030458830	0.5065132326	-1484.6356411632
60	0.4965051990	0.5065132326	-714.8598308497
61	0.1482113926	0.5065132326	-214.1323671726
62	2.2518404701	0.5065132326	-1514.5491419380
63	0.3760224626	0.5065132326	-702.4905047033
64	1.4964580108	0.5065132326	-1237.8878400538
65	1.5358516888	0.5065132326	-1482.7000569857
66	0.3188407262	0.5065132326	-760.6956965950
67	2.3899241934	0.5065132326	-1546.1014767831
68	1.3067095612	0.5065132326	-1138.7899900864
69	2.5984127769	0.5065132326	-1517.0834864703
70	2.7041129885	0.5065132326	-1500.1681999180
71	1.2584441258	0.5065132326	-1364.6076411325
72	1.4720714400	0.5065132326	-1457.1039274352
73	0.0617518683	0.5065132326	-99.3243763025
74	1.0259911895	0.5065132326	-974.9144429434
75	0.8732960710	0.5065132326	-1208.3547571223
76	1.8508213708	0.5065132326	-1497.5387060156
77	0.1376309061	0.5065132326	-196.6442673884
78	3.1243054104	0.5065132326	-1537.1533943511
79	2.4677309104	0.5065132326	-1496.4064465848
80	0.4567113302	0.5065132326	-996.9348965817
81	1.0845618227	0.5065132326	-1308.5803379339
82	2.4510582114	0.5065132326	-1519.3927593076
83	2.7862492231	0.5065132326	-1549.3367319762
84	0.6621356957	0.5065132326	-1010.4376326409
85	0.4842470468	0.5065132326	-997.9115527412
86	0.8811080113	0.5065132326	-1372.4647160381
87	1.7794308053	0.5065132326	-1381.8607274904
88	0.5562945027	0.5065132326	-1130.9139610384
89	0.2113059054	0.5065132326	-574.5205948196
90	3.1537125298	0.5065132326	-1511.4536712797
91	0.2104938446	0.5065132326	-296.3722151321
92	0.7898300098	0.5065132326	-1117.4580937771
93	1.4842529607	0.5065132326	-1417.1325787627
94	0.3096089554	0.5065132326	-732.3904385162
95	0.3504894147	0.5065132326	-862.2532457798
96	1.8010184015	0.5065132326	-1483.9215162197
97	2.6456127630	0.5065132326	-1473.9639777497
98	1.6216201928	0.5065132326	-1206.2772623008
99	2.0252943893	0.5065132326	-1509.8472991957
100	0.2269350929	0.5065132326	-291.9211648356
101	0.2018583310	0.5065132326	-550.5298826060
102	2.2567221759	0.5065132326	-1525.8159698124
103	1.3678950814	0.5065132326	-1350.5926696319
104	0.2767603710	0.5065132326	-453.0284057623
105	1.7884107818	0.5065132326	-1432.7122583055
106	2.0965250017	0.5065132326	-1453.6718392770
107	0.5725576595	0.5065132326	-824.1348475288
108	1.9290688385	0.5065132326	-1483.5110439131
109	2.6577817654	0.5065132326	-1513.6553568983
110	1.9231149901	0.5065132326	-1453.5418312654
111	0.0823407209	0.5065132326	-132.2323807812
112	3.0674717667	0.5065132326	-1518.5335226906
113	2.2149010062	0.5065132326	-1535.6930360378
114	0.7369946491	0.5065132326	-1091.2422743591
115	1.6155411103	0.5065132326	-1490.5126179032
116	2.5050807975	0.5065132326	-1550.2992850373
117	2.0055614778	0.5065132326	-1476.7613779306
118	1.4927329388	0.5065132326	-1321.6069465118
119	0.8850113951	0.5065132326	-1379.9300204918
120	3.6748748536	0.5065132326	-1528.6874864558
121	1.1677589650	0.5065132326	-1065.3472137442
122	0.3739424310	0.5065132326	-453.1913826851
123	2.4853745986	0.5065132326	-1530.4497215781
124	2.8788341966	0.5065132326	-1520.2517907642
