site	rate	t	lnL
1	3.5357042098	0.5207431889	-1532.2494801623
2	0.5252060401	0.5207431889	-1079.7339538317
3	3.0603877605	0.5207431889	-1558.9147815892
4	2.5153193217	0.5207431889	-1482.7477760935
5	0.0608807699	0.5207431889	-290.9076514840
6	3.1464498180	0.5207431889	-1519.2369430128
7	0.8749370348	0.5207431889	-1121.1242847785
8	1.3382887483	0.5207431889	-1360.4866236183
9	2.6214864520	0.5207431889	-1535.0122319383
10	4.2380358835	0.5207431889	-1494.6890067857
11	0.7226555976	0.5207431889	-1004.1306668376
12	2.7814441597	0.5207431889	-1557.7115817706
13	1.2352510136	0.5207431889	-1395.5853180084
14	0.8057047513	0.5207431889	-1276.0370087828
15	0.4700854964	0.5207431889	-925.9237185036
16	2.4037817065	0.5207431889	-1520.3847819629
17	1.5524369895	0.5207431889	-1437.9451564072
18	1.0438318317	0.5207431889	-1387.0862981104
19	2.6605492400	0.5207431889	-1499.8210885990
20	0.1797820887	0.5207431889	-528.4935955234
21	1.6089977757	0.5207431889	-1358.2158121620
22	1.9220798026	0.5207431889	-1437.7436761149
23	1.2448219319	0.5207431889	-1240.0433754580
24	0.3337935005	0.5207431889	-567.3502481075
25	2.1584033045	0.5207431889	-1475.2236192090
26	0.1710893750	0.5207431889	-600.2829617766
27	0.6398665966	0.5207431889	-956.2164518362
28	0.0015674920	0.5207431889	-10.8947783323
29	0.1455829718	0.5207431889	-549.7037334197
30	0.5919236603	0.5207431889	-1212.7662843837
31	4.5992858474	0.5207431889	-1517.6395607248
32	1.9485339294	0.5207431889	-1275.4774169465
33	0.3061686705	0.5207431889	-701.2643683271
34	1.2494508607	0.5207431889	-1457.7067910586
35	1.8015914392	0.5207431889	-1315.8601072738
36	3.3621462118	0.5207431889	-1516.5249669697
37	1.6356547601	0.5207431889	-1333.6858422825
38	3.6276345292	0.5207431889	-1530.3492192805
39	3.5753670312	0.5207431889	-1529.2858814037
40	1.0056377886	0.5207431889	-1398.9179650157
41	1.0153959944	0.5207431889	-1445.2609525475
42	3.9569676424	0.5207431889	-1535.3642671632
43	1.7551220442	0.5207431889	-1479.5374699745
44	2.5457409144	0.5207431889	-1543.9667646964
45	1.4575247285	0.5207431889	-1430.7175873900
46	0.6374821541	0.5207431889	-1144.0683360656
47	0.6342616121	0.5207431889	-1083.7324894618
48	2.1422902928	0.5207431889	-1432.4324022252
49	0.8364312461	0.5207431889	-1383.4666131650
50	1.2898316318	0.5207431889	-1337.0604794563
51	0.0078931917	0.5207431889	-38.4651447919
52	0.6816653203	0.5207431889	-1038.0509716689
53	0.8910834019	0.5207431889	-1123.3162176746
54	0.6622984490	0.5207431889	-1263.8878988115
55	0.6107516903	0.5207431889	-1057.3368133558
56	1.2860986679	0.5207431889	-1517.6459372070
57	0.1838676460	0.5207431889	-492.4590659124
58	1.0681730970	0.5207431889	-1384.9914681304
59	3.0812108299	0.5207431889	-1511.2023977619
60	0.4094847309	0.5207431889	-1008.1918914769
61	0.0260496310	0.5207431889	-160.8961037752
62	3.6464700462	0.5207431889	-1519.1689929037
63	0.5303806460	0.5207431889	-1008.5159507748
64	0.6520149526	0.5207431889	-1178.9101355415
65	1.8747804884	0.5207431889	-1530.6225434953
66	0.5076218747	0.5207431889	-1258.2391917651
67	3.4612453695	0.5207431889	-1588.6254463386
68	0.5763245506	0.5207431889	-1113.2116843055
69	2.9454809918	0.5207431889	-1551.6985977647
70	3.7161953069	0.5207431889	-1511.4314063101
71	1.3921486992	0.5207431889	-1435.3421090115
72	2.2544998162	0.5207431889	-1482.4174683787
73	0.0224579705	0.5207431889	-118.3698493121
74	0.6280104214	0.5207431889	-1167.2348585019
75	1.8077092699	0.5207431889	-1335.7979853518
76	2.4289679037	0.5207431889	-1529.6862170649
77	0.1529855963	0.5207431889	-565.2699189161
78	3.7061130421	0.5207431889	-1544.0100503244
79	4.1301927087	0.5207431889	-1503.7931271624
80	1.0339544620	0.5207431889	-1093.7830755989
81	1.6156291925	0.5207431889	-1422.7483291904
82	2.5233975007	0.5207431889	-1534.1663187836
83	3.1119518533	0.5207431889	-1555.4955891255
84	0.6719922584	0.5207431889	-1100.9078976407
85	0.6220193337	0.5207431889	-1211.6423062192
86	2.3869049013	0.5207431889	-1573.1276441816
87	2.5634121873	0.5207431889	-1489.7780009757
88	1.0094629788	0.5207431889	-1369.8070645238
89	0.1336472609	0.5207431889	-580.4867751469
90	2.7909374377	0.5207431889	-1478.7765543316
91	0.0575109779	0.5207431889	-277.0493690870
92	0.8034690223	0.5207431889	-1184.4266773066
93	2.7275354507	0.5207431889	-1472.7689104918
94	0.6168911710	0.5207431889	-1123.7336108744
95	0.9077731675	0.5207431889	-1349.4226285990
96	3.1594817785	0.5207431889	-1501.1471484273
97	3.2883454731	0.5207431889	-1472.5816527859
98	1.1828973429	0.5207431889	-1403.2659413783
99	2.9372209260	0.5207431889	-1554.2265078755
100	0.2069703354	0.5207431889	-591.8663459019
101	0.4035177004	0.5207431889	-742.9702783305
102	2.8634423179	0.5207431889	-1546.8089681453
103	3.5552363244	0.5207431889	-1433.2717116407
104	0.1699767974	0.5207431889	-597.5254680358
105	2.0320998533	0.5207431889	-1481.8471704733
106	1.9325173747	0.5207431889	-1488.3047914896
107	0.4271709821	0.5207431889	-1039.8276993005
108	2.7970582537	0.5207431889	-1497.8979997598
109	3.8247860463	0.5207431889	-1532.3470681605
110	3.1565541019	0.5207431889	-1520.5765354360
111	0.0047234861	0.5207431889	-36.8067078257
112	2.6925442296	0.5207431889	-1515.2191539133
113	2.2037484245	0.5207431889	-1550.3314086368
114	0.6930976622	0.5207431889	-1150.6937939290
115	2.8784174945	0.5207431889	-1506.3288219368
116	3.2933731894	0.5207431889	-1552.6384731462
117	4.2056846465	0.5207431889	-1488.1510379624
118	2.0029098555	0.5207431889	-1432.2091600142
119	1.5780422820	0.5207431889	-1462.9571371675
120	2.8437039174	0.5207431889	-1494.6418549958
121	0.5124997572	0.5207431889	-1065.8874313549
122	0.0922575060	0.5207431889	-376.4072907321
123	3.7697752116	0.5207431889	-1550.1627951354
124	4.7392544429	0.5207431889	-1549.4315933125
