site	rate	t	lnL
1	2.3365568189	0.3597990353	-1488.2747559312
2	0.6069239179	0.3597990353	-950.8898307405
3	2.0473548546	0.3597990353	-1460.1508742616
4	1.8491951405	0.3597990353	-1438.4290681361
5	0.0757166748	0.3597990353	-196.1892451169
6	2.0539905063	0.3597990353	-1478.2011244959
7	0.4895477425	0.3597990353	-838.7363332499
8	0.8577922270	0.3597990353	-1144.0299868163
9	1.9259126596	0.3597990353	-1465.0923363270
10	1.4654348126	0.3597990353	-1408.4490448804
11	0.6104974551	0.3597990353	-969.1632413933
12	2.8522729231	0.3597990353	-1508.6962868871
13	1.5056082049	0.3597990353	-1413.6328771352
14	0.8826778247	0.3597990353	-1164.5670686515
15	0.5382503717	0.3597990353	-897.2474643767
16	1.5988842666	0.3597990353	-1447.2859821274
17	1.4816803559	0.3597990353	-1415.5069294698
18	1.0748773130	0.3597990353	-1264.0435193451
19	2.1183523039	0.3597990353	-1474.2691605513
20	0.2823003977	0.3597990353	-551.6306439394
21	1.2772670031	0.3597990353	-1356.8994942154
22	1.4098573079	0.3597990353	-1408.9871752732
23	0.7792094518	0.3597990353	-1099.6099001408
24	0.1327522097	0.3597990353	-315.4655483130
25	1.5867602004	0.3597990353	-1438.1912582681
26	0.4779307995	0.3597990353	-823.2395132222
27	0.5115415641	0.3597990353	-863.2137342577
28	0.0028670585	0.3597990353	-13.8681675434
29	0.2554795871	0.3597990353	-522.3562927858
30	0.6465297560	0.3597990353	-1012.9848724657
31	2.1016756335	0.3597990353	-1473.3370838841
32	1.0952365976	0.3597990353	-1299.9516351056
33	0.1882070839	0.3597990353	-415.9548607340
34	1.2497316595	0.3597990353	-1377.0504867671
35	1.1048920319	0.3597990353	-1294.6381659366
36	2.5299442072	0.3597990353	-1496.7961775493
37	1.2616893266	0.3597990353	-1351.2221741113
38	2.6334991252	0.3597990353	-1497.5125782712
39	2.2769924815	0.3597990353	-1482.6898969338
40	1.1659575138	0.3597990353	-1315.0814881951
41	1.2906085617	0.3597990353	-1374.2114474882
42	2.4760654816	0.3597990353	-1495.7445369932
43	1.7963426030	0.3597990353	-1449.4621798875
44	2.5400038859	0.3597990353	-1500.0171882981
45	1.7694616704	0.3597990353	-1466.8613032656
46	0.5816441856	0.3597990353	-913.1976996767
47	0.6998905106	0.3597990353	-1039.0159731580
48	1.3968533026	0.3597990353	-1401.5765741089
49	1.1806251427	0.3597990353	-1335.2371622512
50	0.8493431896	0.3597990353	-1153.9647070487
51	0.0028699375	0.3597990353	-13.8681680460
52	0.6651469214	0.3597990353	-1011.8168107740
53	0.5659015990	0.3597990353	-917.9511670509
54	0.9525919405	0.3597990353	-1213.3232029128
55	0.6051675961	0.3597990353	-947.7073681451
56	1.1536666098	0.3597990353	-1325.9674527003
57	0.1569588537	0.3597990353	-362.9145295182
58	1.3278628742	0.3597990353	-1377.6427139848
59	2.2770133920	0.3597990353	-1481.5353973398
60	0.5250371936	0.3597990353	-872.3717013535
61	0.0492360038	0.3597990353	-137.3010100687
62	1.9932336315	0.3597990353	-1458.3732586899
63	0.7291490897	0.3597990353	-1066.1345692387
64	0.7646480987	0.3597990353	-1077.2803783212
65	2.1355186874	0.3597990353	-1482.6244523370
66	0.7441964901	0.3597990353	-1073.8243305403
67	2.5503523362	0.3597990353	-1497.4124748611
68	0.7055003543	0.3597990353	-1049.0670371262
69	1.9277982596	0.3597990353	-1466.8669248729
70	2.2195286779	0.3597990353	-1487.7234849904
71	1.3334537797	0.3597990353	-1370.7492001286
72	1.5409465067	0.3597990353	-1416.5918862266
73	0.0463026841	0.3597990353	-131.3524252248
74	0.7118899030	0.3597990353	-1042.5784048724
75	1.0412109331	0.3597990353	-1268.5509695029
76	1.5960425363	0.3597990353	-1442.2379944466
77	0.0579923471	0.3597990353	-158.2356285100
78	2.6396542403	0.3597990353	-1503.3882441929
79	1.7223852026	0.3597990353	-1447.2997922751
80	0.7798534272	0.3597990353	-1107.8043410932
81	1.1784108934	0.3597990353	-1328.3170885427
82	2.1499385065	0.3597990353	-1473.0260772240
83	2.9671986956	0.3597990353	-1511.1790619518
84	0.5798591924	0.3597990353	-921.4725549890
85	0.6463124554	0.3597990353	-996.6562364815
86	1.2613649391	0.3597990353	-1355.9109081868
87	1.8680124490	0.3597990353	-1466.5659464377
88	0.7974278948	0.3597990353	-1124.4677946741
89	0.4299901441	0.3597990353	-767.1257792214
90	2.1038696345	0.3597990353	-1476.4220375229
91	0.1605454681	0.3597990353	-360.0838338811
92	0.7631594767	0.3597990353	-1094.4931374392
93	1.6643347396	0.3597990353	-1427.6194144239
94	0.5110760998	0.3597990353	-865.3831879622
95	0.5092076331	0.3597990353	-852.2171231428
96	2.2318171875	0.3597990353	-1475.5565849752
97	2.3015184217	0.3597990353	-1484.2591246978
98	1.1136523773	0.3597990353	-1294.3686192338
99	2.1231802984	0.3597990353	-1486.8761785514
100	0.2138473177	0.3597990353	-443.3142250173
101	0.2976823477	0.3597990353	-589.3584211647
102	1.9718063512	0.3597990353	-1469.4713829748
103	1.5075519006	0.3597990353	-1425.5495089804
104	0.5309464855	0.3597990353	-882.8926031612
105	1.4358804047	0.3597990353	-1418.6250539999
106	1.6171423804	0.3597990353	-1432.2206602431
107	0.5955535522	0.3597990353	-941.7821154872
108	1.9372536996	0.3597990353	-1458.7891761364
109	2.2909945901	0.3597990353	-1485.7261863277
110	2.1204626345	0.3597990353	-1470.7579434156
111	0.0028672073	0.3597990353	-13.8681158933
112	2.1028530203	0.3597990353	-1464.6860677336
113	2.4707469930	0.3597990353	-1492.7174908585
114	0.8011323248	0.3597990353	-1120.8233278924
115	1.5780208079	0.3597990353	-1433.4231221171
116	2.1881312577	0.3597990353	-1488.5773735552
117	2.3545776050	0.3597990353	-1487.5293247641
118	1.2229544222	0.3597990353	-1349.2320386253
119	1.2834276994	0.3597990353	-1359.3822385384
120	2.1547826240	0.3597990353	-1476.7881873199
121	0.7404129830	0.3597990353	-1064.7741304876
122	0.2395174241	0.3597990353	-493.0322008730
123	2.5072520373	0.3597990353	-1496.2313955122
124	2.7493831802	0.3597990353	-1505.3754107557
