site	rate	t	lnL
1	3.5751890549	0.4768717327	-1554.2654293164
2	0.5466716658	0.4768717327	-1098.5502220906
3	2.1537587619	0.4768717327	-1490.9733350709
4	2.5020920939	0.4768717327	-1505.2011746452
5	0.0788188773	0.4768717327	-317.7075298418
6	3.2957684267	0.4768717327	-1524.5133116552
7	0.6469218207	0.4768717327	-975.3856662812
8	0.6130914481	0.4768717327	-1141.3313080451
9	2.1840474872	0.4768717327	-1499.2791911103
10	2.8307988401	0.4768717327	-1478.4659892278
11	0.6094420279	0.4768717327	-1022.2367999075
12	3.2888086313	0.4768717327	-1550.7284201164
13	1.2218564392	0.4768717327	-1318.0575556466
14	0.6550170371	0.4768717327	-1116.9261872794
15	0.4090421630	0.4768717327	-945.7208409689
16	2.5523539072	0.4768717327	-1534.4060703154
17	1.4170149321	0.4768717327	-1423.7695609081
18	1.1287396729	0.4768717327	-1377.2239726864
19	2.7569229679	0.4768717327	-1503.7097326735
20	0.4044549299	0.4768717327	-823.7093395571
21	1.5656302831	0.4768717327	-1325.0545876313
22	1.7438624977	0.4768717327	-1343.7653430980
23	1.0245618089	0.4768717327	-1168.7147692778
24	0.1972195644	0.4768717327	-295.5585655558
25	1.8930500644	0.4768717327	-1464.1189356901
26	0.1944215329	0.4768717327	-572.1937981260
27	0.5781658453	0.4768717327	-994.9906199879
28	0.0000000000	0.4768717327	-2.4000870631
29	0.1973463075	0.4768717327	-622.0856152442
30	0.5321232119	0.4768717327	-1096.8722452491
31	3.1993879130	0.4768717327	-1490.8389851640
32	1.5144232982	0.4768717327	-1283.6111697573
33	0.4859275490	0.4768717327	-822.1254932478
34	1.2629563157	0.4768717327	-1452.4081271081
35	1.8070463805	0.4768717327	-1325.8096515877
36	2.6804369035	0.4768717327	-1506.8221609490
37	1.3179292491	0.4768717327	-1144.2542432134
38	2.2639441191	0.4768717327	-1533.6659203258
39	3.3422111066	0.4768717327	-1503.5543063682
40	0.9232000532	0.4768717327	-1318.3480661828
41	1.0665864936	0.4768717327	-1419.5036970019
42	3.5771610487	0.4768717327	-1545.4707057063
43	1.6267231344	0.4768717327	-1472.5431246702
44	2.6083904068	0.4768717327	-1529.7664201836
45	1.8509447372	0.4768717327	-1495.8045304175
46	0.5459092297	0.4768717327	-1010.8394107199
47	0.5886156236	0.4768717327	-1110.3147675718
48	2.1335717951	0.4768717327	-1436.7776478892
49	0.7180945334	0.4768717327	-1310.2469523586
50	1.0548603726	0.4768717327	-1226.2702885128
51	0.0068377033	0.4768717327	-30.9953312181
52	0.6073946203	0.4768717327	-1076.6443791583
53	1.0915313352	0.4768717327	-1199.6801883563
54	0.7421286708	0.4768717327	-1280.6420591483
55	0.5343472395	0.4768717327	-914.7227266670
56	1.8164629493	0.4768717327	-1516.9105921158
57	0.1088985855	0.4768717327	-404.6947591963
58	1.0290837165	0.4768717327	-1306.5407699199
59	2.4638528120	0.4768717327	-1517.3086720760
60	0.5739671113	0.4768717327	-1022.8582674076
61	0.0646106191	0.4768717327	-284.0593087676
62	2.9558535838	0.4768717327	-1512.3181865163
63	0.4747110661	0.4768717327	-974.8807709411
64	0.7479193958	0.4768717327	-1190.0458858285
65	1.3815489161	0.4768717327	-1508.9159179342
66	0.2785203786	0.4768717327	-908.2678414058
67	3.4362173088	0.4768717327	-1575.3730801429
68	0.7650980566	0.4768717327	-1224.7462275152
69	3.3949173771	0.4768717327	-1549.8871972562
70	4.2439812316	0.4768717327	-1528.5531960164
71	1.3360101666	0.4768717327	-1392.4002034905
72	2.1036802472	0.4768717327	-1423.2401860773
73	0.0438043525	0.4768717327	-190.0964619831
74	0.8246787172	0.4768717327	-1253.6445125167
75	2.0271208939	0.4768717327	-1359.2668776046
76	2.7908814319	0.4768717327	-1528.7753084823
77	0.0556744779	0.4768717327	-241.7079118255
78	3.0126046023	0.4768717327	-1516.4459832938
79	5.2341768077	0.4768717327	-1496.5447929628
80	0.9639190654	0.4768717327	-1129.0315222246
81	1.2705702802	0.4768717327	-1352.9391787822
82	2.7853450727	0.4768717327	-1547.1024208128
83	4.3205318182	0.4768717327	-1559.6177216680
84	0.5585431775	0.4768717327	-1046.8863853395
85	0.8819912652	0.4768717327	-1200.4708064045
86	1.9007870778	0.4768717327	-1552.6485741006
87	2.5328890337	0.4768717327	-1445.6089384604
88	0.8444610069	0.4768717327	-1293.2718835920
89	0.6058841460	0.4768717327	-1004.9664794383
90	3.5634155361	0.4768717327	-1495.3802775024
91	0.0967869014	0.4768717327	-369.2911594202
92	0.7691374813	0.4768717327	-1149.1610781925
93	2.7509536525	0.4768717327	-1456.4459839484
94	0.6441305895	0.4768717327	-1061.9418585377
95	0.5051844198	0.4768717327	-1124.6751180953
96	2.4797190455	0.4768717327	-1475.1603344161
97	2.6205838328	0.4768717327	-1466.3978763430
98	1.0551408851	0.4768717327	-1366.8438406024
99	2.4079107932	0.4768717327	-1532.9581279794
100	0.1994320439	0.4768717327	-505.7199681081
101	0.2338833858	0.4768717327	-720.5624957752
102	3.3230403598	0.4768717327	-1552.9795799006
103	3.4747494459	0.4768717327	-1453.2264641966
104	0.2110504397	0.4768717327	-603.6346523244
105	2.1549143450	0.4768717327	-1462.8305055315
106	2.9243971329	0.4768717327	-1500.3898896975
107	0.6807504172	0.4768717327	-1085.8421365859
108	3.3423857274	0.4768717327	-1516.7838632003
109	3.7860500289	0.4768717327	-1538.0370283415
110	2.7137565363	0.4768717327	-1507.2886395389
111	0.0000000000	0.4768717327	-2.4000870631
112	3.0662394890	0.4768717327	-1509.3305613065
113	1.8749554343	0.4768717327	-1506.8687240114
114	0.6910406684	0.4768717327	-1157.6772066389
115	2.1058754344	0.4768717327	-1463.3006020374
116	4.8302364817	0.4768717327	-1564.6295711706
117	3.2446120374	0.4768717327	-1503.5651655596
118	1.5149182335	0.4768717327	-1368.7698886757
119	1.6628031579	0.4768717327	-1467.3010954276
120	3.0845140587	0.4768717327	-1515.9141772903
121	0.5024259323	0.4768717327	-964.2419191241
122	0.2135964912	0.4768717327	-585.8359064085
123	2.3357661502	0.4768717327	-1504.0820878875
124	3.8161586076	0.4768717327	-1551.4795767855
