site	rate	t	lnL
1	3.0824192497	0.5164290257	-1538.4032774217
2	0.5237936960	0.5164290257	-924.8713654752
3	2.6792004807	0.5164290257	-1540.9391769116
4	1.8872776236	0.5164290257	-1479.6437926443
5	0.1264362440	0.5164290257	-212.3821255173
6	2.1496529381	0.5164290257	-1502.8212196141
7	0.3679194508	0.5164290257	-829.8740931876
8	0.5805663210	0.5164290257	-1149.2333803179
9	1.8119380099	0.5164290257	-1492.2791410550
10	1.9442562001	0.5164290257	-1465.7241448949
11	0.4121780148	0.5164290257	-818.1366713277
12	2.2509890788	0.5164290257	-1538.9333256339
13	1.3688288709	0.5164290257	-1371.4782698327
14	1.2530077484	0.5164290257	-1057.9520361831
15	0.3109922726	0.5164290257	-765.3717777829
16	2.3374809777	0.5164290257	-1510.0946631847
17	1.9505400414	0.5164290257	-1380.2694437976
18	1.3357676920	0.5164290257	-1289.4136810157
19	2.1728893701	0.5164290257	-1479.1063156295
20	0.6438002255	0.5164290257	-649.3075276472
21	1.0120070048	0.5164290257	-1255.3271310721
22	1.8531491370	0.5164290257	-1424.3041770812
23	0.5857989424	0.5164290257	-1071.0097737240
24	0.3761645370	0.5164290257	-528.3608643525
25	1.5592435492	0.5164290257	-1457.7320654052
26	0.4203898440	0.5164290257	-668.5232471502
27	0.3704489684	0.5164290257	-802.0349139879
28	0.0553991001	0.5164290257	-92.0528328375
29	0.1705546081	0.5164290257	-602.5653126316
30	0.5525919822	0.5164290257	-1068.0409978900
31	3.0965477906	0.5164290257	-1493.7657099723
32	0.6476530750	0.5164290257	-1165.9071421558
33	0.1656980836	0.5164290257	-492.6335013789
34	1.6247394196	0.5164290257	-1396.6395314324
35	1.4577609984	0.5164290257	-1353.2815259690
36	2.3187482990	0.5164290257	-1500.2532752839
37	1.3837921296	0.5164290257	-1276.1428751886
38	2.2810705785	0.5164290257	-1530.5308524784
39	2.9569849482	0.5164290257	-1528.4270837556
40	0.9889110471	0.5164290257	-1347.8891238467
41	1.1063261591	0.5164290257	-1418.6022390579
42	3.9490714041	0.5164290257	-1552.2636688666
43	1.8790267429	0.5164290257	-1469.8630640351
44	2.1749280308	0.5164290257	-1529.1029167584
45	1.8318132668	0.5164290257	-1449.0209642325
46	1.2266136103	0.5164290257	-1047.5462181757
47	0.5494589872	0.5164290257	-1095.9901044399
48	1.5372946489	0.5164290257	-1401.0946600834
49	0.8048506023	0.5164290257	-1252.7638006145
50	0.7221124383	0.5164290257	-1116.6687475030
51	0.0149211356	0.5164290257	-28.8831431947
52	0.3902264459	0.5164290257	-840.1590346176
53	0.5165303014	0.5164290257	-1015.1235246142
54	0.7269637962	0.5164290257	-1199.4195745911
55	0.3809231791	0.5164290257	-863.8631847548
56	1.0687795618	0.5164290257	-1443.3650872033
57	0.0786908034	0.5164290257	-289.2239452720
58	1.0818176348	0.5164290257	-1329.4276981013
59	1.7163523521	0.5164290257	-1478.1145716201
60	0.7366509647	0.5164290257	-998.6862053876
61	0.0469197992	0.5164290257	-84.6875436669
62	1.9385429137	0.5164290257	-1494.9588039098
63	0.5112056021	0.5164290257	-852.7375930075
64	1.1778921047	0.5164290257	-1022.6338060653
65	1.6209405838	0.5164290257	-1508.7124857284
66	0.3405911684	0.5164290257	-793.9286127391
67	2.0797587626	0.5164290257	-1534.4288100668
68	1.6594055534	0.5164290257	-1324.6852587585
69	2.6116285400	0.5164290257	-1525.3399898196
70	2.0668174184	0.5164290257	-1464.1107336868
71	1.3707805002	0.5164290257	-1363.3116331761
72	1.4885332139	0.5164290257	-1428.5990569120
73	0.0795637904	0.5164290257	-127.3067828896
74	1.3059479137	0.5164290257	-1113.4415160228
75	0.9290760899	0.5164290257	-1226.4102733287
76	1.9101366021	0.5164290257	-1492.5450467826
77	0.1627278871	0.5164290257	-230.9417415054
78	2.8339202972	0.5164290257	-1540.7974005841
79	3.1236606064	0.5164290257	-1483.5624900447
80	0.3392980734	0.5164290257	-877.6435150168
81	1.1616425516	0.5164290257	-1344.4789247405
82	2.6201057071	0.5164290257	-1538.4149729518
83	3.5111257624	0.5164290257	-1556.5578911523
84	0.6090526099	0.5164290257	-944.0757619463
85	0.4658671598	0.5164290257	-999.8583127704
86	1.0924499874	0.5164290257	-1468.4960890662
87	2.2057420241	0.5164290257	-1485.2024660812
88	0.6204684088	0.5164290257	-1165.8935522852
89	0.2295108096	0.5164290257	-609.5324116278
90	2.2748124753	0.5164290257	-1502.1596300145
91	0.2429831893	0.5164290257	-331.4840366895
92	0.5819595927	0.5164290257	-1072.0911687590
93	1.9557836854	0.5164290257	-1494.6302725799
94	0.3244083211	0.5164290257	-739.2901904508
95	0.4491349287	0.5164290257	-1000.0406320305
96	2.3224251994	0.5164290257	-1488.4030778036
97	2.8561801097	0.5164290257	-1466.9287884129
98	2.0248518559	0.5164290257	-1355.6720375645
99	2.3016391092	0.5164290257	-1527.8390380780
100	0.3073888808	0.5164290257	-377.3958699246
101	0.1540267824	0.5164290257	-476.8890378935
102	1.9746077189	0.5164290257	-1509.0756599256
103	1.6167955647	0.5164290257	-1383.7403148891
104	0.4094168232	0.5164290257	-635.2748906174
105	1.8821083178	0.5164290257	-1454.1271343787
106	1.7845964834	0.5164290257	-1466.4577590841
107	0.4738464479	0.5164290257	-860.3099434863
108	1.5455254990	0.5164290257	-1442.6783310961
109	2.1496914621	0.5164290257	-1512.0839213165
110	1.9804242921	0.5164290257	-1479.5705309683
111	0.0093043982	0.5164290257	-21.5915578044
112	2.6305632746	0.5164290257	-1516.2381926366
113	2.5029996672	0.5164290257	-1535.1260278631
114	0.8515710381	0.5164290257	-1186.5000598697
115	2.0082851276	0.5164290257	-1501.1075053213
116	2.9296751715	0.5164290257	-1553.8708571301
117	2.9069370485	0.5164290257	-1497.5135791941
118	1.3700900568	0.5164290257	-1312.1306831520
119	0.9020375733	0.5164290257	-1387.4801048555
120	2.5285229003	0.5164290257	-1504.7817582937
121	1.0493292156	0.5164290257	-962.3045958597
122	0.6107150512	0.5164290257	-686.1766990806
123	2.9925981227	0.5164290257	-1548.8832924898
124	3.0792004340	0.5164290257	-1533.9124547666
