site	rate	t	lnL
1	2.0470333360	0.0061471766	-105.3005760768
2	0.5245004274	0.0061471766	-31.2264454246
3	0.6688505791	0.0061471766	-40.3498052002
4	0.3469485156	0.0061471766	-22.2775319377
5	0.1764314081	0.0061471766	-13.8800635370
6	1.3127300795	0.0061471766	-73.3993138918
7	0.1731711801	0.0061471766	-12.6687434241
8	0.8692682977	0.0061471766	-48.2392121016
9	1.0676022876	0.0061471766	-57.4698892586
10	2.2202078780	0.0061471766	-109.1626275694
11	0.1733794681	0.0061471766	-12.9039203671
12	0.9843974223	0.0061471766	-60.1550657595
13	1.3468219516	0.0061471766	-71.8846308358
14	0.1723434681	0.0061471766	-14.1169514335
15	1.8526223248	0.0061471766	-92.7451860909
16	1.5038938519	0.0061471766	-83.7407385601
17	0.9842691635	0.0061471766	-58.4488529739
18	1.2198894567	0.0061471766	-63.1962690955
19	1.2410774042	0.0061471766	-65.7301798691
20	0.3449351880	0.0061471766	-22.2673600226
21	1.4926622336	0.0061471766	-77.3080415727
22	1.0678630067	0.0061471766	-58.7919672165
23	0.0000000000	0.0061471766	-2.5390158746
24	0.1722242266	0.0061471766	-14.1772595592
25	0.1649748785	0.0061471766	-15.3553701103
26	0.0000000000	0.0061471766	-3.1774239884
27	0.0000000000	0.0061471766	-2.9168339860
28	0.1767233742	0.0061471766	-13.1750442172
29	0.7089548310	0.0061471766	-37.7399113423
30	0.1672658110	0.0061471766	-13.2240042496
31	1.5672848902	0.0061471766	-78.0471084863
32	1.2026160727	0.0061471766	-63.7846996846
33	0.1644735615	0.0061471766	-14.6218004777
34	1.1729049349	0.0061471766	-67.2447986815
35	1.8506760830	0.0061471766	-96.4977929062
36	0.6563481681	0.0061471766	-41.3524292163
37	2.0176442060	0.0061471766	-107.2796926807
38	0.8381076593	0.0061471766	-50.8737948802
39	0.6946144538	0.0061471766	-39.7702485606
40	2.7016215751	0.0061471766	-135.7488434429
41	1.7044680523	0.0061471766	-88.5286468926
42	0.9913601815	0.0061471766	-57.9035881770
43	1.3613811130	0.0061471766	-73.3695454384
44	1.7388101087	0.0061471766	-91.5078495222
45	1.1731557875	0.0061471766	-65.4825597123
46	0.1723434896	0.0061471766	-13.4732009443
47	0.1620290327	0.0061471766	-15.7811795459
48	1.5244433330	0.0061471766	-82.0976127517
49	1.4894744900	0.0061471766	-81.5351805048
50	1.2476078646	0.0061471766	-62.6134732825
51	0.0000000000	0.0061471766	-2.5910234998
52	0.3552398602	0.0061471766	-23.1264706910
53	0.1775183518	0.0061471766	-12.6257736838
54	0.6763535786	0.0061471766	-39.2708137883
55	0.1731002558	0.0061471766	-13.3015791899
56	1.6941170270	0.0061471766	-92.4142498770
57	0.1694831477	0.0061471766	-14.8256668842
58	1.4192738985	0.0061471766	-73.0106138265
59	0.6929945084	0.0061471766	-42.0240533614
60	1.0685904421	0.0061471766	-58.4322090478
61	0.0000000000	0.0061471766	-2.3179494991
62	1.0072772480	0.0061471766	-59.5805624785
63	0.0000000000	0.0061471766	-3.6758597409
64	1.0050639665	0.0061471766	-58.3730240168
65	1.3139408767	0.0061471766	-75.6054919086
66	0.1672658692	0.0061471766	-13.7643938316
67	0.4915705962	0.0061471766	-34.2146700459
68	1.1782892911	0.0061471766	-63.8425399037
69	0.4954997822	0.0061471766	-32.3713829152
70	0.8690062119	0.0061471766	-48.7755678998
71	0.7087854484	0.0061471766	-38.4914686804
72	1.6876287529	0.0061471766	-86.1462727010
73	0.0000000000	0.0061471766	-2.3179494991
74	0.1723504226	0.0061471766	-13.4870169543
75	0.5328614054	0.0061471766	-31.2065708152
76	1.4779374747	0.0061471766	-82.9595759071
77	0.0000000000	0.0061471766	-2.3179494991
78	1.5148937807	0.0061471766	-80.3039109948
79	1.0417430131	0.0061471766	-56.7970879988
80	1.7772602845	0.0061471766	-86.8085662751
81	0.3349478464	0.0061471766	-23.7713548802
82	1.5334182707	0.0061471766	-77.5058978429
83	1.2474247397	0.0061471766	-65.0291569866
84	2.8254912205	0.0061471766	-144.9280417615
85	0.6937230968	0.0061471766	-39.4444373661
86	1.1782468740	0.0061471766	-66.0431215283
87	1.3346660612	0.0061471766	-75.3881786071
88	0.1684750607	0.0061471766	-14.4611078723
89	0.1696647506	0.0061471766	-13.3215747427
90	1.3242981396	0.0061471766	-74.9539302644
91	0.3535605686	0.0061471766	-24.8490766275
92	2.3308252736	0.0061471766	-118.4907361060
93	3.0806917812	0.0061471766	-149.3099463688
94	1.6846409542	0.0061471766	-85.6435101337
95	0.1635755972	0.0061471766	-13.8917207663
96	1.0091942784	0.0061471766	-57.0653158531
97	2.1961642681	0.0061471766	-109.9492218536
98	0.6902327413	0.0061471766	-41.4455238737
99	4.7622625209	0.0061471766	-218.7226414339
100	1.5682608317	0.0061471766	-80.8646135129
101	0.0000000000	0.0061471766	-2.2844478994
102	1.0082002858	0.0061471766	-59.0380090092
103	0.5331668252	0.0061471766	-33.1729413426
104	0.0000000000	0.0061471766	-3.1774239884
105	0.8393300911	0.0061471766	-50.4576450436
106	1.0443727739	0.0061471766	-55.9115360703
107	0.4997783624	0.0061471766	-32.4100699955
108	1.1841248569	0.0061471766	-66.3091219668
109	2.0835058130	0.0061471766	-103.5272043198
110	2.3738502720	0.0061471766	-116.5489433362
111	0.0000000000	0.0061471766	-2.3179494991
112	1.6943875523	0.0061471766	-87.9198231396
113	1.1720136662	0.0061471766	-66.8209703170
114	1.7718629863	0.0061471766	-89.3880598908
115	1.9113524686	0.0061471766	-99.9590465483
116	1.0087789352	0.0061471766	-57.4468796734
117	1.6307283218	0.0061471766	-87.0638317430
118	0.8688276225	0.0061471766	-48.4021187840
119	1.5122541968	0.0061471766	-84.4399185325
120	2.0213429967	0.0061471766	-104.0450447323
121	0.1723434682	0.0061471766	-13.8785027204
122	0.0000000000	0.0061471766	-2.3179494991
123	1.2166401028	0.0061471766	-68.0638118841
124	0.9772234598	0.0061471766	-57.9994454984
