site	rate	t	lnL
1	3.1172051076	0.5036153440	-1557.2097568381
2	0.7524298560	0.5036153440	-1086.3996774916
3	2.1649671033	0.5036153440	-1502.2935799605
4	2.0611658455	0.5036153440	-1489.0931515300
5	0.3566196254	0.5036153440	-443.1743950468
6	2.0553760449	0.5036153440	-1481.0882808763
7	0.3006622757	0.5036153440	-716.7404948689
8	0.8332756906	0.5036153440	-1279.6148004643
9	1.3984792978	0.5036153440	-1499.9600629759
10	2.0063491125	0.5036153440	-1449.8675210802
11	0.5362509151	0.5036153440	-912.1064557613
12	2.3192405194	0.5036153440	-1519.3949139161
13	1.1848707941	0.5036153440	-1357.2609999316
14	1.4024904036	0.5036153440	-1138.2349535521
15	0.4964996096	0.5036153440	-928.7323157207
16	1.9428936349	0.5036153440	-1464.2346037435
17	1.8241428694	0.5036153440	-1383.9625689441
18	1.1055675657	0.5036153440	-1192.9826370652
19	1.7645929178	0.5036153440	-1485.3048478701
20	0.6044601813	0.5036153440	-610.0750063360
21	0.9847099751	0.5036153440	-1209.7810579884
22	1.6578498330	0.5036153440	-1368.7862619692
23	0.5497103110	0.5036153440	-1042.1451176956
24	0.2234268074	0.5036153440	-334.7428364595
25	1.4177008861	0.5036153440	-1470.3882963732
26	0.4576603443	0.5036153440	-689.7599281050
27	0.4251904762	0.5036153440	-877.5335919807
28	0.0239114426	0.5036153440	-47.2761328817
29	0.1813683288	0.5036153440	-584.5632998169
30	0.5301634799	0.5036153440	-1045.4672268272
31	2.7877060511	0.5036153440	-1488.7263912103
32	0.8380173144	0.5036153440	-1243.9388532709
33	0.1769347510	0.5036153440	-496.4999858639
34	1.9720396783	0.5036153440	-1388.4161238551
35	1.6183909463	0.5036153440	-1361.6000619022
36	2.3092085074	0.5036153440	-1507.6685263980
37	1.2620068517	0.5036153440	-1198.7678378935
38	3.2675969440	0.5036153440	-1526.0046027039
39	2.6630532306	0.5036153440	-1507.2636242642
40	1.0328293702	0.5036153440	-1373.8705375231
41	1.0692734874	0.5036153440	-1371.6069530990
42	2.7552892392	0.5036153440	-1521.7287727190
43	1.6468092541	0.5036153440	-1427.4629213231
44	2.4131503544	0.5036153440	-1513.1637120818
45	1.5386826864	0.5036153440	-1395.9153017678
46	0.7361832221	0.5036153440	-723.8511086280
47	0.4568423892	0.5036153440	-998.5275522231
48	1.3434200939	0.5036153440	-1398.7342352509
49	0.7490724287	0.5036153440	-1232.0578620776
50	0.6900685731	0.5036153440	-1087.0852962102
51	0.0154755850	0.5036153440	-30.2233960099
52	0.4508803829	0.5036153440	-879.4995088997
53	0.4512304892	0.5036153440	-948.9960975712
54	0.7477030801	0.5036153440	-1179.4605669457
55	0.3395843668	0.5036153440	-773.2743839214
56	1.2815918786	0.5036153440	-1450.6124081620
57	0.0891913322	0.5036153440	-313.1847651658
58	1.2045902117	0.5036153440	-1333.9418728837
59	2.2520817665	0.5036153440	-1490.4689449961
60	0.5214005619	0.5036153440	-779.7493764043
61	0.1146056179	0.5036153440	-176.7457533070
62	1.9055713738	0.5036153440	-1512.2137352388
63	0.5957505597	0.5036153440	-913.0471403869
64	1.3597263936	0.5036153440	-1126.5017603933
65	1.9253272662	0.5036153440	-1513.1924814135
66	0.2539370907	0.5036153440	-633.7498749273
67	2.9676448321	0.5036153440	-1570.5312834267
68	1.2155876693	0.5036153440	-1095.4287618591
69	2.0259086894	0.5036153440	-1518.2492625098
70	2.3513503989	0.5036153440	-1483.0572204856
71	1.3782779748	0.5036153440	-1361.2438910526
72	1.5186109251	0.5036153440	-1416.4565154171
73	0.0669948684	0.5036153440	-107.1834641423
74	1.3044755639	0.5036153440	-1086.7353756064
75	0.8739813228	0.5036153440	-1187.0533558219
76	2.4283660095	0.5036153440	-1510.4556205405
77	0.1979226613	0.5036153440	-286.5003894778
78	2.7138962604	0.5036153440	-1517.3734967120
79	2.9464267140	0.5036153440	-1511.1393462251
80	0.5648713257	0.5036153440	-1072.7029053834
81	1.2511717504	0.5036153440	-1358.4835990014
82	2.5041209755	0.5036153440	-1538.2547430034
83	2.6747915481	0.5036153440	-1536.1064143836
84	0.5675296304	0.5036153440	-868.5864827065
85	0.4635668739	0.5036153440	-985.5784694932
86	1.0946872769	0.5036153440	-1465.2448478163
87	2.0036190510	0.5036153440	-1421.2716661414
88	0.6459094459	0.5036153440	-1182.9007247557
89	0.2187074578	0.5036153440	-599.0168994165
90	3.1302692712	0.5036153440	-1490.9917996729
91	0.2427888161	0.5036153440	-323.8932903582
92	0.8063025584	0.5036153440	-1132.9122386529
93	2.1050307602	0.5036153440	-1458.6800710737
94	0.3697752609	0.5036153440	-809.8438856746
95	0.3507572055	0.5036153440	-898.7442613131
96	1.8702224559	0.5036153440	-1470.5572396347
97	2.3751319057	0.5036153440	-1454.3468862973
98	1.7156638011	0.5036153440	-1250.8745394153
99	2.1564713119	0.5036153440	-1503.8745566965
100	0.4328427430	0.5036153440	-485.5845076927
101	0.1797892869	0.5036153440	-478.2386633928
102	2.1444158189	0.5036153440	-1526.3587677035
103	1.5372746214	0.5036153440	-1392.8692544548
104	0.4171895311	0.5036153440	-627.9987640269
105	1.8582769134	0.5036153440	-1424.8468507269
106	2.0151968728	0.5036153440	-1484.3442457990
107	0.6410574412	0.5036153440	-982.0266972066
108	1.5747167904	0.5036153440	-1464.1418388538
109	3.3603830881	0.5036153440	-1508.5512347282
110	1.9009980187	0.5036153440	-1470.9252168304
111	0.0240411819	0.5036153440	-46.8846433303
112	3.3553585393	0.5036153440	-1544.5855620774
113	2.0637533505	0.5036153440	-1509.4160225200
114	0.8021243120	0.5036153440	-1096.9422669096
115	1.8271526697	0.5036153440	-1479.7826908109
116	2.3387635748	0.5036153440	-1527.4247330546
117	1.9778870877	0.5036153440	-1472.7539898360
118	1.2841472565	0.5036153440	-1305.4164307860
119	0.8353355675	0.5036153440	-1323.9150919232
120	2.3114423940	0.5036153440	-1480.9499199877
121	1.2360502615	0.5036153440	-1065.0287777953
122	0.3729313295	0.5036153440	-456.8791095119
123	2.5825612296	0.5036153440	-1515.3062227819
124	3.2251387651	0.5036153440	-1542.7019171524
