site	rate	t	lnL
1	1.5517427837	0.0058449498	-91.8888145515
2	0.2947202796	0.0058449498	-26.7995988955
3	1.0773611125	0.0058449498	-63.5889527456
4	0.4943877718	0.0058449498	-45.9459437758
5	0.1618336239	0.0058449498	-17.7363372165
6	1.4455703139	0.0058449498	-91.8319534001
7	0.1425559772	0.0058449498	-14.1378832963
8	0.0000000000	0.0058449498	-2.2356945643
9	2.4054297925	0.0058449498	-118.3015558407
10	3.3736122691	0.0058449498	-101.6469933086
11	1.0903708159	0.0058449498	-34.4359374829
12	1.4476697356	0.0058449498	-93.6300155749
13	0.1654662186	0.0058449498	-11.6566666491
14	1.0911257002	0.0058449498	-57.5476055864
15	0.3392753397	0.0058449498	-23.0430592485
16	1.4288551351	0.0058449498	-104.7607719054
17	1.5166326549	0.0058449498	-89.5060435868
18	2.3900176594	0.0058449498	-79.6805154873
19	1.7845392306	0.0058449498	-122.6531347350
20	2.3691065502	0.0058449498	-64.3057435885
21	0.7437831139	0.0058449498	-53.7348528480
22	1.8138264709	0.0058449498	-137.5640213628
23	0.2856833150	0.0058449498	-24.3099657005
24	0.3605789749	0.0058449498	-23.0223323489
25	0.5821108832	0.0058449498	-53.9149062503
26	0.1496193155	0.0058449498	-16.4607410531
27	0.0000000000	0.0058449498	-2.4243413276
28	0.0000000000	0.0058449498	-2.3524468997
29	0.0000000000	0.0058449498	-2.2356945643
30	0.3733542082	0.0058449498	-30.7313953201
31	2.0993835142	0.0058449498	-58.2450574140
32	2.0424596016	0.0058449498	-65.4750949058
33	0.4280116610	0.0058449498	-35.0806599589
34	2.9946889804	0.0058449498	-75.4869914696
35	1.3865534560	0.0058449498	-75.3049139338
36	1.7504230350	0.0058449498	-110.3537155328
37	1.1599650479	0.0058449498	-103.5110293568
38	1.8586507499	0.0058449498	-61.4147754870
39	0.6465859780	0.0058449498	-34.9928196677
40	2.4019285389	0.0058449498	-133.1242509732
41	0.3693395183	0.0058449498	-32.4333163386
42	3.8420614645	0.0058449498	-103.4613248419
43	1.4552617268	0.0058449498	-115.0699218772
44	2.4006980797	0.0058449498	-114.9032402106
45	0.7312544544	0.0058449498	-41.0054622987
46	0.3608325871	0.0058449498	-24.1815805964
47	0.2857937915	0.0058449498	-27.6152177681
48	1.7300974370	0.0058449498	-107.3345522521
49	1.2486600206	0.0058449498	-86.1728463392
50	1.1565047072	0.0058449498	-79.5564985488
51	0.0000000000	0.0058449498	-2.5404134989
52	0.1694302622	0.0058449498	-14.7951357603
53	1.1041783253	0.0058449498	-54.6520642156
54	1.1322963039	0.0058449498	-99.0801722124
55	0.3392732733	0.0058449498	-22.1611512776
56	1.2510722627	0.0058449498	-102.1271521969
57	0.0000000000	0.0058449498	-3.0509061778
58	0.6453271693	0.0058449498	-42.4830470732
59	1.2412973406	0.0058449498	-65.2618544254
60	0.2994234116	0.0058449498	-24.2605336372
61	0.0000000000	0.0058449498	-2.3524468997
62	1.1242489784	0.0058449498	-89.1784663121
63	1.9203071727	0.0058449498	-119.0700028097
64	0.3610849210	0.0058449498	-23.6729723958
65	0.9440986483	0.0058449498	-55.2204362357
66	1.3554834920	0.0058449498	-71.8771479390
67	1.8236313335	0.0058449498	-133.4231215570
68	0.0000000000	0.0058449498	-2.5404134989
69	0.9315698240	0.0058449498	-65.0050499484
70	0.9630101181	0.0058449498	-61.4986820698
71	0.7463996710	0.0058449498	-66.9019018412
72	2.4018275971	0.0058449498	-117.3974867139
73	0.0000000000	0.0058449498	-2.3524468997
74	1.7434546976	0.0058449498	-117.5475649259
75	0.3392804522	0.0058449498	-27.2910383232
76	0.9718616061	0.0058449498	-32.6519345492
77	0.0000000000	0.0058449498	-2.3524468997
78	1.9719042991	0.0058449498	-99.6814973920
79	2.1713929355	0.0058449498	-70.1903278613
80	0.5108083195	0.0058449498	-39.3583746070
81	0.5294315554	0.0058449498	-42.2415525886
82	0.6996275969	0.0058449498	-56.8913151968
83	1.3973659636	0.0058449498	-108.7565909822
84	0.0000000000	0.0058449498	-3.0806380975
85	1.0095100968	0.0058449498	-92.6621295318
86	2.1856295269	0.0058449498	-111.8285586566
87	4.1206994878	0.0058449498	-107.6488024160
88	0.4286439382	0.0058449498	-38.5627894773
89	1.7995045618	0.0058449498	-117.4434009331
90	1.2023134784	0.0058449498	-81.2418639842
91	0.0000000000	0.0058449498	-2.3524468997
92	0.1425058667	0.0058449498	-11.0506997377
93	0.8987657429	0.0058449498	-71.3476389648
94	0.5827491826	0.0058449498	-36.3356251610
95	0.2560910644	0.0058449498	-30.9649229684
96	1.3471989221	0.0058449498	-96.0619959436
97	1.2787842536	0.0058449498	-72.8781273073
98	0.5401828298	0.0058449498	-31.4811676988
99	3.8548863445	0.0058449498	-97.6775952660
100	0.1801657336	0.0058449498	-13.7738140459
101	0.1694646572	0.0058449498	-14.3434440198
102	3.3974626664	0.0058449498	-105.0719209663
103	2.4267837221	0.0058449498	-72.0861011875
104	0.1493601897	0.0058449498	-12.9556671293
105	2.2578483186	0.0058449498	-145.4861200808
106	2.2158454214	0.0058449498	-63.6718486181
107	0.2937049433	0.0058449498	-25.3821142499
108	1.2041468956	0.0058449498	-95.6221231069
109	1.1643874845	0.0058449498	-89.5486801754
110	2.7651715025	0.0058449498	-113.3433192760
111	0.0000000000	0.0058449498	-2.3524468997
112	1.7951828280	0.0058449498	-49.2874688277
113	1.0375031622	0.0058449498	-83.9896005135
114	2.0793599243	0.0058449498	-113.0394733368
115	1.3049478561	0.0058449498	-85.3260141213
116	0.8874486698	0.0058449498	-62.2068853289
117	1.5949276755	0.0058449498	-111.8582629519
118	0.5719866152	0.0058449498	-41.8569445446
119	0.3846750509	0.0058449498	-35.4149164926
120	2.5572339385	0.0058449498	-104.5609350613
121	0.0000000000	0.0058449498	-2.5404134989
122	0.0000000000	0.0058449498	-2.3524468997
123	1.8243043710	0.0058449498	-99.0363213948
124	0.8893666130	0.0058449498	-65.4564620552
