site	rate	t	lnL
1	1.5199657623	0.0721836255	-647.9677061796
2	0.8339002280	0.0721836255	-407.6425308490
3	1.3772556818	0.0721836255	-539.5590332639
4	1.5666055684	0.0721836255	-571.4201217795
5	0.0850592993	0.0721836255	-66.1590606917
6	1.8847038712	0.0721836255	-605.7693362623
7	0.9108109432	0.0721836255	-144.7764950457
8	0.7290868093	0.0721836255	-310.6072258318
9	2.3548976910	0.0721836255	-708.3507700947
10	1.5849969441	0.0721836255	-534.6713014982
11	0.6998509835	0.0721836255	-126.3399098548
12	2.1960049394	0.0721836255	-693.1291081839
13	0.9973516396	0.0721836255	-313.3446336481
14	0.2765362380	0.0721836255	-161.3546855543
15	0.4507875226	0.0721836255	-158.7931934270
16	1.1632140389	0.0721836255	-571.0489657102
17	1.8483136677	0.0721836255	-606.6084393315
18	0.8822080652	0.0721836255	-354.3806363601
19	0.8662383188	0.0721836255	-490.0521621432
20	0.2316416543	0.0721836255	-134.8303752285
21	1.3150089412	0.0721836255	-302.0476924611
22	2.2539561935	0.0721836255	-438.0669011931
23	0.2774550798	0.0721836255	-152.7564282660
24	0.1065662014	0.0721836255	-47.0817324428
25	2.4380713257	0.0721836255	-497.6094370963
26	0.7517106003	0.0721836255	-329.5283831886
27	0.3856706241	0.0721836255	-167.7721718798
28	0.0000000000	0.0721836255	-2.4920515697
29	0.0477348272	0.0721836255	-31.0792177492
30	0.5851013988	0.0721836255	-303.4512883150
31	1.7280030038	0.0721836255	-587.0330763157
32	1.1016045180	0.0721836255	-360.4263769473
33	0.0831988795	0.0721836255	-50.2389734849
34	1.3136986304	0.0721836255	-589.4527347386
35	1.3527031182	0.0721836255	-363.8444181481
36	1.2031046820	0.0721836255	-524.3621915253
37	1.1908025259	0.0721836255	-361.6442539885
38	1.5653749985	0.0721836255	-493.6464774167
39	2.5466827879	0.0721836255	-663.6478954000
40	1.8158987780	0.0721836255	-641.8726991919
41	1.0685970357	0.0721836255	-512.8741077148
42	1.1425963094	0.0721836255	-549.2128842027
43	1.3683311347	0.0721836255	-494.8286847605
44	1.8816502380	0.0721836255	-735.1733181005
45	1.1155203387	0.0721836255	-453.4295336324
46	1.3072692326	0.0721836255	-577.7033089022
47	0.4633953657	0.0721836255	-182.3632732053
48	1.3746826415	0.0721836255	-599.2732501435
49	0.4479643103	0.0721836255	-297.9053463426
50	0.2551935843	0.0721836255	-187.8097965707
51	0.0141081767	0.0721836255	-14.4933670833
52	1.0307885959	0.0721836255	-330.5082742712
53	0.9551999469	0.0721836255	-338.7961066771
54	0.5565960895	0.0721836255	-337.7517866679
55	0.4947298704	0.0721836255	-205.0403680388
56	1.0484199795	0.0721836255	-594.2121119732
57	0.1883654072	0.0721836255	-95.3544898326
58	1.7837796261	0.0721836255	-587.5005691298
59	1.2012434550	0.0721836255	-389.3763751555
60	0.4785051184	0.0721836255	-288.1477870589
61	0.0282768250	0.0721836255	-26.8226293014
62	0.8990600419	0.0721836255	-600.7326225603
63	0.1887795170	0.0721836255	-122.9813959126
64	1.3443930860	0.0721836255	-544.8106005160
65	1.3722160852	0.0721836255	-598.6498313170
66	1.4446401173	0.0721836255	-482.6882514046
67	1.8499793526	0.0721836255	-585.5921900311
68	0.2901752142	0.0721836255	-169.5844550656
69	1.8622063553	0.0721836255	-705.3624172560
70	1.7008308067	0.0721836255	-600.8493766689
71	0.6947775850	0.0721836255	-432.1791164567
72	0.5004384698	0.0721836255	-254.1921986530
73	0.0140628240	0.0721836255	-15.2651722415
74	0.3880872711	0.0721836255	-215.1281248026
75	0.7626648480	0.0721836255	-264.4110654192
76	2.1262692302	0.0721836255	-694.7435433719
77	0.0281725106	0.0721836255	-22.5247407296
78	1.4227812127	0.0721836255	-692.0049347853
79	1.1524243969	0.0721836255	-596.7021376518
80	2.5097721957	0.0721836255	-595.9789405404
81	0.9468736344	0.0721836255	-428.8801838363
82	1.2613776949	0.0721836255	-515.0140070281
83	1.9813045161	0.0721836255	-598.1596031897
84	0.8004659324	0.0721836255	-282.5028686138
85	0.2954114702	0.0721836255	-167.3623115513
86	2.0826346848	0.0721836255	-515.0684068583
87	1.0036200918	0.0721836255	-492.4895299088
88	0.8715650331	0.0721836255	-337.7174447734
89	0.1609786180	0.0721836255	-91.2579020516
90	1.9677118788	0.0721836255	-605.2186323348
91	0.0422857239	0.0721836255	-40.5422862972
92	0.3541277843	0.0721836255	-176.3079093012
93	1.7513607078	0.0721836255	-536.6227577555
94	0.6447179657	0.0721836255	-226.7084115783
95	1.0782056479	0.0721836255	-367.2615389181
96	1.4893569599	0.0721836255	-673.4415970399
97	1.4193371159	0.0721836255	-664.0644833756
98	0.5074262114	0.0721836255	-268.5335642915
99	1.3861613873	0.0721836255	-474.6713711811
100	0.0853013056	0.0721836255	-63.1488997473
101	0.1871587853	0.0721836255	-75.6969279812
102	0.9317717367	0.0721836255	-495.1597215702
103	1.8071889749	0.0721836255	-748.6817116859
104	0.0533912201	0.0721836255	-57.1401952988
105	2.6786982444	0.0721836255	-618.4805361983
106	1.3235787501	0.0721836255	-589.1116137783
107	0.8029048598	0.0721836255	-352.4410177734
108	0.9985357611	0.0721836255	-447.1226207210
109	1.4049269783	0.0721836255	-657.2958061712
110	1.2060412958	0.0721836255	-472.6169882535
111	0.0000000000	0.0721836255	-2.4920515697
112	2.2386580108	0.0721836255	-698.3171370305
113	1.5593833496	0.0721836255	-567.3553833030
114	0.8342957281	0.0721836255	-286.7357587714
115	1.7958936182	0.0721836255	-555.1165401382
116	2.0774403639	0.0721836255	-639.3474228037
117	1.9157381599	0.0721836255	-510.1259101744
118	1.5978569031	0.0721836255	-635.4006294622
119	0.8619713000	0.0721836255	-363.4326866956
120	1.4043013523	0.0721836255	-632.3246342411
121	2.7057681965	0.0721836255	-584.8940139492
122	0.0575427001	0.0721836255	-44.0718663246
123	1.5050635973	0.0721836255	-598.6973983512
124	2.1139322169	0.0721836255	-645.7027274422
