site	rate	t	lnL
1	1.1681879561	0.0083187877	-93.6809552351
2	0.7758360610	0.0083187877	-39.3769366646
3	1.5174053217	0.0083187877	-103.3189251168
4	1.5341956034	0.0083187877	-128.6084877603
5	0.0000000000	0.0083187877	-2.2106714373
6	1.5688460874	0.0083187877	-77.9130068150
7	0.4681355890	0.0083187877	-48.7840792561
8	1.0849650331	0.0083187877	-86.6701002872
9	1.3865770599	0.0083187877	-93.6907459476
10	1.4047394062	0.0083187877	-81.3153729404
11	0.0000000000	0.0083187877	-2.9933409817
12	1.1839571857	0.0083187877	-91.9804372424
13	0.2612316850	0.0083187877	-22.7752853139
14	0.5295421716	0.0083187877	-51.0152825075
15	0.2740542206	0.0083187877	-22.6802917290
16	0.6565881139	0.0083187877	-53.0680003983
17	2.2510668110	0.0083187877	-134.0428188725
18	0.3110675841	0.0083187877	-15.4071493408
19	1.1469460139	0.0083187877	-78.9757084878
20	0.0000000000	0.0083187877	-2.4195494115
21	1.2741501413	0.0083187877	-71.1278251359
22	2.3632770661	0.0083187877	-116.7206663940
23	0.5514519025	0.0083187877	-45.2415999673
24	0.4604381412	0.0083187877	-25.7996731067
25	0.8941739726	0.0083187877	-52.1677322099
26	0.0000000000	0.0083187877	-3.0294991360
27	0.2608213628	0.0083187877	-24.3675206328
28	0.0000000000	0.0083187877	-2.2106714373
29	0.2593414825	0.0083187877	-23.6470436169
30	0.3152928506	0.0083187877	-30.0408595934
31	1.2241016723	0.0083187877	-124.7838807091
32	2.3037757820	0.0083187877	-144.7719996200
33	0.1289659353	0.0083187877	-12.4403386090
34	1.8503841154	0.0083187877	-122.9406072952
35	0.6866592265	0.0083187877	-53.1512668320
36	3.1527209378	0.0083187877	-95.8712236009
37	0.8377994274	0.0083187877	-45.1686197695
38	2.0828103959	0.0083187877	-130.7606567040
39	0.9466238174	0.0083187877	-94.4412918185
40	1.2441736671	0.0083187877	-78.0065971465
41	0.7830440961	0.0083187877	-61.7393385070
42	2.7097823587	0.0083187877	-108.0285397239
43	1.9041777018	0.0083187877	-75.8283968604
44	1.1500820037	0.0083187877	-50.1187302475
45	1.7236479189	0.0083187877	-133.7713523610
46	0.0000000000	0.0083187877	-2.4195494115
47	0.9134740760	0.0083187877	-44.7699063075
48	0.5503273359	0.0083187877	-44.0607006573
49	1.6451166424	0.0083187877	-123.0971982100
50	1.6407375634	0.0083187877	-150.9308398568
51	0.0000000000	0.0083187877	-2.4195494115
52	0.0000000000	0.0083187877	-2.1907561276
53	0.1366837795	0.0083187877	-13.8139843736
54	1.3850250775	0.0083187877	-62.7792929684
55	0.2615213207	0.0083187877	-22.3683068090
56	0.8484963858	0.0083187877	-78.1434883981
57	0.0885544637	0.0083187877	-13.2273990937
58	0.6563704152	0.0083187877	-51.7531747234
59	3.8258168805	0.0083187877	-118.3753394367
60	1.3664038067	0.0083187877	-84.8477653460
61	0.0000000000	0.0083187877	-2.2106714373
62	3.4793239068	0.0083187877	-132.2880457755
63	0.0000000000	0.0083187877	-3.6978662876
64	1.1547455569	0.0083187877	-50.7024136121
65	0.4108839945	0.0083187877	-33.4921199295
66	0.1050876383	0.0083187877	-14.8636232640
67	1.5259962073	0.0083187877	-100.8751748038
68	1.3768546172	0.0083187877	-74.8965284337
69	3.3576241024	0.0083187877	-108.2628467073
70	2.7670627353	0.0083187877	-104.5658673068
71	0.6765320045	0.0083187877	-32.7130378041
72	0.8200923670	0.0083187877	-51.2929158262
73	0.0000000000	0.0083187877	-2.2106714373
74	1.6698403540	0.0083187877	-110.8027620034
75	0.0926197764	0.0083187877	-13.3415260899
76	1.4559594001	0.0083187877	-106.6447637892
77	0.0000000000	0.0083187877	-2.2106714373
78	1.3724674024	0.0083187877	-97.4094017925
79	0.7492067987	0.0083187877	-77.4547642787
80	0.7581070760	0.0083187877	-86.3538500311
81	0.4392241126	0.0083187877	-39.3155196806
82	1.8158438531	0.0083187877	-153.8177449798
83	1.3080421098	0.0083187877	-112.6366452889
84	1.5480622538	0.0083187877	-103.8908352420
85	0.2735499178	0.0083187877	-25.8100528774
86	2.0866950389	0.0083187877	-130.6895588881
87	0.4118083183	0.0083187877	-24.9438166249
88	0.1863591561	0.0083187877	-30.2128996416
89	0.1365945594	0.0083187877	-13.5197433464
90	0.5846184344	0.0083187877	-32.7379147226
91	1.0386455146	0.0083187877	-98.9801318721
92	0.4768661572	0.0083187877	-22.0073679893
93	1.4651188275	0.0083187877	-60.9966442183
94	0.3906041161	0.0083187877	-27.2929067615
95	0.0927182015	0.0083187877	-13.5889273981
96	0.8282782878	0.0083187877	-65.4150755768
97	0.9607501372	0.0083187877	-86.6786884964
98	0.4613339629	0.0083187877	-24.5190837069
99	0.8941684011	0.0083187877	-75.5971676684
100	0.0000000000	0.0083187877	-2.4195494115
101	0.0000000000	0.0083187877	-2.5862011820
102	1.7077273489	0.0083187877	-116.4328755486
103	2.9451438576	0.0083187877	-125.2560414987
104	1.2084481814	0.0083187877	-123.1202176707
105	0.2060445195	0.0083187877	-15.6430113636
106	0.5872377867	0.0083187877	-59.5035044752
107	2.2212731144	0.0083187877	-122.8515350779
108	2.2890573199	0.0083187877	-142.9594600358
109	1.6069274927	0.0083187877	-90.7202769963
110	1.5651148977	0.0083187877	-75.7530367887
111	0.0000000000	0.0083187877	-2.2106714373
112	1.9821361694	0.0083187877	-137.8017522145
113	1.8688227639	0.0083187877	-164.3281190747
114	0.7114610805	0.0083187877	-40.1024823859
115	0.5266589615	0.0083187877	-47.3809522594
116	0.8915454019	0.0083187877	-54.5597407117
117	2.9339298999	0.0083187877	-113.4609868450
118	1.3539425538	0.0083187877	-99.0960424807
119	1.5270314203	0.0083187877	-125.5086934948
120	1.0483824679	0.0083187877	-103.5980281170
121	3.4862929242	0.0083187877	-112.6866835981
122	1.3255082950	0.0083187877	-96.9255409733
123	0.5041339473	0.0083187877	-37.4647949087
124	1.0595430315	0.0083187877	-81.8002872356
