site	rate	t	lnL
1	2.9546916657	0.0006986896	-23.3531208237
2	1.4765059546	0.0006986896	-13.8681158879
3	1.4764299099	0.0006986896	-13.8681675434
4	0.0000000000	0.0006986896	-2.9957322736
5	0.0000000000	0.0006986896	-2.9957322736
6	0.0000000000	0.0006986896	-2.9957322736
7	0.0000000000	0.0006986896	-2.9957322736
8	1.4765062818	0.0006986896	-13.8681158879
9	1.4764295710	0.0006986896	-13.8681675434
10	0.0000000000	0.0006986896	-2.9957322736
11	1.4764298588	0.0006986896	-13.8681675434
12	1.4765063272	0.0006986896	-13.8681158879
13	1.4764299886	0.0006986896	-13.8681675434
14	0.0000000000	0.0006986896	-2.9957322736
15	0.0000000000	0.0006986896	-2.9957322736
16	2.9546923115	0.0006986896	-23.3531208451
17	0.0000000000	0.0006986896	-2.9957322736
18	2.9548450757	0.0006986896	-23.3530173177
19	1.4765062838	0.0006986896	-13.8681158933
20	0.0000000000	0.0006986896	-2.9957322736
21	0.0000000000	0.0006986896	-2.9957322736
22	0.0000000000	0.0006986896	-2.9957322736
23	5.9164300142	0.0006986896	-40.9333691414
24	0.0000000000	0.0006986896	-2.9957322736
25	1.4765065309	0.0006986896	-13.8681158879
26	0.0000000000	0.0006986896	-2.9957322736
27	0.0000000000	0.0006986896	-2.9957322736
28	0.0000000000	0.0006986896	-2.9957322736
29	0.0000000000	0.0006986896	-2.9957322736
30	0.0000000000	0.0006986896	-2.9957322736
31	0.0000000000	0.0006986896	-2.9957322736
32	0.0000000000	0.0006986896	-2.9957322736
33	0.0000000000	0.0006986896	-2.9957322736
34	0.0000000000	0.0006986896	-2.9957322736
35	0.0000000000	0.0006986896	-2.9957322736
36	0.0000000000	0.0006986896	-2.9957322736
37	0.0000000000	0.0006986896	-2.9957322736
38	0.0000000000	0.0006986896	-2.9957322736
39	0.0000000000	0.0006986896	-2.9957322736
40	1.4764295709	0.0006986896	-13.8681675434
41	1.4764298933	0.0006986896	-13.8681675434
42	1.4765060978	0.0006986896	-13.8681158933
43	1.4764299644	0.0006986896	-13.8681675434
44	0.0000000000	0.0006986896	-2.9957322736
45	0.0000000000	0.0006986896	-2.9957322736
46	0.0000000000	0.0006986896	-2.9957322736
47	1.4765063503	0.0006986896	-13.8681158879
48	1.4764304615	0.0006986896	-13.8681675434
49	0.0000000000	0.0006986896	-2.9957322736
50	2.9551514283	0.0006986896	-23.3528104390
51	0.0000000000	0.0006986896	-2.9957322736
52	0.0000000000	0.0006986896	-2.9957322736
53	1.4764296782	0.0006986896	-13.8681675434
54	0.0000000000	0.0006986896	-2.9957322736
55	0.0000000000	0.0006986896	-2.9957322736
56	4.4347921833	0.0006986896	-32.3136361066
57	0.0000000000	0.0006986896	-2.9957322736
58	0.0000000000	0.0006986896	-2.9957322736
59	1.4764299159	0.0006986896	-13.8681675434
60	1.4765063087	0.0006986896	-13.8681158879
61	0.0000000000	0.0006986896	-2.9957322736
62	1.4765063022	0.0006986896	-13.8681158879
63	0.0000000000	0.0006986896	-2.9957322736
64	1.4765063319	0.0006986896	-13.8681158879
65	1.4764295709	0.0006986896	-13.8681675434
66	0.0000000000	0.0006986896	-2.9957322736
67	2.9546912395	0.0006986896	-23.3531208237
68	1.4765059546	0.0006986896	-13.8681158879
69	2.9545382378	0.0006986896	-23.3532243457
70	1.4764299361	0.0006986896	-13.8681675434
71	2.9546916326	0.0006986896	-23.3531208451
72	1.4764299951	0.0006986896	-13.8681675434
73	0.0000000000	0.0006986896	-2.9957322736
74	4.4350235875	0.0006986896	-32.3134805864
75	0.0000000000	0.0006986896	-2.9957322736
76	0.0000000000	0.0006986896	-2.9957322736
77	0.0000000000	0.0006986896	-2.9957322736
78	5.9164289160	0.0006986896	-40.9333692278
79	0.0000000000	0.0006986896	-2.9957322736
80	1.4765059389	0.0006986896	-13.8681158933
81	0.0000000000	0.0006986896	-2.9957322736
82	1.4765061025	0.0006986896	-13.8681158933
83	1.4765062554	0.0006986896	-13.8681158879
84	1.4764295709	0.0006986896	-13.8681675434
85	1.4764299144	0.0006986896	-13.8681675434
86	0.0000000000	0.0006986896	-2.9957322736
87	0.0000000000	0.0006986896	-2.9957322736
88	0.0000000000	0.0006986896	-2.9957322736
89	0.0000000000	0.0006986896	-2.9957322736
90	2.9546916040	0.0006986896	-23.3531208451
91	0.0000000000	0.0006986896	-2.9957322736
92	0.0000000000	0.0006986896	-2.9957322736
93	0.0000000000	0.0006986896	-2.9957322736
94	0.0000000000	0.0006986896	-2.9957322736
95	0.0000000000	0.0006986896	-2.9957322736
96	1.4765063910	0.0006986896	-13.8681158933
97	2.9548449561	0.0006986896	-23.3530173391
98	1.4765059945	0.0006986896	-13.8681158879
99	0.0000000000	0.0006986896	-2.9957322736
100	1.4765063268	0.0006986896	-13.8681158933
101	0.0000000000	0.0006986896	-2.9957322736
102	1.4764295710	0.0006986896	-13.8681675434
103	1.4765063310	0.0006986896	-13.8681158879
104	0.0000000000	0.0006986896	-2.9957322736
105	2.9545381729	0.0006986896	-23.3532243457
106	2.9546918194	0.0006986896	-23.3531208451
107	0.0000000000	0.0006986896	-2.9957322736
108	1.4765063080	0.0006986896	-13.8681158879
109	0.0000000000	0.0006986896	-2.9957322736
110	1.4764296250	0.0006986896	-13.8681675434
111	0.0000000000	0.0006986896	-2.9957322736
112	0.0000000000	0.0006986896	-2.9957322736
113	0.0000000000	0.0006986896	-2.9957322736
114	1.4764299927	0.0006986896	-13.8681675434
115	1.4765063062	0.0006986896	-13.8681158879
116	1.4765062855	0.0006986896	-13.8681158879
117	2.9548449723	0.0006986896	-23.3530173177
118	0.0000000000	0.0006986896	-2.9957322736
119	0.0000000000	0.0006986896	-2.9957322736
120	2.9546916666	0.0006986896	-23.3531208451
121	1.4765064079	0.0006986896	-13.8681158933
122	0.0000000000	0.0006986896	-2.9957322736
123	2.9546916223	0.0006986896	-23.3531208451
124	2.9548449758	0.0006986896	-23.3530173391
