site	rate	t	lnL
1	9.8872541722	0.0052207030	-126.7915735176
2	0.0000000000	0.0052207030	-2.8788456969
3	6.3561769229	0.0052207030	-82.4777261628
4	1.1471204623	0.0052207030	-98.1790781698
5	0.0000000000	0.0052207030	-2.2355472563
6	0.5843286704	0.0052207030	-41.2883719816
7	0.1446435155	0.0052207030	-10.6986393136
8	0.7262826755	0.0052207030	-53.5861229053
9	0.5205735371	0.0052207030	-34.2638909940
10	1.1529441305	0.0052207030	-98.4423524238
11	0.1134407506	0.0052207030	-16.3600384610
12	1.0246383804	0.0052207030	-75.3450929008
13	1.3781016598	0.0052207030	-50.6422405095
14	2.1786100316	0.0052207030	-38.8566744793
15	0.1464329915	0.0052207030	-15.4297520572
16	1.3951992650	0.0052207030	-79.3908311387
17	0.2747909280	0.0052207030	-30.4567141811
18	0.2906355347	0.0052207030	-22.8879260808
19	3.7609353847	0.0052207030	-121.8008660103
20	1.7736055579	0.0052207030	-31.6640659765
21	2.5711957639	0.0052207030	-112.7807960671
22	2.4647001250	0.0052207030	-90.0991151697
23	0.1132394442	0.0052207030	-15.9934230066
24	0.8523005517	0.0052207030	-35.5928091548
25	0.6228100977	0.0052207030	-33.2556460707
26	0.6029984795	0.0052207030	-22.4356837383
27	0.1257209836	0.0052207030	-16.6718936811
28	0.0000000000	0.0052207030	-2.2355472563
29	2.9357976798	0.0052207030	-52.9028158155
30	0.0000000000	0.0052207030	-1.8208452231
31	1.6618152514	0.0052207030	-146.6345619279
32	0.4392393323	0.0052207030	-38.8084097196
33	0.1790864097	0.0052207030	-14.9094162637
34	1.2874842697	0.0052207030	-109.4994724726
35	0.3722396512	0.0052207030	-25.7201418411
36	1.5874212246	0.0052207030	-109.3744770369
37	0.3422823513	0.0052207030	-34.9220345852
38	3.0331346490	0.0052207030	-114.3432425000
39	2.4094336567	0.0052207030	-127.8420195502
40	1.8763461313	0.0052207030	-94.3043359838
41	6.4857081491	0.0052207030	-163.5768473708
42	1.6554989623	0.0052207030	-62.6912389737
43	0.5843157644	0.0052207030	-37.8625087698
44	2.6888818827	0.0052207030	-100.3930310258
45	0.8531736931	0.0052207030	-79.1840580520
46	1.1621302250	0.0052207030	-26.3945181358
47	0.2151217207	0.0052207030	-12.3294619773
48	0.6832616737	0.0052207030	-50.7462058545
49	0.6905937980	0.0052207030	-72.2973684706
50	0.8757223094	0.0052207030	-55.7201361042
51	0.0000000000	0.0052207030	-2.7325735047
52	0.1177543696	0.0052207030	-11.5191151016
53	0.2905857829	0.0052207030	-19.8406615913
54	0.4460226487	0.0052207030	-24.1527578104
55	0.0000000000	0.0052207030	-2.7563403958
56	1.5662241293	0.0052207030	-68.2289263553
57	0.1791323762	0.0052207030	-13.4797305749
58	1.1006601958	0.0052207030	-43.8388158831
59	0.9624543031	0.0052207030	-83.1564837475
60	0.3008791147	0.0052207030	-13.3595550352
61	0.2679030750	0.0052207030	-13.7017157542
62	2.0547085628	0.0052207030	-111.9852753246
63	0.8136282438	0.0052207030	-20.2226287340
64	1.7759959841	0.0052207030	-116.7713101515
65	2.7628300498	0.0052207030	-90.1925611856
66	0.5046417579	0.0052207030	-31.5045309209
67	0.7211985914	0.0052207030	-45.0045228384
68	2.1805660635	0.0052207030	-116.4972548898
69	1.0364970335	0.0052207030	-91.5431450249
70	0.8965423088	0.0052207030	-44.1313439375
71	1.1077479008	0.0052207030	-34.8677561741
72	0.4816266201	0.0052207030	-47.0863723378
73	0.0000000000	0.0052207030	-2.2355472563
74	2.3257510084	0.0052207030	-42.9020354843
75	1.8022507481	0.0052207030	-63.9120315736
76	2.0051084532	0.0052207030	-104.7135933634
77	0.0000000000	0.0052207030	-2.2355472563
78	2.8990373659	0.0052207030	-85.4679223587
79	2.2542972986	0.0052207030	-78.4208842474
80	0.3405130066	0.0052207030	-28.5989434934
81	0.8778544759	0.0052207030	-59.4153137129
82	3.3863388310	0.0052207030	-113.3524104655
83	0.8386757981	0.0052207030	-68.0038130476
84	0.4085288726	0.0052207030	-12.6411987242
85	0.2268391525	0.0052207030	-27.0040338831
86	0.7481284536	0.0052207030	-44.8086768703
87	0.4411569391	0.0052207030	-35.1419546912
88	0.1179123764	0.0052207030	-17.5892356783
89	0.0000000000	0.0052207030	-1.8208452231
90	3.1565668786	0.0052207030	-105.4692092488
91	0.0000000000	0.0052207030	-2.2355472563
92	0.5317874831	0.0052207030	-25.1510469738
93	1.6531952385	0.0052207030	-88.3999564933
94	0.1132473198	0.0052207030	-10.9432172184
95	0.0000000000	0.0052207030	-3.2349602598
96	0.8836591198	0.0052207030	-67.3947224367
97	2.8284967985	0.0052207030	-102.0688186634
98	3.2904373251	0.0052207030	-106.8409850195
99	0.8395586805	0.0052207030	-74.9870953568
100	0.0000000000	0.0052207030	-2.7325735047
101	0.0000000000	0.0052207030	-1.8208452231
102	1.6240978048	0.0052207030	-86.2382673559
103	1.8250764740	0.0052207030	-60.7843176740
104	0.0000000000	0.0052207030	-2.6239254208
105	1.3798477175	0.0052207030	-99.8941139994
106	0.6876115743	0.0052207030	-66.0879668609
107	0.6014361840	0.0052207030	-20.7303154153
108	1.3339621105	0.0052207030	-84.4418060595
109	0.9289675343	0.0052207030	-57.8053347242
110	1.3828207560	0.0052207030	-89.2334501021
111	0.0000000000	0.0052207030	-2.2355472563
112	3.9137232027	0.0052207030	-100.2885625196
113	1.3515978693	0.0052207030	-73.3021562108
114	1.5250662485	0.0052207030	-111.7889667912
115	0.5501029698	0.0052207030	-26.2855467798
116	2.9321139620	0.0052207030	-129.6748677557
117	1.0579625316	0.0052207030	-69.1867102811
118	0.8991698006	0.0052207030	-28.4709377950
119	1.9323532717	0.0052207030	-103.2883916226
120	0.3718596469	0.0052207030	-25.4979250718
121	1.1652323449	0.0052207030	-23.2557854732
122	0.0000000000	0.0052207030	-2.2355472563
123	2.3184505160	0.0052207030	-100.7161403159
124	3.1453477556	0.0052207030	-81.8713889089
