site	rate	t	lnL
1	1.1829250695	0.0615848348	-445.6912081904
2	0.3220865954	0.0615848348	-151.3220917186
3	1.7540982200	0.0615848348	-592.8200907745
4	1.5626233726	0.0615848348	-556.0386952664
5	0.0856548764	0.0615848348	-48.9862807248
6	0.9762896805	0.0615848348	-377.2667046455
7	0.3200254681	0.0615848348	-142.3187941598
8	1.0233282669	0.0615848348	-388.6883534586
9	1.3023706633	0.0615848348	-460.0863254698
10	1.4159164140	0.0615848348	-524.7440807105
11	0.5006470891	0.0615848348	-214.1519955886
12	1.2328615768	0.0615848348	-474.8711087230
13	1.4866935086	0.0615848348	-505.1158671971
14	1.5086908406	0.0615848348	-536.9086286678
15	0.1736065517	0.0615848348	-89.0541415237
16	1.5411080455	0.0615848348	-545.2379347643
17	1.2321759478	0.0615848348	-450.1918259126
18	1.4510141770	0.0615848348	-520.6763409891
19	1.5334890685	0.0615848348	-540.7226772384
20	0.1211445196	0.0615848348	-65.4279626249
21	0.9781081404	0.0615848348	-369.0070061010
22	0.8479299187	0.0615848348	-343.8887916622
23	1.2959894815	0.0615848348	-479.1651800743
24	0.0673730631	0.0615848348	-39.1288924979
25	0.8688017322	0.0615848348	-346.9574049029
26	0.2740760562	0.0615848348	-128.2883134774
27	0.1068873556	0.0615848348	-55.2824989272
28	0.0000000000	0.0615848348	-2.6742589126
29	0.2259510553	0.0615848348	-109.1855535370
30	0.5766648686	0.0615848348	-249.6194924146
31	1.6090016566	0.0615848348	-572.4763148675
32	1.5307294478	0.0615848348	-531.3501090235
33	0.0667764643	0.0615848348	-41.9943388895
34	0.9216396545	0.0615848348	-360.1832726890
35	0.6067717386	0.0615848348	-251.3388652353
36	1.6396661981	0.0615848348	-590.4518255414
37	0.6183893209	0.0615848348	-261.5103548245
38	1.1470287960	0.0615848348	-443.8896147037
39	1.2167851687	0.0615848348	-458.8952969253
40	1.8641113001	0.0615848348	-633.1596324417
41	1.4704144765	0.0615848348	-538.8375392098
42	1.6292720343	0.0615848348	-572.5161290414
43	1.0038079852	0.0615848348	-386.2832562483
44	1.6864219106	0.0615848348	-560.9385438112
45	1.4646728857	0.0615848348	-532.1775001188
46	1.8325880143	0.0615848348	-617.8186740275
47	0.7046340322	0.0615848348	-283.1413514849
48	1.7599849226	0.0615848348	-598.2606338794
49	1.1266082286	0.0615848348	-435.2922872646
50	0.4427738296	0.0615848348	-192.5171943884
51	0.0000000000	0.0615848348	-2.5640676898
52	0.2507561463	0.0615848348	-115.2129425262
53	0.2439307036	0.0615848348	-116.6177411629
54	0.4087309705	0.0615848348	-182.4522951603
55	0.3703366017	0.0615848348	-167.2101766214
56	1.2032005484	0.0615848348	-456.2004380118
57	0.0333558817	0.0615848348	-22.5823452785
58	0.6544017427	0.0615848348	-266.8062085660
59	1.1797022002	0.0615848348	-446.0340047783
60	1.0157799247	0.0615848348	-381.0554322799
61	1.2436240932	0.0615848348	-450.3563269324
62	1.7804827044	0.0615848348	-586.1236942951
63	0.5440798213	0.0615848348	-234.9281670610
64	1.0692339900	0.0615848348	-415.5583391882
65	1.5045101965	0.0615848348	-546.3063647864
66	0.1647760186	0.0615848348	-89.0054980495
67	1.5909529612	0.0615848348	-554.6655196366
68	0.2961469920	0.0615848348	-138.0042014540
69	1.3669678644	0.0615848348	-513.2166826579
70	1.7141596888	0.0615848348	-586.9181890474
71	1.0571751831	0.0615848348	-406.9779084337
72	1.1233133027	0.0615848348	-405.9451220240
73	0.0000000000	0.0615848348	-2.6742589126
74	0.2784875546	0.0615848348	-133.5833962440
75	1.7182549645	0.0615848348	-582.0452903381
76	1.6733333606	0.0615848348	-588.7295781021
77	0.0000000000	0.0615848348	-2.6742589126
78	1.4176676410	0.0615848348	-509.5770976166
79	1.3541040647	0.0615848348	-471.1878115670
80	0.3398745931	0.0615848348	-151.6165952168
81	1.3907803755	0.0615848348	-499.4479164774
82	1.4741555544	0.0615848348	-527.4943475497
83	1.4308556162	0.0615848348	-512.5702842676
84	0.6977855879	0.0615848348	-300.8831563280
85	0.9497514381	0.0615848348	-363.4029395926
86	1.8478968318	0.0615848348	-626.5086597607
87	1.7221729922	0.0615848348	-571.2767034350
88	0.8096511048	0.0615848348	-329.8702686193
89	0.1326134241	0.0615848348	-71.5989968119
90	1.0741074564	0.0615848348	-402.0725068568
91	1.1286187112	0.0615848348	-415.9830954153
92	0.8401382667	0.0615848348	-318.1004234024
93	2.0007796874	0.0615848348	-662.8431092443
94	1.1876901722	0.0615848348	-442.3287337439
95	0.7034840114	0.0615848348	-292.8991151952
96	1.1982430878	0.0615848348	-453.6047529267
97	1.3978171052	0.0615848348	-496.8744330771
98	0.8506235314	0.0615848348	-330.0165043385
99	1.7633908401	0.0615848348	-593.7366756046
100	0.1559426358	0.0615848348	-80.0857323947
101	0.2506662344	0.0615848348	-114.4622579371
102	1.2519619041	0.0615848348	-470.1257437091
103	0.8205876287	0.0615848348	-330.8474415503
104	0.1362860887	0.0615848348	-72.4320239717
105	1.1049705970	0.0615848348	-412.1430098770
106	1.1706774703	0.0615848348	-431.2608023363
107	1.5784850749	0.0615848348	-538.7308209225
108	1.4018992527	0.0615848348	-505.0723816882
109	1.0819336500	0.0615848348	-419.6567827470
110	1.4513045009	0.0615848348	-510.6895281297
111	0.0000000000	0.0615848348	-2.6742589126
112	1.6197953835	0.0615848348	-556.8181954259
113	1.5961241109	0.0615848348	-565.6590308432
114	0.6788435682	0.0615848348	-288.6078104873
115	0.9100869701	0.0615848348	-352.4623996168
116	1.7048613617	0.0615848348	-583.1556910789
117	1.7406622971	0.0615848348	-596.7365546301
118	1.8239298654	0.0615848348	-628.3637482136
119	0.4368180043	0.0615848348	-201.5002144295
120	1.5561916824	0.0615848348	-560.3394006619
121	0.1732124843	0.0615848348	-87.9468975302
122	1.3279629631	0.0615848348	-480.7241550138
123	1.3318066225	0.0615848348	-495.1579834198
124	1.4120384709	0.0615848348	-512.0385083623
