site	rate	t	lnL
1	2.8829272511	0.0060852747	-146.3296300151
2	0.1725283355	0.0060852747	-13.7884184236
3	1.8701037902	0.0060852747	-99.9935520329
4	0.8647054132	0.0060852747	-47.8597925872
5	0.0000000000	0.0060852747	-2.4167205553
6	1.6870451640	0.0060852747	-93.2225569934
7	0.3451022794	0.0060852747	-22.9784767767
8	2.1857853692	0.0060852747	-112.1030010516
9	2.5659684578	0.0060852747	-132.1319836506
10	1.0382991751	0.0060852747	-58.9151127212
11	1.0381131000	0.0060852747	-56.3193254606
12	0.6768640366	0.0060852747	-41.9900398277
13	1.0093502994	0.0060852747	-59.8003195110
14	0.8711755363	0.0060852747	-50.7211515859
15	0.5179217131	0.0060852747	-32.8012680374
16	2.3892792747	0.0060852747	-117.4081835449
17	0.8412647129	0.0060852747	-49.2330550148
18	1.0094106645	0.0060852747	-59.0323216528
19	2.1968847262	0.0060852747	-112.0541704907
20	0.1737913324	0.0060852747	-13.1821657470
21	1.1449631083	0.0060852747	-59.8077489113
22	0.3440973592	0.0060852747	-23.4405807983
23	0.8478584892	0.0060852747	-50.0839351939
24	0.1719512375	0.0060852747	-14.3050533616
25	2.0264360362	0.0060852747	-108.2206193132
26	0.5735313833	0.0060852747	-30.5182836755
27	0.3387878069	0.0060852747	-22.9294444866
28	0.0000000000	0.0060852747	-2.4167205553
29	0.1908154670	0.0060852747	-12.2274282483
30	0.6783449711	0.0060852747	-41.3921148481
31	0.8861595129	0.0060852747	-50.1191425493
32	0.8386041450	0.0060852747	-50.8757259869
33	0.3306192808	0.0060852747	-25.2925638986
34	1.8562166043	0.0060852747	-99.5501677850
35	1.3859892240	0.0060852747	-72.7883964238
36	1.0174252811	0.0060852747	-55.8847400023
37	1.1777249207	0.0060852747	-69.5595824074
38	2.3591109618	0.0060852747	-117.4903975104
39	1.3841574477	0.0060852747	-75.3474123971
40	1.7346361057	0.0060852747	-91.4663235980
41	1.3577445316	0.0060852747	-75.3191957992
42	1.2079726870	0.0060852747	-68.8266569417
43	1.6977418093	0.0060852747	-89.6846413858
44	2.0426105443	0.0060852747	-109.6639986139
45	1.1482225874	0.0060852747	-56.1829605919
46	0.1737912835	0.0060852747	-12.3208277013
47	0.3440916357	0.0060852747	-23.7100865783
48	1.1488412229	0.0060852747	-55.7472556851
49	1.0163332885	0.0060852747	-59.0526620891
50	0.9464751790	0.0060852747	-48.5876057142
51	0.0000000000	0.0060852747	-2.6129090009
52	0.0000000000	0.0060852747	-1.8560963978
53	1.1628093074	0.0060852747	-63.9886351674
54	0.3386022129	0.0060852747	-23.8138892223
55	0.1724350978	0.0060852747	-13.6085431452
56	0.5162030516	0.0060852747	-32.9507076692
57	0.0000000000	0.0060852747	-3.6839771754
58	1.9561888635	0.0060852747	-95.5408127113
59	1.1892854002	0.0060852747	-66.6391249962
60	0.6915943316	0.0060852747	-39.5422870206
61	0.0000000000	0.0060852747	-2.4167205553
62	1.5183681229	0.0060852747	-81.2178507990
63	0.1672708876	0.0060852747	-14.3919058034
64	0.1737912886	0.0060852747	-13.6697326811
65	1.3283080058	0.0060852747	-74.5975161279
66	0.4880905589	0.0060852747	-34.0153907980
67	0.6890024988	0.0060852747	-42.2715926987
68	0.3477923193	0.0060852747	-23.1817158630
69	1.8127255992	0.0060852747	-97.9615545644
70	1.3405782856	0.0060852747	-63.3803760046
71	0.9534667186	0.0060852747	-47.7792065719
72	1.3600644469	0.0060852747	-74.6378394270
73	0.0000000000	0.0060852747	-2.4167205553
74	0.1737549475	0.0060852747	-13.8300653097
75	1.1293382252	0.0060852747	-58.8777992729
76	1.0103964901	0.0060852747	-57.2721368681
77	0.0000000000	0.0060852747	-2.4167205553
78	1.9206460449	0.0060852747	-88.6750741099
79	1.6890260057	0.0060852747	-91.1294096234
80	0.3821113069	0.0060852747	-21.7224905182
81	1.3582366476	0.0060852747	-72.7834120349
82	2.9044008235	0.0060852747	-134.3104473724
83	1.4206914237	0.0060852747	-72.8561055779
84	0.3346521169	0.0060852747	-23.9603572219
85	0.1908000239	0.0060852747	-12.3731745577
86	0.6700828414	0.0060852747	-40.6520166430
87	0.8619288883	0.0060852747	-47.6937996095
88	0.3821113125	0.0060852747	-21.7636305536
89	0.0000000000	0.0060852747	-1.8560963978
90	2.3061639185	0.0060852747	-102.5832383800
91	0.0000000000	0.0060852747	-2.4167205553
92	0.5178908993	0.0060852747	-31.5581866785
93	0.5077772681	0.0060852747	-32.9998943986
94	2.3847344995	0.0060852747	-117.8659123074
95	0.0000000000	0.0060852747	-3.0207399559
96	1.3422282954	0.0060852747	-76.7576045075
97	1.5089352557	0.0060852747	-84.3620625192
98	1.9966241505	0.0060852747	-106.3296361257
99	0.5042729356	0.0060852747	-31.5725555400
100	0.0000000000	0.0060852747	-2.6129090009
101	0.1909096130	0.0060852747	-13.2980033501
102	0.8406299034	0.0060852747	-49.7766178730
103	2.1843412994	0.0060852747	-112.9175109215
104	0.0000000000	0.0060852747	-3.2167202617
105	1.1607450123	0.0060852747	-67.3901257306
106	1.1884768846	0.0060852747	-64.1019113382
107	0.3452623714	0.0060852747	-23.4795899524
108	2.0369619903	0.0060852747	-103.7461499814
109	0.7548951927	0.0060852747	-39.5671610948
110	2.5569157091	0.0060852747	-124.2469705951
111	0.0000000000	0.0060852747	-2.4167205553
112	1.0035560872	0.0060852747	-60.0529114768
113	1.1456167928	0.0060852747	-56.1225495534
114	2.2150607072	0.0060852747	-111.8103084854
115	1.2075743980	0.0060852747	-67.1774013887
116	0.5012602626	0.0060852747	-33.9369636339
117	1.0034960047	0.0060852747	-58.3799544821
118	0.6913501555	0.0060852747	-43.6207672659
119	0.8641727814	0.0060852747	-50.2032035248
120	2.3659289497	0.0060852747	-123.3301024089
121	0.1737983836	0.0060852747	-13.5300551669
122	0.0000000000	0.0060852747	-2.4167205553
123	1.6923165844	0.0060852747	-79.3188183159
124	2.7778716819	0.0060852747	-129.2539810153
