site	rate	t	lnL
1	2.1188265480	0.3727552831	-1518.0045510196
2	0.7675530782	0.3727552831	-1096.7535630618
3	2.0875789050	0.3727552831	-1533.9923817089
4	2.0435174218	0.3727552831	-1454.3933584532
5	0.2859872879	0.3727552831	-549.5579228918
6	1.7730364402	0.3727552831	-1472.9647001296
7	0.5359715523	0.3727552831	-833.7772056005
8	0.8243674485	0.3727552831	-1125.1311238623
9	1.9979997266	0.3727552831	-1474.3061626718
10	2.3287514459	0.3727552831	-1476.5971527206
11	0.6349636873	0.3727552831	-938.8883908375
12	2.3410251475	0.3727552831	-1507.4486002433
13	1.2965663288	0.3727552831	-1322.4629561988
14	0.6824260896	0.3727552831	-1032.0521085919
15	0.5254859411	0.3727552831	-815.0742588884
16	1.4210667619	0.3727552831	-1453.3809623014
17	1.5684877938	0.3727552831	-1417.1572639509
18	1.1765993811	0.3727552831	-1288.9486295294
19	1.8811414470	0.3727552831	-1461.5987969128
20	0.4087488402	0.3727552831	-732.3826179989
21	1.0248132730	0.3727552831	-1245.8651598441
22	1.5247732304	0.3727552831	-1481.5471921323
23	0.7436215780	0.3727552831	-1021.4578861822
24	0.1235654300	0.3727552831	-305.4921216492
25	1.4022545011	0.3727552831	-1435.4402660398
26	0.2753048152	0.3727552831	-549.3734142494
27	0.5846761656	0.3727552831	-919.3174555484
28	0.0231268865	0.3727552831	-70.8198648405
29	0.1806303454	0.3727552831	-384.7409742886
30	0.7887425478	0.3727552831	-1102.2987509895
31	2.0272431016	0.3727552831	-1477.2598026002
32	1.0636105855	0.3727552831	-1213.8074046456
33	0.2094666414	0.3727552831	-476.1860968119
34	1.5140076150	0.3727552831	-1438.5494402049
35	1.0706236585	0.3727552831	-1236.5712097041
36	1.9788761210	0.3727552831	-1460.0904852214
37	1.0312657662	0.3727552831	-1286.8842422854
38	2.3712098860	0.3727552831	-1520.5159378649
39	2.0188215242	0.3727552831	-1489.4498233540
40	1.1998350212	0.3727552831	-1337.1028587051
41	1.2451300710	0.3727552831	-1408.5345884104
42	2.8567166973	0.3727552831	-1528.1573893489
43	1.8335863376	0.3727552831	-1486.5236994926
44	1.8065487126	0.3727552831	-1515.4575076013
45	1.1793910176	0.3727552831	-1339.7740429049
46	0.6403778854	0.3727552831	-982.7262027863
47	0.5736221813	0.3727552831	-925.3558955580
48	1.5243500663	0.3727552831	-1400.3889553535
49	0.8417278153	0.3727552831	-1196.8459930534
50	0.7784437711	0.3727552831	-1091.0045904269
51	0.0028401581	0.3727552831	-13.7316772947
52	0.6719330530	0.3727552831	-964.8495524607
53	0.7720483275	0.3727552831	-1043.8456442803
54	0.9624374029	0.3727552831	-1230.1847317955
55	0.5989595147	0.3727552831	-907.6204009880
56	1.1930606634	0.3727552831	-1391.1921920852
57	0.3033651096	0.3727552831	-628.2614986790
58	1.1310621042	0.3727552831	-1252.1260355769
59	2.2419329073	0.3727552831	-1501.8183589960
60	0.5534423866	0.3727552831	-875.8129566427
61	0.0553415949	0.3727552831	-148.7180696027
62	2.0877854179	0.3727552831	-1482.8915397860
63	0.6974114092	0.3727552831	-1076.9353976784
64	0.8723148793	0.3727552831	-1177.7923105979
65	2.2484483380	0.3727552831	-1513.2456334896
66	0.5456178889	0.3727552831	-906.0726431174
67	2.3716125757	0.3727552831	-1529.3011516010
68	0.8227327162	0.3727552831	-1135.9246685666
69	2.1541717172	0.3727552831	-1518.1416952745
70	2.1169831894	0.3727552831	-1465.5550862729
71	1.4358692653	0.3727552831	-1381.1707782584
72	1.5656804360	0.3727552831	-1392.6619238362
73	0.2391030257	0.3727552831	-476.3102546228
74	0.7661418221	0.3727552831	-1094.9759780611
75	1.1613153384	0.3727552831	-1249.7392837667
76	1.8579453985	0.3727552831	-1520.6783764811
77	0.1421000436	0.3727552831	-322.9530382084
78	2.2540827994	0.3727552831	-1528.7586531461
79	2.1978562035	0.3727552831	-1471.9239106866
80	0.9014155030	0.3727552831	-1143.4549344137
81	1.2704553296	0.3727552831	-1295.5975459505
82	2.6010051244	0.3727552831	-1530.6671653764
83	2.3045800015	0.3727552831	-1531.0769421449
84	0.7660926585	0.3727552831	-1160.3809060170
85	0.8205291137	0.3727552831	-1090.4800089559
86	1.2329638457	0.3727552831	-1400.1054168178
87	1.4118633281	0.3727552831	-1408.0537825325
88	0.7771795114	0.3727552831	-1125.9316858606
89	0.5394428618	0.3727552831	-834.5836922179
90	2.4317900203	0.3727552831	-1487.1116398192
91	0.1399114319	0.3727552831	-324.9443035829
92	0.7532330722	0.3727552831	-1023.2852156593
93	1.7891209273	0.3727552831	-1455.7870973149
94	0.5430843898	0.3727552831	-848.7045538199
95	0.4519792301	0.3727552831	-811.3940659106
96	2.1355033858	0.3727552831	-1500.2640589736
97	2.0315840456	0.3727552831	-1462.9251359477
98	1.1282154751	0.3727552831	-1303.1307500335
99	1.6688544576	0.3727552831	-1489.1329562291
100	0.1226413918	0.3727552831	-282.8443835811
101	0.3650326096	0.3727552831	-624.7749733570
102	2.0533504096	0.3727552831	-1502.3221493314
103	1.2882610760	0.3727552831	-1320.0344517477
104	0.4137838293	0.3727552831	-756.5338206422
105	1.2141547554	0.3727552831	-1408.0472689463
106	1.8901567160	0.3727552831	-1414.5082391391
107	0.5359289767	0.3727552831	-885.4435362591
108	2.0139667860	0.3727552831	-1475.1248449848
109	1.9955606556	0.3727552831	-1481.6886820958
110	1.8749961359	0.3727552831	-1470.6855889744
111	0.0000000000	0.3727552831	-2.4433792590
112	2.4463918734	0.3727552831	-1516.0766396890
113	2.0144151296	0.3727552831	-1532.2915809896
114	0.8430089164	0.3727552831	-1189.7470584726
115	1.5741725851	0.3727552831	-1445.3581802734
116	2.4367690583	0.3727552831	-1528.3496468203
117	1.9839949213	0.3727552831	-1456.1725629876
118	1.1914722551	0.3727552831	-1323.5055180415
119	1.2631603465	0.3727552831	-1373.6425997263
120	1.9564274388	0.3727552831	-1460.4743866307
121	0.4385339430	0.3727552831	-775.7902157548
122	0.3615575812	0.3727552831	-641.0832025685
123	2.1701103069	0.3727552831	-1505.6710528511
124	2.8582715649	0.3727552831	-1534.2361483487
