site	rate	t	lnL
1	0.9891978161	0.0758370657	-469.0489114118
2	0.3222425392	0.0758370657	-157.9295241937
3	1.6908893535	0.0758370657	-652.8082339982
4	1.5603700517	0.0758370657	-622.5255791473
5	0.1145760388	0.0758370657	-49.4206284700
6	1.3125666674	0.0758370657	-405.6823402506
7	0.2779547761	0.0758370657	-143.5041532209
8	0.8676868007	0.0758370657	-414.3940444229
9	1.2850292273	0.0758370657	-496.9504502925
10	1.4453539145	0.0758370657	-579.8394675086
11	0.5064032002	0.0758370657	-226.6987893705
12	1.2855788495	0.0758370657	-541.0283639238
13	1.5606408831	0.0758370657	-551.2204894749
14	1.3123363271	0.0758370657	-570.2257855098
15	0.1375063052	0.0758370657	-95.1933928097
16	2.4205003542	0.0758370657	-604.8634870690
17	1.0412029694	0.0758370657	-486.1816474465
18	1.3466869611	0.0758370657	-556.2877154858
19	1.4491998378	0.0758370657	-595.7877317440
20	0.1765929424	0.0758370657	-67.7479769628
21	1.3947780546	0.0758370657	-389.3115825348
22	1.0556850808	0.0758370657	-357.5426897201
23	1.2093682155	0.0758370657	-519.5731735501
24	0.0930847153	0.0758370657	-42.7377440001
25	0.8853822615	0.0758370657	-384.2026937809
26	0.5533074014	0.0758370657	-130.7404715627
27	0.0946046197	0.0758370657	-50.6763581827
28	0.0000000000	0.0758370657	-2.6742589126
29	0.1783440781	0.0758370657	-115.7310611612
30	0.4818285267	0.0758370657	-239.8515981618
31	1.3896942415	0.0758370657	-633.8312846648
32	1.6519609459	0.0758370657	-590.3312867700
33	0.0406039355	0.0758370657	-37.9217916328
34	1.1808329423	0.0758370657	-373.4332218407
35	0.6041744589	0.0758370657	-279.7857689398
36	1.3770980813	0.0758370657	-642.1983744767
37	0.8093566672	0.0758370657	-280.9468420504
38	1.1433555537	0.0758370657	-494.7009279888
39	1.3018248802	0.0758370657	-503.1139747551
40	1.7561796662	0.0758370657	-699.8757535221
41	1.2483038951	0.0758370657	-581.0512571597
42	1.6488407380	0.0758370657	-629.5494801232
43	1.8502001299	0.0758370657	-406.1652416286
44	1.9665549328	0.0758370657	-596.1622200154
45	1.2475504091	0.0758370657	-567.0499520614
46	2.0521688876	0.0758370657	-661.9208457971
47	0.5797586721	0.0758370657	-297.5793580744
48	2.5580407545	0.0758370657	-646.6277517386
49	0.9277194036	0.0758370657	-461.8421541190
50	0.4423295698	0.0758370657	-195.3725570703
51	0.0000000000	0.0758370657	-2.5640676898
52	0.2229619306	0.0758370657	-106.7673322932
53	0.1933324968	0.0758370657	-116.9413787745
54	0.4304741869	0.0758370657	-173.7753066351
55	0.3067107521	0.0758370657	-161.6703019640
56	0.8924225088	0.0758370657	-493.1689123750
57	0.0202935881	0.0758370657	-23.7122086683
58	0.7345742735	0.0758370657	-313.2221609900
59	1.2863102769	0.0758370657	-485.6156739025
60	0.9008315272	0.0758370657	-423.3882495472
61	0.9797110000	0.0758370657	-456.7739485140
62	2.3062574209	0.0758370657	-625.1888492326
63	0.5408302961	0.0758370657	-250.8243057934
64	0.9228147062	0.0758370657	-440.3666091595
65	2.1125107206	0.0758370657	-602.6449049834
66	0.1195241580	0.0758370657	-84.1187534368
67	1.5306494223	0.0758370657	-608.3747793888
68	0.4348783928	0.0758370657	-148.6161150674
69	1.0300225483	0.0758370657	-587.7657646612
70	1.5994206836	0.0758370657	-654.9139060137
71	1.0018604813	0.0758370657	-428.4501431229
72	1.0741849617	0.0758370657	-440.0449391029
73	0.0000000000	0.0758370657	-2.6742589126
74	0.4003537979	0.0758370657	-127.2340354247
75	1.6478957044	0.0758370657	-659.3533769714
76	1.8234750112	0.0758370657	-672.1998135606
77	0.0000000000	0.0758370657	-2.6742589126
78	1.8933300400	0.0758370657	-546.8575178794
79	1.3003527371	0.0758370657	-515.7986897382
80	0.3073150437	0.0758370657	-147.2389791878
81	1.1102487451	0.0758370657	-518.9381293821
82	1.1370033107	0.0758370657	-576.6701455140
83	1.5510909896	0.0758370657	-581.3588313448
84	0.6936000325	0.0758370657	-321.3934321303
85	0.9370360035	0.0758370657	-401.6842082987
86	1.7628528697	0.0758370657	-693.6301375130
87	1.9256988765	0.0758370657	-633.8427122445
88	0.7436758466	0.0758370657	-334.6878749850
89	0.0919625113	0.0758370657	-74.6114613747
90	0.9117474134	0.0758370657	-439.2336733388
91	1.4454738576	0.0758370657	-431.1897590509
92	0.7246060162	0.0758370657	-331.0490574255
93	2.2376187149	0.0758370657	-745.0894787680
94	1.0043384187	0.0758370657	-485.9113470850
95	0.5884307109	0.0758370657	-296.6219866537
96	1.1723799992	0.0758370657	-477.8190842456
97	2.1530504917	0.0758370657	-530.2022718780
98	1.1786894072	0.0758370657	-353.5941004114
99	1.8666921619	0.0758370657	-671.4454504410
100	0.2253446190	0.0758370657	-83.0084754087
101	0.2231157234	0.0758370657	-109.5686756932
102	1.2328571773	0.0758370657	-514.5221899728
103	0.8860074077	0.0758370657	-398.8109292669
104	0.2801288539	0.0758370657	-76.9973792542
105	1.4737447025	0.0758370657	-453.9408909137
106	1.2740493528	0.0758370657	-484.4833305703
107	1.5434963120	0.0758370657	-565.5834704199
108	1.5210540667	0.0758370657	-548.7092073524
109	1.0989509251	0.0758370657	-452.8160295652
110	2.0560308874	0.0758370657	-555.0166724190
111	0.0000000000	0.0758370657	-2.6742589126
112	1.5420604726	0.0758370657	-623.4908794561
113	1.4972583860	0.0758370657	-628.4700495127
114	0.6584133975	0.0758370657	-318.8244414701
115	0.9590687008	0.0758370657	-397.3338205841
116	1.3855335302	0.0758370657	-644.4959675180
117	1.5066125262	0.0758370657	-636.1699264446
118	1.9641615513	0.0758370657	-683.1211909278
119	0.3096255568	0.0758370657	-216.2801552663
120	1.3060841023	0.0758370657	-609.3548179514
121	0.2497175408	0.0758370657	-90.3531355294
122	1.2915607505	0.0758370657	-509.0685800962
123	1.3703182466	0.0758370657	-544.1011734093
124	1.0760961899	0.0758370657	-556.0660212094
