site	rate	t	lnL
1	1.5957157396	0.0596631694	-616.6545364549
2	0.2866109621	0.0596631694	-158.3865391149
3	2.3610008634	0.0596631694	-633.7195478219
4	1.3773358622	0.0596631694	-555.9811759955
5	2.4529291875	0.0596631694	-630.2991720495
6	1.8213405571	0.0596631694	-631.0110361135
7	0.1487516546	0.0596631694	-80.3478063787
8	1.0834354064	0.0596631694	-440.8350602995
9	1.7580940855	0.0596631694	-651.1749645620
10	1.0229325773	0.0596631694	-519.5730203200
11	0.3101617676	0.0596631694	-164.5974591077
12	1.6508210406	0.0596631694	-580.6699413383
13	0.7163062762	0.0596631694	-373.0395992819
14	2.1953151119	0.0596631694	-545.0866272676
15	0.0754066246	0.0596631694	-68.6708617837
16	1.8860371537	0.0596631694	-481.4940538416
17	1.6635077981	0.0596631694	-452.2578581356
18	1.3861689027	0.0596631694	-519.3952431367
19	0.8340800163	0.0596631694	-372.6168470383
20	0.3587580882	0.0596631694	-80.7212310741
21	0.7775271092	0.0596631694	-366.7753435118
22	1.5984543645	0.0596631694	-601.2798895871
23	0.4469378060	0.0596631694	-235.7529839599
24	0.5093364294	0.0596631694	-223.2836245590
25	1.3411299380	0.0596631694	-409.3628238469
26	0.2089793180	0.0596631694	-68.2909489913
27	0.1389014706	0.0596631694	-91.4156776832
28	0.0000000000	0.0596631694	-2.5472298845
29	0.0754340710	0.0596631694	-71.0170135168
30	0.3924812199	0.0596631694	-227.9351818295
31	1.2736141775	0.0596631694	-531.7799618106
32	0.9575627830	0.0596631694	-516.4234722524
33	0.4751059319	0.0596631694	-207.5006716377
34	1.4467296830	0.0596631694	-294.5844588442
35	0.8737341011	0.0596631694	-370.0392919346
36	1.1651738642	0.0596631694	-479.8986374913
37	1.2156795334	0.0596631694	-454.8995608017
38	1.1008788930	0.0596631694	-519.0212870765
39	1.4998086651	0.0596631694	-482.6602670614
40	1.8189797312	0.0596631694	-656.9428822389
41	1.2302441936	0.0596631694	-495.2806378906
42	1.5749061611	0.0596631694	-507.5207384488
43	1.2012962788	0.0596631694	-355.5788706293
44	1.4516697589	0.0596631694	-579.0946842376
45	1.5572487343	0.0596631694	-410.2325370099
46	0.4463410219	0.0596631694	-94.2746950934
47	0.3897851502	0.0596631694	-188.8939097658
48	2.0644422280	0.0596631694	-706.8837856242
49	1.0773242361	0.0596631694	-550.7138468454
50	1.9123426149	0.0596631694	-605.3331719931
51	0.0000000000	0.0596631694	-2.6744873535
52	0.3076436731	0.0596631694	-192.0609214011
53	0.4035973339	0.0596631694	-271.8312760373
54	0.8330921740	0.0596631694	-359.7553791049
55	0.2596856086	0.0596631694	-145.2396500599
56	1.3515874138	0.0596631694	-504.9013482208
57	0.0853727778	0.0596631694	-58.6601396564
58	0.7464400339	0.0596631694	-356.3791628935
59	0.8106345453	0.0596631694	-375.7751177548
60	0.6780626065	0.0596631694	-312.3264538110
61	0.1032169305	0.0596631694	-46.7964137944
62	1.6115757910	0.0596631694	-651.7183937452
63	0.2960114634	0.0596631694	-100.9009556138
64	1.0543100101	0.0596631694	-227.6476023650
65	1.8983744561	0.0596631694	-752.3164404460
66	0.0891985397	0.0596631694	-55.2896616470
67	1.2324698945	0.0596631694	-568.7758809469
68	1.9249025500	0.0596631694	-648.1521974808
69	1.6256584604	0.0596631694	-630.6602035275
70	1.9000832161	0.0596631694	-717.8065373237
71	0.9750206783	0.0596631694	-443.2640949605
72	1.3436577455	0.0596631694	-566.0069207721
73	0.0627525688	0.0596631694	-30.2626150822
74	0.8023300772	0.0596631694	-161.8786974112
75	0.6430446563	0.0596631694	-307.1779796739
76	1.7741461470	0.0596631694	-271.0349057044
77	0.0206339640	0.0596631694	-12.2214833179
78	1.9146839621	0.0596631694	-548.0221063534
79	1.1255409082	0.0596631694	-480.4069737148
80	0.4044074941	0.0596631694	-202.8461124690
81	1.8096039044	0.0596631694	-454.3908562404
82	1.6497877243	0.0596631694	-628.1182336095
83	1.7092551687	0.0596631694	-651.1025643210
84	0.8440267665	0.0596631694	-243.6804747134
85	0.4674385805	0.0596631694	-281.8106235997
86	0.8652113381	0.0596631694	-430.6809932820
87	1.7670132287	0.0596631694	-510.1219218057
88	0.6022444094	0.0596631694	-348.5485118389
89	0.2366973021	0.0596631694	-143.7494816278
90	1.6300006949	0.0596631694	-631.2885247343
91	0.0628046321	0.0596631694	-32.2958833899
92	0.3615777061	0.0596631694	-229.1341330133
93	1.5821316848	0.0596631694	-414.5450776058
94	0.2459614498	0.0596631694	-149.3482460603
95	0.1746196419	0.0596631694	-109.0251243111
96	1.6390732869	0.0596631694	-577.3637427984
97	1.6592783661	0.0596631694	-704.7569669764
98	1.5583307409	0.0596631694	-526.6370877594
99	2.7804774382	0.0596631694	-536.2095254446
100	1.2862554061	0.0596631694	-511.2899458806
101	0.1344099312	0.0596631694	-83.8310849767
102	2.7616067216	0.0596631694	-721.9976976549
103	1.1457391617	0.0596631694	-493.7991686836
104	0.2872888768	0.0596631694	-177.4990288446
105	1.8831574246	0.0596631694	-312.8515459547
106	2.8112168577	0.0596631694	-538.5927887383
107	0.3309089359	0.0596631694	-171.4790167955
108	0.8022963328	0.0596631694	-392.3535313218
109	1.3401269111	0.0596631694	-537.4841542937
110	1.1424766313	0.0596631694	-513.7493217733
111	0.0000000000	0.0596631694	-2.5472298845
112	2.4178196963	0.0596631694	-679.5520759798
113	1.7628774517	0.0596631694	-470.8495377736
114	1.1606705541	0.0596631694	-351.3960893472
115	3.1282932552	0.0596631694	-799.0797173147
116	0.8192785598	0.0596631694	-430.7573969011
117	2.2155782614	0.0596631694	-605.3481681505
118	0.9298368168	0.0596631694	-446.7566915835
119	0.9213909584	0.0596631694	-507.6539380648
120	3.4946492445	0.0596631694	-717.4298602008
121	0.7394530970	0.0596631694	-159.3262221245
122	0.1668892675	0.0596631694	-71.0294635430
123	2.1053544647	0.0596631694	-552.7319125386
124	1.5998262035	0.0596631694	-581.7513957955
