site	rate	t	lnL
1	1.6266486464	0.0006381894	-14.4625353408
2	0.0000000000	0.0006381894	-2.8749296080
3	0.0000000000	0.0006381894	-2.8827771819
4	1.8137839294	0.0006381894	-12.5126005398
5	3.2566499108	0.0006381894	-22.9552766949
6	0.0000000000	0.0006381894	-3.4228193292
7	0.0000000000	0.0006381894	-2.3340736795
8	0.0000000000	0.0006381894	-1.8758425864
9	0.0000000000	0.0006381894	-3.0246234560
10	1.6560646926	0.0006381894	-14.6092250267
11	3.2296938046	0.0006381894	-24.5375523085
12	0.0000000000	0.0006381894	-3.2046131034
13	0.0000000000	0.0006381894	-2.6198070667
14	1.6555320584	0.0006381894	-12.3538637745
15	0.0000000000	0.0006381894	-2.3340736795
16	0.0000000000	0.0006381894	-2.8827771819
17	0.0000000000	0.0006381894	-2.8749296080
18	0.0000000000	0.0006381894	-2.8749296080
19	0.0000000000	0.0006381894	-2.8827771819
20	0.0000000000	0.0006381894	-2.6252294853
21	0.0000000000	0.0006381894	-2.6198070667
22	0.0000000000	0.0006381894	-3.4228193292
23	0.0000000000	0.0006381894	-2.3340736795
24	0.0000000000	0.0006381894	-3.7223205306
25	0.0000000000	0.0006381894	-1.8758425864
26	0.0000000000	0.0006381894	-3.2046131034
27	0.0000000000	0.0006381894	-2.3340736795
28	0.0000000000	0.0006381894	-2.5229838638
29	0.0000000000	0.0006381894	-1.8758425864
30	0.0000000000	0.0006381894	-1.8758425864
31	3.6303203387	0.0006381894	-24.2597312051
32	1.7004752679	0.0006381894	-13.2007335937
33	0.0000000000	0.0006381894	-4.1222634548
34	1.6274097034	0.0006381894	-14.1676639545
35	0.0000000000	0.0006381894	-1.8758425864
36	0.0000000000	0.0006381894	-2.3340736795
37	0.0000000000	0.0006381894	-3.7223205306
38	5.0141794793	0.0006381894	-30.7517111789
39	1.6695876756	0.0006381894	-14.4934838694
40	0.0000000000	0.0006381894	-1.8758425864
41	3.3144819776	0.0006381894	-23.9568360216
42	0.0000000000	0.0006381894	-3.7074479642
43	0.0000000000	0.0006381894	-2.3340736795
44	1.5741428597	0.0006381894	-15.7328884759
45	1.5736893061	0.0006381894	-15.0486049055
46	1.5607904773	0.0006381894	-14.5569385229
47	1.6139714452	0.0006381894	-14.3368132704
48	0.0000000000	0.0006381894	-2.6198070667
49	0.0000000000	0.0006381894	-2.8827771819
50	0.0000000000	0.0006381894	-2.6198070667
51	0.0000000000	0.0006381894	-2.6252294853
52	0.0000000000	0.0006381894	-1.8758425864
53	0.0000000000	0.0006381894	-1.8758425864
54	1.6716835231	0.0006381894	-12.2419144039
55	0.0000000000	0.0006381894	-2.8752088206
56	1.8137842823	0.0006381894	-13.0713789237
57	0.0000000000	0.0006381894	-3.4339872045
58	0.0000000000	0.0006381894	-2.6252294853
59	0.0000000000	0.0006381894	-1.8758425864
60	0.0000000000	0.0006381894	-3.2046131034
61	0.0000000000	0.0006381894	-2.5229838638
62	3.2541133596	0.0006381894	-23.0612259458
63	0.0000000000	0.0006381894	-3.7093753660
64	0.0000000000	0.0006381894	-2.6252294853
65	0.0000000000	0.0006381894	-3.0406394872
66	1.6132301486	0.0006381894	-14.3261045581
67	1.6139727598	0.0006381894	-13.2368993885
68	1.6695226564	0.0006381894	-12.9925941299
69	0.0000000000	0.0006381894	-2.6198070667
70	0.0000000000	0.0006381894	-1.8758425864
71	0.0000000000	0.0006381894	-3.0406394872
72	3.1762608382	0.0006381894	-25.6549392416
73	3.6303204752	0.0006381894	-22.6565567698
74	1.6555313938	0.0006381894	-14.6002846428
75	6.2671521138	0.0006381894	-42.9888465333
76	1.6139734351	0.0006381894	-14.3256442749
77	0.0000000000	0.0006381894	-2.5229838638
78	1.6274095292	0.0006381894	-14.1676639545
79	0.0000000000	0.0006381894	-3.7093753660
80	0.0000000000	0.0006381894	-2.3340736795
81	0.0000000000	0.0006381894	-3.7074479642
82	1.6553620467	0.0006381894	-14.6150716289
83	1.5866899491	0.0006381894	-13.8527011683
84	1.6530629341	0.0006381894	-14.1869605063
85	0.0000000000	0.0006381894	-2.8752088206
86	0.0000000000	0.0006381894	-3.4339872045
87	1.6273424997	0.0006381894	-14.4672070105
88	1.5866900614	0.0006381894	-13.2055598909
89	0.0000000000	0.0006381894	-1.8758425864
90	1.5606903858	0.0006381894	-15.0625370632
91	0.0000000000	0.0006381894	-2.5229838638
92	0.0000000000	0.0006381894	-2.3340736795
93	3.1751230742	0.0006381894	-24.1648550054
94	3.4042794774	0.0006381894	-21.3565914900
95	1.5868586826	0.0006381894	-14.2048199734
96	1.6263556207	0.0006381894	-13.7779635721
97	0.0000000000	0.0006381894	-3.0406394872
98	1.7004759828	0.0006381894	-14.2970421131
99	1.5604149144	0.0006381894	-15.7712001097
100	0.0000000000	0.0006381894	-2.6252294853
101	0.0000000000	0.0006381894	-2.3340736795
102	0.0000000000	0.0006381894	-2.6198070667
103	1.8134958041	0.0006381894	-12.5127593702
104	0.0000000000	0.0006381894	-3.2046131034
105	0.0000000000	0.0006381894	-2.5229838638
106	1.5873107241	0.0006381894	-15.0251179018
107	0.0000000000	0.0006381894	-2.6198070667
108	0.0000000000	0.0006381894	-3.7093753660
109	3.6292317507	0.0006381894	-23.0240655505
110	0.0000000000	0.0006381894	-2.8752088206
111	0.0000000000	0.0006381894	-2.5229838638
112	1.6126622940	0.0006381894	-14.3424727812
113	1.8130327348	0.0006381894	-12.1607897439
114	4.8397904693	0.0006381894	-33.3879978973
115	1.5606908849	0.0006381894	-15.0785530944
116	1.6004917794	0.0006381894	-13.9661284389
117	1.5868468153	0.0006381894	-14.3537537455
118	3.2560489154	0.0006381894	-24.7994726014
119	1.6273829402	0.0006381894	-14.1796161528
120	3.2567051621	0.0006381894	-24.3781488152
121	1.5869615007	0.0006381894	-13.9542872749
122	0.0000000000	0.0006381894	-1.8758425864
123	1.6273824954	0.0006381894	-12.6209831343
124	3.2276312764	0.0006381894	-23.3105466740
