site	rate	t	lnL
1	1.4486320741	0.0070826556	-130.0148653050
2	0.4999607203	0.0070826556	-25.0428353567
3	0.6189841233	0.0070826556	-62.2996686850
4	1.2807122604	0.0070826556	-103.7844415043
5	0.0000000000	0.0070826556	-2.4259437494
6	1.5267927270	0.0070826556	-34.2302112035
7	4.0075408184	0.0070826556	-158.0235354637
8	0.7915173791	0.0070826556	-65.2177064699
9	0.8835361875	0.0070826556	-70.5008615798
10	1.9621352346	0.0070826556	-117.2232319092
11	0.1209938567	0.0070826556	-13.3556077922
12	1.1364262498	0.0070826556	-81.7890262852
13	0.7395230319	0.0070826556	-63.9121288367
14	0.7310839820	0.0070826556	-23.0423521720
15	0.1268415963	0.0070826556	-12.8984490075
16	0.7152955732	0.0070826556	-50.0317541856
17	1.3423928984	0.0070826556	-81.8029565667
18	1.0031410402	0.0070826556	-37.1913242820
19	1.8264596863	0.0070826556	-156.7201640339
20	0.3664119455	0.0070826556	-15.4532519147
21	1.3893979623	0.0070826556	-79.1787208161
22	0.5218968266	0.0070826556	-13.5421373804
23	0.5076374105	0.0070826556	-42.7817655683
24	0.3934752640	0.0070826556	-32.2323236347
25	0.9603669241	0.0070826556	-40.3591782051
26	0.7674874328	0.0070826556	-60.7707846831
27	0.2280737463	0.0070826556	-22.7536086492
28	0.0000000000	0.0070826556	-2.4259437494
29	0.0000000000	0.0070826556	-2.3450241852
30	0.2188504296	0.0070826556	-25.8487079331
31	1.6422919606	0.0070826556	-142.0782301654
32	0.9684276694	0.0070826556	-45.5848995655
33	0.0000000000	0.0070826556	-3.6795980630
34	1.2844830298	0.0070826556	-89.3172643736
35	0.6168317333	0.0070826556	-54.3470954072
36	0.4570785764	0.0070826556	-46.5951711183
37	0.9987903703	0.0070826556	-24.4080402434
38	0.9577371915	0.0070826556	-90.2770703971
39	0.8919822645	0.0070826556	-65.0288376473
40	3.0320256761	0.0070826556	-121.3072340482
41	2.1851072126	0.0070826556	-135.3571417330
42	1.4246915509	0.0070826556	-97.6376581743
43	1.5114379700	0.0070826556	-90.8883126297
44	2.1117907274	0.0070826556	-120.7314689767
45	1.5135668612	0.0070826556	-129.2370847644
46	1.1005435501	0.0070826556	-35.5156569923
47	0.4570600283	0.0070826556	-40.0005604760
48	1.3583973034	0.0070826556	-77.2215887015
49	0.5644461243	0.0070826556	-41.6286089486
50	2.0525097142	0.0070826556	-113.6593031234
51	0.0000000000	0.0070826556	-2.5045026452
52	0.0000000000	0.0070826556	-2.3450241852
53	0.3852611973	0.0070826556	-35.9131090444
54	0.8209804517	0.0070826556	-47.9514961884
55	0.5463010680	0.0070826556	-48.8749485841
56	0.2818925469	0.0070826556	-26.6883502216
57	1.4575394602	0.0070826556	-38.1849016397
58	0.7636007467	0.0070826556	-58.4419642688
59	0.2336153611	0.0070826556	-20.6047774594
60	0.5030462658	0.0070826556	-25.0037590768
61	0.0000000000	0.0070826556	-2.4259437494
62	0.5898905327	0.0070826556	-55.0782600363
63	0.1762496476	0.0070826556	-16.9208839688
64	0.0000000000	0.0070826556	-2.5045026452
65	2.7838287716	0.0070826556	-116.4034682660
66	0.1337766365	0.0070826556	-16.1680516515
67	1.3234937525	0.0070826556	-118.2840110527
68	0.0000000000	0.0070826556	-2.5045026452
69	1.1722073282	0.0070826556	-81.6820873129
70	1.1054465571	0.0070826556	-73.1088998672
71	0.6551568876	0.0070826556	-35.9675515117
72	0.2531354558	0.0070826556	-24.5638992733
73	1.0736443722	0.0070826556	-29.1106855747
74	1.5054805605	0.0070826556	-86.1356039203
75	0.4591074892	0.0070826556	-48.8500157445
76	1.1659063119	0.0070826556	-56.2066630593
77	0.2162351983	0.0070826556	-12.9754416044
78	1.7151540064	0.0070826556	-72.7522888732
79	1.1554402955	0.0070826556	-72.0655870846
80	0.2471079941	0.0070826556	-24.1937564315
81	0.2280799472	0.0070826556	-25.7607371477
82	1.5119941685	0.0070826556	-86.5974069015
83	1.8013470734	0.0070826556	-107.3969005850
84	6.6729003559	0.0070826556	-118.0312481781
85	1.4316606360	0.0070826556	-100.4157019768
86	3.0696929121	0.0070826556	-127.8948368175
87	1.5453638170	0.0070826556	-35.0771239479
88	1.1865850529	0.0070826556	-86.7235456017
89	0.0000000000	0.0070826556	-3.2069450128
90	0.8844340995	0.0070826556	-56.2260199863
91	0.0000000000	0.0070826556	-2.4259437494
92	0.3931004324	0.0070826556	-29.5446065998
93	10.8359200750	0.0070826556	-187.7226301586
94	0.1166180628	0.0070826556	-12.4323131129
95	0.5766489136	0.0070826556	-55.3726416129
96	1.4669655672	0.0070826556	-87.9835433086
97	1.7939426433	0.0070826556	-80.2475360452
98	2.4819293451	0.0070826556	-105.0032075554
99	1.1428130931	0.0070826556	-82.4400567935
100	0.0000000000	0.0070826556	-2.5045026452
101	0.5084862508	0.0070826556	-37.5107530345
102	1.3419938398	0.0070826556	-76.0878783169
103	1.8310534520	0.0070826556	-108.3516218975
104	0.0000000000	0.0070826556	-3.0139799109
105	1.1112802054	0.0070826556	-70.6878076223
106	1.0700184425	0.0070826556	-81.2644260525
107	0.1572308892	0.0070826556	-14.6754390772
108	0.8942017799	0.0070826556	-77.2607698413
109	1.3348454663	0.0070826556	-82.1195519743
110	3.4931265511	0.0070826556	-146.8814054977
111	0.0000000000	0.0070826556	-2.4259437494
112	1.1406796715	0.0070826556	-78.4807502107
113	1.1621387359	0.0070826556	-92.6587065984
114	0.4800172336	0.0070826556	-25.8173738366
115	1.1722699546	0.0070826556	-72.4750164506
116	1.4970590386	0.0070826556	-84.9142361394
117	2.3577823391	0.0070826556	-123.3722759420
118	1.2629428884	0.0070826556	-51.9384260385
119	2.5433519920	0.0070826556	-70.0705344561
120	3.4210620597	0.0070826556	-140.1450328017
121	0.7345436294	0.0070826556	-24.5847686301
122	0.0000000000	0.0070826556	-2.4259437494
123	3.1400002216	0.0070826556	-183.1322738048
124	1.1375391582	0.0070826556	-87.6192320084
