site	rate	t	lnL
1	1.7682591225	0.0585429395	-572.6484879005
2	0.3929413088	0.0585429395	-172.1107895258
3	1.7085489135	0.0585429395	-562.5644709863
4	1.6666872052	0.0585429395	-553.1766244656
5	0.0529299576	0.0585429395	-32.3137917773
6	1.1207750585	0.0585429395	-406.4527238701
7	0.3564860058	0.0585429395	-160.3112600329
8	0.4470446811	0.0585429395	-193.9854662094
9	1.4666196969	0.0585429395	-500.2135344249
10	1.4880095128	0.0585429395	-508.2976032341
11	0.3930633065	0.0585429395	-169.8528007437
12	1.2544467848	0.0585429395	-442.0048014133
13	1.0050090528	0.0585429395	-374.7049996799
14	1.5249791206	0.0585429395	-519.4000677531
15	0.3205497606	0.0585429395	-146.4912926980
16	0.7050737484	0.0585429395	-276.9878672078
17	1.6078907827	0.0585429395	-535.4928706903
18	0.5018566418	0.0585429395	-212.2830826525
19	1.8702085737	0.0585429395	-604.2056050092
20	0.1060824067	0.0585429395	-57.4606791816
21	0.4472571817	0.0585429395	-191.7764207710
22	0.6485287426	0.0585429395	-261.3462642642
23	0.6484282659	0.0585429395	-263.5494411758
24	0.1949917458	0.0585429395	-95.4597277774
25	1.0820408924	0.0585429395	-391.5787996972
26	1.8633541338	0.0585429395	-597.4678034443
27	1.1184268245	0.0585429395	-404.7878006587
28	0.0000000000	0.0585429395	-2.9957322736
29	0.1771625495	0.0585429395	-88.6426332858
30	0.4473910498	0.0585429395	-190.6703629732
31	1.2728151199	0.0585429395	-446.7493501596
32	0.7412779491	0.0585429395	-293.3140564722
33	0.1237871185	0.0585429395	-65.4574884928
34	1.6117335620	0.0585429395	-538.1823956339
35	1.3679667889	0.0585429395	-481.4610061408
36	2.1345229114	0.0585429395	-661.7362576389
37	1.4911410631	0.0585429395	-507.0622335512
38	1.4700990526	0.0585429395	-501.0292600551
39	1.5673444166	0.0585429395	-528.4520221590
40	0.6120768983	0.0585429395	-247.9121516914
41	2.2047847142	0.0585429395	-681.7424775144
42	1.5478465017	0.0585429395	-522.2863339933
43	1.7861728755	0.0585429395	-588.9875738776
44	1.7888448155	0.0585429395	-581.9707882889
45	1.1186173801	0.0585429395	-404.4894304632
46	0.3204705696	0.0585429395	-145.3969331893
47	0.5202980784	0.0585429395	-219.4551039633
48	1.2939738746	0.0585429395	-457.3472616043
49	1.1945178761	0.0585429395	-428.9246363996
50	0.5570630361	0.0585429395	-230.8125881466
51	0.0000000000	0.0585429395	-2.9957322736
52	1.0832691632	0.0585429395	-392.7104059660
53	0.6120257397	0.0585429395	-247.3912097348
54	1.0603112889	0.0585429395	-393.6003210148
55	0.5936115765	0.0585429395	-242.1716999947
56	1.9200805708	0.0585429395	-609.6085597697
57	0.1237805899	0.0585429395	-65.4578541865
58	0.7406788569	0.0585429395	-293.3453783649
59	1.8733541725	0.0585429395	-602.6777749921
60	0.3566429508	0.0585429395	-160.3026896595
61	0.0000000000	0.0585429395	-2.9957322736
62	1.4494370470	0.0585429395	-490.0014781394
63	0.1238083540	0.0585429395	-64.3576720812
64	0.5937843356	0.0585429395	-239.5588495440
65	1.8100480673	0.0585429395	-585.8890330009
66	0.7787209894	0.0585429395	-306.5676913811
67	1.0419448976	0.0585429395	-382.9624187356
68	0.3206310377	0.0585429395	-144.2894421557
69	1.2737064176	0.0585429395	-450.3412819289
70	1.3137818374	0.0585429395	-458.5717173778
71	1.3123433098	0.0585429395	-455.1304245771
72	0.8348546257	0.0585429395	-321.5823707074
73	0.0352650507	0.0585429395	-23.3530173391
74	0.4113292783	0.0585429395	-176.3434809346
75	0.5749824149	0.0585429395	-238.3187130635
76	1.7110042783	0.0585429395	-565.6614313862
77	0.0352685411	0.0585429395	-23.3531208679
78	1.9107204330	0.0585429395	-614.5260599104
79	1.2537048015	0.0585429395	-448.1164385653
80	0.1415940744	0.0585429395	-71.2261651188
81	1.0223457895	0.0585429395	-378.3770687912
82	1.7091414572	0.0585429395	-561.8768778339
83	2.0167150567	0.0585429395	-638.7724257793
84	1.7913545285	0.0585429395	-582.0180040522
85	0.3747662896	0.0585429395	-163.9495192419
86	1.0616162353	0.0585429395	-391.6213943986
87	1.8735089489	0.0585429395	-602.0118530789
88	0.5018136411	0.0585429395	-210.3752803019
89	0.1415727787	0.0585429395	-73.3071420312
90	0.8718790810	0.0585429395	-333.2838066119
91	0.0352632208	0.0585429395	-23.3531208451
92	0.6119411313	0.0585429395	-250.9801438947
93	1.0815936876	0.0585429395	-391.9245086491
94	0.4834103845	0.0585429395	-204.9573677788
95	0.7596703208	0.0585429395	-299.8261261450
96	1.6512642983	0.0585429395	-544.9084303359
97	2.0954547481	0.0585429395	-653.3676230663
98	0.5199818713	0.0585429395	-219.0665537862
99	1.5289040046	0.0585429395	-522.1934126921
100	0.4660402902	0.0585429395	-198.3479862682
101	0.1060434284	0.0585429395	-57.4628679067
102	1.3311186538	0.0585429395	-467.2150795454
103	1.5101740022	0.0585429395	-513.2499273040
104	0.4468698529	0.0585429395	-193.9949246484
105	1.5909674493	0.0585429395	-532.9005984454
106	1.1567796586	0.0585429395	-420.2291778260
107	0.3565472665	0.0585429395	-159.2091915297
108	1.7309857872	0.0585429395	-563.3470581840
109	1.6053863547	0.0585429395	-539.1696700450
110	1.4087091721	0.0585429395	-486.7949236446
111	0.0000000000	0.0585429395	-2.9957322736
112	1.8170302008	0.0585429395	-587.0470750995
113	1.4873749835	0.0585429395	-506.8382394399
114	0.6484130846	0.0585429395	-260.7773523406
115	1.6952524171	0.0585429395	-564.3234614546
116	1.5693102488	0.0585429395	-522.2755398084
117	1.1572390824	0.0585429395	-418.7014883521
118	1.8337790445	0.0585429395	-594.1964259205
119	1.8524943309	0.0585429395	-599.1538797215
120	1.9517332011	0.0585429395	-622.8992373282
121	0.3746150224	0.0585429395	-166.0374462919
122	0.1415427331	0.0585429395	-73.3088192816
123	1.8305886963	0.0585429395	-593.6482848446
124	1.3886014419	0.0585429395	-478.0701775078
