site	rate	t	lnL
1	1.4198714749	0.0635455628	-516.3130626513
2	0.3437031505	0.0635455628	-167.3083567770
3	1.6222820837	0.0635455628	-588.3495694935
4	1.6117721550	0.0635455628	-581.7707053732
5	0.0692350227	0.0635455628	-40.1525463024
6	1.3382859399	0.0635455628	-503.9313760726
7	0.2562547635	0.0635455628	-124.0150383780
8	0.7529420020	0.0635455628	-308.4250768508
9	1.7729351441	0.0635455628	-637.0791912041
10	1.7965087766	0.0635455628	-628.8946365302
11	0.3252932132	0.0635455628	-148.5994424671
12	1.1937412208	0.0635455628	-459.7900253259
13	1.1185229182	0.0635455628	-424.3034720853
14	0.4061592088	0.0635455628	-187.3692467416
15	0.4708968611	0.0635455628	-206.1376257059
16	1.8744668844	0.0635455628	-636.6009125531
17	0.8928766368	0.0635455628	-356.1549839807
18	1.1451768438	0.0635455628	-444.9857057797
19	1.4253761344	0.0635455628	-526.0563528525
20	0.0499692316	0.0635455628	-31.5627660420
21	1.1097637814	0.0635455628	-419.0355066797
22	1.3541163368	0.0635455628	-522.1339776737
23	0.6363562789	0.0635455628	-267.1535258075
24	0.0000000000	0.0635455628	-3.6997752923
25	0.9019670295	0.0635455628	-366.0175072417
26	0.6120622756	0.0635455628	-262.5605947484
27	0.2954290788	0.0635455628	-135.7629452463
28	0.0000000000	0.0635455628	-2.2306982277
29	0.0852691738	0.0635455628	-49.4960236055
30	0.4829497735	0.0635455628	-212.2702592292
31	1.4749805116	0.0635455628	-533.4741968106
32	0.6413822976	0.0635455628	-273.9178859554
33	0.1925456729	0.0635455628	-107.1400268214
34	1.1160176035	0.0635455628	-441.9102551918
35	1.2545351583	0.0635455628	-462.3964130260
36	1.7011989888	0.0635455628	-600.6419197139
37	1.3489611911	0.0635455628	-497.6609441817
38	1.3169503712	0.0635455628	-486.4884679202
39	0.9924354994	0.0635455628	-387.9865916371
40	0.4629972133	0.0635455628	-210.2872911112
41	0.9071931921	0.0635455628	-370.3748124897
42	0.9895413585	0.0635455628	-407.8142229939
43	1.4422422195	0.0635455628	-521.0046122642
44	1.8174258655	0.0635455628	-637.8951576452
45	1.7409804409	0.0635455628	-618.0887201261
46	0.1673737587	0.0635455628	-87.8590503899
47	1.2594588183	0.0635455628	-455.0567045242
48	0.7443200025	0.0635455628	-310.6954493249
49	0.4284479159	0.0635455628	-200.8796254072
50	0.3931373702	0.0635455628	-189.4024696110
51	0.0000000000	0.0635455628	-2.6124794477
52	0.2401445328	0.0635455628	-114.3990122782
53	0.5653056396	0.0635455628	-239.4895353846
54	2.0264327078	0.0635455628	-657.2452917365
55	1.2956598156	0.0635455628	-478.6233967746
56	0.8364845590	0.0635455628	-345.2177675354
57	0.1443176921	0.0635455628	-83.5583088083
58	0.7419253020	0.0635455628	-304.5088359004
59	1.6245468770	0.0635455628	-578.5094164798
60	0.4316398435	0.0635455628	-191.4857052148
61	0.0172801666	0.0635455628	-13.4619932394
62	1.8525653510	0.0635455628	-635.9944586675
63	1.3290974627	0.0635455628	-497.3885279086
64	1.1933228325	0.0635455628	-461.1897090836
65	1.5474196729	0.0635455628	-569.4103867823
66	0.7999168154	0.0635455628	-339.6086080695
67	1.4730415108	0.0635455628	-566.4884744332
68	1.3829056487	0.0635455628	-520.2751998350
69	1.6317942469	0.0635455628	-589.4197630643
70	1.4478481975	0.0635455628	-545.5351459970
71	1.5897124486	0.0635455628	-565.0200204875
72	1.5410577259	0.0635455628	-542.4169812446
73	0.0000000000	0.0635455628	-2.2306982277
74	0.8783595544	0.0635455628	-360.8542481753
75	0.5312402608	0.0635455628	-226.6209842198
76	1.4270043996	0.0635455628	-537.7222129234
77	0.0000000000	0.0635455628	-2.2306982277
78	1.3810088506	0.0635455628	-516.1901472205
79	1.6693536553	0.0635455628	-614.4339846384
80	0.3562126764	0.0635455628	-167.5516377531
81	1.4934739629	0.0635455628	-532.5795079024
82	1.3765245295	0.0635455628	-510.8471670744
83	1.7583863747	0.0635455628	-610.8732205387
84	0.5501830591	0.0635455628	-250.0170759227
85	1.4192103969	0.0635455628	-528.4781900529
86	0.6222396485	0.0635455628	-279.2408458007
87	1.4874260108	0.0635455628	-555.9214854196
88	0.3615846069	0.0635455628	-167.9149117019
89	0.1958425400	0.0635455628	-100.6087838873
90	1.6885322078	0.0635455628	-595.4705582990
91	0.0863933119	0.0635455628	-48.7101425001
92	0.4198937727	0.0635455628	-183.4059721270
93	1.6472456526	0.0635455628	-596.4524043129
94	0.4475967691	0.0635455628	-195.2047011102
95	0.2575575032	0.0635455628	-133.0739384261
96	1.4068585146	0.0635455628	-526.4354297507
97	1.0815512538	0.0635455628	-420.8878404542
98	0.5421750608	0.0635455628	-242.4654240737
99	1.6700066855	0.0635455628	-595.8768467796
100	0.0499972556	0.0635455628	-31.1152974685
101	0.1710317453	0.0635455628	-88.7914223322
102	1.6970955469	0.0635455628	-609.3237167786
103	2.1414574352	0.0635455628	-702.4616321050
104	0.7873652265	0.0635455628	-334.2817877055
105	2.0678893519	0.0635455628	-670.5860591631
106	1.2475620693	0.0635455628	-476.2578158012
107	0.5216212209	0.0635455628	-236.7731976250
108	1.6220409543	0.0635455628	-561.9409398461
109	1.8668176922	0.0635455628	-629.5211028811
110	1.2585437591	0.0635455628	-463.5299887499
111	0.0000000000	0.0635455628	-2.2306982277
112	1.1221853465	0.0635455628	-429.7283501098
113	1.2396182923	0.0635455628	-481.2689802440
114	0.4335739763	0.0635455628	-207.6185839476
115	2.1463064862	0.0635455628	-692.5382314258
116	2.0200116694	0.0635455628	-679.4293711612
117	1.1658054944	0.0635455628	-443.6789168967
118	1.6784196077	0.0635455628	-557.8115766764
119	1.0967895146	0.0635455628	-418.1668947079
120	1.2020357205	0.0635455628	-464.3584095525
121	0.9500844183	0.0635455628	-374.9580728282
122	1.2945822047	0.0635455628	-473.7715804060
123	1.5392884112	0.0635455628	-554.1592006733
124	1.7641123762	0.0635455628	-613.2384333895
