site	rate	t	lnL
1	0.0000000000	0.0006171306	-2.8749296080
2	1.1922448046	0.0006171306	-16.5629497006
3	4.7096006268	0.0006171306	-23.6950621147
4	3.9362126923	0.0006171306	-13.6360114984
5	0.0000000000	0.0006171306	-2.3358633163
6	4.9553964208	0.0006171306	-14.4277914724
7	0.0000000000	0.0006171306	-2.6396875685
8	1.3315729238	0.0006171306	-17.0453329950
9	3.9891444632	0.0006171306	-14.7392437263
10	1.9567495647	0.0006171306	-14.4838854830
11	0.0000000000	0.0006171306	-2.3440386398
12	0.0000000000	0.0006171306	-3.0069466338
13	2.0470053194	0.0006171306	-13.4502986050
14	0.0000000000	0.0006171306	-2.7362120775
15	0.0000000000	0.0006171306	-2.3370038460
16	0.0000000000	0.0006171306	-3.2112343545
17	0.0000000000	0.0006171306	-2.7362120775
18	0.0000000000	0.0006171306	-3.0069466338
19	0.0000000000	0.0006171306	-2.7427950588
20	0.0000000000	0.0006171306	-2.7362120775
21	0.0000000000	0.0006171306	-3.2163274115
22	0.0000000000	0.0006171306	-2.3358633163
23	0.0000000000	0.0006171306	-3.7190684952
24	0.0000000000	0.0006171306	-2.7362120775
25	3.9197431776	0.0006171306	-25.3373474480
26	0.0000000000	0.0006171306	-3.0069466338
27	0.0000000000	0.0006171306	-2.8724201964
28	0.0000000000	0.0006171306	-2.3358633163
29	0.0000000000	0.0006171306	-2.3370038460
30	1.4740030933	0.0006171306	-12.6248097902
31	2.7804626086	0.0006171306	-27.4174062069
32	1.3661759641	0.0006171306	-15.0723657804
33	0.0000000000	0.0006171306	-2.8749296080
34	2.3494388603	0.0006171306	-13.7701796849
35	2.3040107833	0.0006171306	-25.5967565591
36	12.0938486441	0.0006171306	-37.8838395522
37	1.4750020665	0.0006171306	-13.5104169337
38	0.0000000000	0.0006171306	-3.7177706365
39	1.7581367341	0.0006171306	-16.0366677453
40	3.4759907361	0.0006171306	-25.7669488687
41	0.0000000000	0.0006171306	-2.7362120775
42	1.4233971869	0.0006171306	-16.9787227697
43	0.0000000000	0.0006171306	-2.3440386398
44	1.7565788316	0.0006171306	-16.0994825082
45	0.0000000000	0.0006171306	-2.3370038460
46	0.0000000000	0.0006171306	-2.7362120775
47	0.0000000000	0.0006171306	-2.8749296080
48	6.0327544610	0.0006171306	-26.9088580168
49	4.2729833124	0.0006171306	-32.6262720837
50	0.0000000000	0.0006171306	-2.6396875685
51	0.0000000000	0.0006171306	-2.7362120775
52	0.0000000000	0.0006171306	-2.3370038460
53	0.0000000000	0.0006171306	-2.3370038460
54	0.0000000000	0.0006171306	-2.7427950588
55	8.0303479207	0.0006171306	-24.3487660806
56	0.0000000000	0.0006171306	-3.7268912209
57	0.0000000000	0.0006171306	-2.7362120775
58	1.3287883671	0.0006171306	-15.1973853733
59	0.0000000000	0.0006171306	-2.3440386398
60	1.4245513044	0.0006171306	-16.3945505852
61	0.0000000000	0.0006171306	-2.3358633163
62	0.0000000000	0.0006171306	-3.0069466338
63	1.1656989476	0.0006171306	-15.9275872213
64	17.0081779107	0.0006171306	-55.5472557842
65	1.1642660262	0.0006171306	-12.8607467015
66	0.0000000000	0.0006171306	-2.8724201964
67	1.6897661402	0.0006171306	-12.8221976194
68	7.8321127606	0.0006171306	-22.3393249572
69	0.0000000000	0.0006171306	-2.7362120775
70	1.7431816295	0.0006171306	-14.8121421129
71	0.0000000000	0.0006171306	-4.1174161356
72	2.4107464402	0.0006171306	-17.4440062331
73	0.0000000000	0.0006171306	-2.3358633163
74	0.0000000000	0.0006171306	-3.3863137350
75	3.4653623106	0.0006171306	-26.6285313631
76	7.1815494108	0.0006171306	-27.2841878411
77	0.0000000000	0.0006171306	-2.3358633163
78	0.0000000000	0.0006171306	-3.0492431140
79	0.0000000000	0.0006171306	-2.6396875685
80	0.0000000000	0.0006171306	-2.3440386398
81	0.0000000000	0.0006171306	-3.2163274115
82	0.0000000000	0.0006171306	-3.3863137350
83	0.0000000000	0.0006171306	-3.0492431140
84	0.0000000000	0.0006171306	-3.2112343545
85	2.7340794936	0.0006171306	-27.3724895517
86	2.9984798758	0.0006171306	-14.3791544496
87	1.9555630611	0.0006171306	-13.2609051970
88	0.0000000000	0.0006171306	-2.8724201964
89	0.0000000000	0.0006171306	-2.3370038460
90	0.0000000000	0.0006171306	-3.0492431140
91	0.0000000000	0.0006171306	-2.3358633163
92	0.0000000000	0.0006171306	-2.8724201964
93	3.9936091202	0.0006171306	-15.5000409253
94	0.0000000000	0.0006171306	-2.8724201964
95	2.0463007422	0.0006171306	-12.2349659295
96	1.4635667322	0.0006171306	-15.0033529662
97	4.2893136696	0.0006171306	-35.5266364515
98	0.0000000000	0.0006171306	-2.3358633163
99	0.0000000000	0.0006171306	-2.7362120775
100	0.0000000000	0.0006171306	-2.7362120775
101	0.0000000000	0.0006171306	-2.3370038460
102	0.0000000000	0.0006171306	-4.1251831649
103	3.0369559113	0.0006171306	-16.7298969633
104	0.0000000000	0.0006171306	-2.6396875685
105	0.0000000000	0.0006171306	-2.7427950588
106	0.0000000000	0.0006171306	-2.7427950588
107	0.0000000000	0.0006171306	-3.0069466338
108	0.0000000000	0.0006171306	-2.6396875685
109	0.0000000000	0.0006171306	-2.3440386398
110	0.0000000000	0.0006171306	-3.0492431140
111	0.0000000000	0.0006171306	-2.3358633163
112	2.0466676207	0.0006171306	-14.7654654971
113	0.0000000000	0.0006171306	-2.7362120775
114	2.8063068737	0.0006171306	-25.0549443554
115	3.9831387806	0.0006171306	-13.2481480506
116	0.0000000000	0.0006171306	-2.3370038460
117	0.0000000000	0.0006171306	-3.7268912209
118	0.0000000000	0.0006171306	-3.0069466338
119	0.0000000000	0.0006171306	-3.7190684952
120	2.3541361939	0.0006171306	-15.9668027865
121	5.2833888612	0.0006171306	-21.4666553019
122	0.0000000000	0.0006171306	-2.3358633163
123	0.0000000000	0.0006171306	-2.3370038460
124	0.9403810542	0.0006171306	-17.6048316888
