site	rate	t	lnL
1	0.0000000000	0.0006900487	-3.0330898042
2	1.6779102012	0.0006900487	-12.2576653636
3	0.0000000000	0.0006900487	-2.5091394387
4	1.4796007689	0.0006900487	-15.9119252797
5	0.0000000000	0.0006900487	-2.4204350727
6	5.9783862871	0.0006900487	-45.0245146183
7	0.0000000000	0.0006900487	-2.5091394387
8	1.4939407788	0.0006900487	-13.9193224877
9	1.6777883522	0.0006900487	-12.1449050218
10	0.0000000000	0.0006900487	-3.0337440404
11	0.0000000000	0.0006900487	-2.5091394387
12	4.4420441421	0.0006900487	-34.1815582951
13	1.6776420211	0.0006900487	-12.5132980095
14	1.4554879189	0.0006900487	-16.4311051345
15	0.0000000000	0.0006900487	-1.8744044763
16	1.5048787207	0.0006900487	-13.7806005343
17	0.0000000000	0.0006900487	-2.6219725071
18	4.5195973655	0.0006900487	-32.4450204784
19	1.6777372482	0.0006900487	-12.2577682528
20	1.4316239567	0.0006900487	-15.1606593918
21	1.4673290688	0.0006900487	-14.0821697652
22	1.5180483046	0.0006900487	-13.6371623460
23	2.9777328285	0.0006900487	-22.7216598383
24	0.0000000000	0.0006900487	-3.4237855129
25	0.0000000000	0.0006900487	-2.6219725071
26	0.0000000000	0.0006900487	-2.5091394387
27	0.0000000000	0.0006900487	-2.7420614727
28	0.0000000000	0.0006900487	-2.4204350727
29	0.0000000000	0.0006900487	-1.8744044763
30	0.0000000000	0.0006900487	-1.8744044763
31	1.5448816907	0.0006900487	-13.7849358720
32	0.0000000000	0.0006900487	-3.0082217376
33	1.5179581032	0.0006900487	-13.6116992468
34	0.0000000000	0.0006900487	-2.5173059239
35	1.4919837508	0.0006900487	-14.3571982346
36	3.1196164408	0.0006900487	-22.3222114966
37	0.0000000000	0.0006900487	-2.6219725071
38	0.0000000000	0.0006900487	-3.0082217376
39	0.0000000000	0.0006900487	-3.0337440404
40	0.0000000000	0.0006900487	-3.2143654725
41	2.9605796488	0.0006900487	-24.0603585795
42	0.0000000000	0.0006900487	-2.8774453326
43	3.0117069239	0.0006900487	-24.4610447237
44	1.5579731890	0.0006900487	-13.2640669422
45	1.5314648082	0.0006900487	-13.6842072123
46	0.0000000000	0.0006900487	-2.5173059239
47	0.0000000000	0.0006900487	-3.0082217376
48	0.0000000000	0.0006900487	-3.4447875058
49	0.0000000000	0.0006900487	-3.2576241194
50	0.0000000000	0.0006900487	-2.5091394387
51	0.0000000000	0.0006900487	-2.5173059239
52	0.0000000000	0.0006900487	-3.0330898042
53	0.0000000000	0.0006900487	-1.8744044763
54	1.6779098176	0.0006900487	-12.8500583290
55	0.0000000000	0.0006900487	-3.0330898042
56	1.5459258268	0.0006900487	-13.5666736447
57	0.0000000000	0.0006900487	-3.7171223383
58	1.4317381160	0.0006900487	-15.2477325165
59	0.0000000000	0.0006900487	-3.0330898042
60	0.0000000000	0.0006900487	-4.7763394437
61	0.0000000000	0.0006900487	-2.4204350727
62	1.4919843607	0.0006900487	-12.7868146857
63	1.6767928935	0.0006900487	-12.6445803735
64	0.0000000000	0.0006900487	-2.5173059239
65	1.5459953851	0.0006900487	-13.6098873684
66	0.0000000000	0.0006900487	-2.7420614727
67	0.0000000000	0.0006900487	-2.5173059239
68	0.0000000000	0.0006900487	-2.5173059239
69	0.0000000000	0.0006900487	-1.8744044763
70	0.0000000000	0.0006900487	-3.2096724643
71	1.4769793950	0.0006900487	-14.3607586454
72	1.5314648904	0.0006900487	-13.6842072123
73	0.0000000000	0.0006900487	-2.4204350727
74	0.0000000000	0.0006900487	-2.5173059239
75	1.6761075404	0.0006900487	-12.1459067485
76	2.9358091564	0.0006900487	-24.2724218354
77	0.0000000000	0.0006900487	-2.4204350727
78	3.0389045077	0.0006900487	-21.8285512275
79	0.0000000000	0.0006900487	-3.4237855129
80	1.6779099754	0.0006900487	-12.8933169759
81	0.0000000000	0.0006900487	-3.0330898042
82	1.4940514634	0.0006900487	-13.3308071883
83	0.0000000000	0.0006900487	-3.2143654725
84	0.0000000000	0.0006900487	-2.6219725071
85	3.0379738040	0.0006900487	-23.3785440892
86	3.0646219456	0.0006900487	-22.8962029170
87	1.4670216855	0.0006900487	-14.7641031816
88	0.0000000000	0.0006900487	-2.8774453326
89	0.0000000000	0.0006900487	-2.8774453326
90	2.9599286684	0.0006900487	-22.7759853414
91	3.0384684479	0.0006900487	-22.5056452283
92	0.0000000000	0.0006900487	-2.4204350727
93	1.4952818189	0.0006900487	-13.4193429956
94	0.0000000000	0.0006900487	-1.8744044763
95	1.5048783841	0.0006900487	-13.2648166540
96	1.5315035892	0.0006900487	-13.7321333150
97	0.0000000000	0.0006900487	-3.2096724643
98	0.0000000000	0.0006900487	-2.5173059239
99	0.0000000000	0.0006900487	-3.7171223383
100	0.0000000000	0.0006900487	-2.5173059239
101	0.0000000000	0.0006900487	-1.8744044763
102	1.4679718679	0.0006900487	-14.3524127583
103	1.6779102588	0.0006900487	-12.8500583290
104	2.9119921463	0.0006900487	-23.6870312809
105	0.0000000000	0.0006900487	-3.4237855129
106	0.0000000000	0.0006900487	-1.8744044763
107	1.4798929463	0.0006900487	-13.6056112485
108	1.6779106012	0.0006900487	-14.4120323003
109	1.6779103874	0.0006900487	-12.2576653636
110	0.0000000000	0.0006900487	-3.0337440404
111	0.0000000000	0.0006900487	-2.4204350727
112	1.4555157919	0.0006900487	-14.1368167579
113	1.4938269553	0.0006900487	-15.6619936623
114	0.0000000000	0.0006900487	-3.7242768403
115	3.0939133267	0.0006900487	-21.7160863393
116	1.5180235142	0.0006900487	-13.1125740685
117	1.5458885300	0.0006900487	-13.7761179994
118	5.9277093117	0.0006900487	-43.3125950412
119	0.0000000000	0.0006900487	-3.2096724643
120	0.0000000000	0.0006900487	-2.5091394387
121	3.1196163576	0.0006900487	-22.2282323528
122	0.0000000000	0.0006900487	-2.4204350727
123	1.4804676702	0.0006900487	-12.9704883202
124	0.0000000000	0.0006900487	-2.6219725071
