site	rate	t	lnL
1	1.1394682096	0.0600002680	-610.0811634187
2	0.6093792768	0.0600002680	-300.7690546661
3	1.3157849720	0.0600002680	-521.4368373002
4	0.9333024133	0.0600002680	-395.4134590822
5	0.0517832183	0.0600002680	-44.6076324242
6	2.0213295226	0.0600002680	-659.4117535370
7	0.2530296278	0.0600002680	-151.9383133270
8	0.4436649956	0.0600002680	-228.0990257913
9	1.0673920103	0.0600002680	-494.0594838693
10	1.9446606598	0.0600002680	-533.1125179828
11	0.2850620124	0.0600002680	-174.2505302989
12	1.7288691830	0.0600002680	-716.0489986293
13	1.6764897994	0.0600002680	-408.7737514857
14	0.2841845917	0.0600002680	-142.2053552501
15	0.6061752162	0.0600002680	-189.7910037257
16	1.2845767178	0.0600002680	-392.8463898849
17	0.7285746850	0.0600002680	-304.4554535639
18	0.9006739649	0.0600002680	-454.7335634855
19	1.7748413364	0.0600002680	-476.9818623397
20	0.1750652536	0.0600002680	-83.0065086208
21	1.5320829931	0.0600002680	-482.5348422809
22	1.6843303179	0.0600002680	-628.1553907662
23	1.2533692022	0.0600002680	-530.8416872674
24	0.2534121542	0.0600002680	-62.9360812081
25	1.2015162239	0.0600002680	-535.8661994948
26	0.1920540124	0.0600002680	-124.4598219136
27	0.2838061886	0.0600002680	-161.9447132832
28	0.0000000000	0.0600002680	-2.5943919240
29	0.1150560066	0.0600002680	-67.9333467878
30	0.2029833518	0.0600002680	-122.0606916882
31	2.2527139523	0.0600002680	-638.4059885225
32	0.7178963454	0.0600002680	-239.2264799865
33	0.2676399732	0.0600002680	-145.9658635446
34	1.6631652463	0.0600002680	-497.7893160725
35	1.2866121910	0.0600002680	-346.6063454778
36	2.0065873070	0.0600002680	-541.9611214677
37	1.2072817208	0.0600002680	-498.4366628297
38	1.7880359714	0.0600002680	-517.7548007888
39	1.1397832632	0.0600002680	-396.5603432481
40	1.4938872760	0.0600002680	-666.1935114733
41	1.9403541194	0.0600002680	-685.7501723434
42	2.0005521904	0.0600002680	-528.5573232395
43	0.8350513306	0.0600002680	-383.2315549822
44	1.6324980498	0.0600002680	-642.1167468421
45	1.1555886847	0.0600002680	-357.9761370180
46	1.8123273027	0.0600002680	-671.8762605550
47	0.9211927399	0.0600002680	-375.8422200201
48	0.8840615654	0.0600002680	-395.5992722605
49	0.5171001014	0.0600002680	-261.5410727296
50	0.8231069899	0.0600002680	-364.1007389685
51	0.0173895566	0.0600002680	-12.7469171232
52	0.7064441178	0.0600002680	-317.0049759951
53	0.2544923260	0.0600002680	-145.1680696844
54	0.2523060654	0.0600002680	-169.4560321051
55	0.5002151013	0.0600002680	-241.9528688984
56	1.4867996591	0.0600002680	-565.1963486524
57	0.1626943326	0.0600002680	-87.0170708199
58	1.7570599866	0.0600002680	-467.1111385453
59	0.9309505625	0.0600002680	-299.1556001817
60	1.0129956933	0.0600002680	-415.4387737035
61	0.0259223237	0.0600002680	-25.9520889819
62	1.0842201508	0.0600002680	-477.8598909023
63	0.6571039606	0.0600002680	-238.9346322096
64	1.5237941347	0.0600002680	-634.7988252379
65	1.1954845926	0.0600002680	-564.5975829757
66	0.9271845793	0.0600002680	-406.0588041576
67	1.9671317049	0.0600002680	-713.5560345891
68	1.4727143712	0.0600002680	-458.5126310716
69	1.6408343198	0.0600002680	-648.0232823891
70	2.3859625527	0.0600002680	-580.6669230212
71	0.6926139118	0.0600002680	-391.1926803715
72	0.9502362357	0.0600002680	-443.2305142771
73	0.0000000000	0.0600002680	-2.5943919240
74	1.7861339211	0.0600002680	-605.4553432530
75	1.4629504161	0.0600002680	-583.1865489002
76	1.4568761632	0.0600002680	-363.3916863555
77	0.0258205915	0.0600002680	-24.6305551842
78	2.0190620819	0.0600002680	-554.8141628183
79	2.4121002000	0.0600002680	-706.1550178622
80	0.4054894220	0.0600002680	-161.7908558094
81	1.6990288797	0.0600002680	-536.7333080914
82	2.2219545205	0.0600002680	-653.2802444947
83	1.0271369430	0.0600002680	-486.9107360453
84	0.3707524217	0.0600002680	-134.2096366725
85	1.0046176091	0.0600002680	-298.3441421862
86	1.4679719358	0.0600002680	-680.3448718914
87	1.2044178924	0.0600002680	-533.7614301213
88	1.0465621171	0.0600002680	-562.4513687098
89	0.4175932735	0.0600002680	-202.2694095482
90	1.7104600870	0.0600002680	-633.0932891195
91	0.0128794609	0.0600002680	-15.8678865173
92	0.7127145933	0.0600002680	-295.4284814209
93	1.3523103618	0.0600002680	-426.9069669878
94	0.3839578283	0.0600002680	-132.7473784149
95	0.2880423756	0.0600002680	-156.5780644408
96	1.5887508675	0.0600002680	-619.8697251541
97	2.1365703823	0.0600002680	-647.2147725474
98	0.5739629171	0.0600002680	-264.0505118965
99	1.9809304629	0.0600002680	-487.7409021165
100	0.0522443946	0.0600002680	-32.6194400175
101	0.2875944923	0.0600002680	-110.4362813474
102	1.8322046587	0.0600002680	-493.7976085841
103	0.8288863845	0.0600002680	-406.1357318511
104	0.6921775140	0.0600002680	-217.7197922776
105	2.3424725594	0.0600002680	-607.6264142117
106	1.1023742654	0.0600002680	-479.8871504836
107	0.3275694477	0.0600002680	-175.9426771991
108	1.1937674564	0.0600002680	-519.5236621802
109	1.3808298033	0.0600002680	-572.4028694595
110	1.1042252793	0.0600002680	-493.3926542201
111	0.0000000000	0.0600002680	-2.5943919240
112	1.8006424544	0.0600002680	-634.0237218914
113	1.4975951778	0.0600002680	-623.8564713553
114	2.3118852073	0.0600002680	-779.5259083010
115	1.6772975519	0.0600002680	-326.4895871308
116	1.0356781283	0.0600002680	-426.9088605200
117	1.7383345062	0.0600002680	-602.3225930812
118	1.1434910870	0.0600002680	-448.9500559967
119	0.6416851021	0.0600002680	-297.7558794019
120	1.2928472717	0.0600002680	-526.0462413639
121	0.2149648407	0.0600002680	-114.0137306339
122	1.5156047847	0.0600002680	-593.3974261291
123	1.0833317783	0.0600002680	-464.3957052162
124	1.5657564449	0.0600002680	-662.8496464187
