site	rate	t	lnL
1	1.6704777131	0.0628580052	-580.7541307371
2	0.8464485557	0.0628580052	-346.6611482706
3	1.7975969372	0.0628580052	-621.2553986829
4	0.8987231877	0.0628580052	-366.0774899189
5	0.2988537331	0.0628580052	-143.9880502302
6	1.9273086610	0.0628580052	-637.9607326916
7	0.4339924056	0.0628580052	-193.3809548154
8	1.0045392995	0.0628580052	-400.7565812029
9	1.8224891414	0.0628580052	-620.5720588511
10	1.4387889782	0.0628580052	-523.5286424705
11	0.4673395330	0.0628580052	-209.2065897319
12	1.5728877618	0.0628580052	-559.8285540091
13	1.9054643969	0.0628580052	-638.0981196712
14	1.3129852096	0.0628580052	-486.7465939593
15	0.4505484737	0.0628580052	-203.8398889587
16	1.4066679493	0.0628580052	-514.6354197797
17	1.2743087562	0.0628580052	-478.0297054796
18	0.8822938849	0.0628580052	-355.0768978833
19	1.3878028188	0.0628580052	-509.4156944152
20	0.0492943229	0.0628580052	-32.3136362034
21	0.9574980625	0.0628580052	-378.0169879612
22	1.4069942768	0.0628580052	-509.4872995699
23	0.6390687715	0.0628580052	-269.7528957127
24	0.0657666955	0.0628580052	-40.9331613998
25	1.2621356579	0.0628580052	-461.9861637296
26	0.1152772222	0.0628580052	-65.4582205316
27	0.1318419116	0.0628580052	-73.3075622031
28	0.0000000000	0.0628580052	-2.9957322736
29	0.8479237819	0.0628580052	-344.7865998328
30	0.3657147477	0.0628580052	-172.8187854169
31	1.7832804958	0.0628580052	-606.9247465782
32	0.8822076853	0.0628580052	-354.9770769605
33	0.1982510348	0.0628580052	-103.5697372832
34	1.7679218665	0.0628580052	-607.0886715224
35	0.9532732696	0.0628580052	-377.9102759379
36	1.9074068605	0.0628580052	-641.4938919323
37	0.8653870246	0.0628580052	-351.0861457343
38	1.0053049068	0.0628580052	-395.6052086543
39	1.1846014090	0.0628580052	-449.3324271769
40	0.7431798948	0.0628580052	-309.2855148867
41	1.5318579980	0.0628580052	-549.0887387666
42	1.8944803986	0.0628580052	-638.1304598728
43	1.2207556047	0.0628580052	-462.7190045918
44	1.8197452288	0.0628580052	-622.0913753200
45	1.3185831520	0.0628580052	-484.4784048878
46	1.3296887396	0.0628580052	-496.2588758068
47	0.2985119258	0.0628580052	-146.4932182885
48	0.8648872986	0.0628580052	-350.7072668310
49	1.0984838643	0.0628580052	-424.8649440241
50	0.3322435865	0.0628580052	-158.1003466976
51	0.0000000000	0.0628580052	-2.9957322736
52	0.3489329688	0.0628580052	-167.1341103014
53	1.0952430856	0.0628580052	-421.4714329650
54	0.9889807528	0.0628580052	-389.2409427627
55	2.0760723867	0.0628580052	-687.9992475260
56	0.6405902048	0.0628580052	-272.5526292857
57	0.2482377259	0.0628580052	-125.3421781090
58	1.1315516971	0.0628580052	-437.3645670620
59	1.5708323643	0.0628580052	-554.8026634092
60	0.4166816307	0.0628580052	-192.8677182536
61	0.0000000000	0.0628580052	-2.9957322736
62	1.7714373470	0.0628580052	-602.6158289780
63	1.7263562598	0.0628580052	-594.5251885549
64	0.4843395284	0.0628580052	-217.6770164011
65	1.6640888126	0.0628580052	-587.3398531441
66	0.9177649093	0.0628580052	-369.3390239632
67	1.2229261188	0.0628580052	-454.3054944455
68	0.8479894985	0.0628580052	-346.5757692475
69	1.2578235094	0.0628580052	-472.7143896812
70	1.8407569832	0.0628580052	-618.8953000832
71	1.0408868354	0.0628580052	-409.2277120400
72	1.5726158159	0.0628580052	-550.8656296421
73	0.0000000000	0.0628580052	-2.9957322736
74	0.4509418567	0.0628580052	-203.5293309981
75	0.8126746766	0.0628580052	-328.8502374140
76	1.1876418963	0.0628580052	-450.0993437433
77	0.1152904679	0.0628580052	-65.4578547356
78	0.9879077527	0.0628580052	-389.8745490535
79	1.2411423266	0.0628580052	-458.4426872815
80	1.0231836903	0.0628580052	-402.0223624197
81	1.2041495277	0.0628580052	-456.1290648030
82	1.6386950733	0.0628580052	-569.5762866222
83	1.5888442984	0.0628580052	-567.0115901866
84	1.7470929918	0.0628580052	-602.6577620324
85	1.0614254223	0.0628580052	-416.5465982579
86	0.6039608022	0.0628580052	-261.0615103386
87	0.8833428821	0.0628580052	-356.9282952443
88	0.6731688647	0.0628580052	-286.4958324002
89	0.5014288307	0.0628580052	-224.8199280529
90	1.2583973333	0.0628580052	-474.8633205061
91	0.0657695763	0.0628580052	-40.9333692462
92	0.6380954290	0.0628580052	-277.0953764841
93	1.7528608313	0.0628580052	-595.0305098770
94	0.7422040134	0.0628580052	-311.5387809590
95	0.3320327426	0.0628580052	-160.3101758919
96	1.0246548829	0.0628580052	-398.7627753038
97	1.1849554768	0.0628580052	-452.6132089304
98	1.3133080352	0.0628580052	-483.6627093290
99	1.5805115489	0.0628580052	-555.1232874024
100	0.0987637333	0.0628580052	-57.4628679065
101	0.2649056399	0.0628580052	-132.4588686351
102	1.4221467112	0.0628580052	-514.9068629489
103	0.4334911697	0.0628580052	-197.3991879325
104	0.0822423989	0.0628580052	-49.2998621503
105	1.2034815653	0.0628580052	-453.7291249107
106	1.5018331289	0.0628580052	-541.7216438321
107	0.6906458727	0.0628580052	-292.2006667479
108	1.0610964487	0.0628580052	-410.0859482657
109	1.4590036240	0.0628580052	-531.0948094076
110	1.2207749253	0.0628580052	-458.4346018928
111	0.0000000000	0.0628580052	-2.9957322736
112	1.6938277837	0.0628580052	-583.7972483146
113	1.4076479147	0.0628580052	-511.2935530909
114	0.3830142584	0.0628580052	-175.3670492538
115	1.5046626746	0.0628580052	-538.0966185617
116	1.6325670063	0.0628580052	-569.0074274121
117	1.2954625623	0.0628580052	-481.5440503239
118	1.0766473238	0.0628580052	-421.6563633074
119	0.9539164856	0.0628580052	-376.2889616981
120	1.2055715231	0.0628580052	-448.4303799112
121	1.6879555756	0.0628580052	-588.9211714017
122	0.2150566158	0.0628580052	-108.6964173886
123	1.4409183949	0.0628580052	-524.0349815955
124	1.6667597626	0.0628580052	-580.3930826484
