site	rate	t	lnL
1	2.5468957786	0.5519530126	-1521.0539556649
2	0.7251279838	0.5519530126	-1064.4612979292
3	2.1594872540	0.5519530126	-1506.3610472215
4	4.6374066188	0.5519530126	-1541.5481799944
5	0.1626131838	0.5519530126	-329.5139855942
6	2.4393871798	0.5519530126	-1528.2808690830
7	0.5235445882	0.5519530126	-908.4784688345
8	0.9398754392	0.5519530126	-1247.5164979813
9	2.4440897715	0.5519530126	-1532.4945375179
10	2.6942434899	0.5519530126	-1493.5943729749
11	0.4146173571	0.5519530126	-729.1991881122
12	2.4470414990	0.5519530126	-1529.6450574059
13	1.0522167786	0.5519530126	-1283.5788930651
14	1.0671938088	0.5519530126	-1117.4632736958
15	0.3083671622	0.5519530126	-712.8609518254
16	1.8164289469	0.5519530126	-1455.3585855948
17	1.6815042569	0.5519530126	-1380.2358405939
18	1.5330937884	0.5519530126	-1249.5998215762
19	2.5707230088	0.5519530126	-1499.3445811139
20	0.3937959407	0.5519530126	-579.2046746064
21	1.0003004611	0.5519530126	-1187.7603012300
22	1.9211510050	0.5519530126	-1488.1026607662
23	0.6321211764	0.5519530126	-1074.5781392295
24	0.2089261427	0.5519530126	-388.7045097650
25	2.2157718992	0.5519530126	-1493.2013344859
26	0.4555405903	0.5519530126	-633.2392462221
27	0.2827283394	0.5519530126	-741.1566491083
28	0.0000000000	0.5519530126	-2.3917868253
29	0.1799179031	0.5519530126	-535.2916817547
30	0.4596314516	0.5519530126	-997.6345687079
31	2.5840466684	0.5519530126	-1485.5862243837
32	0.8067931056	0.5519530126	-1208.0849706927
33	0.1426398174	0.5519530126	-473.8095792644
34	1.7253347331	0.5519530126	-1395.8616125933
35	1.4163557496	0.5519530126	-1318.9176118448
36	2.6613044033	0.5519530126	-1501.9629377699
37	1.4309232367	0.5519530126	-1348.5958268606
38	2.6295183374	0.5519530126	-1516.8270649190
39	2.7640840809	0.5519530126	-1517.4607904473
40	1.1230363016	0.5519530126	-1390.7254840464
41	1.1980231714	0.5519530126	-1414.1957766161
42	3.8467938911	0.5519530126	-1546.1619266458
43	2.0375877856	0.5519530126	-1494.5678044340
44	2.8467003618	0.5519530126	-1549.8748036153
45	2.3969602602	0.5519530126	-1479.5654363032
46	0.8615868164	0.5519530126	-1027.7978780691
47	0.4911208093	0.5519530126	-1002.6096303762
48	1.5360982798	0.5519530126	-1391.2599275899
49	0.9371097088	0.5519530126	-1304.0097817945
50	0.7120577833	0.5519530126	-1113.8714783173
51	0.0143147778	0.5519530126	-36.5266156182
52	0.4946625186	0.5519530126	-919.9384829317
53	0.5810310314	0.5519530126	-979.6038169704
54	0.7673138763	0.5519530126	-1153.0710321573
55	0.3294876330	0.5519530126	-827.6596291005
56	0.9581724371	0.5519530126	-1389.8388398162
57	0.0770475746	0.5519530126	-308.2034408288
58	1.2732079551	0.5519530126	-1361.6477291533
59	2.5065829708	0.5519530126	-1519.0613372097
60	0.7999505207	0.5519530126	-961.1092395137
61	0.0457329710	0.5519530126	-118.2600593050
62	3.1476770686	0.5519530126	-1525.5169563065
63	0.6267969741	0.5519530126	-1006.4840997147
64	1.4172819295	0.5519530126	-1292.8781571613
65	1.5232421343	0.5519530126	-1475.6425173011
66	0.2008710078	0.5519530126	-629.4407659119
67	2.5777249413	0.5519530126	-1568.5010578872
68	1.0074626453	0.5519530126	-1102.4990367669
69	2.6224281450	0.5519530126	-1521.1678219876
70	2.4965965770	0.5519530126	-1470.1252195438
71	1.3462080536	0.5519530126	-1338.5142228276
72	1.6717858896	0.5519530126	-1408.9437949597
73	0.0397852265	0.5519530126	-108.2032959382
74	1.0589370022	0.5519530126	-1122.6869638574
75	1.0091040148	0.5519530126	-1261.4314544564
76	1.8413000287	0.5519530126	-1487.4476114959
77	0.0938509857	0.5519530126	-192.2798512245
78	4.5482104454	0.5519530126	-1561.9060632723
79	3.3891433085	0.5519530126	-1513.7191806005
80	0.7652120975	0.5519530126	-1187.7971156602
81	1.4414006187	0.5519530126	-1396.6297259463
82	3.0055700206	0.5519530126	-1523.2451482716
83	3.4976166255	0.5519530126	-1573.6066636806
84	0.7628640828	0.5519530126	-1072.7761398960
85	0.5183319498	0.5519530126	-963.8873461850
86	0.9692094524	0.5519530126	-1492.9739282660
87	1.8817237752	0.5519530126	-1445.2722284898
88	0.5395866330	0.5519530126	-1142.6720730839
89	0.2069152044	0.5519530126	-533.4875167413
90	4.0650591522	0.5519530126	-1519.2134002270
91	0.0967417740	0.5519530126	-219.7984600165
92	0.5587603723	0.5519530126	-1005.6498379027
93	1.8000389735	0.5519530126	-1411.1730681747
94	0.3586725124	0.5519530126	-737.7689145555
95	0.3424724279	0.5519530126	-939.8179257121
96	2.8826606076	0.5519530126	-1502.7040373734
97	2.3073000992	0.5519530126	-1445.3977296158
98	1.3069420804	0.5519530126	-1229.1882167593
99	2.2448409193	0.5519530126	-1531.0894458082
100	0.2671092466	0.5519530126	-441.7739368492
101	0.1962402861	0.5519530126	-498.2259552929
102	2.7754873021	0.5519530126	-1533.8539963687
103	2.1813020757	0.5519530126	-1393.8791371893
104	0.5752915607	0.5519530126	-694.6135946860
105	1.6828799146	0.5519530126	-1450.8960767648
106	2.9967083491	0.5519530126	-1484.7835491499
107	0.6123394786	0.5519530126	-949.7480095459
108	2.0546849877	0.5519530126	-1480.5341692797
109	3.5957106762	0.5519530126	-1534.0015285597
110	2.8560222062	0.5519530126	-1517.4604570009
111	0.0065370896	0.5519530126	-21.8106139703
112	3.9093795942	0.5519530126	-1542.9857637777
113	3.9312307927	0.5519530126	-1538.4774960988
114	0.6103441849	0.5519530126	-959.7095707382
115	2.1033364494	0.5519530126	-1485.5327100561
116	2.5907350110	0.5519530126	-1521.8988245625
117	3.3917290382	0.5519530126	-1489.4068702847
118	1.6644014867	0.5519530126	-1321.3850473271
119	1.1604132066	0.5519530126	-1445.2541181829
120	3.7135707206	0.5519530126	-1528.2293965252
121	1.0146238200	0.5519530126	-1106.4593094610
122	0.2025027557	0.5519530126	-377.2603524444
123	2.7871316559	0.5519530126	-1509.7540220974
124	2.8242848607	0.5519530126	-1498.3750576961
