site	rate	t	lnL
1	2.8974816479	0.3699751053	-1539.3417485386
2	0.6967712793	0.3699751053	-1029.4940539633
3	1.7289525404	0.3699751053	-1520.1731231008
4	2.4539092953	0.3699751053	-1504.1349286774
5	0.1076394881	0.3699751053	-262.3211994997
6	1.9995913080	0.3699751053	-1487.2013463034
7	0.5370360007	0.3699751053	-842.4094972719
8	1.0355008574	0.3699751053	-1222.8003796661
9	2.5533567880	0.3699751053	-1524.4612178814
10	1.7060748963	0.3699751053	-1433.0389717660
11	0.5942184051	0.3699751053	-890.0411637096
12	2.4379169023	0.3699751053	-1522.0603493527
13	1.1944691448	0.3699751053	-1294.7013281419
14	0.8403402157	0.3699751053	-1150.9824171460
15	0.5755012369	0.3699751053	-869.4284375909
16	1.5175100842	0.3699751053	-1474.4061157127
17	1.3520777659	0.3699751053	-1359.4116893526
18	1.1411570869	0.3699751053	-1257.1989689947
19	2.1352007161	0.3699751053	-1476.8948754031
20	0.3359441402	0.3699751053	-628.5384831646
21	1.1020966617	0.3699751053	-1267.7697799796
22	1.5675548071	0.3699751053	-1475.2720920428
23	0.8315048638	0.3699751053	-1082.2515304338
24	0.1154436486	0.3699751053	-287.9703584241
25	1.5988131644	0.3699751053	-1444.5856472827
26	0.3064152536	0.3699751053	-595.3367622528
27	0.4790593066	0.3699751053	-798.0390056269
28	0.0029150880	0.3699751053	-12.4624185197
29	0.4848990655	0.3699751053	-792.7181284884
30	0.7357865819	0.3699751053	-1058.2180973163
31	2.2728517266	0.3699751053	-1484.4938549511
32	0.8286274884	0.3699751053	-1097.5657186637
33	0.2978389642	0.3699751053	-617.8449458163
34	1.5062356404	0.3699751053	-1428.0455843766
35	1.1985795632	0.3699751053	-1273.1805952423
36	2.1407854485	0.3699751053	-1501.9155062954
37	0.9389409666	0.3699751053	-1234.6231044608
38	1.9550025178	0.3699751053	-1483.1665895956
39	2.4003191901	0.3699751053	-1502.9587598670
40	1.2207363463	0.3699751053	-1354.1747843326
41	1.3024046993	0.3699751053	-1403.9179926197
42	2.9367084289	0.3699751053	-1528.4811830801
43	2.0033965596	0.3699751053	-1470.0316756183
44	2.4388187962	0.3699751053	-1534.8514170666
45	1.3114840311	0.3699751053	-1393.8384619997
46	0.5693313853	0.3699751053	-909.1558198849
47	0.7088583347	0.3699751053	-1057.0293847815
48	1.2684581476	0.3699751053	-1332.6844607693
49	1.2041850103	0.3699751053	-1354.0405487084
50	0.9360194497	0.3699751053	-1197.2454973134
51	0.0056895117	0.3699751053	-22.6646015416
52	0.5789919717	0.3699751053	-885.3413744836
53	0.6512800690	0.3699751053	-922.1648985624
54	0.9527943050	0.3699751053	-1226.8519667855
55	0.5739190056	0.3699751053	-899.6926831955
56	1.1185107535	0.3699751053	-1349.6308458472
57	0.1774069559	0.3699751053	-420.1672868434
58	1.3262116794	0.3699751053	-1347.4923373776
59	2.0511273141	0.3699751053	-1466.1594035477
60	0.5273329567	0.3699751053	-840.8622305090
61	0.0470955304	0.3699751053	-128.3642591450
62	1.7168376960	0.3699751053	-1451.9317656644
63	0.4613638204	0.3699751053	-831.0212657202
64	1.0292558957	0.3699751053	-1269.7576544743
65	2.0781909186	0.3699751053	-1502.5319022518
66	0.3470530955	0.3699751053	-681.0810834348
67	2.2248792850	0.3699751053	-1538.6705269565
68	0.9252975482	0.3699751053	-1221.2951031260
69	1.8767263562	0.3699751053	-1502.0770121439
70	2.3152675173	0.3699751053	-1494.9627808757
71	1.6084269940	0.3699751053	-1391.8355436976
72	1.6589971781	0.3699751053	-1412.0227667477
73	0.0590326987	0.3699751053	-151.2982705668
74	0.7779881156	0.3699751053	-1112.3976291035
75	1.0513153782	0.3699751053	-1206.4876014598
76	1.5078592002	0.3699751053	-1471.1496291169
77	0.1195307216	0.3699751053	-276.4143986036
78	2.6536134722	0.3699751053	-1538.3141834556
79	2.0221863764	0.3699751053	-1461.5710853037
80	0.7496874256	0.3699751053	-1026.0259908304
81	1.2922834333	0.3699751053	-1307.0111470777
82	2.1969476397	0.3699751053	-1491.4838863761
83	2.1486117693	0.3699751053	-1512.8375277889
84	0.7300138403	0.3699751053	-1119.6631060589
85	0.8139994448	0.3699751053	-1066.6593050661
86	1.2169066520	0.3699751053	-1412.9025842534
87	1.3228392831	0.3699751053	-1404.4953452091
88	0.7471684802	0.3699751053	-1106.9477613160
89	0.3536361879	0.3699751053	-640.8439725760
90	2.5175991218	0.3699751053	-1488.2942224967
91	0.0770724937	0.3699751053	-199.4044046344
92	0.7095755172	0.3699751053	-990.9540427579
93	1.5493523511	0.3699751053	-1418.7692117666
94	0.4590895435	0.3699751053	-765.0033859834
95	0.7101757739	0.3699751053	-1065.0749107204
96	2.0753779684	0.3699751053	-1479.5441960115
97	2.2240116578	0.3699751053	-1463.7625472810
98	1.3003669043	0.3699751053	-1368.9930850121
99	1.8851879571	0.3699751053	-1547.8578781551
100	0.2058513786	0.3699751053	-437.9003125903
101	0.3174413528	0.3699751053	-563.9271165170
102	2.3306101465	0.3699751053	-1517.5597665785
103	1.5184451700	0.3699751053	-1369.5946058177
104	0.4033794504	0.3699751053	-725.6854561380
105	1.4095398945	0.3699751053	-1476.4548301675
106	1.9160218727	0.3699751053	-1458.3168501420
107	0.4833580275	0.3699751053	-826.3898663666
108	1.9872936633	0.3699751053	-1484.1617143146
109	2.2979620034	0.3699751053	-1506.5591833306
110	2.1313086370	0.3699751053	-1467.5676360852
111	0.0029147237	0.3699751053	-12.9094102532
112	2.1397288615	0.3699751053	-1495.1413475669
113	2.2119616031	0.3699751053	-1545.6894930553
114	0.7818897912	0.3699751053	-1147.1113144172
115	1.4579790537	0.3699751053	-1431.2969563738
116	2.2224151834	0.3699751053	-1522.3254539624
117	2.1614147567	0.3699751053	-1487.8416794866
118	1.2756518192	0.3699751053	-1337.8400276670
119	1.2292708221	0.3699751053	-1386.4325275041
120	2.0731829189	0.3699751053	-1472.1753109274
121	0.7938431747	0.3699751053	-1118.8755248734
122	0.2154961112	0.3699751053	-429.7748017564
123	1.8149792062	0.3699751053	-1483.5529131852
124	2.3006807673	0.3699751053	-1525.2168075027
