site	rate	t	lnL
1	2.5620674259	0.3610793498	-1499.2190897692
2	0.5997829086	0.3610793498	-951.0363920060
3	2.1546617697	0.3610793498	-1474.6095602704
4	2.1549356214	0.3610793498	-1482.3150742624
5	0.1021826397	0.3610793498	-249.8350401887
6	1.9442195264	0.3610793498	-1466.4644889626
7	0.5410672039	0.3610793498	-898.1166485353
8	0.9155065155	0.3610793498	-1196.6496181520
9	2.1225127734	0.3610793498	-1482.7752847414
10	1.8645995639	0.3610793498	-1469.5628743191
11	0.6123153199	0.3610793498	-967.0663766023
12	2.3160998371	0.3610793498	-1487.4271966745
13	1.3201236837	0.3610793498	-1379.9446734368
14	0.9131933050	0.3610793498	-1185.0117010298
15	0.4617983829	0.3610793498	-806.3405644844
16	1.9299035837	0.3610793498	-1478.1297244541
17	1.4304688149	0.3610793498	-1404.6100538570
18	1.0841410654	0.3610793498	-1299.9945010007
19	2.1644572454	0.3610793498	-1479.2945659471
20	0.2707176220	0.3610793498	-539.3196353393
21	0.9762412339	0.3610793498	-1215.0389635318
22	1.4699808602	0.3610793498	-1424.4168005894
23	0.7987524914	0.3610793498	-1130.0202092017
24	0.1352520580	0.3610793498	-319.4679465576
25	1.4530488907	0.3610793498	-1408.3005175456
26	0.2804559941	0.3610793498	-560.5985830711
27	0.5570312958	0.3610793498	-907.4192356935
28	0.0028568931	0.3610793498	-13.8681675434
29	0.1721354352	0.3610793498	-388.9640864581
30	0.7018844070	0.3610793498	-1050.2093293213
31	2.2653584512	0.3610793498	-1485.5958733777
32	0.9590160570	0.3610793498	-1232.4270293258
33	0.4038367163	0.3610793498	-742.7343265333
34	1.5971036421	0.3610793498	-1439.3810793525
35	1.0288515334	0.3610793498	-1247.0911239860
36	2.1700745962	0.3610793498	-1478.4917009261
37	1.0822578824	0.3610793498	-1281.2049297170
38	2.2072685839	0.3610793498	-1479.6683272352
39	2.3264349749	0.3610793498	-1492.1254632479
40	1.2600209209	0.3610793498	-1373.4604747439
41	1.2587872739	0.3610793498	-1354.3819669944
42	2.6425478045	0.3610793498	-1498.8309202251
43	1.6451035961	0.3610793498	-1426.0821473329
44	2.7683798138	0.3610793498	-1507.1922874936
45	1.7152987625	0.3610793498	-1454.5976759717
46	0.7308690001	0.3610793498	-1055.2607901354
47	0.7437441253	0.3610793498	-1080.5187949223
48	1.4631471072	0.3610793498	-1406.3969237818
49	1.0057644490	0.3610793498	-1260.6420731563
50	0.6604978121	0.3610793498	-997.0304043554
51	0.0057167365	0.3610793498	-23.3532243486
52	0.5229843747	0.3610793498	-881.9234348799
53	0.7783358932	0.3610793498	-1110.1016120347
54	0.9484135548	0.3610793498	-1208.5932148404
55	0.5809434937	0.3610793498	-932.4630839430
56	1.3270244874	0.3610793498	-1379.0599159984
57	0.1658508830	0.3610793498	-379.4455443834
58	1.2536785071	0.3610793498	-1350.3148789670
59	2.0302181858	0.3610793498	-1465.4515585510
60	0.5562465346	0.3610793498	-900.5669442486
61	0.1204254671	0.3610793498	-287.0474762576
62	2.4860889645	0.3610793498	-1493.2976575636
63	0.5493083951	0.3610793498	-887.3895724593
64	0.9606309961	0.3610793498	-1221.0037254005
65	1.9092046184	0.3610793498	-1467.5595555494
66	0.4706690376	0.3610793498	-813.8233108903
67	2.6826894784	0.3610793498	-1501.2301565024
68	0.9621115964	0.3610793498	-1222.9026306345
69	2.3233057121	0.3610793498	-1489.9667833974
70	2.2850333787	0.3610793498	-1482.4779081193
71	1.3715741833	0.3610793498	-1382.1631932378
72	1.3949244890	0.3610793498	-1408.0016853159
73	0.0490582793	0.3610793498	-135.9158133576
74	0.8963697806	0.3610793498	-1164.8778584130
75	1.0939671834	0.3610793498	-1285.3418413794
76	1.6374790970	0.3610793498	-1440.1907148113
77	0.1293634563	0.3610793498	-308.5955540205
78	2.3815232623	0.3610793498	-1487.4753662383
79	2.2870307585	0.3610793498	-1487.5370577758
80	0.8012660027	0.3610793498	-1118.5813447875
81	1.2623886867	0.3610793498	-1346.3046758087
82	2.3916893322	0.3610793498	-1493.1362476564
83	2.4748383904	0.3610793498	-1490.8554591347
84	0.6877340675	0.3610793498	-1022.6611630523
85	0.7533199498	0.3610793498	-1091.4838987704
86	1.3652533511	0.3610793498	-1384.7051144301
87	1.6055358964	0.3610793498	-1438.7516852138
88	0.8718267843	0.3610793498	-1170.4504624030
89	0.4286923363	0.3610793498	-759.4744414238
90	2.2849976470	0.3610793498	-1482.8870434246
91	0.1568559981	0.3610793498	-360.4028446301
92	0.7573504248	0.3610793498	-1090.9449528164
93	1.6075914848	0.3610793498	-1434.0027061490
94	0.4745919418	0.3610793498	-826.9100677591
95	0.5897553782	0.3610793498	-936.7858311423
96	1.8582443661	0.3610793498	-1451.8399445643
97	1.8108724364	0.3610793498	-1465.7281935084
98	0.9988072654	0.3610793498	-1232.6297431542
99	2.0556547909	0.3610793498	-1475.4106612295
100	0.2161746717	0.3610793498	-456.1193917095
101	0.3059430901	0.3610793498	-599.9793783994
102	2.1327448839	0.3610793498	-1472.6659033601
103	1.1345196436	0.3610793498	-1297.5585923524
104	0.2409556270	0.3610793498	-497.4363266688
105	1.7198175740	0.3610793498	-1445.4395853727
106	1.8758432593	0.3610793498	-1462.1748192710
107	0.6267034017	0.3610793498	-974.3849636583
108	2.0220197173	0.3610793498	-1469.5886795947
109	2.3881302164	0.3610793498	-1491.1020466714
110	1.8412044529	0.3610793498	-1451.6355918755
111	0.0028568833	0.3610793498	-13.8681675435
112	2.6095082091	0.3610793498	-1507.3189988544
113	2.2485130344	0.3610793498	-1482.0226773922
114	0.8685178604	0.3610793498	-1178.6700875519
115	1.6525217687	0.3610793498	-1432.5342273043
116	2.2014272350	0.3610793498	-1479.1525675162
117	1.8784976334	0.3610793498	-1453.3296841935
118	1.3076151441	0.3610793498	-1371.6446588471
119	1.1417818491	0.3610793498	-1306.8098212786
120	2.5721230521	0.3610793498	-1502.0748316245
121	0.5631735070	0.3610793498	-909.0737118977
122	0.2679399093	0.3610793498	-531.7195805936
123	2.0478307144	0.3610793498	-1476.8995868819
124	2.7475050020	0.3610793498	-1505.4955314036
