site	rate	t	lnL
1	3.5610553221	0.5708566799	-1543.8167128761
2	0.7434103595	0.5708566799	-1066.1591496077
3	2.0714430210	0.5708566799	-1522.6220459781
4	2.6871525151	0.5708566799	-1504.0854570614
5	0.1548710705	0.5708566799	-320.5324143896
6	2.9014940837	0.5708566799	-1515.6552350988
7	0.3770649789	0.5708566799	-799.3418647798
8	0.6674646404	0.5708566799	-1144.7889050262
9	2.8665370993	0.5708566799	-1524.4860294217
10	2.5108139880	0.5708566799	-1502.0328908483
11	0.4544798239	0.5708566799	-804.5295808381
12	2.5864975059	0.5708566799	-1544.1009307305
13	1.4180131515	0.5708566799	-1351.6434892476
14	1.1494269482	0.5708566799	-1173.8207600834
15	0.3873127898	0.5708566799	-807.7347618222
16	2.0270188245	0.5708566799	-1511.0178094287
17	1.6871339553	0.5708566799	-1376.3054439283
18	1.5823391106	0.5708566799	-1271.7094402107
19	2.3094222145	0.5708566799	-1487.8271306934
20	0.5314595581	0.5708566799	-732.9583316951
21	1.1707523418	0.5708566799	-1281.3530512296
22	1.9928275189	0.5708566799	-1494.6670259582
23	0.6191873045	0.5708566799	-1073.3309372543
24	0.2648225088	0.5708566799	-486.9094438685
25	1.8484094339	0.5708566799	-1462.4931238922
26	0.5931976270	0.5708566799	-815.1380803542
27	0.3934590500	0.5708566799	-869.8516637280
28	0.0031754890	0.5708566799	-14.0619595227
29	0.1244011532	0.5708566799	-425.2804730846
30	0.4630064877	0.5708566799	-1015.1529840945
31	3.3921908813	0.5708566799	-1520.8481058753
32	1.2584518888	0.5708566799	-1287.3167896776
33	0.2017518058	0.5708566799	-576.5219674879
34	1.8894465155	0.5708566799	-1423.4011040199
35	1.2169636188	0.5708566799	-1275.0128957477
36	2.5682316426	0.5708566799	-1498.0746064791
37	1.3879136945	0.5708566799	-1377.8271205791
38	2.4472589487	0.5708566799	-1540.8105477104
39	3.7664755336	0.5708566799	-1534.3743667237
40	1.2904824268	0.5708566799	-1434.5532567732
41	1.2149831756	0.5708566799	-1445.2047152008
42	3.1915604991	0.5708566799	-1530.0424448811
43	2.0408766106	0.5708566799	-1453.9970125866
44	2.2910576001	0.5708566799	-1532.2273541137
45	1.7902907887	0.5708566799	-1454.5758374687
46	0.8406901265	0.5708566799	-987.5776283902
47	0.5018343758	0.5708566799	-1084.0918889053
48	1.6457735047	0.5708566799	-1413.2659983490
49	0.9673656256	0.5708566799	-1341.0432646289
50	0.6637210122	0.5708566799	-1070.2996112135
51	0.0070133753	0.5708566799	-21.3174119329
52	0.3884236665	0.5708566799	-808.4253162392
53	0.5639638186	0.5708566799	-962.6486578301
54	0.7472019561	0.5708566799	-1122.9144836360
55	0.3972238186	0.5708566799	-923.6772454697
56	1.0269391520	0.5708566799	-1447.9219947076
57	0.1107694310	0.5708566799	-404.5090445388
58	1.2437168495	0.5708566799	-1361.2981159512
59	2.9026845746	0.5708566799	-1534.3549368489
60	0.6954428798	0.5708566799	-837.6223780486
61	0.0696993417	0.5708566799	-172.0160229989
62	3.2401793058	0.5708566799	-1505.5784439617
63	0.4043601070	0.5708566799	-798.0493145958
64	1.0611682088	0.5708566799	-1139.9016015030
65	1.6804345482	0.5708566799	-1467.1098109694
66	0.3921580646	0.5708566799	-977.6087593756
67	2.6996717671	0.5708566799	-1567.4115460504
68	1.0349336349	0.5708566799	-1129.7946727055
69	2.3057100382	0.5708566799	-1545.7189708987
70	3.2424570202	0.5708566799	-1505.9205186136
71	1.5853322964	0.5708566799	-1374.0128319048
72	1.2744349584	0.5708566799	-1369.2519863857
73	0.2438940572	0.5708566799	-472.5242841522
74	0.8895330546	0.5708566799	-1062.7339002157
75	0.9430083295	0.5708566799	-1207.9433519169
76	2.2689302576	0.5708566799	-1541.8766797618
77	0.0766218653	0.5708566799	-187.7771405751
78	3.4110761494	0.5708566799	-1552.0278387580
79	3.0172485740	0.5708566799	-1473.4300063681
80	0.4544562073	0.5708566799	-944.5468926137
81	1.2565285586	0.5708566799	-1339.0547838128
82	2.2939763763	0.5708566799	-1511.3516605253
83	3.8404311625	0.5708566799	-1577.7933002156
84	0.7808206586	0.5708566799	-1145.9244676040
85	0.6048993416	0.5708566799	-1043.8849455653
86	1.0007687398	0.5708566799	-1510.5549536818
87	2.0718830929	0.5708566799	-1453.7910235787
88	0.5303804764	0.5708566799	-1119.3437982840
89	0.2442491790	0.5708566799	-595.0147757016
90	3.4804653775	0.5708566799	-1526.2547350592
91	0.0737953747	0.5708566799	-177.3161734615
92	0.7250612278	0.5708566799	-1090.9142465217
93	2.5879082789	0.5708566799	-1467.9706195704
94	0.3723324133	0.5708566799	-804.4491564156
95	0.1958070469	0.5708566799	-698.6896896566
96	1.8678579873	0.5708566799	-1475.9440711718
97	2.6681064613	0.5708566799	-1468.2672281195
98	1.1697669785	0.5708566799	-1189.6522794439
99	2.6476734604	0.5708566799	-1557.4892664041
100	0.3115484118	0.5708566799	-501.5261623167
101	0.2274671810	0.5708566799	-572.9964644474
102	1.9090151795	0.5708566799	-1495.8140443611
103	2.0329290842	0.5708566799	-1359.2296790274
104	0.3370499506	0.5708566799	-458.8342123245
105	2.1422277651	0.5708566799	-1517.5572779075
106	2.4983425567	0.5708566799	-1479.9543870137
107	0.7649064143	0.5708566799	-1069.2066095234
108	3.0705159121	0.5708566799	-1503.8140799187
109	3.5296938904	0.5708566799	-1528.1585876427
110	2.4565026328	0.5708566799	-1510.7286717240
111	0.0128148865	0.5708566799	-39.7372855441
112	2.8232969100	0.5708566799	-1528.5807770221
113	3.7455171975	0.5708566799	-1571.2360565965
114	0.9725719696	0.5708566799	-1258.5115189133
115	2.2619026654	0.5708566799	-1517.1513480960
116	2.4257388926	0.5708566799	-1554.1921877872
117	2.6406328878	0.5708566799	-1505.8560893629
118	1.5705813702	0.5708566799	-1335.8060968326
119	0.7828554186	0.5708566799	-1378.0322169600
120	2.9061166246	0.5708566799	-1511.2246187181
121	0.6485867741	0.5708566799	-837.7958364592
122	0.2919336049	0.5708566799	-512.0153119238
123	2.7868812274	0.5708566799	-1531.7109303723
124	3.6147934351	0.5708566799	-1532.5002839889
