site	rate	t	lnL
1	4.1855569031	0.0007402941	-32.3136361550
2	0.0000000000	0.0007402941	-2.9957322736
3	0.0000000000	0.0007402941	-2.9957322736
4	1.3934545621	0.0007402941	-13.8681675434
5	0.0000000000	0.0007402941	-2.9957322736
6	2.7886372513	0.0007402941	-23.3531208451
7	0.0000000000	0.0007402941	-2.9957322736
8	2.7887828758	0.0007402941	-23.3530173177
9	0.0000000000	0.0007402941	-2.9957322736
10	1.3934543647	0.0007402941	-13.8681675434
11	0.0000000000	0.0007402941	-2.9957322736
12	0.0000000000	0.0007402941	-2.9957322736
13	0.0000000000	0.0007402941	-2.9957322736
14	0.0000000000	0.0007402941	-2.9957322736
15	0.0000000000	0.0007402941	-2.9957322736
16	2.7887828954	0.0007402941	-23.3530172962
17	1.3934542927	0.0007402941	-13.8681675434
18	1.3935263687	0.0007402941	-13.8681158933
19	1.3934542925	0.0007402941	-13.8681675434
20	0.0000000000	0.0007402941	-2.9957322736
21	0.0000000000	0.0007402941	-2.9957322736
22	6.9842599684	0.0007402941	-49.2990813201
23	0.0000000000	0.0007402941	-2.9957322736
24	0.0000000000	0.0007402941	-2.9957322736
25	0.0000000000	0.0007402941	-2.9957322736
26	1.3935264755	0.0007402941	-13.8681158933
27	0.0000000000	0.0007402941	-2.9957322736
28	0.0000000000	0.0007402941	-2.9957322736
29	0.0000000000	0.0007402941	-2.9957322736
30	0.0000000000	0.0007402941	-2.9957322736
31	0.0000000000	0.0007402941	-2.9957322736
32	2.7887827560	0.0007402941	-23.3530173391
33	0.0000000000	0.0007402941	-2.9957322736
34	2.7886380455	0.0007402941	-23.3531208237
35	4.1857748692	0.0007402941	-32.3134805864
36	0.0000000000	0.0007402941	-2.9957322736
37	1.3934546690	0.0007402941	-13.8681675434
38	1.3935271427	0.0007402941	-13.8681158879
39	1.3934544944	0.0007402941	-13.8681675434
40	1.3934542927	0.0007402941	-13.8681675434
41	2.7884934092	0.0007402941	-23.3532243457
42	0.0000000000	0.0007402941	-2.9957322736
43	0.0000000000	0.0007402941	-2.9957322736
44	4.1855568298	0.0007402941	-32.3136361550
45	1.3934546601	0.0007402941	-13.8681675434
46	0.0000000000	0.0007402941	-2.9957322736
47	1.3935267378	0.0007402941	-13.8681158879
48	1.3935263837	0.0007402941	-13.8681158879
49	0.0000000000	0.0007402941	-2.9957322736
50	0.0000000000	0.0007402941	-2.9957322736
51	0.0000000000	0.0007402941	-2.9957322736
52	0.0000000000	0.0007402941	-2.9957322736
53	0.0000000000	0.0007402941	-2.9957322736
54	1.3935263687	0.0007402941	-13.8681158933
55	0.0000000000	0.0007402941	-2.9957322736
56	1.3934543579	0.0007402941	-13.8681675434
57	0.0000000000	0.0007402941	-2.9957322736
58	0.0000000000	0.0007402941	-2.9957322736
59	1.3935266918	0.0007402941	-13.8681158933
60	0.0000000000	0.0007402941	-2.9957322736
61	0.0000000000	0.0007402941	-2.9957322736
62	0.0000000000	0.0007402941	-2.9957322736
63	0.0000000000	0.0007402941	-2.9957322736
64	0.0000000000	0.0007402941	-2.9957322736
65	2.7884932300	0.0007402941	-23.3532243457
66	0.0000000000	0.0007402941	-2.9957322736
67	1.3934545528	0.0007402941	-13.8681675434
68	0.0000000000	0.0007402941	-2.9957322736
69	1.3934542926	0.0007402941	-13.8681675434
70	0.0000000000	0.0007402941	-2.9957322736
71	1.3934543003	0.0007402941	-13.8681675434
72	2.7884929920	0.0007402941	-23.3532243457
73	0.0000000000	0.0007402941	-2.9957322736
74	1.3935267610	0.0007402941	-13.8681158933
75	1.3935263837	0.0007402941	-13.8681158879
76	0.0000000000	0.0007402941	-2.9957322736
77	0.0000000000	0.0007402941	-2.9957322736
78	4.1853386788	0.0007402941	-32.3137917638
79	0.0000000000	0.0007402941	-2.9957322736
80	1.3935266036	0.0007402941	-13.8681158879
81	0.0000000000	0.0007402941	-2.9957322736
82	4.1855567924	0.0007402941	-32.3136361550
83	2.7886378131	0.0007402941	-23.3531208451
84	0.0000000000	0.0007402941	-2.9957322736
85	1.3935265696	0.0007402941	-13.8681158933
86	1.3935266184	0.0007402941	-13.8681158879
87	0.0000000000	0.0007402941	-2.9957322736
88	1.3935264957	0.0007402941	-13.8681158933
89	1.3935266709	0.0007402941	-13.8681158879
90	0.0000000000	0.0007402941	-2.9957322736
91	0.0000000000	0.0007402941	-2.9957322736
92	1.3935263688	0.0007402941	-13.8681158933
93	1.3935266802	0.0007402941	-13.8681158933
94	0.0000000000	0.0007402941	-2.9957322736
95	1.3934542926	0.0007402941	-13.8681675434
96	1.3935263687	0.0007402941	-13.8681158933
97	0.0000000000	0.0007402941	-2.9957322736
98	2.7886374983	0.0007402941	-23.3531208237
99	1.3934542620	0.0007402941	-13.8681675434
100	0.0000000000	0.0007402941	-2.9957322736
101	0.0000000000	0.0007402941	-2.9957322736
102	0.0000000000	0.0007402941	-2.9957322736
103	0.0000000000	0.0007402941	-2.9957322736
104	0.0000000000	0.0007402941	-2.9957322736
105	4.1857749510	0.0007402941	-32.3134805380
106	0.0000000000	0.0007402941	-2.9957322736
107	1.3934542925	0.0007402941	-13.8681675434
108	1.3935266614	0.0007402941	-13.8681158879
109	1.3935263836	0.0007402941	-13.8681158879
110	1.3934549246	0.0007402941	-13.8681675434
111	0.0000000000	0.0007402941	-2.9957322736
112	1.3934540606	0.0007402941	-13.8681675434
113	2.7886381423	0.0007402941	-23.3531208237
114	0.0000000000	0.0007402941	-2.9957322736
115	2.7884932469	0.0007402941	-23.3532243457
116	1.3934546037	0.0007402941	-13.8681675434
117	1.3934546040	0.0007402941	-13.8681675434
118	0.0000000000	0.0007402941	-2.9957322736
119	0.0000000000	0.0007402941	-2.9957322736
120	0.0000000000	0.0007402941	-2.9957322736
121	0.0000000000	0.0007402941	-2.9957322736
122	1.3935267356	0.0007402941	-13.8681158879
123	4.1853391601	0.0007402941	-32.3137917638
124	0.0000000000	0.0007402941	-2.9957322736
