site	rate	t	lnL
1	1.0709023595	0.0059329846	-76.4984580472
2	0.6037056985	0.0059329846	-43.5111892380
3	0.6966295270	0.0059329846	-43.8580529169
4	1.4757578503	0.0059329846	-61.0440890246
5	0.0000000000	0.0059329846	-2.3574261631
6	0.7658785079	0.0059329846	-29.4673238444
7	0.9730449010	0.0059329846	-32.0328325497
8	0.3964642723	0.0059329846	-32.3817514591
9	2.1416641725	0.0059329846	-94.1430787128
10	2.5789891631	0.0059329846	-110.3453297616
11	0.7549614121	0.0059329846	-51.1561715805
12	3.8123775537	0.0059329846	-115.1451918019
13	5.7313177760	0.0059329846	-132.7136297128
14	1.8744111263	0.0059329846	-118.0566404534
15	0.1312300144	0.0059329846	-13.9609052271
16	1.4990348619	0.0059329846	-149.0684402971
17	0.4648600774	0.0059329846	-34.0523725005
18	0.5169556909	0.0059329846	-34.1196593547
19	0.1325709864	0.0059329846	-13.9177568652
20	2.2505317568	0.0059329846	-127.5937170535
21	1.0703440229	0.0059329846	-73.1339550432
22	4.0802388220	0.0059329846	-150.9733558348
23	0.9977909792	0.0059329846	-66.3428068091
24	0.0000000000	0.0059329846	-3.3961383754
25	0.6415419053	0.0059329846	-34.3626125169
26	0.4741862856	0.0059329846	-33.7195832329
27	0.4897855151	0.0059329846	-24.3352056709
28	0.0000000000	0.0059329846	-2.3574261631
29	0.1312770881	0.0059329846	-15.1174746547
30	1.1240625167	0.0059329846	-34.9992439784
31	0.9123025710	0.0059329846	-82.3453189189
32	1.4498160552	0.0059329846	-87.9664361629
33	0.4754862021	0.0059329846	-38.3319859093
34	0.6021857754	0.0059329846	-39.4432958693
35	2.5304268502	0.0059329846	-114.4815797871
36	0.7429137247	0.0059329846	-35.2862729319
37	1.7104946057	0.0059329846	-150.1260248438
38	1.0625096565	0.0059329846	-58.7453857137
39	0.4649327807	0.0059329846	-35.5102368836
40	0.1546457712	0.0059329846	-15.7541779802
41	0.4759374258	0.0059329846	-56.1474599757
42	1.1967891634	0.0059329846	-87.7271081987
43	1.7268148032	0.0059329846	-72.6335679668
44	1.2877405202	0.0059329846	-87.9388217268
45	0.3932813041	0.0059329846	-24.6527408560
46	1.2364349383	0.0059329846	-83.5262938143
47	0.5874594966	0.0059329846	-24.0060049132
48	0.8918992327	0.0059329846	-84.3977774939
49	1.0182767137	0.0059329846	-73.1005948057
50	1.3716221095	0.0059329846	-131.0346064505
51	0.0000000000	0.0059329846	-2.9685104075
52	1.2018157234	0.0059329846	-96.8279351873
53	1.0200412441	0.0059329846	-90.4685686499
54	3.8711738167	0.0059329846	-127.6358905044
55	0.2442789839	0.0059329846	-14.0919177001
56	4.1084156632	0.0059329846	-135.3281390699
57	0.0000000000	0.0059329846	-3.6015741015
58	1.8968495730	0.0059329846	-60.2711983341
59	1.9028489377	0.0059329846	-97.2464752057
60	0.5510677725	0.0059329846	-35.7963717453
61	0.2880714665	0.0059329846	-24.1690828022
62	1.4419477780	0.0059329846	-99.1981197092
63	3.3961455919	0.0059329846	-153.6018382266
64	0.6860940005	0.0059329846	-57.6419924525
65	0.7867168361	0.0059329846	-73.4617043074
66	0.0948224208	0.0059329846	-16.4671361943
67	1.8356048935	0.0059329846	-111.3916977743
68	0.3511780857	0.0059329846	-22.0298535889
69	1.0599624542	0.0059329846	-74.6403489316
70	1.3625782617	0.0059329846	-86.7994047186
71	0.2858019877	0.0059329846	-27.4939708505
72	1.4607884476	0.0059329846	-106.1375214355
73	0.0000000000	0.0059329846	-2.3574261631
74	0.3514533884	0.0059329846	-24.3785319920
75	0.4660674531	0.0059329846	-25.1139448511
76	1.0599104103	0.0059329846	-72.6881961363
77	0.0000000000	0.0059329846	-2.3574261631
78	2.5038111457	0.0059329846	-102.9181472084
79	0.9257769788	0.0059329846	-70.0472999753
80	0.2418266564	0.0059329846	-14.1020029890
81	0.9723208540	0.0059329846	-40.0154733262
82	1.5708797632	0.0059329846	-74.4067167965
83	1.5685170566	0.0059329846	-88.4939809937
84	2.1278512276	0.0059329846	-124.5178557778
85	0.6749239472	0.0059329846	-45.7866869655
86	1.6799802996	0.0059329846	-50.9469823884
87	1.9787362165	0.0059329846	-88.3083153742
88	0.9742299918	0.0059329846	-37.0296734654
89	0.2629685797	0.0059329846	-25.8699510539
90	0.5282315604	0.0059329846	-45.9815524762
91	0.0000000000	0.0059329846	-2.3574261631
92	0.2628572373	0.0059329846	-24.7122507461
93	0.6027208158	0.0059329846	-43.0539997068
94	0.5266932246	0.0059329846	-43.8213922984
95	0.0000000000	0.0059329846	-3.6567646119
96	4.8601468374	0.0059329846	-122.7100544649
97	1.4578619546	0.0059329846	-64.7317951743
98	0.3526236581	0.0059329846	-23.5514291591
99	1.4298450040	0.0059329846	-80.2424764976
100	0.1755537599	0.0059329846	-14.0247765537
101	0.7381154404	0.0059329846	-34.6483303455
102	2.2872638077	0.0059329846	-72.6375886443
103	0.2646916192	0.0059329846	-25.3199782717
104	0.0000000000	0.0059329846	-2.8923899221
105	1.1408586666	0.0059329846	-32.9093332532
106	1.8479317793	0.0059329846	-55.5416688610
107	0.5140993050	0.0059329846	-29.1552736222
108	0.1121823260	0.0059329846	-17.2810308843
109	0.2632675485	0.0059329846	-24.6380811977
110	0.5706689414	0.0059329846	-46.6198345089
111	0.0000000000	0.0059329846	-2.3574261631
112	1.5366946144	0.0059329846	-94.6144136984
113	4.1526307520	0.0059329846	-113.3199918065
114	0.9754596096	0.0059329846	-46.6338405041
115	0.6012517876	0.0059329846	-40.5793587136
116	1.5671747518	0.0059329846	-84.6287368092
117	3.2203988896	0.0059329846	-136.4539944418
118	0.8066344568	0.0059329846	-60.5417275383
119	1.1343609769	0.0059329846	-73.7209762752
120	0.8542355057	0.0059329846	-57.2900813152
121	1.2853899964	0.0059329846	-62.2106108223
122	0.0000000000	0.0059329846	-2.3574261631
123	2.5606408026	0.0059329846	-164.7436391667
124	4.0328201194	0.0059329846	-154.5350846437
