site	rate	t	lnL
1	0.0000000000	0.0005665130	-3.0370216572
2	0.0000000000	0.0005665130	-2.3189096528
3	3.1559070439	0.0005665130	-13.5199088824
4	0.0000000000	0.0005665130	-3.0275460104
5	0.0000000000	0.0005665130	-2.5155503397
6	1.4411032736	0.0005665130	-14.3410772614
7	0.0000000000	0.0005665130	-2.3378193072
8	3.5891151126	0.0005665130	-15.0581481695
9	0.0000000000	0.0005665130	-3.7113064899
10	0.0000000000	0.0005665130	-3.2108436532
11	0.0000000000	0.0005665130	-1.9269844034
12	6.0829481872	0.0005665130	-12.3500568742
13	1.8036262724	0.0005665130	-14.7383390506
14	0.0000000000	0.0005665130	-2.8752088206
15	0.0000000000	0.0005665130	-1.9269844034
16	5.7557135864	0.0005665130	-39.5996440740
17	0.0000000000	0.0005665130	-3.7145333401
18	0.0000000000	0.0005665130	-2.3189096528
19	1.4416697348	0.0005665130	-16.0202041363
20	0.0000000000	0.0005665130	-2.6211057681
21	1.4386116047	0.0005665130	-15.8434459606
22	1.2785773296	0.0005665130	-15.5267306897
23	0.0000000000	0.0005665130	-1.9269844034
24	0.0000000000	0.0005665130	-3.7138871365
25	4.2431754520	0.0005665130	-23.3518828499
26	0.0000000000	0.0005665130	-2.3189096528
27	0.0000000000	0.0005665130	-3.0330898042
28	0.0000000000	0.0005665130	-2.5155503397
29	1.2508793463	0.0005665130	-11.6561295825
30	0.0000000000	0.0005665130	-2.3378193072
31	4.5158303660	0.0005665130	-34.8949314295
32	1.8040409257	0.0005665130	-14.0545429764
33	3.5837111761	0.0005665130	-13.6201738458
34	0.0000000000	0.0005665130	-2.3378193072
35	0.0000000000	0.0005665130	-2.6211057681
36	0.0000000000	0.0005665130	-3.0330898042
37	3.5401743391	0.0005665130	-15.8083749061
38	0.0000000000	0.0005665130	-3.2108436532
39	0.0000000000	0.0005665130	-3.7242768403
40	0.0000000000	0.0005665130	-1.9269844034
41	0.0000000000	0.0005665130	-2.5155503397
42	0.0000000000	0.0005665130	-1.9269844034
43	0.0000000000	0.0005665130	-1.9269844034
44	2.2605974485	0.0005665130	-12.7738345481
45	0.0000000000	0.0005665130	-3.0275460104
46	0.0000000000	0.0005665130	-3.0275460104
47	0.0000000000	0.0005665130	-3.0370216572
48	1.5115568917	0.0005665130	-17.1199478934
49	3.5376826210	0.0005665130	-15.0949004437
50	1.1308355346	0.0005665130	-15.7889791489
51	0.0000000000	0.0005665130	-2.6211057681
52	0.0000000000	0.0005665130	-2.3378193072
53	0.0000000000	0.0005665130	-1.9269844034
54	1.8035459057	0.0005665130	-14.2042511553
55	0.0000000000	0.0005665130	-1.9269844034
56	2.1564609086	0.0005665130	-16.4485281956
57	0.0000000000	0.0005665130	-3.2131901541
58	0.0000000000	0.0005665130	-2.3189096528
59	3.0544544967	0.0005665130	-14.5067789375
60	0.0000000000	0.0005665130	-2.3189096528
61	0.0000000000	0.0005665130	-2.5155503397
62	1.2262616957	0.0005665130	-15.7851023403
63	0.0000000000	0.0005665130	-3.0275460104
64	1.8863208027	0.0005665130	-13.2644559636
65	2.2607744096	0.0005665130	-13.5173356241
66	1.2269951464	0.0005665130	-13.0019474535
67	0.0000000000	0.0005665130	-4.1979425192
68	0.0000000000	0.0005665130	-2.6211057681
69	0.0000000000	0.0005665130	-2.5155503397
70	7.1721768617	0.0005665130	-25.8218266215
71	0.0000000000	0.0005665130	-1.9269844034
72	0.0000000000	0.0005665130	-2.3189096528
73	0.0000000000	0.0005665130	-2.5155503397
74	0.0000000000	0.0005665130	-2.6211057681
75	0.0000000000	0.0005665130	-1.9269844034
76	7.1578839248	0.0005665130	-24.3322896272
77	0.0000000000	0.0005665130	-2.5155503397
78	3.5365435749	0.0005665130	-14.4175642240
79	3.1558002879	0.0005665130	-13.5199088819
80	0.0000000000	0.0005665130	-2.3378193072
81	0.0000000000	0.0005665130	-3.7145333401
82	2.5411248315	0.0005665130	-16.5221040720
83	0.0000000000	0.0005665130	-3.2131901541
84	0.0000000000	0.0005665130	-2.8752088206
85	3.1711128553	0.0005665130	-16.3847814779
86	12.1836877883	0.0005665130	-25.9691805589
87	0.0000000000	0.0005665130	-2.7501606703
88	3.1627397557	0.0005665130	-15.3472610639
89	0.0000000000	0.0005665130	-1.9269844034
90	0.0000000000	0.0005665130	-2.3189096528
91	0.0000000000	0.0005665130	-2.5155503397
92	3.6107897649	0.0005665130	-25.4783303010
93	6.1035656975	0.0005665130	-26.3152904686
94	0.0000000000	0.0005665130	-2.3378193072
95	0.0000000000	0.0005665130	-4.1271343850
96	0.0000000000	0.0005665130	-2.8752088206
97	1.7986840517	0.0005665130	-11.2930674224
98	5.0673031366	0.0005665130	-28.9286549390
99	1.6162254381	0.0005665130	-15.5150569204
100	0.0000000000	0.0005665130	-2.6211057681
101	0.0000000000	0.0005665130	-1.9269844034
102	0.0000000000	0.0005665130	-2.7501606703
103	3.1603797703	0.0005665130	-17.0745193358
104	0.0000000000	0.0005665130	-2.7501606703
105	6.0568991101	0.0005665130	-15.2405458967
106	0.0000000000	0.0005665130	-2.3189096528
107	0.0000000000	0.0005665130	-2.7501606703
108	0.0000000000	0.0005665130	-2.3189096528
109	3.1317595121	0.0005665130	-24.3616987132
110	3.5307516351	0.0005665130	-11.6096809121
111	0.0000000000	0.0005665130	-2.5155503397
112	2.1157677230	0.0005665130	-13.9570662641
113	1.1333404745	0.0005665130	-12.8360653912
114	0.0000000000	0.0005665130	-2.8752088206
115	0.0000000000	0.0005665130	-2.3378193072
116	0.0000000000	0.0005665130	-3.0370216572
117	0.0000000000	0.0005665130	-3.2108436532
118	3.1679518602	0.0005665130	-13.9641726244
119	0.0000000000	0.0005665130	-1.9269844034
120	0.0000000000	0.0005665130	-4.1251831649
121	0.0000000000	0.0005665130	-2.6211057681
122	0.0000000000	0.0005665130	-3.7113064899
123	0.0000000000	0.0005665130	-2.6211057681
124	3.1585709598	0.0005665130	-13.5362284051
