site	rate	t	lnL
1	2.3704220195	0.5125227823	-1523.0350319628
2	0.5928084842	0.5125227823	-979.9755224950
3	1.9106663561	0.5125227823	-1512.2785355087
4	2.9402965738	0.5125227823	-1512.3133936546
5	0.1718181092	0.5125227823	-252.0317371302
6	2.5801986310	0.5125227823	-1518.1005999395
7	0.3784367709	0.5125227823	-814.1082691799
8	0.9159929544	0.5125227823	-1284.1938635769
9	1.6810656875	0.5125227823	-1477.0251752670
10	2.2823048564	0.5125227823	-1480.2460566926
11	0.4663334221	0.5125227823	-883.8617155360
12	2.3143257805	0.5125227823	-1517.2956840066
13	1.1687858478	0.5125227823	-1317.5690818119
14	1.1359679201	0.5125227823	-993.6467361225
15	0.4346938771	0.5125227823	-881.7401437028
16	2.3861822580	0.5125227823	-1532.6679467894
17	1.9972773457	0.5125227823	-1385.5343951546
18	1.4418293922	0.5125227823	-1284.2124520315
19	1.9152270352	0.5125227823	-1487.1338536962
20	0.5558722019	0.5125227823	-601.3253944889
21	0.8130589434	0.5125227823	-1153.5791641164
22	1.7695927579	0.5125227823	-1414.3747591624
23	0.4820828945	0.5125227823	-988.9801571903
24	0.3097622920	0.5125227823	-432.6616750437
25	1.4989023015	0.5125227823	-1428.4666282147
26	0.5022516146	0.5125227823	-737.4128682703
27	0.3268367668	0.5125227823	-790.3875499322
28	0.0000000000	0.5125227823	-2.3976590356
29	0.1555561126	0.5125227823	-543.4512131555
30	0.4580095895	0.5125227823	-972.4906545415
31	2.3725273853	0.5125227823	-1480.1895982741
32	1.0156013262	0.5125227823	-1288.4757869524
33	0.1418838034	0.5125227823	-447.0543462433
34	1.9895676614	0.5125227823	-1406.8858922360
35	1.1914645578	0.5125227823	-1297.6386011579
36	2.0778529325	0.5125227823	-1514.1457508668
37	1.4358835435	0.5125227823	-1304.7116811015
38	1.9336687774	0.5125227823	-1504.1249149193
39	2.7098082929	0.5125227823	-1525.1096634882
40	0.9087097662	0.5125227823	-1305.2799835613
41	1.0107498256	0.5125227823	-1387.8030398827
42	3.3734724949	0.5125227823	-1526.0484989353
43	1.6610063069	0.5125227823	-1451.0892805604
44	2.5199763248	0.5125227823	-1524.1551179480
45	1.4664310367	0.5125227823	-1391.9358413260
46	1.3011667388	0.5125227823	-1120.2750887980
47	0.3712202652	0.5125227823	-890.6333599973
48	1.3796256922	0.5125227823	-1391.5966862307
49	0.9379852853	0.5125227823	-1346.0882630571
50	0.6210352558	0.5125227823	-1035.5874421430
51	0.0394624025	0.5125227823	-63.2436874354
52	0.3613579531	0.5125227823	-856.9408442051
53	0.4747799053	0.5125227823	-944.6038940575
54	0.5383345928	0.5125227823	-1022.9868542549
55	0.3546710564	0.5125227823	-804.8468972898
56	1.0417082471	0.5125227823	-1443.9313636181
57	0.0948236740	0.5125227823	-331.3455848221
58	1.0072593664	0.5125227823	-1303.7709611455
59	2.2189241657	0.5125227823	-1510.5233602016
60	0.4845028834	0.5125227823	-725.6765819179
61	0.1060728306	0.5125227823	-173.8009095024
62	2.2750973962	0.5125227823	-1522.0366348017
63	0.6370222010	0.5125227823	-984.0002301092
64	1.5367447111	0.5125227823	-1259.0714388685
65	1.4193157673	0.5125227823	-1484.4848211546
66	0.3509924367	0.5125227823	-806.0194145993
67	2.3267760495	0.5125227823	-1537.0812472590
68	1.2803536939	0.5125227823	-1108.6077053139
69	3.0828841455	0.5125227823	-1518.6535515658
70	2.9500511028	0.5125227823	-1491.9823712647
71	1.4271082888	0.5125227823	-1357.8126496752
72	1.3679629465	0.5125227823	-1408.1289321801
73	0.0280674110	0.5125227823	-54.5328035779
74	1.5988732714	0.5125227823	-1305.5210868970
75	0.9534449961	0.5125227823	-1242.5539667881
76	2.0824734787	0.5125227823	-1510.0345492353
77	0.0833168884	0.5125227823	-135.6592416261
78	2.5701899972	0.5125227823	-1506.0192379026
79	3.5629203295	0.5125227823	-1502.6742281624
80	0.3397909033	0.5125227823	-850.9139330508
81	1.1563270410	0.5125227823	-1333.0197821744
82	2.5674669478	0.5125227823	-1523.5352191147
83	2.6845671529	0.5125227823	-1544.5283947268
84	0.8402241586	0.5125227823	-1152.7286375212
85	0.4139541145	0.5125227823	-931.0814583770
86	1.0672623783	0.5125227823	-1473.5136109836
87	2.1578792271	0.5125227823	-1436.1256689460
88	0.5108402756	0.5125227823	-1131.6333389255
89	0.1636663134	0.5125227823	-508.4508814237
90	2.5308802868	0.5125227823	-1492.0315783191
91	0.4182259136	0.5125227823	-510.2460356397
92	0.6964060997	0.5125227823	-1075.4721871286
93	1.6956977992	0.5125227823	-1431.1694568179
94	0.3159618763	0.5125227823	-741.8057053599
95	0.3854417970	0.5125227823	-924.5272979012
96	2.0981659822	0.5125227823	-1477.2101323355
97	2.2476959617	0.5125227823	-1456.8096875845
98	1.8196450400	0.5125227823	-1326.7061261855
99	2.4295469214	0.5125227823	-1523.3410351600
100	0.6606178842	0.5125227823	-686.1188757808
101	0.1931194317	0.5125227823	-539.1992043607
102	2.3227714126	0.5125227823	-1512.9580961144
103	1.9746730732	0.5125227823	-1435.2851063150
104	0.3724940992	0.5125227823	-584.1962021675
105	1.7681810167	0.5125227823	-1413.9415031623
106	2.9520693770	0.5125227823	-1496.6698929929
107	0.5511074600	0.5125227823	-846.0789290607
108	2.2197971517	0.5125227823	-1498.0304637358
109	3.1369826941	0.5125227823	-1527.4211098666
110	1.8451871662	0.5125227823	-1445.3477194067
111	0.0046675753	0.5125227823	-13.2582114357
112	2.7380889434	0.5125227823	-1510.4244177884
113	2.0524280636	0.5125227823	-1527.1226170445
114	0.9889229896	0.5125227823	-1240.5947014313
115	1.4151456092	0.5125227823	-1425.4382316874
116	2.4048504406	0.5125227823	-1528.6242410776
117	2.4528553286	0.5125227823	-1483.2117853398
118	1.3910565573	0.5125227823	-1327.7466782791
119	1.0526110066	0.5125227823	-1412.3290526958
120	2.2945780188	0.5125227823	-1513.2516260293
121	0.9964866710	0.5125227823	-931.1243307876
122	0.3819561255	0.5125227823	-473.1290658508
123	3.0411545095	0.5125227823	-1529.4798990713
124	2.5392787822	0.5125227823	-1527.0491523561
