site	rate	t	lnL
1	2.9749231536	0.0006485993	-23.2061178443
2	0.0000000000	0.0006485993	-2.7325735047
3	3.0777068542	0.0006485993	-25.8797606692
4	1.4870348027	0.0006485993	-15.0683486713
5	0.0000000000	0.0006485993	-2.5182825818
6	0.0000000000	0.0006485993	-3.2182932073
7	1.3129403254	0.0006485993	-13.2909148713
8	3.6569386417	0.0006485993	-34.3357875674
9	1.3620387427	0.0006485993	-12.1365595932
10	0.0000000000	0.0006485993	-2.7771353327
11	0.0000000000	0.0006485993	-2.4372331803
12	0.0000000000	0.0006485993	-2.2370213132
13	2.2915510143	0.0006485993	-23.3469864148
14	0.0000000000	0.0006485993	-2.5087522170
15	0.0000000000	0.0006485993	-2.7771353327
16	1.4855017740	0.0006485993	-14.1410175773
17	7.1003590204	0.0006485993	-33.4307801835
18	0.0000000000	0.0006485993	-2.7325735047
19	2.2934818125	0.0006485993	-28.0554817344
20	0.0000000000	0.0006485993	-2.5087522170
21	0.0000000000	0.0006485993	-2.7325735047
22	1.1990801677	0.0006485993	-10.9910358950
23	0.0000000000	0.0006485993	-3.2246098489
24	0.0000000000	0.0006485993	-3.4349642441
25	3.6693471283	0.0006485993	-36.4724041466
26	0.0000000000	0.0006485993	-3.2135817734
27	1.1982977559	0.0006485993	-12.3998666718
28	0.0000000000	0.0006485993	-2.5182825818
29	0.0000000000	0.0006485993	-3.7100186597
30	1.7874023713	0.0006485993	-11.9939988722
31	6.9863386167	0.0006485993	-26.4124120287
32	1.3635709265	0.0006485993	-13.8289694600
33	1.3620550895	0.0006485993	-13.6088452242
34	1.6512925764	0.0006485993	-12.4436553482
35	0.0000000000	0.0006485993	-2.7771353327
36	1.5132445419	0.0006485993	-14.9704535121
37	0.0000000000	0.0006485993	-3.4349642441
38	3.5352340739	0.0006485993	-34.3515079144
39	1.1686288030	0.0006485993	-13.4611976945
40	0.0000000000	0.0006485993	-2.7294307486
41	1.6581329800	0.0006485993	-17.7659671350
42	0.0000000000	0.0006485993	-2.6276246960
43	0.0000000000	0.0006485993	-3.2135817734
44	0.0000000000	0.0006485993	-2.7325735047
45	0.0000000000	0.0006485993	-2.2370213132
46	0.0000000000	0.0006485993	-2.5087522170
47	1.3616462278	0.0006485993	-12.7797964625
48	0.0000000000	0.0006485993	-2.5182825818
49	0.0000000000	0.0006485993	-4.1310482844
50	2.4224263073	0.0006485993	-20.0172302659
51	0.0000000000	0.0006485993	-2.5087522170
52	0.0000000000	0.0006485993	-3.2085026455
53	0.0000000000	0.0006485993	-2.2370213132
54	0.0000000000	0.0006485993	-2.7294307486
55	0.0000000000	0.0006485993	-2.4372331803
56	0.0000000000	0.0006485993	-3.4349642441
57	0.0000000000	0.0006485993	-3.0304771312
58	0.0000000000	0.0006485993	-2.2370213132
59	0.0000000000	0.0006485993	-3.7197180568
60	1.1420878666	0.0006485993	-14.5853992200
61	0.0000000000	0.0006485993	-2.5182825818
62	0.0000000000	0.0006485993	-2.7325735047
63	2.7782172357	0.0006485993	-17.8210736588
64	0.0000000000	0.0006485993	-2.5087522170
65	0.0000000000	0.0006485993	-2.5087522170
66	0.0000000000	0.0006485993	-3.7100186597
67	5.1056207421	0.0006485993	-25.4537508560
68	0.0000000000	0.0006485993	-2.5087522170
69	0.0000000000	0.0006485993	-3.0304771312
70	2.2746963223	0.0006485993	-17.4498098329
71	2.7859846807	0.0006485993	-16.8949642050
72	0.0000000000	0.0006485993	-3.2246098489
73	0.0000000000	0.0006485993	-2.5182825818
74	1.6387637126	0.0006485993	-14.9943562176
75	0.0000000000	0.0006485993	-3.4305750637
76	1.3035152219	0.0006485993	-15.4974615575
77	0.0000000000	0.0006485993	-2.5182825818
78	0.0000000000	0.0006485993	-2.6276246960
79	1.2000253943	0.0006485993	-14.1513766565
80	0.0000000000	0.0006485993	-2.4372331803
81	0.0000000000	0.0006485993	-2.7294307486
82	2.3600810265	0.0006485993	-13.6614185509
83	0.0000000000	0.0006485993	-3.6746167327
84	3.9016057953	0.0006485993	-40.0878003743
85	0.0000000000	0.0006485993	-3.2246098489
86	1.1752108612	0.0006485993	-13.0522736727
87	4.7340136469	0.0006485993	-23.8966036429
88	3.6016058894	0.0006485993	-32.0763439078
89	0.0000000000	0.0006485993	-2.2370213132
90	0.0000000000	0.0006485993	-3.2085026455
91	0.0000000000	0.0006485993	-2.5182825818
92	0.0000000000	0.0006485993	-3.0304771312
93	0.0000000000	0.0006485993	-2.7325735047
94	14.0396703340	0.0006485993	-45.8370389313
95	0.0000000000	0.0006485993	-3.4305750637
96	2.4211703519	0.0006485993	-31.1439400401
97	0.0000000000	0.0006485993	-2.2370213132
98	0.0000000000	0.0006485993	-3.2085026455
99	3.8123302174	0.0006485993	-31.8254731955
100	3.5376867998	0.0006485993	-32.8937031411
101	0.0000000000	0.0006485993	-2.4372331803
102	0.0000000000	0.0006485993	-3.2085026455
103	0.0000000000	0.0006485993	-2.6276246960
104	0.0000000000	0.0006485993	-3.2135817734
105	4.4432757522	0.0006485993	-14.4178029744
106	0.0000000000	0.0006485993	-2.4372331803
107	0.0000000000	0.0006485993	-2.7771353327
108	1.3615712684	0.0006485993	-13.6092001247
109	1.1756017398	0.0006485993	-16.9590373173
110	1.3872324759	0.0006485993	-12.4242030880
111	0.0000000000	0.0006485993	-2.5182825818
112	0.0000000000	0.0006485993	-2.2370213132
113	4.5100400696	0.0006485993	-25.2274333724
114	3.4292921049	0.0006485993	-17.5854602299
115	0.0000000000	0.0006485993	-2.7294307486
116	1.3012618610	0.0006485993	-15.6777553803
117	0.0000000000	0.0006485993	-2.2370213132
118	0.0000000000	0.0006485993	-2.7771353327
119	1.1256656091	0.0006485993	-12.4623236201
120	4.7415525749	0.0006485993	-27.8234895344
121	0.0000000000	0.0006485993	-2.7325735047
122	0.0000000000	0.0006485993	-2.2370213132
123	0.0000000000	0.0006485993	-2.4372331803
124	1.1442706605	0.0006485993	-15.4018227467
