site	rate	t	lnL
1	2.3849467005	0.3696019817	-1531.3658199046
2	0.7268213093	0.3696019817	-1054.4797436450
3	2.2038274352	0.3696019817	-1537.5640366877
4	1.8047230698	0.3696019817	-1469.7486862641
5	0.1956183806	0.3696019817	-409.0281440744
6	1.5683491297	0.3696019817	-1444.7230140299
7	0.5422278332	0.3696019817	-837.9228245280
8	0.7930779936	0.3696019817	-1079.8232021825
9	1.7395241861	0.3696019817	-1478.5732899734
10	1.7777942859	0.3696019817	-1448.8653936479
11	0.5858016584	0.3696019817	-901.3443044549
12	2.7537442644	0.3696019817	-1540.5543320516
13	1.2228986760	0.3696019817	-1279.1301108916
14	1.0178528207	0.3696019817	-1247.7296816873
15	0.5606618336	0.3696019817	-847.3056952775
16	1.5791710303	0.3696019817	-1491.2300758535
17	1.3340073175	0.3696019817	-1354.5681378189
18	1.0819559085	0.3696019817	-1268.1884656988
19	2.0238736248	0.3696019817	-1479.1026304644
20	0.2850896404	0.3696019817	-556.8679496968
21	1.0090659039	0.3696019817	-1224.4411582965
22	1.2204852883	0.3696019817	-1386.2444462381
23	0.9100600426	0.3696019817	-1150.8664753887
24	0.0957360041	0.3696019817	-248.6193763409
25	1.4076133869	0.3696019817	-1420.2639175945
26	0.2540975285	0.3696019817	-523.3516397666
27	0.5866014465	0.3696019817	-917.4568421766
28	0.0058301730	0.3696019817	-21.1492279053
29	0.5119102431	0.3696019817	-812.4290932536
30	0.7199891983	0.3696019817	-1038.1931577831
31	2.1199164276	0.3696019817	-1488.8644525389
32	1.1104396112	0.3696019817	-1236.8853406430
33	0.2978706206	0.3696019817	-611.2893206273
34	1.3811137220	0.3696019817	-1406.6762388753
35	0.9735023293	0.3696019817	-1194.1896595897
36	2.2835196063	0.3696019817	-1506.3199664766
37	1.0538366846	0.3696019817	-1282.3396222663
38	2.2190291678	0.3696019817	-1517.8857769367
39	2.1524860280	0.3696019817	-1494.5893791593
40	1.1965317496	0.3696019817	-1331.2842555440
41	1.2063702819	0.3696019817	-1367.2827432596
42	2.8790062467	0.3696019817	-1524.6726826286
43	1.6017824858	0.3696019817	-1428.1174169576
44	2.6991716858	0.3696019817	-1530.8709700279
45	1.4723016858	0.3696019817	-1413.8464395363
46	0.4873764926	0.3696019817	-825.3455764133
47	0.6638659646	0.3696019817	-1009.4220936367
48	1.3828500495	0.3696019817	-1384.1033539588
49	0.9862602535	0.3696019817	-1270.4667669731
50	0.8864792571	0.3696019817	-1159.3917857865
51	0.0086022329	0.3696019817	-32.8253742470
52	0.5614690236	0.3696019817	-868.0828140398
53	0.6658101162	0.3696019817	-957.6316854729
54	0.9744561651	0.3696019817	-1216.3260516445
55	0.5881316917	0.3696019817	-919.9451298899
56	1.0729494362	0.3696019817	-1324.8509982758
57	0.1722845550	0.3696019817	-406.5868673425
58	1.1759018067	0.3696019817	-1302.2021024981
59	2.3072545892	0.3696019817	-1492.2114313635
60	0.6336615786	0.3696019817	-941.9152541106
61	0.0411304883	0.3696019817	-114.8756129187
62	2.4865871421	0.3696019817	-1492.1076673597
63	0.7082702637	0.3696019817	-1087.2960511036
64	0.9639214127	0.3696019817	-1217.1451437657
65	2.4508435022	0.3696019817	-1522.3382103514
66	0.5512855730	0.3696019817	-916.0474868291
67	2.4587729678	0.3696019817	-1544.8140975243
68	0.6778588556	0.3696019817	-1015.7755689471
69	2.1308301660	0.3696019817	-1520.1557663652
70	2.2430655224	0.3696019817	-1471.4186796096
71	1.3865600747	0.3696019817	-1351.7547468417
72	1.4357418875	0.3696019817	-1380.1613063813
73	0.0381524174	0.3696019817	-106.8427554519
74	0.7670124624	0.3696019817	-1099.5138905443
75	1.0753525106	0.3696019817	-1221.5886444308
76	1.6184549190	0.3696019817	-1494.1048856112
77	0.1106805532	0.3696019817	-269.8196228184
78	3.1273372661	0.3696019817	-1540.6869541886
79	2.1438090210	0.3696019817	-1467.5679214194
80	0.7507846636	0.3696019817	-1051.8529869425
81	1.3576414786	0.3696019817	-1329.0176312422
82	2.3357176955	0.3696019817	-1508.2171290639
83	2.5676019431	0.3696019817	-1519.7482623684
84	0.6623003603	0.3696019817	-1055.3693878258
85	0.7783004569	0.3696019817	-1047.4372043358
86	1.0540284735	0.3696019817	-1334.2913393011
87	1.3553321229	0.3696019817	-1396.5389674058
88	0.7359121962	0.3696019817	-1109.0739421554
89	0.3944833452	0.3696019817	-692.1036907059
90	2.5862242367	0.3696019817	-1500.4881397012
91	0.2409370661	0.3696019817	-476.8974324066
92	1.0154825291	0.3696019817	-1184.2811592337
93	1.8965186252	0.3696019817	-1437.9009141795
94	0.4522859914	0.3696019817	-744.0338014893
95	0.6850274326	0.3696019817	-1056.6884543372
96	2.2377268807	0.3696019817	-1482.7511946570
97	1.8681742161	0.3696019817	-1432.5524004940
98	1.1128651971	0.3696019817	-1306.8448400996
99	2.0017167518	0.3696019817	-1523.7591735603
100	0.1574511078	0.3696019817	-352.3433577730
101	0.2661603162	0.3696019817	-489.3630995591
102	1.8730937109	0.3696019817	-1482.7384675863
103	2.0084513887	0.3696019817	-1420.3040133249
104	0.4401298959	0.3696019817	-773.9905430158
105	1.3275976896	0.3696019817	-1429.2708117713
106	2.0064435179	0.3696019817	-1449.2255446543
107	0.6409493127	0.3696019817	-997.3711862809
108	1.9084853148	0.3696019817	-1450.6384946107
109	2.5485962050	0.3696019817	-1506.4139198130
110	2.0891075523	0.3696019817	-1482.5615904966
111	0.0116803610	0.3696019817	-39.2104149456
112	1.9712138381	0.3696019817	-1469.3115897743
113	1.8993453202	0.3696019817	-1522.9136117939
114	0.7534384148	0.3696019817	-1127.4496987023
115	1.3517792849	0.3696019817	-1418.1353781926
116	2.2566954071	0.3696019817	-1526.6470243054
117	2.3739668730	0.3696019817	-1505.8862999891
118	1.3249253109	0.3696019817	-1357.9649644327
119	1.1332584417	0.3696019817	-1330.4532801451
120	2.0118297905	0.3696019817	-1479.2393252279
121	0.6397744360	0.3696019817	-973.5048680931
122	0.1866064475	0.3696019817	-383.7958665958
123	2.0733881984	0.3696019817	-1507.7165000470
124	2.6300527519	0.3696019817	-1534.4539456161
