site	rate	t	lnL
1	2.5848364510	0.3639782842	-1502.9346281765
2	0.7404342376	0.3639782842	-1090.1525953962
3	1.9182114563	0.3639782842	-1474.1845499041
4	1.8285386112	0.3639782842	-1464.4147470882
5	0.1312754803	0.3639782842	-307.7551061651
6	2.1680308641	0.3639782842	-1481.5134066657
7	0.5071195400	0.3639782842	-869.2294810458
8	0.7738155298	0.3639782842	-1094.7705686357
9	2.4548847513	0.3639782842	-1498.9265181686
10	1.8685284049	0.3639782842	-1466.6174874177
11	0.5105305514	0.3639782842	-874.2782016982
12	2.3631397164	0.3639782842	-1495.5386196121
13	1.1999983828	0.3639782842	-1344.9499460153
14	0.9187064408	0.3639782842	-1178.5080983570
15	0.4930082194	0.3639782842	-845.0309616594
16	1.5607671182	0.3639782842	-1420.5735862827
17	1.2760831082	0.3639782842	-1376.0687891620
18	1.1011133979	0.3639782842	-1292.4005655652
19	1.8981759616	0.3639782842	-1460.2340627277
20	0.4026282420	0.3639782842	-723.8924950158
21	1.1313003613	0.3639782842	-1311.8375887827
22	1.6506090383	0.3639782842	-1463.6789076249
23	0.7654527364	0.3639782842	-1089.0132485864
24	0.2172375449	0.3639782842	-463.5540967943
25	1.4947394970	0.3639782842	-1417.2183401277
26	0.4848188991	0.3639782842	-843.1366326223
27	0.6099327206	0.3639782842	-978.2873240496
28	0.0028341172	0.3639782842	-13.8681675435
29	0.1895763783	0.3639782842	-407.4648992828
30	0.7347489236	0.3639782842	-1078.8030363710
31	2.1393415522	0.3639782842	-1480.1911776421
32	0.9878830504	0.3639782842	-1255.4429751862
33	0.3304021819	0.3639782842	-645.7431800401
34	1.5498778518	0.3639782842	-1432.3847416738
35	1.0453963033	0.3639782842	-1273.4001702614
36	2.1286483077	0.3639782842	-1468.4826297518
37	1.1908962112	0.3639782842	-1342.5328864671
38	2.6978807232	0.3639782842	-1503.8787727367
39	2.1928624067	0.3639782842	-1485.6956313698
40	1.2990430654	0.3639782842	-1381.6800214848
41	1.4222336775	0.3639782842	-1402.1610088829
42	2.6258923235	0.3639782842	-1499.5226660076
43	1.5881726907	0.3639782842	-1426.3936466073
44	2.2576933337	0.3639782842	-1485.5707293219
45	1.4769195933	0.3639782842	-1418.0592846094
46	0.6371541657	0.3639782842	-988.2472978901
47	0.7909662859	0.3639782842	-1113.5924975022
48	1.6267912173	0.3639782842	-1427.2584816677
49	1.1187698538	0.3639782842	-1317.6822460338
50	0.7565753486	0.3639782842	-1100.0586119943
51	0.0056712195	0.3639782842	-23.3532243483
52	0.5699655115	0.3639782842	-938.7270964526
53	0.6827878559	0.3639782842	-1024.9233356313
54	0.8515574286	0.3639782842	-1159.3799901227
55	0.6575020299	0.3639782842	-1018.1561987500
56	1.1762769226	0.3639782842	-1337.2105110421
57	0.2044414803	0.3639782842	-447.9692221629
58	1.2300606526	0.3639782842	-1346.3100598173
59	2.1372079292	0.3639782842	-1475.3302733910
60	0.5360111043	0.3639782842	-886.0444718290
61	0.0632141100	0.3639782842	-171.0077650735
62	2.3793864720	0.3639782842	-1494.3275140426
63	0.4634130809	0.3639782842	-796.8911720498
64	0.8581861310	0.3639782842	-1157.6508266642
65	1.7736655762	0.3639782842	-1449.1493663267
66	0.7045395314	0.3639782842	-1050.8361613083
67	2.5642851199	0.3639782842	-1496.6967407193
68	0.8026913894	0.3639782842	-1110.4907881812
69	2.1947080290	0.3639782842	-1484.5048998296
70	2.4397210908	0.3639782842	-1501.0214403663
71	1.3636624404	0.3639782842	-1397.9172525659
72	1.3197612072	0.3639782842	-1373.9202795837
73	0.2233974482	0.3639782842	-471.3065735529
74	0.7193192942	0.3639782842	-1059.3308039211
75	1.0462039322	0.3639782842	-1271.8988708500
76	2.3037076028	0.3639782842	-1491.0755359997
77	0.0690234488	0.3639782842	-184.1480097885
78	2.6773285494	0.3639782842	-1509.0771166774
79	2.2829883270	0.3639782842	-1490.0164185345
80	0.6097742923	0.3639782842	-958.7458967662
81	1.2575361465	0.3639782842	-1352.5188834297
82	2.0531609365	0.3639782842	-1471.8586447136
83	3.1072445934	0.3639782842	-1516.3800567789
84	0.8241917789	0.3639782842	-1144.6412755993
85	0.7508857026	0.3639782842	-1093.0426894905
86	1.4100709992	0.3639782842	-1392.1403287030
87	1.5752455313	0.3639782842	-1433.3087411449
88	0.8353134483	0.3639782842	-1145.9395576307
89	0.4023241358	0.3639782842	-730.5725844866
90	2.1901777419	0.3639782842	-1481.8368279887
91	0.0660866777	0.3639782842	-177.4665759839
92	0.8425366896	0.3639782842	-1159.5633955444
93	1.6266224494	0.3639782842	-1442.9728075218
94	0.5675068406	0.3639782842	-934.7402048173
95	0.3953126134	0.3639782842	-723.3935469406
96	1.7963388023	0.3639782842	-1450.8954161074
97	1.5603241568	0.3639782842	-1426.0092386319
98	0.8536644663	0.3639782842	-1170.3533456103
99	2.6203625396	0.3639782842	-1505.6015448065
100	0.2365342349	0.3639782842	-485.7617869062
101	0.3273895047	0.3639782842	-637.8897045815
102	1.8611368901	0.3639782842	-1456.2291445824
103	1.1336924887	0.3639782842	-1311.5301799733
104	0.2151223327	0.3639782842	-456.7839894823
105	1.7995041907	0.3639782842	-1456.5134949864
106	1.6662263435	0.3639782842	-1449.0081244487
107	0.7603812923	0.3639782842	-1091.9855266215
108	2.3010012553	0.3639782842	-1494.1989831589
109	2.3241570474	0.3639782842	-1488.3534086834
110	2.0216513218	0.3639782842	-1475.4921423324
111	0.0113634575	0.3639782842	-39.8340702190
112	2.1592712653	0.3639782842	-1476.6465990081
113	2.6424405089	0.3639782842	-1502.9640842398
114	0.9599782652	0.3639782842	-1239.7566394470
115	1.5201134072	0.3639782842	-1418.0895892698
116	2.5961206650	0.3639782842	-1500.4643168880
117	2.1961379900	0.3639782842	-1486.1657764519
118	1.2475797713	0.3639782842	-1349.0119741453
119	1.1187839789	0.3639782842	-1307.5077919841
120	2.2028443890	0.3639782842	-1481.6039864841
121	0.4799719954	0.3639782842	-811.5487313906
122	0.2522723098	0.3639782842	-514.3904321399
123	2.2106629738	0.3639782842	-1478.9217121894
124	2.6540005836	0.3639782842	-1504.3387461026
