site	rate	t	lnL
1	1.7399222828	0.0005920534	-13.2405384985
2	0.0000000000	0.0005920534	-3.4339872045
3	5.1361262166	0.0005920534	-34.1141953931
4	1.7245292941	0.0005920534	-14.5325023835
5	3.4511367857	0.0005920534	-23.9109899655
6	0.0000000000	0.0005920534	-3.0304771312
7	0.0000000000	0.0005920534	-3.4339872045
8	0.0000000000	0.0005920534	-2.8782853159
9	0.0000000000	0.0005920534	-2.0475707805
10	1.9007574532	0.0005920534	-12.1692676580
11	0.0000000000	0.0005920534	-2.0475707805
12	1.7108907551	0.0005920534	-14.7536479252
13	1.6829137358	0.0005920534	-15.7425062452
14	1.8332094685	0.0005920534	-13.5835817736
15	0.0000000000	0.0005920534	-2.0475707805
16	0.0000000000	0.0005920534	-3.0304771312
17	0.0000000000	0.0005920534	-3.0285220964
18	0.0000000000	0.0005920534	-2.0475707805
19	5.1410454722	0.0005920534	-33.3827016150
20	0.0000000000	0.0005920534	-2.4229191052
21	0.0000000000	0.0005920534	-3.2131901541
22	0.0000000000	0.0005920534	-3.4330111185
23	0.0000000000	0.0005920534	-2.3319627750
24	0.0000000000	0.0005920534	-3.4330111185
25	1.8125886871	0.0005920534	-13.6892252249
26	0.0000000000	0.0005920534	-3.2131901541
27	0.0000000000	0.0005920534	-2.8782853159
28	0.0000000000	0.0005920534	-2.8738135365
29	0.0000000000	0.0005920534	-2.0475707805
30	0.0000000000	0.0005920534	-2.0475707805
31	0.0000000000	0.0005920534	-2.4263001921
32	0.0000000000	0.0005920534	-2.3319627750
33	0.0000000000	0.0005920534	-3.4369211919
34	0.0000000000	0.0005920534	-3.0304771312
35	1.7250255905	0.0005920534	-13.9697881692
36	0.0000000000	0.0005920534	-3.2092823726
37	3.8018637369	0.0005920534	-23.7790896669
38	3.3939781860	0.0005920534	-23.0700038982
39	1.9007747879	0.0005920534	-12.2602150074
40	0.0000000000	0.0005920534	-2.0475707805
41	0.0000000000	0.0005920534	-3.2139735462
42	0.0000000000	0.0005920534	-2.3319627750
43	0.0000000000	0.0005920534	-3.2139735462
44	5.2185108160	0.0005920534	-33.3364787979
45	0.0000000000	0.0005920534	-3.4257206852
46	1.8163263077	0.0005920534	-13.2885416593
47	0.0000000000	0.0005920534	-3.0285220964
48	0.0000000000	0.0005920534	-3.4315487736
49	0.0000000000	0.0005920534	-3.4349642441
50	1.7538748278	0.0005920534	-14.1833650792
51	0.0000000000	0.0005920534	-2.4229191052
52	0.0000000000	0.0005920534	-2.3319627750
53	0.0000000000	0.0005920534	-2.0475707805
54	0.0000000000	0.0005920534	-2.4263001921
55	0.0000000000	0.0005920534	-3.4349642441
56	0.0000000000	0.0005920534	-3.2092823726
57	0.0000000000	0.0005920534	-3.0285220964
58	0.0000000000	0.0005920534	-3.2139735462
59	3.6691856858	0.0005920534	-22.3526335470
60	0.0000000000	0.0005920534	-2.3319627750
61	0.0000000000	0.0005920534	-2.8738135365
62	5.0941517146	0.0005920534	-31.6382430768
63	0.0000000000	0.0005920534	-3.2092823726
64	1.7109323016	0.0005920534	-14.5298945589
65	1.7393948583	0.0005920534	-14.3418874410
66	0.0000000000	0.0005920534	-3.7242768403
67	1.7102512963	0.0005920534	-14.7671750213
68	3.4518239644	0.0005920534	-23.3662226987
69	0.0000000000	0.0005920534	-4.1068340262
70	1.9007566572	0.0005920534	-12.2602239881
71	1.7543441129	0.0005920534	-14.1693823959
72	0.0000000000	0.0005920534	-3.4349642441
73	0.0000000000	0.0005920534	-2.8738135365
74	7.2729911490	0.0005920534	-39.5405528498
75	1.7103607858	0.0005920534	-13.3767833921
76	0.0000000000	0.0005920534	-3.4349642441
77	0.0000000000	0.0005920534	-2.8738135365
78	0.0000000000	0.0005920534	-2.3319627750
79	1.8163902072	0.0005920534	-13.6837503586
80	1.8337862344	0.0005920534	-12.2051173454
81	0.0000000000	0.0005920534	-2.0475707805
82	1.7105008775	0.0005920534	-14.3571698459
83	0.0000000000	0.0005920534	-3.4369211919
84	0.0000000000	0.0005920534	-3.4257206852
85	1.8334015746	0.0005920534	-13.5927204405
86	1.7393952539	0.0005920534	-14.1162055695
87	0.0000000000	0.0005920534	-2.0475707805
88	1.7115375343	0.0005920534	-13.3770734205
89	0.0000000000	0.0005920534	-3.4349642441
90	0.0000000000	0.0005920534	-3.4315487736
91	0.0000000000	0.0005920534	-2.8782853159
92	0.0000000000	0.0005920534	-2.0475707805
93	0.0000000000	0.0005920534	-2.4263001921
94	3.5146223606	0.0005920534	-21.8922952079
95	1.7538747134	0.0005920534	-13.9576832077
96	0.0000000000	0.0005920534	-2.4229191052
97	0.0000000000	0.0005920534	-3.2092823726
98	0.0000000000	0.0005920534	-2.4229191052
99	1.7103057075	0.0005920534	-15.4370562620
100	1.8163891059	0.0005920534	-12.6843298655
101	0.0000000000	0.0005920534	-2.3319627750
102	3.6677590887	0.0005920534	-22.4600612825
103	0.0000000000	0.0005920534	-2.0475707805
104	0.0000000000	0.0005920534	-3.2131901541
105	1.8162791502	0.0005920534	-13.4720642113
106	0.0000000000	0.0005920534	-2.4263001921
107	0.0000000000	0.0005920534	-3.4315487736
108	3.4807587121	0.0005920534	-23.8633907856
109	1.7103613666	0.0005920534	-13.6611753866
110	5.1840622547	0.0005920534	-32.2138806610
111	0.0000000000	0.0005920534	-2.8738135365
112	0.0000000000	0.0005920534	-3.4330111185
113	0.0000000000	0.0005920534	-2.4263001921
114	3.4228781432	0.0005920534	-24.0737458188
115	1.8155440401	0.0005920534	-14.3687104047
116	0.0000000000	0.0005920534	-2.4263001921
117	0.0000000000	0.0005920534	-3.0304771312
118	3.6337645660	0.0005920534	-22.6165880942
119	0.0000000000	0.0005920534	-2.8782853159
120	0.0000000000	0.0005920534	-2.4229191052
121	0.0000000000	0.0005920534	-2.4229191052
122	0.0000000000	0.0005920534	-2.8738135365
123	1.8163899701	0.0005920534	-13.6920168778
124	1.8157926980	0.0005920534	-13.6957266489
