site	rate	t	lnL
1	4.4753819827	0.4741495354	-1544.2678889475
2	0.6145176455	0.4741495354	-1161.2682002039
3	2.7737195854	0.4741495354	-1538.6008572978
4	2.7636101986	0.4741495354	-1491.6098396417
5	0.0727771275	0.4741495354	-297.4578340037
6	2.8449612105	0.4741495354	-1498.0148510558
7	0.6191993195	0.4741495354	-1035.2595524988
8	1.5920475925	0.4741495354	-1344.1645065974
9	3.0935374388	0.4741495354	-1541.3253214692
10	2.5459075661	0.4741495354	-1472.5381811366
11	0.8033194111	0.4741495354	-999.3079156629
12	2.7905396166	0.4741495354	-1556.4270418271
13	1.4281449768	0.4741495354	-1362.7516450343
14	0.7412189663	0.4741495354	-1171.3848759100
15	0.4107923450	0.4741495354	-887.9331400088
16	2.3198261737	0.4741495354	-1537.3155388189
17	1.6263950872	0.4741495354	-1445.9696573219
18	1.1317910323	0.4741495354	-1360.3291825768
19	2.2600704711	0.4741495354	-1510.0439220876
20	0.2322342841	0.4741495354	-569.4887223919
21	1.4843206872	0.4741495354	-1298.7721905173
22	2.0429231389	0.4741495354	-1427.2173070676
23	1.0693591978	0.4741495354	-1214.5768235885
24	0.1743199885	0.4741495354	-269.9959298534
25	2.1945226317	0.4741495354	-1506.8499367009
26	0.2055458168	0.4741495354	-585.7525085555
27	0.5590994272	0.4741495354	-961.8077059434
28	0.0018649515	0.4741495354	-14.6880296619
29	0.1146382550	0.4741495354	-408.6218337009
30	0.5712019370	0.4741495354	-1174.8931770302
31	3.2434408595	0.4741495354	-1506.7370112176
32	1.4379016000	0.4741495354	-1248.2813392716
33	0.3496987329	0.4741495354	-858.3587983747
34	1.0519524135	0.4741495354	-1367.6035614133
35	1.9458453517	0.4741495354	-1330.2461882863
36	2.8547861253	0.4741495354	-1520.1098907696
37	1.8533062253	0.4741495354	-1332.7946198264
38	2.3860474330	0.4741495354	-1526.2923715414
39	2.9593803147	0.4741495354	-1524.6186965531
40	0.9370801095	0.4741495354	-1354.2973702784
41	1.1415915619	0.4741495354	-1431.7178725591
42	3.7889794542	0.4741495354	-1521.2322524410
43	1.6919275866	0.4741495354	-1471.0647416603
44	4.1904485487	0.4741495354	-1556.9113026727
45	1.6302916208	0.4741495354	-1450.2167885243
46	0.4432799173	0.4741495354	-882.2354605939
47	0.6066642117	0.4741495354	-1107.0693694102
48	1.9443574385	0.4741495354	-1436.1471533700
49	0.7856365276	0.4741495354	-1297.4189960934
50	1.0850144624	0.4741495354	-1243.7633264970
51	0.0068142101	0.4741495354	-32.5968195293
52	0.4823654234	0.4741495354	-956.9565596104
53	0.8794885698	0.4741495354	-1161.4553632795
54	0.6965488132	0.4741495354	-1291.2006668333
55	0.7432594544	0.4741495354	-1091.9943089722
56	0.7692951408	0.4741495354	-1423.6841397666
57	0.0866417251	0.4741495354	-349.5761472504
58	1.3252836696	0.4741495354	-1374.7570308116
59	2.7650248675	0.4741495354	-1501.4755042207
60	0.4956562336	0.4741495354	-964.4391548317
61	0.1679286853	0.4741495354	-555.6708028438
62	3.4939292126	0.4741495354	-1524.3808069162
63	0.4046608420	0.4741495354	-865.0556792068
64	0.8833662384	0.4741495354	-1313.0685469253
65	1.6190370721	0.4741495354	-1519.6962329558
66	0.3533942692	0.4741495354	-1008.7629687280
67	3.3095475178	0.4741495354	-1555.1438704209
68	0.7596755822	0.4741495354	-1211.4610874701
69	3.6516734698	0.4741495354	-1549.8448613362
70	3.4173524611	0.4741495354	-1506.1778623001
71	1.3310097477	0.4741495354	-1430.1816078723
72	2.1594350047	0.4741495354	-1447.2164378229
73	0.0228433127	0.4741495354	-109.8327278206
74	0.6330888880	0.4741495354	-1105.1873985498
75	1.9480818778	0.4741495354	-1349.1853545478
76	3.0034655586	0.4741495354	-1532.1135274098
77	0.1219405635	0.4741495354	-449.7958275827
78	3.0304225124	0.4741495354	-1536.5505468406
79	3.3824250638	0.4741495354	-1509.4423161668
80	0.7516439860	0.4741495354	-1013.8585915850
81	1.5447907582	0.4741495354	-1387.2526450291
82	2.7567819419	0.4741495354	-1503.7220218445
83	3.4328172166	0.4741495354	-1561.1441429073
84	0.5675481605	0.4741495354	-1053.5113408596
85	1.1626408022	0.4741495354	-1268.8402017416
86	1.3364894433	0.4741495354	-1524.1076986378
87	2.7373017090	0.4741495354	-1478.3077825044
88	0.8071399784	0.4741495354	-1268.6847634869
89	0.5154437386	0.4741495354	-915.6336466961
90	2.8694978816	0.4741495354	-1500.7213555558
91	0.0484465114	0.4741495354	-215.4587289239
92	0.7748302282	0.4741495354	-1157.7142118739
93	2.2635523067	0.4741495354	-1469.7237491040
94	0.5192528912	0.4741495354	-986.5594009785
95	0.6763001456	0.4741495354	-1215.9832372028
96	2.5915853568	0.4741495354	-1480.3031033482
97	3.5731477720	0.4741495354	-1488.5617849573
98	1.1116498822	0.4741495354	-1375.1541633499
99	2.4804088824	0.4741495354	-1501.7195689360
100	0.1204896273	0.4741495354	-356.1872110876
101	0.2723439048	0.4741495354	-637.7689097271
102	2.8470069702	0.4741495354	-1523.3617880375
103	2.3426244898	0.4741495354	-1385.8797384234
104	0.2220419170	0.4741495354	-627.5308665528
105	2.1078400070	0.4741495354	-1462.3214785089
106	2.5784130245	0.4741495354	-1464.8035181658
107	0.4176009309	0.4741495354	-906.9283685735
108	3.0977665473	0.4741495354	-1510.5320911945
109	3.6370369838	0.4741495354	-1516.6953863691
110	3.5709127723	0.4741495354	-1515.3136370923
111	0.0056213680	0.4741495354	-32.0309251187
112	2.7305972910	0.4741495354	-1513.9865277796
113	2.3232990041	0.4741495354	-1552.8803423346
114	0.6928768100	0.4741495354	-1116.5938011359
115	2.4078851470	0.4741495354	-1454.0820952501
116	2.5998491442	0.4741495354	-1534.8631174882
117	3.6904258875	0.4741495354	-1511.7848686846
118	1.9766846635	0.4741495354	-1430.2620217073
119	1.5318856444	0.4741495354	-1461.6459732858
120	3.0437843322	0.4741495354	-1496.9642386674
121	0.4003523844	0.4741495354	-848.9783469657
122	0.3796968444	0.4741495354	-803.3720062513
123	2.8231122425	0.4741495354	-1548.7508002439
124	2.9644041281	0.4741495354	-1523.9287658304
