site	rate	t	lnL
1	1.1812469669	0.0007667640	-15.1280725899
2	0.0000000000	0.0007667640	-2.5273128748
3	1.4848018288	0.0007667640	-13.7630488648
4	2.8213200708	0.0007667640	-13.5767421214
5	0.0000000000	0.0007667640	-2.2565348541
6	2.8122017231	0.0007667640	-14.0190783003
7	0.0000000000	0.0007667640	-2.1738574642
8	0.0000000000	0.0007667640	-2.1738574642
9	1.2387639582	0.0007667640	-14.6549918581
10	1.7696728857	0.0007667640	-26.6257922215
11	0.0000000000	0.0007667640	-3.0275460104
12	3.1382284395	0.0007667640	-23.5839623427
13	2.9701314681	0.0007667640	-24.3670711659
14	3.0865327297	0.0007667640	-13.9485133006
15	2.2871819574	0.0007667640	-21.8185070478
16	6.8681716952	0.0007667640	-63.5461155774
17	1.1372261491	0.0007667640	-14.6301702444
18	1.4901938400	0.0007667640	-16.4627225189
19	0.0000000000	0.0007667640	-2.2565348541
20	0.0000000000	0.0007667640	-2.1738574642
21	1.2311026008	0.0007667640	-16.1098660977
22	0.0000000000	0.0007667640	-3.0230034977
23	1.1673141125	0.0007667640	-13.2211277102
24	0.0000000000	0.0007667640	-3.0230034977
25	1.1366213791	0.0007667640	-14.9033951406
26	0.0000000000	0.0007667640	-4.7952079281
27	0.0000000000	0.0007667640	-3.0275460104
28	0.0000000000	0.0007667640	-2.2565348541
29	0.0000000000	0.0007667640	-2.1738574642
30	0.0000000000	0.0007667640	-2.7430397071
31	0.0000000000	0.0007667640	-2.2565348541
32	0.0000000000	0.0007667640	-3.2038370071
33	0.0000000000	0.0007667640	-3.2053898025
34	0.0000000000	0.0007667640	-3.0285220964
35	0.0000000000	0.0007667640	-2.5273128748
36	4.7117836540	0.0007667640	-32.0146412228
37	2.8265651278	0.0007667640	-14.0470147756
38	0.0000000000	0.0007667640	-2.8665892761
39	0.0000000000	0.0007667640	-2.8870067103
40	0.0000000000	0.0007667640	-3.1846278110
41	0.0000000000	0.0007667640	-3.2171132662
42	1.7638062819	0.0007667640	-21.9135002233
43	1.1055716948	0.0007667640	-16.2549694814
44	0.0000000000	0.0007667640	-3.0230034977
45	0.0000000000	0.0007667640	-3.0301510265
46	3.0652263025	0.0007667640	-13.4551617082
47	0.0000000000	0.0007667640	-3.2053898025
48	1.6675007572	0.0007667640	-14.0884504568
49	0.0000000000	0.0007667640	-3.0275460104
50	0.0000000000	0.0007667640	-3.4305750637
51	0.0000000000	0.0007667640	-3.0285220964
52	0.0000000000	0.0007667640	-2.1738574642
53	0.0000000000	0.0007667640	-2.1738574642
54	0.0000000000	0.0007667640	-2.2565348541
55	0.0000000000	0.0007667640	-2.1738574642
56	1.7778073031	0.0007667640	-25.7971615145
57	0.0000000000	0.0007667640	-3.2053898025
58	1.2895084882	0.0007667640	-14.1353729624
59	0.0000000000	0.0007667640	-2.7430397071
60	0.0000000000	0.0007667640	-3.4305750637
61	0.0000000000	0.0007667640	-2.2565348541
62	0.0000000000	0.0007667640	-3.0301510265
63	0.0000000000	0.0007667640	-2.8665892761
64	0.0000000000	0.0007667640	-3.0285220964
65	1.1373807399	0.0007667640	-12.3541235370
66	0.0000000000	0.0007667640	-3.2369630644
67	3.1040055428	0.0007667640	-24.3561120959
68	3.1129538173	0.0007667640	-14.2197926771
69	0.0000000000	0.0007667640	-3.2053898025
70	2.5874456946	0.0007667640	-25.1264357542
71	6.1787332182	0.0007667640	-24.5784171297
72	2.5802141910	0.0007667640	-21.5493573107
73	0.0000000000	0.0007667640	-2.2565348541
74	1.1664219581	0.0007667640	-12.6632857089
75	1.1868730194	0.0007667640	-13.3492038171
76	6.5911859982	0.0007667640	-40.6945749818
77	1.1669188673	0.0007667640	-14.8923215905
78	0.0000000000	0.0007667640	-2.5273128748
79	1.5710624201	0.0007667640	-16.5025866178
80	1.2921684960	0.0007667640	-15.0986552933
81	0.0000000000	0.0007667640	-3.2369630644
82	0.0000000000	0.0007667640	-2.8665892761
83	1.1069469523	0.0007667640	-14.4980775935
84	4.4703344885	0.0007667640	-34.7037576529
85	0.0000000000	0.0007667640	-2.1738574642
86	2.7468057036	0.0007667640	-35.3645017643
87	0.0000000000	0.0007667640	-3.0275460104
88	0.0000000000	0.0007667640	-2.7430397071
89	0.0000000000	0.0007667640	-2.1738574642
90	0.0000000000	0.0007667640	-3.2038370071
91	0.0000000000	0.0007667640	-2.2565348541
92	0.0000000000	0.0007667640	-2.2565348541
93	0.8809970682	0.0007667640	-15.8115339831
94	0.0000000000	0.0007667640	-2.7430397071
95	0.0000000000	0.0007667640	-2.7430397071
96	0.0000000000	0.0007667640	-3.2171132662
97	5.0151159386	0.0007667640	-34.3510857236
98	0.9150511986	0.0007667640	-16.0816612377
99	5.0667144352	0.0007667640	-30.9408952870
100	0.0000000000	0.0007667640	-3.0285220964
101	0.0000000000	0.0007667640	-2.1738574642
102	0.0000000000	0.0007667640	-3.2038370071
103	0.8835536921	0.0007667640	-18.4187373343
104	0.0000000000	0.0007667640	-3.4305750637
105	1.2886894005	0.0007667640	-13.3410231475
106	1.6701250895	0.0007667640	-14.6948475668
107	0.0000000000	0.0007667640	-2.5273128748
108	2.3796289788	0.0007667640	-23.7593576093
109	1.1675497720	0.0007667640	-13.7780113563
110	0.0000000000	0.0007667640	-3.2038370071
111	0.0000000000	0.0007667640	-2.2565348541
112	0.9906735522	0.0007667640	-15.6941722844
113	0.0000000000	0.0007667640	-2.7430397071
114	0.0000000000	0.0007667640	-3.7236243118
115	0.0000000000	0.0007667640	-2.8870067103
116	3.4360149066	0.0007667640	-36.7736587238
117	3.0679608690	0.0007667640	-12.3748541188
118	1.5658646291	0.0007667640	-13.3082814238
119	0.9108320226	0.0007667640	-15.1166484513
120	1.1431580517	0.0007667640	-13.4502140790
121	3.3397027098	0.0007667640	-23.8048496224
122	0.0000000000	0.0007667640	-2.1738574642
123	1.1678217918	0.0007667640	-14.3202626514
124	1.1663889603	0.0007667640	-14.1344350039
