site	rate	t	lnL
1	1.4322435225	0.0647818156	-555.0867353355
2	0.6741198847	0.0647818156	-333.5363450651
3	2.0319083444	0.0647818156	-557.4083393524
4	2.6439328904	0.0647818156	-829.8927509668
5	0.0323481657	0.0647818156	-26.9229678074
6	2.3277480341	0.0647818156	-656.5845351153
7	0.2709720273	0.0647818156	-154.7632229777
8	0.4835584939	0.0647818156	-228.4169419783
9	1.3598751065	0.0647818156	-538.9183446638
10	1.6316013321	0.0647818156	-501.0981839410
11	1.2439612938	0.0647818156	-461.2954776679
12	1.4295661038	0.0647818156	-571.3197484254
13	0.8731466742	0.0647818156	-431.2178190373
14	0.2078401722	0.0647818156	-111.7081890199
15	0.2912778355	0.0647818156	-145.6435121878
16	1.3617851751	0.0647818156	-483.4011796243
17	0.6937712725	0.0647818156	-331.4618720050
18	0.7164298876	0.0647818156	-345.1728382967
19	1.9691122812	0.0647818156	-530.0376549182
20	0.0475747724	0.0647818156	-35.8789247928
21	0.9696903971	0.0647818156	-222.9454171942
22	1.2534553093	0.0647818156	-427.3517344696
23	0.5039379550	0.0647818156	-254.0178784173
24	0.0808936742	0.0647818156	-29.2190579555
25	1.0574247066	0.0647818156	-557.9357458379
26	0.0534814765	0.0647818156	-45.6340755805
27	0.2556544687	0.0647818156	-109.4377479309
28	0.0000000000	0.0647818156	-2.3197104857
29	0.0623946668	0.0647818156	-45.0587541678
30	1.3816665642	0.0647818156	-333.7427744622
31	0.8405940602	0.0647818156	-419.2003436343
32	1.0261445594	0.0647818156	-436.4365685997
33	0.1585056832	0.0647818156	-94.1344393096
34	1.3953197565	0.0647818156	-530.7350118504
35	1.7094946286	0.0647818156	-328.3657087553
36	1.0949031464	0.0647818156	-476.3358847796
37	2.0508197930	0.0647818156	-676.4658116917
38	2.3188428390	0.0647818156	-696.2124707406
39	2.0021347846	0.0647818156	-628.7811083391
40	0.5411031174	0.0647818156	-284.0590670159
41	1.6108577853	0.0647818156	-777.3116145957
42	2.1429887746	0.0647818156	-525.0508998360
43	1.0864503325	0.0647818156	-491.5664771783
44	1.6395039047	0.0647818156	-609.7562079656
45	0.8293517448	0.0647818156	-437.5734740297
46	1.5326714530	0.0647818156	-582.8378097074
47	1.0354349717	0.0647818156	-288.5947442839
48	1.3125133196	0.0647818156	-406.6515218992
49	1.2894573820	0.0647818156	-527.8180369894
50	0.3178054401	0.0647818156	-194.4432181241
51	0.0000000000	0.0647818156	-2.9320880219
52	0.2823439628	0.0647818156	-152.0168403293
53	0.2394456871	0.0647818156	-144.6470600853
54	0.2424454850	0.0647818156	-158.6034107947
55	0.3550430049	0.0647818156	-176.2714005494
56	1.5870300858	0.0647818156	-603.7134707225
57	0.1052504566	0.0647818156	-69.7166778614
58	0.8945107448	0.0647818156	-398.2817704786
59	0.8447798392	0.0647818156	-444.0919199836
60	0.1215070710	0.0647818156	-87.6660570921
61	0.0000000000	0.0647818156	-2.3197104857
62	1.4265666876	0.0647818156	-619.0394814717
63	1.1945913340	0.0647818156	-512.2160816885
64	1.8067451567	0.0647818156	-680.0292770604
65	1.7407325941	0.0647818156	-637.3651296308
66	1.2136892302	0.0647818156	-494.6629158371
67	1.6897676534	0.0647818156	-601.0162334418
68	0.8935974838	0.0647818156	-413.1169907173
69	1.2305741105	0.0647818156	-618.5386553674
70	1.2046600674	0.0647818156	-551.8255883200
71	2.2062466488	0.0647818156	-745.8042864792
72	2.3179730913	0.0647818156	-567.6828418086
73	0.0161367754	0.0647818156	-14.8538857204
74	1.8137793633	0.0647818156	-640.2262230450
75	0.9508893766	0.0647818156	-431.8297902694
76	1.0400876816	0.0647818156	-509.5622736266
77	0.0324854494	0.0647818156	-26.1254739021
78	2.0744977968	0.0647818156	-666.7748948078
79	1.1216046820	0.0647818156	-514.0131878359
80	0.4215188017	0.0647818156	-190.6758788233
81	0.7919402024	0.0647818156	-486.2413493533
82	1.8115090053	0.0647818156	-611.0024737860
83	1.4594631677	0.0647818156	-581.3099931138
84	0.3720840996	0.0647818156	-203.7547031409
85	0.5129118658	0.0647818156	-242.4144224393
86	1.4275731260	0.0647818156	-575.5313119081
87	2.7139769052	0.0647818156	-569.0403899137
88	0.4470408906	0.0647818156	-238.6348229537
89	0.4096750405	0.0647818156	-147.3458848558
90	2.3037238323	0.0647818156	-582.3006996167
91	0.0981833191	0.0647818156	-67.5333377132
92	0.4336639855	0.0647818156	-189.0607701329
93	1.4824493120	0.0647818156	-557.8100296555
94	0.3653570998	0.0647818156	-197.5526810983
95	0.4885145795	0.0647818156	-266.9019922773
96	2.7784372117	0.0647818156	-700.6507674252
97	1.2792366881	0.0647818156	-462.5222030132
98	2.7469319844	0.0647818156	-634.4118535820
99	1.8946351740	0.0647818156	-485.6814800886
100	0.0635414565	0.0647818156	-41.0461496550
101	0.1812455664	0.0647818156	-94.1447170079
102	0.9609652962	0.0647818156	-471.7687045637
103	0.7520290814	0.0647818156	-359.9831227064
104	0.0536269815	0.0647818156	-44.8040277065
105	1.5592969448	0.0647818156	-560.2197779466
106	1.2067211222	0.0647818156	-537.1367731081
107	0.1596487047	0.0647818156	-115.5332198776
108	1.0306198729	0.0647818156	-509.8820484289
109	1.2976769983	0.0647818156	-570.1724693772
110	2.0338323482	0.0647818156	-599.5554990062
111	0.0000000000	0.0647818156	-2.3197104857
112	2.3863714109	0.0647818156	-494.2812537610
113	1.0113717967	0.0647818156	-427.8483967270
114	2.0359272582	0.0647818156	-686.1815855188
115	1.1742047911	0.0647818156	-513.5499766140
116	1.3293647659	0.0647818156	-540.9172330311
117	1.6953100382	0.0647818156	-645.7918165306
118	1.3857624919	0.0647818156	-638.6973236188
119	2.6135447111	0.0647818156	-712.6313277722
120	1.1536555500	0.0647818156	-474.4278711101
121	1.2523891661	0.0647818156	-534.5794828182
122	0.0809706602	0.0647818156	-49.3740511773
123	1.8686883429	0.0647818156	-665.7036143734
124	2.7257422383	0.0647818156	-524.9948938492
