site	rate	t	lnL
1	1.8433910507	0.0005634442	-14.1721022519
2	0.0000000000	0.0005634442	-2.4222087517
3	7.5134637289	0.0005634442	-40.3473377765
4	3.8777118229	0.0005634442	-23.9355129687
5	3.6889168971	0.0005634442	-24.6529388956
6	0.0000000000	0.0005634442	-3.0220327809
7	0.0000000000	0.0005634442	-3.4281449289
8	3.6274898615	0.0005634442	-23.0866108315
9	0.0000000000	0.0005634442	-3.0220327809
10	1.8273976966	0.0005634442	-14.1208096733
11	0.0000000000	0.0005634442	-3.4281449289
12	0.0000000000	0.0005634442	-2.6256645517
13	1.8122481716	0.0005634442	-14.1232927168
14	5.3516892023	0.0005634442	-33.3403134910
15	0.0000000000	0.0005634442	-2.2563844442
16	0.0000000000	0.0005634442	-3.0220327809
17	1.7971474478	0.0005634442	-13.9558867875
18	0.0000000000	0.0005634442	-2.4222087517
19	1.7971477332	0.0005634442	-14.7603107999
20	0.0000000000	0.0005634442	-2.7398639380
21	0.0000000000	0.0005634442	-2.6276246960
22	0.0000000000	0.0005634442	-2.6276246960
23	1.9082345416	0.0005634442	-13.4718856578
24	0.0000000000	0.0005634442	-2.7398639380
25	0.0000000000	0.0005634442	-2.4222087517
26	0.0000000000	0.0005634442	-2.2563844442
27	0.0000000000	0.0005634442	-2.2563844442
28	0.0000000000	0.0005634442	-2.7366982224
29	0.0000000000	0.0005634442	-2.4222087517
30	0.0000000000	0.0005634442	-3.0317826144
31	0.0000000000	0.0005634442	-2.2563844442
32	0.0000000000	0.0005634442	-3.7184193553
33	0.0000000000	0.0005634442	-2.7504071274
34	0.0000000000	0.0005634442	-3.7080900188
35	0.0000000000	0.0005634442	-2.2563844442
36	1.9426350677	0.0005634442	-13.7922583405
37	0.0000000000	0.0005634442	-3.7184193553
38	0.0000000000	0.0005634442	-2.6256645517
39	0.0000000000	0.0005634442	-2.6256645517
40	0.0000000000	0.0005634442	-3.0220327809
41	0.0000000000	0.0005634442	-4.1154837678
42	0.0000000000	0.0005634442	-2.7366982224
43	0.0000000000	0.0005634442	-2.4222087517
44	5.4421663357	0.0005634442	-34.0243112455
45	0.0000000000	0.0005634442	-2.2563844442
46	0.0000000000	0.0005634442	-2.7398639380
47	0.0000000000	0.0005634442	-2.7504071274
48	5.6318007270	0.0005634442	-32.4848602707
49	1.8280782408	0.0005634442	-15.0173372179
50	0.0000000000	0.0005634442	-3.4281449289
51	0.0000000000	0.0005634442	-2.7398639380
52	0.0000000000	0.0005634442	-3.4300885641
53	3.5962350592	0.0005634442	-23.7342650751
54	0.0000000000	0.0005634442	-2.6256645517
55	0.0000000000	0.0005634442	-2.4222087517
56	1.8739950600	0.0005634442	-13.6914858571
57	0.0000000000	0.0005634442	-2.7504071274
58	1.9429248057	0.0005634442	-13.7817793986
59	0.0000000000	0.0005634442	-3.7184193553
60	1.7829353835	0.0005634442	-14.3511471770
61	0.0000000000	0.0005634442	-2.7366982224
62	1.7974404362	0.0005634442	-15.0579823103
63	0.0000000000	0.0005634442	-3.0236511661
64	1.8582198433	0.0005634442	-13.3521280848
65	1.8278346716	0.0005634442	-15.0174703731
66	0.0000000000	0.0005634442	-3.0317826144
67	1.8737696694	0.0005634442	-13.5028434106
68	0.0000000000	0.0005634442	-3.2143654725
69	0.0000000000	0.0005634442	-2.7398639380
70	3.7193379075	0.0005634442	-24.2133095467
71	1.8598094878	0.0005634442	-13.6213516993
72	1.8737581927	0.0005634442	-13.9112473606
73	0.0000000000	0.0005634442	-2.7366982224
74	0.0000000000	0.0005634442	-2.7398639380
75	0.0000000000	0.0005634442	-2.6276246960
76	0.0000000000	0.0005634442	-2.8740924376
77	0.0000000000	0.0005634442	-2.6256645517
78	3.5659961185	0.0005634442	-23.6526024689
79	0.0000000000	0.0005634442	-2.8740924376
80	1.9087496892	0.0005634442	-12.5136345537
81	1.8126137119	0.0005634442	-13.7247709215
82	1.8283953785	0.0005634442	-13.5273445938
83	1.7974265272	0.0005634442	-13.9557320024
84	0.0000000000	0.0005634442	-3.0236511661
85	1.8433911315	0.0005634442	-14.1789215671
86	0.0000000000	0.0005634442	-2.7504071274
87	0.0000000000	0.0005634442	-2.4222087517
88	1.8282480160	0.0005634442	-13.1662765565
89	0.0000000000	0.0005634442	-2.6276246960
90	3.5698954647	0.0005634442	-24.5225301513
91	0.0000000000	0.0005634442	-2.7366982224
92	0.0000000000	0.0005634442	-2.6276246960
93	0.0000000000	0.0005634442	-3.0220327809
94	0.0000000000	0.0005634442	-2.2563844442
95	1.8275075787	0.0005634442	-13.9339479836
96	0.0000000000	0.0005634442	-2.6256645517
97	1.8286390403	0.0005634442	-13.3221371753
98	1.8750867436	0.0005634442	-13.5005230323
99	0.0000000000	0.0005634442	-3.4281449289
100	0.0000000000	0.0005634442	-2.7398639380
101	0.0000000000	0.0005634442	-2.2563844442
102	0.0000000000	0.0005634442	-3.2143654725
103	1.9087504554	0.0005634442	-14.3727338773
104	0.0000000000	0.0005634442	-3.7080900188
105	0.0000000000	0.0005634442	-2.8740924376
106	0.0000000000	0.0005634442	-2.8740924376
107	1.8274107426	0.0005634442	-13.1667338352
108	1.7680397451	0.0005634442	-14.4492715323
109	0.0000000000	0.0005634442	-2.4222087517
110	0.0000000000	0.0005634442	-3.4300885641
111	0.0000000000	0.0005634442	-2.7366982224
112	1.8580535672	0.0005634442	-14.3204431592
113	0.0000000000	0.0005634442	-3.2104531044
114	0.0000000000	0.0005634442	-3.0236511661
115	0.0000000000	0.0005634442	-3.4300885641
116	3.6267889252	0.0005634442	-25.1403544174
117	0.0000000000	0.0005634442	-2.2563844442
118	0.0000000000	0.0005634442	-2.2563844442
119	0.0000000000	0.0005634442	-2.6276246960
120	3.6274046800	0.0005634442	-22.9763707606
121	1.8585172549	0.0005634442	-13.0343128447
122	0.0000000000	0.0005634442	-2.7366982224
123	7.4429603149	0.0005634442	-40.1780178929
124	1.8123610528	0.0005634442	-14.8300839983
