site	rate	t	lnL
1	1.3099399799	0.0058479183	-71.8074126656
2	0.8526294769	0.0058479183	-64.9797385863
3	1.0767352755	0.0058479183	-57.6518581791
4	0.6228657362	0.0058479183	-54.6955417441
5	0.8628127058	0.0058479183	-60.0010276164
6	1.1415290605	0.0058479183	-76.9012887455
7	0.1499590773	0.0058479183	-17.5188122405
8	0.2816332374	0.0058479183	-22.8363024040
9	2.6918985270	0.0058479183	-113.8856104720
10	1.6709371212	0.0058479183	-121.1881326643
11	0.4480077652	0.0058479183	-38.2516841861
12	1.5424394725	0.0058479183	-80.8890831765
13	0.2816104392	0.0058479183	-20.9741839348
14	1.0642557080	0.0058479183	-96.6669142019
15	0.1405981563	0.0058479183	-12.2180085848
16	0.9480985108	0.0058479183	-59.9612245974
17	2.9598409493	0.0058479183	-141.6563597017
18	0.9557047762	0.0058479183	-61.4484476421
19	0.8085470642	0.0058479183	-57.7450533781
20	3.6120266297	0.0058479183	-125.4237547552
21	1.3026775177	0.0058479183	-65.7305909561
22	2.4441071736	0.0058479183	-103.4183602711
23	1.4595309495	0.0058479183	-69.6438185334
24	0.0000000000	0.0058479183	-4.0250997064
25	1.0555260479	0.0058479183	-79.5309380459
26	0.5699427104	0.0058479183	-47.8664086921
27	0.2472105102	0.0058479183	-20.6396299727
28	0.0000000000	0.0058479183	-2.7472079122
29	0.0000000000	0.0058479183	-1.9613225410
30	0.3931316407	0.0058479183	-31.1577232439
31	0.5971774511	0.0058479183	-44.8043187738
32	1.6895855088	0.0058479183	-85.7728115858
33	0.2389160677	0.0058479183	-21.4937930452
34	2.1002360730	0.0058479183	-108.4315194722
35	0.4481066075	0.0058479183	-30.0854229376
36	1.7696131622	0.0058479183	-109.6174057456
37	3.1283466198	0.0058479183	-142.7456545324
38	0.6030442813	0.0058479183	-53.1652984940
39	1.7378371346	0.0058479183	-128.2041224088
40	0.5978776222	0.0058479183	-40.3085702997
41	1.2460412757	0.0058479183	-56.0735712723
42	2.1499378867	0.0058479183	-140.3389206883
43	1.5771907371	0.0058479183	-116.5096993533
44	1.3332693648	0.0058479183	-80.9181795671
45	1.5785011142	0.0058479183	-85.9318827998
46	0.3427029565	0.0058479183	-16.1802100820
47	0.8209631561	0.0058479183	-48.0847149498
48	1.1402217730	0.0058479183	-68.1248590031
49	1.0016706730	0.0058479183	-63.2320777388
50	0.1612785402	0.0058479183	-13.5872449888
51	0.0000000000	0.0058479183	-3.1553793819
52	0.1249914887	0.0058479183	-17.8440544168
53	0.6942374286	0.0058479183	-63.3061202935
54	1.1110782817	0.0058479183	-70.8726201026
55	0.1235338947	0.0058479183	-11.7921641591
56	0.4722365858	0.0058479183	-34.4284164711
57	0.0000000000	0.0058479183	-3.0659995382
58	1.2666312306	0.0058479183	-65.8943427990
59	0.7609959797	0.0058479183	-66.7664604560
60	0.5969169381	0.0058479183	-40.9294955603
61	0.0000000000	0.0058479183	-2.7472079122
62	1.6814855693	0.0058479183	-125.6680794739
63	0.1871846134	0.0058479183	-16.3411757696
64	0.3413797984	0.0058479183	-15.0359485203
65	2.2190900141	0.0058479183	-119.8069741891
66	0.0000000000	0.0058479183	-3.4079616392
67	1.1439962030	0.0058479183	-82.7498858270
68	0.6316583918	0.0058479183	-43.5190454794
69	0.9510956928	0.0058479183	-67.9596207028
70	3.7380530512	0.0058479183	-107.7629370465
71	2.1095788089	0.0058479183	-110.8750882911
72	0.8529641036	0.0058479183	-63.4282970129
73	0.0000000000	0.0058479183	-2.7472079122
74	1.4524478180	0.0058479183	-96.4257126184
75	0.5763436391	0.0058479183	-51.2301271881
76	1.1596849688	0.0058479183	-76.4551329395
77	0.0000000000	0.0058479183	-2.7472079122
78	1.5734896424	0.0058479183	-106.2930745640
79	2.1209562040	0.0058479183	-124.6990060661
80	0.0000000000	0.0058479183	-2.6945641787
81	0.9865237376	0.0058479183	-50.7054364546
82	0.9591888867	0.0058479183	-84.9324865707
83	0.9517917055	0.0058479183	-63.8243279350
84	1.1146343429	0.0058479183	-64.5328795640
85	2.3444959882	0.0058479183	-132.3055084357
86	0.9380855039	0.0058479183	-83.3674982984
87	1.5019984843	0.0058479183	-89.3915988847
88	0.5192482776	0.0058479183	-46.1905182827
89	0.0000000000	0.0058479183	-1.9613225410
90	1.8149426131	0.0058479183	-99.3721499101
91	0.0000000000	0.0058479183	-2.7472079122
92	0.2825570783	0.0058479183	-24.9749201403
93	1.1431014101	0.0058479183	-91.6253576394
94	0.1145785838	0.0058479183	-14.2709084740
95	0.1289336079	0.0058479183	-17.1960487996
96	1.9753891640	0.0058479183	-82.6971861523
97	1.9076684410	0.0058479183	-104.1664230190
98	1.6654547193	0.0058479183	-79.9506054860
99	2.8438728065	0.0058479183	-129.5109128951
100	0.0000000000	0.0058479183	-3.1553793819
101	0.9308215923	0.0058479183	-63.7253694424
102	0.8853107146	0.0058479183	-68.9732619689
103	1.3096121233	0.0058479183	-107.3770714966
104	0.0000000000	0.0058479183	-3.5238435336
105	2.1381730852	0.0058479183	-41.9731171652
106	1.4374614696	0.0058479183	-118.1142578000
107	2.6678296362	0.0058479183	-141.8559485755
108	0.8485917149	0.0058479183	-62.2673239711
109	1.2836770937	0.0058479183	-83.9262011281
110	0.8507507115	0.0058479183	-58.1603304535
111	0.0000000000	0.0058479183	-2.7472079122
112	1.0067308943	0.0058479183	-72.9514751902
113	1.0711849162	0.0058479183	-76.9493401629
114	0.3752933923	0.0058479183	-28.1268317752
115	0.9371107024	0.0058479183	-47.2278397484
116	1.4166612988	0.0058479183	-89.1344873689
117	0.6060737060	0.0058479183	-51.2470330291
118	1.3201887444	0.0058479183	-96.8010214513
119	0.3851703330	0.0058479183	-31.9542702757
120	0.6965557334	0.0058479183	-50.2054018105
121	1.2648429261	0.0058479183	-74.9920574283
122	3.7548169054	0.0058479183	-126.8501516822
123	2.2398356254	0.0058479183	-100.3758689574
124	1.2756965563	0.0058479183	-61.6657473454
