site	rate	t	lnL
1	1.6785602256	0.0644376900	-711.9389448926
2	2.0029265252	0.0644376900	-639.4105162048
3	1.2958858239	0.0644376900	-639.5284665795
4	2.2678658545	0.0644376900	-676.4139281636
5	0.1514665649	0.0644376900	-68.3687717856
6	1.1718084396	0.0644376900	-536.0940495624
7	0.3560105213	0.0644376900	-229.2322822313
8	1.8239074966	0.0644376900	-665.5664505064
9	1.2568106491	0.0644376900	-478.0308055317
10	1.6377327707	0.0644376900	-623.3593567500
11	0.7051657565	0.0644376900	-311.1356635890
12	1.7823777298	0.0644376900	-586.4368862464
13	0.9513526394	0.0644376900	-413.2102837912
14	0.7491703222	0.0644376900	-153.4630380530
15	0.3133702540	0.0644376900	-181.8150632629
16	2.8198112639	0.0644376900	-467.6986781732
17	1.5504554444	0.0644376900	-521.1909003150
18	1.3038094689	0.0644376900	-589.1005430237
19	1.2664226038	0.0644376900	-502.0201239670
20	0.3229100730	0.0644376900	-68.1485603964
21	1.4174555660	0.0644376900	-478.4228936246
22	1.1362881211	0.0644376900	-619.0287723182
23	0.4265772766	0.0644376900	-264.4495431283
24	0.2536962554	0.0644376900	-60.6258767755
25	0.7648802216	0.0644376900	-405.2767710513
26	0.1131974049	0.0644376900	-45.0339024695
27	0.4073068096	0.0644376900	-225.3003314091
28	0.0000000000	0.0644376900	-2.4381346498
29	0.0836575374	0.0644376900	-67.3595242464
30	0.2778727024	0.0644376900	-179.9294984421
31	1.2189319170	0.0644376900	-537.8257829649
32	0.9715689096	0.0644376900	-269.9248556039
33	0.1622085557	0.0644376900	-99.1679688472
34	1.0485313002	0.0644376900	-469.7834707537
35	0.6263370299	0.0644376900	-378.6711439629
36	1.4141841283	0.0644376900	-636.2718611012
37	1.3346256195	0.0644376900	-217.5988997403
38	2.0444072968	0.0644376900	-624.7947112533
39	1.1918688162	0.0644376900	-494.0700764799
40	0.6615387030	0.0644376900	-323.1087836706
41	2.9020603256	0.0644376900	-688.4600350902
42	1.5294974029	0.0644376900	-592.4355602139
43	1.3547551593	0.0644376900	-520.4141115666
44	2.5274864235	0.0644376900	-682.6816020222
45	1.1269007195	0.0644376900	-384.3006614817
46	0.5773062161	0.0644376900	-131.5375464624
47	0.4980473427	0.0644376900	-224.9882024312
48	0.9558283886	0.0644376900	-481.0105115506
49	0.7698562771	0.0644376900	-319.6880003399
50	0.3560927761	0.0644376900	-177.0906504541
51	0.0000000000	0.0644376900	-2.5729036663
52	0.1822304888	0.0644376900	-115.1115803425
53	0.4065261126	0.0644376900	-238.3411671932
54	0.7484434200	0.0644376900	-283.2218200786
55	1.6111174741	0.0644376900	-565.6979638643
56	0.8750022094	0.0644376900	-369.2289597693
57	0.1648014950	0.0644376900	-89.3343892649
58	0.8891974296	0.0644376900	-319.8043687743
59	1.7141438046	0.0644376900	-656.9569896009
60	0.4403631772	0.0644376900	-199.4724282437
61	0.0637501280	0.0644376900	-32.6243136645
62	1.3442889963	0.0644376900	-605.0616493776
63	1.7114464536	0.0644376900	-588.6279253965
64	1.3984567355	0.0644376900	-587.8275010501
65	3.1655067753	0.0644376900	-774.8100821267
66	0.2104125998	0.0644376900	-106.9065846902
67	2.6755989204	0.0644376900	-428.1056803349
68	0.8948644897	0.0644376900	-474.9637462963
69	1.6479886421	0.0644376900	-596.3863484834
70	1.0555860014	0.0644376900	-501.6352501106
71	1.3343312448	0.0644376900	-459.3265767621
72	1.0820159126	0.0644376900	-534.2736361093
73	0.0000000000	0.0644376900	-2.4381346498
74	1.2702211540	0.0644376900	-453.6758340390
75	0.4812561724	0.0644376900	-289.1069554659
76	1.4747291056	0.0644376900	-667.2405404166
77	0.2176545791	0.0644376900	-93.5503158809
78	1.7796249222	0.0644376900	-654.2651119658
79	1.8846438000	0.0644376900	-618.1706997750
80	0.6307413294	0.0644376900	-351.6099596000
81	0.6719001427	0.0644376900	-345.2801791279
82	1.8060980342	0.0644376900	-737.2550906032
83	1.9489909464	0.0644376900	-630.0260305810
84	0.3291604393	0.0644376900	-123.5541767103
85	0.4566828299	0.0644376900	-265.4895641292
86	1.6420376265	0.0644376900	-732.9026331266
87	0.8576889532	0.0644376900	-465.3618100530
88	0.3785211201	0.0644376900	-224.3143782321
89	0.2750105361	0.0644376900	-187.8701627894
90	1.4657880378	0.0644376900	-653.6490964826
91	0.1302213209	0.0644376900	-58.8890554240
92	0.3278586957	0.0644376900	-193.8793253243
93	1.1082091018	0.0644376900	-560.8713922445
94	0.3451494163	0.0644376900	-211.4525294750
95	0.4349576315	0.0644376900	-270.5170318611
96	1.9435018485	0.0644376900	-493.5127181422
97	0.6305816504	0.0644376900	-354.1202569047
98	0.9617004828	0.0644376900	-193.0191640814
99	2.0013889887	0.0644376900	-649.1329513039
100	1.6357055682	0.0644376900	-393.2373392223
101	0.1080365792	0.0644376900	-65.4127667681
102	2.7806970358	0.0644376900	-700.4919248812
103	1.2105703087	0.0644376900	-668.9451545323
104	0.0681358833	0.0644376900	-31.0990098421
105	1.7188056354	0.0644376900	-294.0082236956
106	2.8005946135	0.0644376900	-656.4815712801
107	1.2890767415	0.0644376900	-506.5625404063
108	1.6810620560	0.0644376900	-641.4650721528
109	1.9437341541	0.0644376900	-617.2663074665
110	1.3953075184	0.0644376900	-535.2324072776
111	0.0000000000	0.0644376900	-2.4381346498
112	2.5533665148	0.0644376900	-711.5252606600
113	1.6005167564	0.0644376900	-725.8049687405
114	1.5648942360	0.0644376900	-408.6903722784
115	0.9246923347	0.0644376900	-482.6389245020
116	1.4453744063	0.0644376900	-643.1055128032
117	1.6900253440	0.0644376900	-593.9513424724
118	0.9294116899	0.0644376900	-486.3823403229
119	0.3758198470	0.0644376900	-273.9647513722
120	0.9839180285	0.0644376900	-455.6031016124
121	0.5244926788	0.0644376900	-102.3413262925
122	0.1059781327	0.0644376900	-46.7822577746
123	1.3642347861	0.0644376900	-489.5064486036
124	1.5805019820	0.0644376900	-512.2659914207
