site	rate	t	lnL
1	2.5975056308	0.5111553785	-1529.8429545538
2	0.6152004679	0.5111553785	-995.2855503923
3	1.7083722441	0.5111553785	-1475.2973481572
4	2.0347730058	0.5111553785	-1513.3703568232
5	0.2645261808	0.5111553785	-343.9872060310
6	2.3485002194	0.5111553785	-1513.1242069663
7	0.3250292263	0.5111553785	-757.5232862413
8	0.4945036082	0.5111553785	-1086.1765477093
9	1.7513934349	0.5111553785	-1505.7618165595
10	2.0105703449	0.5111553785	-1447.2028456954
11	0.4726960408	0.5111553785	-893.3162318789
12	2.7350376453	0.5111553785	-1541.1427599036
13	1.4592987688	0.5111553785	-1372.3496806940
14	1.4015764626	0.5111553785	-1144.8359241833
15	0.3702931780	0.5111553785	-811.7442806160
16	1.7920506931	0.5111553785	-1485.4325612624
17	2.0559329055	0.5111553785	-1415.2290713626
18	1.5659291170	0.5111553785	-1326.6552617540
19	2.6430805162	0.5111553785	-1503.8447911942
20	0.4444985866	0.5111553785	-488.4648153663
21	1.0069196850	0.5111553785	-1248.7645379015
22	1.9656127132	0.5111553785	-1442.4235196261
23	0.4969132140	0.5111553785	-1006.8529034304
24	0.1830538137	0.5111553785	-289.1374035363
25	1.4579608999	0.5111553785	-1401.4379216037
26	0.5298902525	0.5111553785	-761.1266952552
27	0.2551482009	0.5111553785	-678.7757951208
28	0.0189146621	0.5111553785	-38.1679517312
29	0.1270248341	0.5111553785	-472.5248376676
30	0.5112854250	0.5111553785	-1051.5949431077
31	2.0678149118	0.5111553785	-1448.7891221973
32	0.8944569336	0.5111553785	-1232.8226839289
33	0.1896340919	0.5111553785	-530.8697174716
34	2.0388722590	0.5111553785	-1470.3087234733
35	1.1918971807	0.5111553785	-1338.9971269103
36	2.3415623807	0.5111553785	-1504.7285965292
37	1.1882043296	0.5111553785	-1148.0132708173
38	2.6017147185	0.5111553785	-1507.0987008646
39	2.5742749048	0.5111553785	-1524.5204357025
40	0.9783339630	0.5111553785	-1331.2079937069
41	1.1246829269	0.5111553785	-1396.9368433541
42	3.0140495744	0.5111553785	-1509.2652344587
43	2.3145495151	0.5111553785	-1515.0006736459
44	2.3328529583	0.5111553785	-1513.9451814152
45	1.5468857402	0.5111553785	-1410.3778196738
46	0.9944903332	0.5111553785	-943.4339154971
47	0.4626864416	0.5111553785	-1015.1198249143
48	1.0711399197	0.5111553785	-1300.8557606131
49	0.8515823086	0.5111553785	-1294.2360147826
50	0.5917624659	0.5111553785	-1007.6696503886
51	0.0101352837	0.5111553785	-20.9656054566
52	0.3932295903	0.5111553785	-845.5487951441
53	0.4875185799	0.5111553785	-948.7080525393
54	0.7250853683	0.5111553785	-1204.6221815887
55	0.3958903914	0.5111553785	-876.3244807436
56	1.0764732865	0.5111553785	-1430.7745853609
57	0.1210611622	0.5111553785	-389.1060635688
58	1.0450362227	0.5111553785	-1297.3575081367
59	1.9186868872	0.5111553785	-1457.7118869600
60	0.5630528177	0.5111553785	-866.6927551889
61	0.1125321160	0.5111553785	-181.4532078715
62	2.4135085240	0.5111553785	-1512.0219495631
63	0.4120806595	0.5111553785	-754.0350073560
64	1.3287581298	0.5111553785	-1150.8914934936
65	1.5065725946	0.5111553785	-1496.1158629085
66	0.4583337690	0.5111553785	-960.3790495682
67	2.5851136211	0.5111553785	-1559.0528560133
68	1.2971440388	0.5111553785	-1136.3448651026
69	2.0794374585	0.5111553785	-1522.6603069753
70	2.8220800100	0.5111553785	-1488.4078110928
71	1.3149169817	0.5111553785	-1320.5915582562
72	1.5943811518	0.5111553785	-1435.6540450165
73	0.0986443235	0.5111553785	-152.0333954362
74	1.1683973783	0.5111553785	-1033.6390072920
75	0.9690395888	0.5111553785	-1255.8858653290
76	2.0793447831	0.5111553785	-1482.8779829893
77	0.3676857657	0.5111553785	-541.3514532594
78	2.8307047478	0.5111553785	-1537.4585084571
79	2.0288870922	0.5111553785	-1470.4140432893
80	0.5102169984	0.5111553785	-1058.1804529298
81	1.0400357619	0.5111553785	-1302.0146640303
82	2.1857776628	0.5111553785	-1504.4559971378
83	2.6842719661	0.5111553785	-1551.2706079082
84	0.7707268521	0.5111553785	-1101.1410474937
85	0.4670491025	0.5111553785	-1005.9432019154
86	0.9368348353	0.5111553785	-1407.2056966881
87	1.9812696634	0.5111553785	-1425.1264461073
88	0.5370117580	0.5111553785	-1120.4807142695
89	0.2821867427	0.5111553785	-676.6309440403
90	2.6158730542	0.5111553785	-1516.8977748592
91	0.3602301033	0.5111553785	-448.7872971036
92	0.8174811011	0.5111553785	-1046.8559105694
93	1.9132376845	0.5111553785	-1466.6869232120
94	0.3303765994	0.5111553785	-781.2812084414
95	0.4317748812	0.5111553785	-965.8565128353
96	2.0812979505	0.5111553785	-1484.2531906129
97	2.1088183112	0.5111553785	-1454.2271013090
98	1.5579110950	0.5111553785	-1239.4545878943
99	1.9325590753	0.5111553785	-1478.6180318313
100	0.3715362364	0.5111553785	-431.0326898107
101	0.1578954849	0.5111553785	-482.1583620716
102	2.2086369452	0.5111553785	-1518.5956237311
103	1.8840613345	0.5111553785	-1391.1755309716
104	0.2728109435	0.5111553785	-481.1820960206
105	2.0966107720	0.5111553785	-1487.2167085430
106	1.8439503234	0.5111553785	-1469.1194387073
107	0.5139041796	0.5111553785	-897.7695442883
108	2.1482372756	0.5111553785	-1492.2990339420
109	2.2711722125	0.5111553785	-1511.5559186832
110	2.1533153615	0.5111553785	-1492.7158411283
111	0.0047149765	0.5111553785	-13.2258558902
112	2.6788727478	0.5111553785	-1513.9988317253
113	2.0285341119	0.5111553785	-1521.5542669064
114	0.8823526344	0.5111553785	-1173.1950561675
115	1.6068410234	0.5111553785	-1453.7708525655
116	2.4109627293	0.5111553785	-1530.3478072691
117	2.5185147018	0.5111553785	-1483.4252255416
118	1.3672165873	0.5111553785	-1320.6946909329
119	0.9908011659	0.5111553785	-1410.6662236889
120	2.3232630120	0.5111553785	-1501.5822287926
121	1.1825116634	0.5111553785	-996.1798960387
122	0.5504356679	0.5111553785	-622.4800938487
123	2.4475809393	0.5111553785	-1535.5962897418
124	4.4486195407	0.5111553785	-1525.8924469092
