site	rate	t	lnL
1	3.7842700919	0.0067372202	-198.5557070383
2	0.8003325583	0.0067372202	-47.8102301040
3	1.2180579932	0.0067372202	-72.0364537772
4	1.0907410870	0.0067372202	-65.8331855655
5	0.0000000000	0.0067372202	-2.2479973949
6	2.3847742107	0.0067372202	-125.6186390458
7	0.3175827553	0.0067372202	-21.6219159942
8	0.4795809311	0.0067372202	-30.3182770158
9	1.2454507980	0.0067372202	-75.9077058125
10	1.2818762621	0.0067372202	-73.6411186595
11	0.4659851162	0.0067372202	-32.5587020150
12	1.3603226339	0.0067372202	-84.4446616938
13	1.5125741705	0.0067372202	-90.0088899690
14	0.4739953580	0.0067372202	-32.7262861487
15	2.6033645339	0.0067372202	-137.5804524771
16	2.1264228731	0.0067372202	-122.6135536651
17	0.7790443004	0.0067372202	-48.2514247273
18	0.6386328187	0.0067372202	-40.7884284162
19	1.5357069833	0.0067372202	-88.6900031880
20	0.0000000000	0.0067372202	-2.5478335670
21	0.3105392585	0.0067372202	-23.0728437059
22	1.6056290025	0.0067372202	-89.4009894270
23	0.6359620419	0.0067372202	-39.6067588196
24	0.0000000000	0.0067372202	-3.2955848816
25	1.2231692799	0.0067372202	-75.4411883445
26	0.7684776300	0.0067372202	-48.8818409106
27	0.6357587065	0.0067372202	-40.4724483886
28	0.0000000000	0.0067372202	-2.2479973949
29	0.3195241259	0.0067372202	-21.7362527543
30	1.1429219350	0.0067372202	-62.4297773619
31	1.3470490282	0.0067372202	-81.3946711040
32	0.9792097954	0.0067372202	-58.3213211787
33	0.1590034577	0.0067372202	-13.6238234309
34	1.8443993989	0.0067372202	-107.4218158575
35	1.5600474875	0.0067372202	-90.7712419552
36	0.6215307270	0.0067372202	-41.7825874089
37	0.1510787583	0.0067372202	-13.6705095036
38	1.2470303346	0.0067372202	-70.7717907053
39	1.2303106244	0.0067372202	-74.0305621191
40	0.3010707125	0.0067372202	-23.9909025205
41	0.6029347141	0.0067372202	-42.2525959624
42	2.6185830384	0.0067372202	-140.7761329289
43	0.7566820187	0.0067372202	-49.6696171287
44	1.7592674439	0.0067372202	-95.6522429509
45	1.2159766051	0.0067372202	-74.8969523991
46	0.7974393962	0.0067372202	-48.7107478011
47	0.7623760483	0.0067372202	-48.7167717252
48	1.9219832766	0.0067372202	-101.3592109296
49	0.6117941576	0.0067372202	-39.4239866685
50	0.9057804792	0.0067372202	-55.9938972802
51	0.0000000000	0.0067372202	-2.5478335670
52	0.1596455852	0.0067372202	-13.4612777345
53	0.1596593668	0.0067372202	-12.7121599974
54	1.4352260819	0.0067372202	-80.1352469898
55	0.1504835475	0.0067372202	-14.5909347826
56	1.8860404997	0.0067372202	-103.7880909510
57	0.0000000000	0.0067372202	-4.0119589128
58	1.1061483067	0.0067372202	-64.1811732018
59	0.9339941267	0.0067372202	-55.5791656759
60	0.3065611205	0.0067372202	-23.6303335672
61	0.0000000000	0.0067372202	-2.2479973949
62	1.4706103361	0.0067372202	-80.9990035056
63	0.1515098024	0.0067372202	-13.5686380079
64	0.4739953724	0.0067372202	-32.8819597132
65	0.8114124139	0.0067372202	-48.9112832048
66	0.0000000000	0.0067372202	-3.3288708593
67	2.3169312376	0.0067372202	-130.1431174495
68	0.1578148690	0.0067372202	-13.3820159611
69	1.5221324088	0.0067372202	-88.2508013160
70	0.9102493616	0.0067372202	-59.7426261219
71	1.0907177130	0.0067372202	-67.1082187588
72	1.5944631748	0.0067372202	-90.1531940034
73	0.1626586567	0.0067372202	-12.5202343962
74	0.7975388476	0.0067372202	-50.8988646865
75	1.9771309168	0.0067372202	-115.2648478132
76	1.2760607877	0.0067372202	-74.9688788327
77	0.0000000000	0.0067372202	-2.2479973949
78	0.7600072266	0.0067372202	-48.6859856061
79	1.8338728444	0.0067372202	-105.0844927964
80	0.7576050524	0.0067372202	-50.0181590506
81	0.9079343487	0.0067372202	-58.7894788893
82	0.9026053441	0.0067372202	-56.8505809946
83	1.3681698559	0.0067372202	-82.5492594161
84	1.6570219093	0.0067372202	-99.1274990318
85	0.0000000000	0.0067372202	-2.4848436477
86	2.1550818163	0.0067372202	-121.3649532856
87	2.6146675035	0.0067372202	-131.5596212404
88	0.9548450543	0.0067372202	-57.1925810996
89	0.0000000000	0.0067372202	-2.4213215190
90	1.3855199666	0.0067372202	-81.2463633817
91	0.0000000000	0.0067372202	-2.2479973949
92	0.4778912955	0.0067372202	-32.3331077613
93	1.0879215432	0.0067372202	-67.5202266452
94	0.3170376713	0.0067372202	-23.7272895801
95	0.1497854605	0.0067372202	-15.4538940079
96	0.7539798734	0.0067372202	-48.8606622293
97	1.3418115832	0.0067372202	-82.4335706121
98	0.3155401504	0.0067372202	-24.4891126528
99	1.5598215708	0.0067372202	-88.5744877814
100	0.3157730795	0.0067372202	-22.0415603123
101	0.3176013140	0.0067372202	-22.6108214280
102	1.3560970767	0.0067372202	-82.9193167066
103	0.7966145052	0.0067372202	-49.4874584328
104	0.1531860741	0.0067372202	-13.9185108171
105	0.9024634219	0.0067372202	-57.9416082304
106	1.2784509415	0.0067372202	-73.7672516537
107	0.1551566326	0.0067372202	-14.1410969227
108	2.0840943141	0.0067372202	-111.7026073540
109	1.9221196333	0.0067372202	-104.0931216959
110	1.0901691836	0.0067372202	-67.1479029500
111	0.0000000000	0.0067372202	-2.2479973949
112	1.5168593580	0.0067372202	-89.7442643043
113	1.4626028463	0.0067372202	-77.0247239888
114	2.0661824942	0.0067372202	-112.6041125193
115	1.1149562473	0.0067372202	-63.7521659897
116	2.2531968873	0.0067372202	-129.8926052177
117	1.6893913570	0.0067372202	-98.3090897030
118	1.1146309426	0.0067372202	-67.0161056118
119	0.9013716023	0.0067372202	-58.2907657261
120	1.1882395619	0.0067372202	-76.9957689656
121	0.6311855923	0.0067372202	-38.9327530202
122	1.7875167592	0.0067372202	-105.7210538770
123	1.2461649415	0.0067372202	-76.1307363913
124	1.9864567873	0.0067372202	-110.1375011198
