site	rate	t	lnL
1	1.8710637541	0.0579113599	-597.0304664798
2	0.2875977985	0.0579113599	-131.3566576847
3	1.1107683597	0.0579113599	-403.5193608617
4	1.2268936661	0.0579113599	-434.9413272695
5	0.0713917635	0.0579113599	-40.9327463119
6	1.6877354855	0.0579113599	-552.7366933184
7	0.8808576620	0.0579113599	-336.6084936482
8	1.3449662191	0.0579113599	-471.3945041738
9	1.4255748623	0.0579113599	-485.4545585145
10	1.3490085446	0.0579113599	-466.6911242327
11	0.3239615827	0.0579113599	-144.0109076349
12	1.3667116923	0.0579113599	-466.9746688094
13	2.0394671584	0.0579113599	-639.1316988050
14	1.8089249770	0.0579113599	-578.1921544434
15	0.2694643819	0.0579113599	-124.6474181815
16	0.9755054857	0.0579113599	-366.0765916702
17	0.9595833884	0.0579113599	-353.4743250162
18	1.4474721673	0.0579113599	-490.3819769690
19	1.8752550539	0.0579113599	-593.7186810604
20	0.1251437570	0.0579113599	-65.4571222410
21	0.6185803907	0.0579113599	-248.4969320253
22	0.5439460264	0.0579113599	-225.5295728094
23	0.7305183771	0.0579113599	-288.0088263533
24	0.0713805972	0.0579113599	-40.9333691413
25	1.4248844812	0.0579113599	-485.6047113782
26	0.0713768583	0.0579113599	-40.9335771312
27	0.2513807773	0.0579113599	-118.1563715987
28	0.0000000000	0.0579113599	-2.9957322736
29	0.0893008139	0.0579113599	-49.2983010449
30	0.4886716399	0.0579113599	-204.3826859229
31	1.5648595697	0.0579113599	-526.2715930374
32	0.2695543777	0.0579113599	-124.2369792730
33	0.1430959624	0.0579113599	-73.3079804304
34	1.2660983918	0.0579113599	-444.9984847761
35	0.7871573445	0.0579113599	-301.8070882749
36	1.2674881278	0.0579113599	-439.6663689485
37	0.9763993327	0.0579113599	-362.8525217862
38	1.3836558958	0.0579113599	-476.9037341297
39	1.7508327127	0.0579113599	-559.3906081713
40	0.3605729665	0.0579113599	-159.2017375413
41	1.0176296683	0.0579113599	-369.9343453934
42	1.9314618373	0.0579113599	-616.2213979131
43	2.0830914591	0.0579113599	-652.6119899744
44	1.6066280335	0.0579113599	-530.5690566692
45	1.5498074959	0.0579113599	-516.3984001808
46	0.4341626004	0.0579113599	-183.9063289481
47	0.6000438687	0.0579113599	-242.4610932607
48	1.2874248055	0.0579113599	-450.3502394991
49	1.0146695880	0.0579113599	-371.4730409221
50	0.4522758079	0.0579113599	-189.6892163706
51	0.0000000000	0.0579113599	-2.9957322736
52	0.3422509173	0.0579113599	-152.3266412647
53	1.8961669796	0.0579113599	-603.3910822551
54	0.9384980032	0.0579113599	-353.6117011082
55	0.5441757911	0.0579113599	-225.9230796003
56	0.9385841198	0.0579113599	-353.2014186511
57	0.0892867922	0.0579113599	-49.2990813293
58	0.6186567223	0.0579113599	-249.1863516270
59	1.6644642335	0.0579113599	-550.1177393601
60	0.5074268517	0.0579113599	-211.4666001951
61	0.2333616292	0.0579113599	-108.6999040791
62	1.3277235338	0.0579113599	-462.8416177631
63	1.9073662921	0.0579113599	-612.4821241988
64	1.6638293378	0.0579113599	-550.1335522138
65	1.2481809363	0.0579113599	-438.2438166211
66	0.9189601008	0.0579113599	-346.2444494356
67	1.5476533183	0.0579113599	-520.4992112664
68	0.4154950467	0.0579113599	-177.7471962495
69	1.6090960203	0.0579113599	-529.4453238124
70	1.2288588836	0.0579113599	-436.2352978263
71	0.9192125297	0.0579113599	-345.9450988223
72	1.1887488315	0.0579113599	-420.2218151477
73	0.0000000000	0.0579113599	-2.9957322736
74	0.3057477442	0.0579113599	-139.5067343330
75	1.6443040647	0.0579113599	-547.1849543422
76	1.8891847931	0.0579113599	-600.4615311627
77	0.0713912252	0.0579113599	-40.9331612461
78	1.5668033154	0.0579113599	-526.1697221988
79	1.0536727419	0.0579113599	-386.7009200758
80	0.1790757300	0.0579113599	-88.6436807061
81	0.9768471700	0.0579113599	-360.5889945231
82	1.7877728951	0.0579113599	-583.4401901593
83	1.2274192475	0.0579113599	-435.3885065505
84	0.7497271961	0.0579113599	-290.2496682192
85	0.9201120030	0.0579113599	-344.1048960083
86	1.1126246952	0.0579113599	-404.1176089814
87	1.2859262267	0.0579113599	-445.5683514457
88	0.5256526077	0.0579113599	-217.9676882825
89	0.1610583131	0.0579113599	-81.0329949392
90	1.5032499902	0.0579113599	-509.4464049089
91	1.0348649564	0.0579113599	-381.6041468964
92	0.5441648705	0.0579113599	-225.5180434373
93	1.1318709217	0.0579113599	-407.3301443551
94	0.1251437379	0.0579113599	-65.4571227769
95	0.5257305142	0.0579113599	-218.3693671514
96	1.7930126658	0.0579113599	-572.4912275647
97	2.0831278322	0.0579113599	-645.1560672344
98	1.5270919040	0.0579113599	-513.8837777298
99	1.3459112760	0.0579113599	-469.1488332892
100	0.1072456203	0.0579113599	-56.3613440391
101	0.1610925900	0.0579113599	-81.0311052283
102	1.4452062564	0.0579113599	-489.1216810026
103	0.7120645588	0.0579113599	-281.0332033258
104	0.0892821284	0.0579113599	-49.2993414842
105	1.6630824760	0.0579113599	-548.2507600885
106	1.3677956779	0.0579113599	-464.8396131099
107	0.5450156743	0.0579113599	-223.2748316077
108	1.4642946948	0.0579113599	-498.2161815628
109	1.4264388534	0.0579113599	-482.5321197999
110	1.5236180338	0.0579113599	-514.9227210381
111	0.0000000000	0.0579113599	-2.9957322736
112	1.4641110295	0.0579113599	-503.1375057058
113	1.1115248976	0.0579113599	-399.8932936666
114	1.4070536519	0.0579113599	-481.6242344671
115	1.8919503395	0.0579113599	-599.6594315636
116	1.4238560932	0.0579113599	-486.8045465300
117	1.4849927571	0.0579113599	-506.6993712585
118	1.1495932473	0.0579113599	-414.4749719225
119	1.3082659924	0.0579113599	-453.7497072373
120	1.5839230461	0.0579113599	-532.1539475147
121	2.1686839644	0.0579113599	-661.7089332369
122	0.0892767097	0.0579113599	-49.2993414750
123	0.9013168060	0.0579113599	-332.5189048129
124	2.0365771935	0.0579113599	-636.6226459427
