site	rate	t	lnL
1	1.7362910970	0.0077031106	-86.2733539723
2	0.0000000000	0.0077031106	-2.8533877642
3	0.7119685783	0.0077031106	-51.7968041808
4	2.7914296391	0.0077031106	-110.8114698067
5	2.5778355480	0.0077031106	-58.1986231552
6	1.4410924040	0.0077031106	-119.0604105424
7	0.3042373430	0.0077031106	-35.0777295436
8	0.4920232739	0.0077031106	-33.5232620979
9	1.3426821745	0.0077031106	-89.9992767041
10	0.4038483211	0.0077031106	-38.0913012972
11	0.4069485588	0.0077031106	-40.4758082824
12	2.7856719553	0.0077031106	-125.5701730165
13	0.5107906092	0.0077031106	-54.4826474466
14	2.0482162375	0.0077031106	-69.8422941703
15	0.2013261638	0.0077031106	-18.2859801250
16	3.4564972957	0.0077031106	-75.8160461118
17	1.7532322205	0.0077031106	-53.5968877002
18	0.9350648605	0.0077031106	-62.8294354396
19	1.4935891069	0.0077031106	-89.5138311432
20	0.3466094269	0.0077031106	-12.0949866579
21	1.1717202978	0.0077031106	-96.2335365083
22	0.6127314786	0.0077031106	-58.8307574332
23	0.2051690312	0.0077031106	-25.1178683062
24	0.0000000000	0.0077031106	-2.3282389790
25	0.9627600877	0.0077031106	-100.7455058421
26	1.0450000845	0.0077031106	-97.9481529734
27	0.2011381878	0.0077031106	-20.1588396990
28	0.0000000000	0.0077031106	-2.2775114554
29	0.1011503403	0.0077031106	-13.7057930777
30	0.0000000000	0.0077031106	-2.2352527055
31	1.4708818180	0.0077031106	-87.6855894116
32	1.4872528129	0.0077031106	-116.0475553369
33	0.0000000000	0.0077031106	-3.1316426458
34	1.1538304417	0.0077031106	-107.1591229040
35	2.9280563625	0.0077031106	-211.3766885950
36	1.2023771683	0.0077031106	-87.2663211592
37	1.3896128915	0.0077031106	-111.3541324394
38	2.1618809480	0.0077031106	-104.4780472744
39	1.6134768215	0.0077031106	-81.2888126290
40	1.6866475967	0.0077031106	-76.8329925412
41	1.7158143018	0.0077031106	-122.8211410570
42	0.9183681627	0.0077031106	-82.6277009492
43	4.0336803730	0.0077031106	-209.5097682242
44	2.0392745285	0.0077031106	-128.8824883436
45	2.5980723133	0.0077031106	-121.9412644359
46	0.7028321234	0.0077031106	-26.5412958343
47	2.9925134454	0.0077031106	-64.5851790638
48	1.8814660104	0.0077031106	-75.9099127003
49	0.4622929621	0.0077031106	-35.9157260456
50	0.4899698463	0.0077031106	-34.7088055801
51	0.0000000000	0.0077031106	-2.3282389790
52	0.3022372228	0.0077031106	-26.8005064109
53	0.4067896312	0.0077031106	-41.5887743095
54	0.0000000000	0.0077031106	-2.8676973095
55	0.2043715639	0.0077031106	-22.7265096080
56	2.6634810189	0.0077031106	-65.1953425170
57	0.1086967933	0.0077031106	-13.1426679864
58	3.3110758072	0.0077031106	-129.0628716292
59	0.9669959813	0.0077031106	-82.5058254169
60	0.4669699875	0.0077031106	-22.4098022052
61	0.1877829892	0.0077031106	-15.3844272691
62	0.5129044719	0.0077031106	-47.6066801555
63	0.2605044918	0.0077031106	-15.6371538610
64	2.5103469415	0.0077031106	-111.1574622265
65	1.2299914839	0.0077031106	-65.1410224970
66	0.0000000000	0.0077031106	-4.0163200187
67	3.0800712258	0.0077031106	-88.6143623228
68	0.3490489941	0.0077031106	-11.8248127842
69	1.0251471226	0.0077031106	-53.8696103698
70	0.5124494866	0.0077031106	-63.5104799002
71	2.3083703771	0.0077031106	-69.7483139336
72	0.9975350089	0.0077031106	-52.3533067756
73	0.0000000000	0.0077031106	-2.2775114554
74	0.0000000000	0.0077031106	-2.3282389790
75	0.2016000172	0.0077031106	-27.6601160517
76	1.7733678939	0.0077031106	-39.4407147928
77	0.0000000000	0.0077031106	-2.2775114554
78	1.6415121857	0.0077031106	-133.6086903734
79	1.2788969272	0.0077031106	-133.1887131752
80	0.1010910600	0.0077031106	-12.7832576447
81	0.9916001461	0.0077031106	-47.9982719530
82	6.9760691802	0.0077031106	-189.6808754689
83	1.7450828974	0.0077031106	-88.8069923095
84	0.5760161640	0.0077031106	-24.2538506260
85	0.0000000000	0.0077031106	-2.7501606703
86	2.4391900084	0.0077031106	-110.8496478909
87	0.9824502504	0.0077031106	-64.3142373581
88	0.7231322070	0.0077031106	-64.8176523526
89	0.4120110390	0.0077031106	-39.2438644713
90	1.7419499869	0.0077031106	-64.6915073731
91	2.4667711757	0.0077031106	-66.4763569255
92	0.3027938250	0.0077031106	-34.9026161244
93	1.3736842816	0.0077031106	-102.7616650095
94	0.0000000000	0.0077031106	-2.7501606703
95	0.2665836629	0.0077031106	-32.8156199446
96	2.4691348191	0.0077031106	-161.7114511880
97	0.2016084912	0.0077031106	-25.5066112815
98	0.3497800001	0.0077031106	-13.9909961537
99	1.4068007760	0.0077031106	-65.0434640628
100	0.0000000000	0.0077031106	-2.3282389790
101	1.3668323262	0.0077031106	-104.4230573134
102	1.4900366756	0.0077031106	-117.0982437290
103	2.6945628384	0.0077031106	-97.8051755502
104	0.2362764725	0.0077031106	-14.9786861082
105	1.0810379565	0.0077031106	-78.1860207363
106	4.4318309949	0.0077031106	-146.8947278744
107	0.1629558594	0.0077031106	-13.0421244970
108	1.4409573096	0.0077031106	-116.8141073298
109	0.7126046731	0.0077031106	-63.4644120871
110	0.6215058510	0.0077031106	-73.4458169249
111	0.0000000000	0.0077031106	-2.2775114554
112	1.4517800943	0.0077031106	-142.3990638018
113	1.8556709684	0.0077031106	-169.4743074896
114	0.0000000000	0.0077031106	-3.4398638130
115	0.6102835435	0.0077031106	-67.5523717257
116	1.2367740982	0.0077031106	-129.5439121770
117	1.2669248206	0.0077031106	-133.8231797578
118	0.4632823036	0.0077031106	-25.1100786168
119	2.6308415557	0.0077031106	-122.6975199999
120	1.8653556731	0.0077031106	-110.5853417942
121	0.9584146993	0.0077031106	-75.2040256578
122	0.0000000000	0.0077031106	-2.2775114554
123	0.4683903652	0.0077031106	-26.0145452633
124	2.9665864615	0.0077031106	-103.7520817261
