site	rate	t	lnL
1	0.9452467299	0.0721529102	-551.2890861837
2	0.2902523430	0.0721529102	-157.2345864787
3	2.3595153252	0.0721529102	-577.0965256024
4	1.6007306905	0.0721529102	-587.7721210589
5	0.1467101957	0.0721529102	-56.8910748834
6	1.4680851098	0.0721529102	-578.4053783442
7	0.3098211155	0.0721529102	-169.2349222919
8	0.3442196712	0.0721529102	-201.7097626319
9	2.2044876896	0.0721529102	-670.0728436742
10	1.2979588348	0.0721529102	-642.3195139538
11	0.2759786600	0.0721529102	-122.0603857036
12	1.7460671695	0.0721529102	-595.9221440557
13	0.6636162506	0.0721529102	-350.6697062159
14	1.3595488878	0.0721529102	-580.9939249216
15	0.4247227346	0.0721529102	-208.5962637564
16	0.5419708797	0.0721529102	-260.8600007962
17	1.3949528203	0.0721529102	-550.5039470014
18	1.1355701317	0.0721529102	-397.0740249622
19	0.7984783384	0.0721529102	-429.5266224637
20	0.1623713146	0.0721529102	-57.9869944793
21	0.7415626599	0.0721529102	-325.6193225288
22	1.4233434562	0.0721529102	-399.1391460059
23	0.6623810512	0.0721529102	-290.8147534120
24	0.3898112165	0.0721529102	-126.3550781083
25	1.2198572674	0.0721529102	-487.9939912928
26	0.2814270867	0.0721529102	-74.8374571863
27	0.2062209358	0.0721529102	-103.8535382228
28	0.0000000000	0.0721529102	-2.2386452894
29	0.0963562585	0.0721529102	-65.7425611137
30	0.3130157173	0.0721529102	-190.4753476336
31	1.5181464479	0.0721529102	-599.7603344771
32	0.8946895632	0.0721529102	-411.4404580628
33	0.1297827522	0.0721529102	-98.0391900769
34	1.5093904203	0.0721529102	-579.6732188937
35	0.5528747172	0.0721529102	-240.6435728634
36	0.8909008012	0.0721529102	-469.8676665429
37	1.7607376033	0.0721529102	-712.9119884407
38	1.5665590980	0.0721529102	-591.7407457151
39	0.8694569089	0.0721529102	-384.6631223010
40	1.6496707150	0.0721529102	-668.1925825365
41	1.9488135282	0.0721529102	-704.7539589883
42	1.5449292468	0.0721529102	-595.5419026168
43	1.6431375206	0.0721529102	-530.3892001256
44	1.6054025753	0.0721529102	-656.5640354646
45	0.5915358397	0.0721529102	-257.8786152322
46	1.6988826741	0.0721529102	-617.7144072763
47	0.1899708316	0.0721529102	-145.6133910373
48	1.1370763998	0.0721529102	-486.7116729142
49	0.5821345538	0.0721529102	-290.8438215640
50	0.8422773617	0.0721529102	-349.1230578166
51	0.0000000000	0.0721529102	-2.5778695362
52	0.2236542677	0.0721529102	-131.7219649791
53	1.0386309710	0.0721529102	-419.9407634591
54	1.8318114410	0.0721529102	-518.3323713130
55	0.2888645588	0.0721529102	-141.9089469177
56	0.4777277029	0.0721529102	-268.3843572196
57	0.0669010623	0.0721529102	-60.4208506026
58	1.4300784592	0.0721529102	-631.8374151890
59	1.6719076383	0.0721529102	-695.2665659806
60	0.6060436092	0.0721529102	-238.5333016466
61	0.0495614410	0.0721529102	-23.5109251108
62	1.4320681927	0.0721529102	-530.0633569591
63	0.3986436070	0.0721529102	-188.4882387468
64	0.5193594281	0.0721529102	-160.6253445581
65	1.2892255062	0.0721529102	-575.3381140271
66	0.2094923469	0.0721529102	-128.2180108375
67	1.6964801840	0.0721529102	-492.9800687828
68	1.9778169413	0.0721529102	-515.2272535765
69	1.8804057979	0.0721529102	-554.9565432294
70	1.2618351164	0.0721529102	-548.3807983812
71	0.8495926233	0.0721529102	-408.0142748692
72	1.2137193296	0.0721529102	-538.3599205809
73	0.0495477552	0.0721529102	-23.3739927195
74	1.8044881491	0.0721529102	-558.1000920120
75	0.9861691567	0.0721529102	-552.9195842563
76	1.2843071514	0.0721529102	-527.3724205136
77	0.0000000000	0.0721529102	-2.2386452894
78	1.7078072702	0.0721529102	-672.5474148165
79	1.4387018335	0.0721529102	-646.9574813320
80	0.7653330677	0.0721529102	-325.9837458133
81	0.4395466235	0.0721529102	-245.4427519749
82	1.8019057496	0.0721529102	-631.9382923576
83	1.9070948666	0.0721529102	-524.0193652087
84	1.5703594075	0.0721529102	-548.9839883848
85	1.5703475011	0.0721529102	-637.2752084655
86	1.1309617776	0.0721529102	-521.7129631336
87	1.1284961027	0.0721529102	-559.9946873303
88	0.2748321576	0.0721529102	-179.0394594755
89	0.1874363947	0.0721529102	-120.6291151492
90	1.4673855519	0.0721529102	-622.6785125103
91	0.6309792377	0.0721529102	-293.2743304785
92	0.7613148228	0.0721529102	-238.4971923197
93	1.0784202524	0.0721529102	-454.9068172490
94	0.3971254956	0.0721529102	-180.4302318204
95	1.0173557160	0.0721529102	-385.9713366031
96	1.2024666198	0.0721529102	-460.8011798586
97	1.4897962263	0.0721529102	-536.4561440630
98	1.0478577469	0.0721529102	-289.4714567469
99	1.6306346659	0.0721529102	-488.7067866846
100	0.0814365658	0.0721529102	-32.0968817587
101	1.2960786467	0.0721529102	-409.1698022365
102	1.1768314846	0.0721529102	-518.8462019715
103	1.4206318506	0.0721529102	-737.9664791725
104	0.6397500967	0.0721529102	-151.9441699308
105	1.6263213273	0.0721529102	-691.2292653135
106	1.1358062702	0.0721529102	-512.6836317374
107	0.4671081723	0.0721529102	-212.3197789834
108	1.3268684462	0.0721529102	-595.8211012297
109	1.5844196136	0.0721529102	-694.7832307433
110	1.0729727427	0.0721529102	-537.6443045987
111	0.0492780984	0.0721529102	-23.2014041018
112	1.4546356013	0.0721529102	-551.0411161409
113	1.4038245891	0.0721529102	-556.0599520701
114	1.5480128084	0.0721529102	-543.2919025773
115	2.7009018027	0.0721529102	-753.8069319025
116	2.6002578014	0.0721529102	-755.1354857354
117	1.3731918872	0.0721529102	-556.8705797912
118	0.9534161566	0.0721529102	-245.2009840098
119	1.9307422079	0.0721529102	-648.6032668647
120	1.3833607792	0.0721529102	-496.2013500038
121	0.8676233486	0.0721529102	-300.7348945512
122	0.1950415231	0.0721529102	-72.6540721829
123	1.2817575899	0.0721529102	-337.2114984057
124	1.4109969446	0.0721529102	-528.7755174605
