site	rate	t	lnL
1	1.0242781901	0.0068371332	-88.3604710764
2	1.2315705386	0.0068371332	-47.8064287581
3	1.7047829164	0.0068371332	-121.0814846193
4	0.8894024534	0.0068371332	-78.7032656932
5	2.7766437606	0.0068371332	-156.4146408466
6	1.4816705480	0.0068371332	-110.1551320383
7	0.3278073139	0.0068371332	-30.2944313565
8	0.0000000000	0.0068371332	-2.2457627571
9	1.8564177704	0.0068371332	-90.5064426114
10	1.6304814141	0.0068371332	-113.6758232004
11	1.4719922271	0.0068371332	-73.2397558224
12	1.7689561920	0.0068371332	-77.6938229055
13	1.0119756127	0.0068371332	-70.5756635969
14	2.0779646002	0.0068371332	-97.0193393609
15	0.1192305326	0.0068371332	-14.8293781284
16	0.8021437189	0.0068371332	-33.9868796172
17	0.4814934828	0.0068371332	-52.6646127989
18	1.5357420520	0.0068371332	-109.5831609207
19	0.8085301314	0.0068371332	-73.3303514945
20	0.0000000000	0.0068371332	-2.2779723911
21	0.3587804724	0.0068371332	-32.6797160447
22	2.1089638236	0.0068371332	-97.2587013440
23	0.2184728255	0.0068371332	-18.2198727738
24	0.0000000000	0.0068371332	-4.0510055767
25	3.5653400662	0.0068371332	-136.2063962879
26	0.8563125359	0.0068371332	-71.8453048298
27	0.0000000000	0.0068371332	-3.0037659695
28	0.0000000000	0.0068371332	-2.3326118096
29	0.3270961580	0.0068371332	-29.6251306511
30	0.5338067740	0.0068371332	-41.7108282682
31	0.6539113842	0.0068371332	-46.2278067985
32	1.2211534592	0.0068371332	-102.8580634578
33	0.1077934292	0.0068371332	-13.1616733384
34	1.1931948374	0.0068371332	-77.8230002411
35	0.3280628795	0.0068371332	-32.0893479047
36	0.8231116990	0.0068371332	-45.1418742283
37	0.4374472151	0.0068371332	-44.2212959009
38	0.3593982606	0.0068371332	-40.0724983162
39	2.6377923415	0.0068371332	-88.6570889263
40	0.3491182603	0.0068371332	-22.9816336494
41	2.3770288324	0.0068371332	-88.5895846210
42	2.7196904037	0.0068371332	-104.5493734279
43	0.6633296167	0.0068371332	-63.1519144285
44	2.1667323819	0.0068371332	-121.5547052699
45	1.3740640563	0.0068371332	-61.3473288018
46	0.6765062940	0.0068371332	-22.4596643239
47	0.3254882658	0.0068371332	-34.5814699471
48	0.5242236582	0.0068371332	-45.1564654736
49	0.3533669292	0.0068371332	-36.1220554256
50	0.2851305303	0.0068371332	-22.0747435620
51	0.0000000000	0.0068371332	-2.2779723911
52	2.0894046479	0.0068371332	-114.5577459680
53	1.4316289777	0.0068371332	-117.4874223839
54	0.4141539048	0.0068371332	-25.2076638507
55	0.7567159450	0.0068371332	-54.8939591136
56	1.2157934014	0.0068371332	-71.6669193804
57	0.4016425185	0.0068371332	-31.0300063962
58	0.7268251662	0.0068371332	-69.9288896654
59	1.3165315472	0.0068371332	-87.6633811722
60	0.3894890063	0.0068371332	-27.8804659967
61	0.2047699006	0.0068371332	-12.1045111659
62	0.7283453909	0.0068371332	-62.4635391056
63	1.7772877450	0.0068371332	-147.0062580885
64	1.0703495145	0.0068371332	-35.6074318510
65	0.9758723756	0.0068371332	-55.9586878509
66	1.0878663780	0.0068371332	-92.5609019545
67	3.0179995129	0.0068371332	-114.5868210829
68	0.3389102054	0.0068371332	-14.3663317519
69	2.0128322795	0.0068371332	-62.2055012645
70	0.3304618123	0.0068371332	-37.1402675802
71	1.3553175667	0.0068371332	-42.8804135217
72	1.0465103418	0.0068371332	-72.8513655364
73	0.0000000000	0.0068371332	-2.3326118096
74	1.0834187257	0.0068371332	-54.5834716053
75	1.5942758693	0.0068371332	-108.3181741165
76	1.1538913826	0.0068371332	-79.3889775118
77	0.0000000000	0.0068371332	-2.3326118096
78	1.2155872811	0.0068371332	-77.0829025726
79	1.2778980918	0.0068371332	-62.0752505188
80	0.1191611270	0.0068371332	-13.2890846076
81	0.4378527055	0.0068371332	-45.5894244467
82	0.8450481546	0.0068371332	-66.3723427657
83	3.4572560036	0.0068371332	-99.1978845159
84	0.5394561806	0.0068371332	-28.6280435777
85	0.4385077309	0.0068371332	-44.1761887992
86	0.4105813328	0.0068371332	-31.3957909711
87	1.5392214736	0.0068371332	-100.4529852211
88	0.1263443694	0.0068371332	-16.1820779731
89	0.1090563619	0.0068371332	-14.3676579336
90	3.9052092415	0.0068371332	-123.5126423267
91	0.0000000000	0.0068371332	-2.3326118096
92	0.4316430847	0.0068371332	-42.5243181909
93	2.5862646333	0.0068371332	-151.4917364578
94	0.1190279247	0.0068371332	-12.0185745242
95	1.2279653241	0.0068371332	-95.8068147106
96	1.7487473800	0.0068371332	-112.2398730424
97	1.6017604637	0.0068371332	-140.6132706596
98	0.6876816223	0.0068371332	-25.6658495801
99	2.7068897170	0.0068371332	-129.7264194139
100	6.2941459346	0.0068371332	-113.1918450750
101	0.0000000000	0.0068371332	-2.3227595132
102	5.1855496373	0.0068371332	-166.8984885569
103	0.5977962209	0.0068371332	-41.6505727460
104	0.2497648112	0.0068371332	-14.1838786438
105	1.8313231844	0.0068371332	-143.8989010061
106	1.4863538002	0.0068371332	-103.0806222837
107	0.4272043007	0.0068371332	-29.9086370479
108	2.1560870059	0.0068371332	-179.7871868797
109	1.3982618739	0.0068371332	-81.5064742212
110	1.3007483608	0.0068371332	-106.7664163874
111	0.0000000000	0.0068371332	-2.3326118096
112	1.4376275726	0.0068371332	-70.2506618259
113	1.3618539700	0.0068371332	-85.9708817443
114	0.5884129812	0.0068371332	-34.5815319042
115	1.0578430242	0.0068371332	-79.6305669517
116	1.9123814187	0.0068371332	-82.6036856243
117	0.7894073418	0.0068371332	-49.8057718601
118	2.1600810500	0.0068371332	-104.9282363891
119	1.5853563045	0.0068371332	-93.4021792267
120	4.7513363850	0.0068371332	-129.0601295417
121	0.0000000000	0.0068371332	-2.2779723911
122	0.0000000000	0.0068371332	-2.3326118096
123	0.7570143743	0.0068371332	-40.8918027996
124	2.6641039687	0.0068371332	-76.9940417058
