site	rate	t	lnL
1	1.5453291197	0.0006009359	-16.1895353794
2	0.0000000000	0.0006009359	-3.0492431140
3	2.8572229122	0.0006009359	-26.7985872547
4	3.0011280545	0.0006009359	-13.3508183293
5	0.0000000000	0.0006009359	-2.3370038460
6	0.0000000000	0.0006009359	-2.1127523335
7	0.0000000000	0.0006009359	-2.4248751830
8	0.0000000000	0.0006009359	-2.1127523335
9	0.0000000000	0.0006009359	-2.1127523335
10	6.0140679016	0.0006009359	-27.7813857708
11	0.0000000000	0.0006009359	-3.0492431140
12	0.0000000000	0.0006009359	-3.0294991360
13	1.2557363356	0.0006009359	-16.2575517795
14	0.0000000000	0.0006009359	-3.0492431140
15	0.0000000000	0.0006009359	-2.4248751830
16	1.7731472468	0.0006009359	-14.5904044754
17	2.4147381619	0.0006009359	-13.4740575126
18	1.7860176594	0.0006009359	-14.8160442138
19	0.0000000000	0.0006009359	-3.0278712665
20	2.0206349032	0.0006009359	-13.1094029533
21	0.0000000000	0.0006009359	-2.6258821559
22	3.4987327128	0.0006009359	-14.5479561899
23	1.4253071311	0.0006009359	-14.2254624627
24	0.0000000000	0.0006009359	-3.4315487736
25	0.0000000000	0.0006009359	-2.4248751830
26	0.0000000000	0.0006009359	-3.4325234326
27	7.0390728305	0.0006009359	-26.0496372461
28	0.0000000000	0.0006009359	-2.3370038460
29	0.0000000000	0.0006009359	-2.1127523335
30	0.0000000000	0.0006009359	-3.2112343545
31	2.6082082365	0.0006009359	-24.2951490447
32	0.0000000000	0.0006009359	-3.0294991360
33	0.0000000000	0.0006009359	-4.0628400343
34	0.0000000000	0.0006009359	-3.4330111185
35	0.0000000000	0.0006009359	-2.4248751830
36	0.0000000000	0.0006009359	-2.7330578835
37	1.5170511490	0.0006009359	-15.4018040474
38	0.0000000000	0.0006009359	-2.7330578835
39	2.2162948035	0.0006009359	-26.1005841828
40	0.0000000000	0.0006009359	-3.0278712665
41	0.0000000000	0.0006009359	-2.7425504703
42	0.0000000000	0.0006009359	-2.7425504703
43	6.0490130484	0.0006009359	-29.5679574774
44	1.2623335590	0.0006009359	-16.2523120276
45	0.0000000000	0.0006009359	-2.7330578835
46	0.0000000000	0.0006009359	-4.6904190043
47	0.0000000000	0.0006009359	-3.4237855129
48	8.8836349299	0.0006009359	-31.8808023247
49	0.0000000000	0.0006009359	-2.7425504703
50	0.0000000000	0.0006009359	-3.0492431140
51	0.0000000000	0.0006009359	-2.6237082420
52	0.0000000000	0.0006009359	-2.1127523335
53	0.0000000000	0.0006009359	-2.1127523335
54	0.0000000000	0.0006009359	-2.3370038460
55	0.0000000000	0.0006009359	-2.6258821559
56	1.5429043696	0.0006009359	-14.6423403945
57	0.0000000000	0.0006009359	-3.4237855129
58	0.0000000000	0.0006009359	-2.1127523335
59	0.0000000000	0.0006009359	-3.4330111185
60	0.0000000000	0.0006009359	-2.4248751830
61	0.0000000000	0.0006009359	-2.3370038460
62	0.0000000000	0.0006009359	-2.7425504703
63	3.1038856151	0.0006009359	-13.7652421812
64	1.3021761499	0.0006009359	-13.7056796782
65	1.7728135416	0.0006009359	-12.1608912758
66	0.0000000000	0.0006009359	-4.1290894199
67	1.5439800454	0.0006009359	-15.0040072313
68	0.0000000000	0.0006009359	-2.6237082420
69	0.0000000000	0.0006009359	-3.4325234326
70	0.0000000000	0.0006009359	-2.7330578835
71	5.4412315782	0.0006009359	-33.1259561777
72	1.8761129076	0.0006009359	-15.3268423831
73	0.0000000000	0.0006009359	-2.3370038460
74	0.0000000000	0.0006009359	-2.6237082420
75	0.0000000000	0.0006009359	-3.0294991360
76	3.1492924906	0.0006009359	-26.8027281907
77	0.0000000000	0.0006009359	-2.3370038460
78	2.4252414481	0.0006009359	-11.3328303669
79	0.0000000000	0.0006009359	-2.4248751830
80	1.7872272254	0.0006009359	-15.2198575182
81	1.7749450782	0.0006009359	-14.8646484518
82	0.0000000000	0.0006009359	-3.0278712665
83	1.4530739698	0.0006009359	-14.4356802363
84	0.0000000000	0.0006009359	-2.7330578835
85	1.2557079717	0.0006009359	-15.1618335750
86	0.0000000000	0.0006009359	-3.4315487736
87	3.8319381143	0.0006009359	-24.4415229332
88	0.0000000000	0.0006009359	-3.0294991360
89	0.0000000000	0.0006009359	-2.1127523335
90	1.7843497390	0.0006009359	-16.3625557993
91	0.0000000000	0.0006009359	-2.3370038460
92	0.0000000000	0.0006009359	-2.6237082420
93	0.0000000000	0.0006009359	-3.0278712665
94	0.0000000000	0.0006009359	-2.1127523335
95	0.0000000000	0.0006009359	-3.2112343545
96	0.0000000000	0.0006009359	-2.6258821559
97	3.1043487261	0.0006009359	-14.5990033382
98	3.4818324547	0.0006009359	-15.6425684648
99	4.8666645228	0.0006009359	-24.5272642842
100	0.0000000000	0.0006009359	-2.6237082420
101	0.0000000000	0.0006009359	-3.0294991360
102	0.0000000000	0.0006009359	-3.0492431140
103	0.0000000000	0.0006009359	-2.1127523335
104	0.0000000000	0.0006009359	-3.4325234326
105	4.8810337799	0.0006009359	-27.6811288826
106	2.4245650613	0.0006009359	-15.9227895198
107	0.0000000000	0.0006009359	-3.4359422393
108	0.0000000000	0.0006009359	-2.6258821559
109	0.0000000000	0.0006009359	-2.1127523335
110	7.8531929696	0.0006009359	-24.9529220979
111	0.0000000000	0.0006009359	-2.3370038460
112	0.0000000000	0.0006009359	-3.2112343545
113	10.4704267562	0.0006009359	-33.1191341035
114	0.0000000000	0.0006009359	-2.7330578835
115	0.0000000000	0.0006009359	-3.2112343545
116	2.5147344289	0.0006009359	-26.9093998829
117	1.5871622530	0.0006009359	-17.2809208739
118	1.7841007693	0.0006009359	-14.8171176338
119	0.0000000000	0.0006009359	-2.6258821559
120	0.0000000000	0.0006009359	-3.4330111185
121	0.0000000000	0.0006009359	-2.6237082420
122	0.0000000000	0.0006009359	-2.3370038460
123	3.4747107373	0.0006009359	-14.6603761601
124	2.6087437123	0.0006009359	-23.2156978711
