site	rate	t	lnL
1	1.4090759619	0.0007320868	-13.8681675434
2	0.0000000000	0.0007320868	-2.9957322736
3	2.8199006997	0.0007320868	-23.3531208451
4	0.0000000000	0.0007320868	-2.9957322736
5	0.0000000000	0.0007320868	-2.9957322736
6	4.2333611134	0.0007320868	-32.3130140964
7	0.0000000000	0.0007320868	-2.9957322736
8	0.0000000000	0.0007320868	-2.9957322736
9	4.2324802395	0.0007320868	-32.3136361068
10	0.0000000000	0.0007320868	-2.9957322736
11	0.0000000000	0.0007320868	-2.9957322736
12	1.4090761459	0.0007320868	-13.8681675434
13	0.0000000000	0.0007320868	-2.9957322736
14	1.4090759618	0.0007320868	-13.8681675434
15	1.4091492037	0.0007320868	-13.8681158879
16	1.4091490098	0.0007320868	-13.8681158933
17	0.0000000000	0.0007320868	-2.9957322736
18	1.4090763387	0.0007320868	-13.8681675434
19	0.0000000000	0.0007320868	-2.9957322736
20	0.0000000000	0.0007320868	-2.9957322736
21	1.4091491451	0.0007320868	-13.8681158879
22	0.0000000000	0.0007320868	-2.9957322736
23	1.4090765871	0.0007320868	-13.8681675434
24	0.0000000000	0.0007320868	-2.9957322736
25	4.2324801039	0.0007320868	-32.3136361550
26	0.0000000000	0.0007320868	-2.9957322736
27	0.0000000000	0.0007320868	-2.9957322736
28	0.0000000000	0.0007320868	-2.9957322736
29	0.0000000000	0.0007320868	-2.9957322736
30	0.0000000000	0.0007320868	-2.9957322736
31	0.0000000000	0.0007320868	-2.9957322736
32	0.0000000000	0.0007320868	-2.9957322736
33	0.0000000000	0.0007320868	-2.9957322736
34	1.4091488459	0.0007320868	-13.8681158933
35	0.0000000000	0.0007320868	-2.9957322736
36	0.0000000000	0.0007320868	-2.9957322736
37	0.0000000000	0.0007320868	-2.9957322736
38	1.4090762565	0.0007320868	-13.8681675434
39	5.6465268174	0.0007320868	-40.9333691414
40	2.8199007344	0.0007320868	-23.3531208451
41	1.4091488610	0.0007320868	-13.8681158879
42	0.0000000000	0.0007320868	-2.9957322736
43	1.4091492558	0.0007320868	-13.8681158933
44	4.2327014531	0.0007320868	-32.3134806349
45	0.0000000000	0.0007320868	-2.9957322736
46	0.0000000000	0.0007320868	-2.9957322736
47	0.0000000000	0.0007320868	-2.9957322736
48	0.0000000000	0.0007320868	-2.9957322736
49	1.4091491419	0.0007320868	-13.8681158933
50	1.4090759935	0.0007320868	-13.8681675434
51	0.0000000000	0.0007320868	-2.9957322736
52	1.4090759618	0.0007320868	-13.8681675434
53	1.4091486494	0.0007320868	-13.8681158933
54	1.4090758042	0.0007320868	-13.8681675434
55	2.8199007399	0.0007320868	-23.3531208451
56	1.4090762554	0.0007320868	-13.8681675434
57	0.0000000000	0.0007320868	-2.9957322736
58	1.4091491673	0.0007320868	-13.8681158879
59	0.0000000000	0.0007320868	-2.9957322736
60	0.0000000000	0.0007320868	-2.9957322736
61	0.0000000000	0.0007320868	-2.9957322736
62	1.4091488459	0.0007320868	-13.8681158933
63	2.8199012701	0.0007320868	-23.3531208451
64	1.4090759617	0.0007320868	-13.8681675434
65	0.0000000000	0.0007320868	-2.9957322736
66	0.0000000000	0.0007320868	-2.9957322736
67	2.8199016463	0.0007320868	-23.3531208237
68	0.0000000000	0.0007320868	-2.9957322736
69	1.4090759619	0.0007320868	-13.8681675434
70	2.8199008238	0.0007320868	-23.3531208451
71	1.4091488609	0.0007320868	-13.8681158879
72	0.0000000000	0.0007320868	-2.9957322736
73	0.0000000000	0.0007320868	-2.9957322736
74	0.0000000000	0.0007320868	-2.9957322736
75	0.0000000000	0.0007320868	-2.9957322736
76	0.0000000000	0.0007320868	-2.9957322736
77	0.0000000000	0.0007320868	-2.9957322736
78	0.0000000000	0.0007320868	-2.9957322736
79	2.8197543758	0.0007320868	-23.3532243457
80	2.8199008036	0.0007320868	-23.3531208237
81	0.0000000000	0.0007320868	-2.9957322736
82	1.4091491599	0.0007320868	-13.8681158879
83	0.0000000000	0.0007320868	-2.9957322736
84	0.0000000000	0.0007320868	-2.9957322736
85	0.0000000000	0.0007320868	-2.9957322736
86	0.0000000000	0.0007320868	-2.9957322736
87	1.4091488459	0.0007320868	-13.8681158933
88	1.4091491862	0.0007320868	-13.8681158879
89	0.0000000000	0.0007320868	-2.9957322736
90	0.0000000000	0.0007320868	-2.9957322736
91	0.0000000000	0.0007320868	-2.9957322736
92	1.4091489076	0.0007320868	-13.8681158879
93	0.0000000000	0.0007320868	-2.9957322736
94	0.0000000000	0.0007320868	-2.9957322736
95	0.0000000000	0.0007320868	-2.9957322736
96	1.4090759618	0.0007320868	-13.8681675434
97	0.0000000000	0.0007320868	-2.9957322736
98	0.0000000000	0.0007320868	-2.9957322736
99	1.4090759617	0.0007320868	-13.8681675434
100	0.0000000000	0.0007320868	-2.9957322736
101	0.0000000000	0.0007320868	-2.9957322736
102	2.8199005921	0.0007320868	-23.3531208451
103	1.4090765288	0.0007320868	-13.8681675434
104	4.2320391947	0.0007320868	-32.3139473161
105	0.0000000000	0.0007320868	-2.9957322736
106	2.8199002205	0.0007320868	-23.3531208237
107	0.0000000000	0.0007320868	-2.9957322736
108	2.8199007468	0.0007320868	-23.3531208451
109	1.4091495856	0.0007320868	-13.8681158933
110	1.4091490839	0.0007320868	-13.8681158879
111	0.0000000000	0.0007320868	-2.9957322736
112	1.4090762542	0.0007320868	-13.8681675434
113	1.4090761821	0.0007320868	-13.8681675434
114	4.2320390553	0.0007320868	-32.3139473161
115	2.8200477705	0.0007320868	-23.3530173391
116	1.4091488459	0.0007320868	-13.8681158933
117	2.8197545705	0.0007320868	-23.3532243457
118	0.0000000000	0.0007320868	-2.9957322736
119	1.4091489624	0.0007320868	-13.8681158879
120	0.0000000000	0.0007320868	-2.9957322736
121	2.8199007984	0.0007320868	-23.3531208237
122	0.0000000000	0.0007320868	-2.9957322736
123	1.4091488459	0.0007320868	-13.8681158933
124	1.4090762510	0.0007320868	-13.8681675434
