site	rate	t	lnL
1	3.0920052835	0.5579551946	-1541.6203684445
2	0.7647893037	0.5579551946	-1107.7406573860
3	2.4820039400	0.5579551946	-1547.6759604443
4	2.5150444672	0.5579551946	-1500.9742774502
5	0.1079542050	0.5579551946	-239.3224918699
6	3.1375781817	0.5579551946	-1530.6347996318
7	0.4032397349	0.5579551946	-762.4199754645
8	0.7745747019	0.5579551946	-1190.7960069952
9	2.4484451553	0.5579551946	-1556.9092775214
10	2.9093938644	0.5579551946	-1495.1614208158
11	0.4818499919	0.5579551946	-802.2955183122
12	3.7885051010	0.5579551946	-1549.6230272158
13	0.9956356802	0.5579551946	-1282.6817177370
14	1.2894439746	0.5579551946	-1248.2145425892
15	0.3431884307	0.5579551946	-750.3609159951
16	2.5849256094	0.5579551946	-1549.5834807815
17	1.7823001547	0.5579551946	-1394.2329900436
18	1.2459848684	0.5579551946	-1146.1542947514
19	1.8015031663	0.5579551946	-1494.1353475839
20	0.2732268990	0.5579551946	-459.0924854101
21	0.9363042006	0.5579551946	-1200.6682003480
22	1.5320293124	0.5579551946	-1416.6782454799
23	0.7302058767	0.5579551946	-1130.5224622491
24	0.2737145946	0.5579551946	-506.7309759117
25	2.0203997344	0.5579551946	-1507.2006978027
26	0.5688767486	0.5579551946	-715.2317374848
27	0.3191100708	0.5579551946	-755.5826760514
28	0.0095226331	0.5579551946	-32.0001880204
29	0.2120708491	0.5579551946	-596.9501225248
30	0.4953428779	0.5579551946	-1019.2286585673
31	2.5044961422	0.5579551946	-1480.2822492963
32	1.1134342188	0.5579551946	-1260.7013220997
33	0.1351993956	0.5579551946	-465.1114812710
34	1.7518938967	0.5579551946	-1415.9471624211
35	1.7986941755	0.5579551946	-1365.1695559868
36	2.8259714653	0.5579551946	-1512.5379670741
37	1.3263522126	0.5579551946	-1348.7313071565
38	3.1108589494	0.5579551946	-1546.3076694801
39	3.1065678068	0.5579551946	-1527.7112642280
40	0.7055016512	0.5579551946	-1252.9002401290
41	1.1305267941	0.5579551946	-1400.9821209111
42	2.6298178234	0.5579551946	-1520.0144323233
43	1.8835987310	0.5579551946	-1484.4829888822
44	3.0738933969	0.5579551946	-1566.7565383638
45	1.7315741266	0.5579551946	-1451.1909030446
46	0.8376762084	0.5579551946	-967.0052562105
47	0.2965771489	0.5579551946	-863.1249042724
48	1.3399668990	0.5579551946	-1370.9409021639
49	0.8879723516	0.5579551946	-1280.5600023355
50	0.7645021361	0.5579551946	-1162.6967434850
51	0.0105497771	0.5579551946	-29.2038689866
52	0.3951154829	0.5579551946	-797.9747686612
53	0.5535469562	0.5579551946	-991.5930044437
54	0.8706927447	0.5579551946	-1199.7673886442
55	0.3356076197	0.5579551946	-817.9742954929
56	0.9702970303	0.5579551946	-1417.5054878873
57	0.1083690877	0.5579551946	-392.1457806990
58	1.3877115782	0.5579551946	-1387.9464847755
59	2.2590174743	0.5579551946	-1500.5921191829
60	0.8143110010	0.5579551946	-916.9519499851
61	0.0573969277	0.5579551946	-146.2720050116
62	3.3685162531	0.5579551946	-1505.8598228513
63	0.5346679860	0.5579551946	-958.0127688982
64	1.5190916257	0.5579551946	-1366.1947686449
65	1.6519112946	0.5579551946	-1486.0097841751
66	0.3802506094	0.5579551946	-967.3177821003
67	2.3219948015	0.5579551946	-1536.2596660744
68	0.9896349733	0.5579551946	-1092.0569455455
69	2.4657992866	0.5579551946	-1542.1908390541
70	2.5557344694	0.5579551946	-1478.2980330433
71	1.3687921738	0.5579551946	-1355.3989128283
72	1.8048676793	0.5579551946	-1472.3320191910
73	0.0287951717	0.5579551946	-83.0632213327
74	1.0474572591	0.5579551946	-1127.6901382067
75	1.0685781670	0.5579551946	-1233.9347170503
76	1.8810948225	0.5579551946	-1539.0874558565
77	0.0473084468	0.5579551946	-124.3005534917
78	3.6138623036	0.5579551946	-1544.0881510533
79	2.8001982007	0.5579551946	-1472.1336874093
80	0.6086060127	0.5579551946	-1046.5002790915
81	1.2369257881	0.5579551946	-1353.2342639124
82	2.2137975757	0.5579551946	-1500.2830862380
83	2.5364282992	0.5579551946	-1548.1651724935
84	0.7897216937	0.5579551946	-1110.7965138707
85	0.5933469048	0.5579551946	-1047.6997998054
86	1.0443543625	0.5579551946	-1517.7396323517
87	2.0323842663	0.5579551946	-1473.1877755521
88	0.5730536396	0.5579551946	-1175.9793476118
89	0.3273766931	0.5579551946	-696.0172626448
90	2.9989902712	0.5579551946	-1496.1427563751
91	0.1103516264	0.5579551946	-249.5924682457
92	0.6004334829	0.5579551946	-1024.8143315128
93	2.5388430389	0.5579551946	-1481.5490902144
94	0.3705676136	0.5579551946	-800.1549212514
95	0.3012795008	0.5579551946	-893.7585895772
96	2.8766089325	0.5579551946	-1523.9647863348
97	3.5415143463	0.5579551946	-1493.6965423116
98	1.7493963428	0.5579551946	-1396.4671596353
99	2.2218760318	0.5579551946	-1539.3448791735
100	0.2699590896	0.5579551946	-444.1418524222
101	0.2115301298	0.5579551946	-543.3548383481
102	2.6203091036	0.5579551946	-1535.0556213397
103	2.1796429157	0.5579551946	-1410.9269167051
104	0.5108204740	0.5579551946	-668.6228118543
105	1.8938182937	0.5579551946	-1491.8684426412
106	2.6159367529	0.5579551946	-1480.4738942206
107	0.4515916904	0.5579551946	-850.7158242175
108	2.2658070137	0.5579551946	-1480.6641146930
109	3.4470638266	0.5579551946	-1521.9539420209
110	2.4672783001	0.5579551946	-1486.4300775497
111	0.0190550427	0.5579551946	-56.8441034328
112	3.2024848926	0.5579551946	-1536.3893417021
113	2.3432230696	0.5579551946	-1553.2435985240
114	0.7904131226	0.5579551946	-1142.4449200976
115	1.9224056943	0.5579551946	-1470.0676359530
116	2.8850013365	0.5579551946	-1560.6489455454
117	4.9893415068	0.5579551946	-1509.9072655021
118	1.5850412305	0.5579551946	-1347.8789211032
119	1.0789371825	0.5579551946	-1433.9514254300
120	2.3884111958	0.5579551946	-1484.4338114255
121	1.0790776972	0.5579551946	-1153.0539277377
122	0.2706707985	0.5579551946	-500.2339889907
123	3.0113609107	0.5579551946	-1526.5903660605
124	2.9827222416	0.5579551946	-1525.3355115919
