site	rate	t	lnL
1	2.2421380194	0.3668944050	-1482.7143969661
2	0.8458716293	0.3668944050	-1147.6987020925
3	2.0071413080	0.3668944050	-1475.7539034611
4	1.7849621828	0.3668944050	-1451.0304693542
5	0.0918581723	0.3668944050	-227.7952296182
6	2.2947939884	0.3668944050	-1487.6870943550
7	0.5403637918	0.3668944050	-901.0787969421
8	0.8247373762	0.3668944050	-1136.1627062780
9	2.4554193833	0.3668944050	-1496.1728412485
10	1.6347665215	0.3668944050	-1457.2723536788
11	0.6154598565	0.3668944050	-988.6465757739
12	2.2300818587	0.3668944050	-1487.6359078505
13	1.2078246958	0.3668944050	-1349.2467077428
14	0.8534801481	0.3668944050	-1167.1718422781
15	0.5354164135	0.3668944050	-888.5376767595
16	1.3813443600	0.3668944050	-1384.1704760120
17	1.4299248718	0.3668944050	-1404.4910750464
18	1.2081731058	0.3668944050	-1347.4673914714
19	2.0651157890	0.3668944050	-1469.8715832335
20	0.3654446181	0.3668944050	-674.5685802342
21	1.0527121218	0.3668944050	-1287.7151061153
22	1.3616698647	0.3668944050	-1416.2329239852
23	0.8164624298	0.3668944050	-1143.0070680336
24	0.1391802269	0.3668944050	-330.9850709839
25	1.4110396745	0.3668944050	-1414.8355898233
26	0.3477795134	0.3668944050	-669.0540253992
27	0.5217047811	0.3668944050	-885.9697035872
28	0.0028116493	0.3668944050	-13.8681675435
29	0.2634940708	0.3668944050	-533.6705173306
30	0.7879373890	0.3668944050	-1125.6629602879
31	2.0652699492	0.3668944050	-1474.3586195392
32	0.9604675508	0.3668944050	-1234.5123524047
33	0.2815277586	0.3668944050	-578.1972901511
34	1.3875499615	0.3668944050	-1417.6670929555
35	1.1072883401	0.3668944050	-1313.7505914175
36	2.1035681716	0.3668944050	-1474.3145949542
37	1.1164752397	0.3668944050	-1314.6032927332
38	2.3178782839	0.3668944050	-1488.5083813471
39	2.4397714227	0.3668944050	-1499.1522458589
40	1.2148800125	0.3668944050	-1342.5979536740
41	1.3631918738	0.3668944050	-1389.5286220825
42	2.9639124696	0.3668944050	-1513.7083075201
43	1.5948943703	0.3668944050	-1429.5300884560
44	2.6509901371	0.3668944050	-1501.8019174865
45	1.2675256672	0.3668944050	-1363.1404813326
46	0.6043559363	0.3668944050	-949.3336593442
47	0.6914217473	0.3668944050	-1039.8475147243
48	1.3565353956	0.3668944050	-1390.5984178977
49	1.0456085148	0.3668944050	-1280.8632005068
50	0.8606502893	0.3668944050	-1178.8390102309
51	0.0084446270	0.3668944050	-32.3137922221
52	0.4947537555	0.3668944050	-858.1687860133
53	0.6580973827	0.3668944050	-1023.8054108099
54	0.9210602917	0.3668944050	-1212.7376868979
55	0.4907803692	0.3668944050	-851.3165862468
56	1.3070026057	0.3668944050	-1378.4844406237
57	0.1540794593	0.3668944050	-357.6198526370
58	1.2290666836	0.3668944050	-1356.9221582969
59	1.5081831834	0.3668944050	-1421.6094574924
60	0.5891534942	0.3668944050	-967.4142949608
61	0.2728807723	0.3668944050	-554.9340996948
62	2.1123002414	0.3668944050	-1479.1553390190
63	0.6053554063	0.3668944050	-952.8825475726
64	1.0553296346	0.3668944050	-1279.5578297441
65	2.6373526338	0.3668944050	-1505.7231340204
66	0.7044600967	0.3668944050	-1049.7886581054
67	2.5098486083	0.3668944050	-1492.6005442726
68	0.8910467774	0.3668944050	-1187.5413195212
69	2.0934754590	0.3668944050	-1476.3724662762
70	2.3652777612	0.3668944050	-1490.9201039412
71	1.2897450913	0.3668944050	-1360.5433045599
72	1.4317001393	0.3668944050	-1410.0286493802
73	0.0425453784	0.3668944050	-124.2375269432
74	0.8491212624	0.3668944050	-1150.6562600131
75	1.1057577989	0.3668944050	-1313.9990573829
76	1.5962955047	0.3668944050	-1440.3876566663
77	0.0947841588	0.3668944050	-240.8267362972
78	2.6124421686	0.3668944050	-1500.9097881344
79	2.2501991434	0.3668944050	-1491.7380611908
80	0.7472531005	0.3668944050	-1087.2239996943
81	1.3294171471	0.3668944050	-1392.2442557066
82	2.2132861338	0.3668944050	-1480.8761318926
83	2.4991152785	0.3668944050	-1491.3843494819
84	0.6105810160	0.3668944050	-963.2745701743
85	0.6298564540	0.3668944050	-985.3177153942
86	1.3259818396	0.3668944050	-1368.7366486154
87	1.3144843034	0.3668944050	-1374.8469785963
88	0.7625825747	0.3668944050	-1101.0321218211
89	0.3792357223	0.3668944050	-708.7132185346
90	2.1376079685	0.3668944050	-1481.3031585798
91	0.0947580938	0.3668944050	-235.8431355022
92	0.6490235387	0.3668944050	-1012.6912952732
93	1.5341342445	0.3668944050	-1420.5024145476
94	0.4111409264	0.3668944050	-747.1576255721
95	0.7022340563	0.3668944050	-1059.1674464527
96	2.1551474692	0.3668944050	-1479.4396660532
97	1.6443848556	0.3668944050	-1428.8308129734
98	1.3391992488	0.3668944050	-1387.7401710148
99	1.9706651850	0.3668944050	-1474.8855661161
100	0.1972228125	0.3668944050	-424.1314652911
101	0.2911247998	0.3668944050	-589.7572893838
102	2.1789724931	0.3668944050	-1481.4098869010
103	1.5078149101	0.3668944050	-1426.2183608211
104	0.3015014336	0.3668944050	-596.1901812290
105	1.6295072216	0.3668944050	-1443.9974587377
106	1.7266051589	0.3668944050	-1437.9752812198
107	0.6472561521	0.3668944050	-1008.1187975311
108	1.8853671950	0.3668944050	-1469.9685006289
109	2.3652487717	0.3668944050	-1491.0598148595
110	2.0699109642	0.3668944050	-1467.5354989843
111	0.0169225182	0.3668944050	-56.3632233835
112	2.6078158583	0.3668944050	-1504.7916486452
113	2.6622579343	0.3668944050	-1503.7568850534
114	1.1308754952	0.3668944050	-1319.5402282908
115	1.5577511368	0.3668944050	-1434.1417184325
116	2.3578426207	0.3668944050	-1496.5108740047
117	1.9068356832	0.3668944050	-1470.3148572076
118	1.3359763042	0.3668944050	-1389.6594753345
119	1.3189670336	0.3668944050	-1373.0638098420
120	1.8367586237	0.3668944050	-1461.4473422744
121	0.6844089909	0.3668944050	-1031.4328416425
122	0.4882589575	0.3668944050	-832.1573120259
123	2.1088183263	0.3668944050	-1477.7645425685
124	2.7976199235	0.3668944050	-1508.4532762107
