site	rate	t	lnL
1	1.5917764782	0.0635710425	-661.5029664910
2	0.9188109623	0.0635710425	-247.0931265426
3	2.0948573227	0.0635710425	-470.4684731915
4	1.6588471703	0.0635710425	-590.1262298440
5	0.0436208349	0.0635710425	-32.2749060178
6	1.1088706946	0.0635710425	-542.1669525169
7	0.3075251897	0.0635710425	-159.0966990549
8	0.6363379153	0.0635710425	-346.7810416378
9	1.6325827789	0.0635710425	-594.0693822490
10	1.3617375473	0.0635710425	-540.2379544402
11	0.3193207199	0.0635710425	-189.8775400708
12	2.0222176954	0.0635710425	-563.5625819631
13	0.4198622302	0.0635710425	-230.2054709220
14	0.2723073205	0.0635710425	-149.5659708274
15	0.7863631561	0.0635710425	-195.7328935364
16	1.3409786012	0.0635710425	-560.8195640423
17	0.8811753328	0.0635710425	-379.6049159709
18	2.2061016443	0.0635710425	-658.0149102418
19	1.7443545575	0.0635710425	-584.2716000617
20	0.1898898916	0.0635710425	-104.6149655281
21	0.7965967336	0.0635710425	-368.7126426819
22	2.1735795148	0.0635710425	-659.6316803149
23	0.5866248446	0.0635710425	-249.5547739776
24	0.1423695803	0.0635710425	-45.9374964996
25	1.3354776152	0.0635710425	-543.0126693621
26	0.2046935083	0.0635710425	-116.7050163775
27	0.5337567278	0.0635710425	-244.7190752251
28	0.0000000000	0.0635710425	-2.5438158838
29	0.0843177943	0.0635710425	-57.8252441549
30	0.2831286339	0.0635710425	-162.3732101277
31	1.1368152237	0.0635710425	-482.8580330728
32	1.1399473865	0.0635710425	-501.9252197103
33	0.0562325152	0.0635710425	-45.2233104164
34	0.9607885263	0.0635710425	-464.1831241194
35	0.8711597218	0.0635710425	-374.8944395918
36	1.2182521949	0.0635710425	-556.8878468687
37	1.4288627240	0.0635710425	-522.7034187212
38	1.6650480095	0.0635710425	-593.2481261639
39	2.0965770016	0.0635710425	-479.6825594461
40	1.8415177297	0.0635710425	-759.5910841140
41	1.3777367755	0.0635710425	-613.9364439896
42	1.7605636006	0.0635710425	-675.5267954332
43	1.2808660084	0.0635710425	-569.5142789653
44	2.0830332673	0.0635710425	-550.6963155770
45	2.0520417563	0.0635710425	-628.7106292123
46	0.8727318225	0.0635710425	-432.2487672760
47	0.2583702830	0.0635710425	-165.3653055266
48	1.2939540165	0.0635710425	-546.0329377500
49	0.6736319740	0.0635710425	-329.5973037836
50	0.8652249477	0.0635710425	-299.5922758387
51	0.0000000000	0.0635710425	-2.6850524494
52	1.2984843124	0.0635710425	-327.2101991254
53	1.5835769390	0.0635710425	-589.4134277623
54	0.4102079595	0.0635710425	-273.7677065042
55	0.4438353790	0.0635710425	-190.6648592244
56	1.0877277793	0.0635710425	-459.6715851185
57	0.4167579715	0.0635710425	-128.6009283835
58	1.3287547742	0.0635710425	-555.9039565030
59	1.3420763205	0.0635710425	-603.2204663533
60	0.3405168585	0.0635710425	-185.8023944786
61	0.0583289596	0.0635710425	-46.1566082324
62	2.8086544978	0.0635710425	-615.4364806617
63	0.1735857930	0.0635710425	-90.7775678631
64	1.9850099002	0.0635710425	-673.7427615629
65	0.9227483971	0.0635710425	-395.3315052635
66	0.0898904532	0.0635710425	-75.6165082429
67	1.6391929659	0.0635710425	-666.1167006659
68	1.2142836604	0.0635710425	-557.8827199659
69	1.3852671914	0.0635710425	-628.3081418698
70	1.1750654197	0.0635710425	-496.2724773940
71	1.0586364931	0.0635710425	-491.5660059511
72	1.0156381321	0.0635710425	-515.0784141817
73	0.0145205360	0.0635710425	-14.3245031673
74	1.6256568777	0.0635710425	-626.4389234693
75	0.8362541279	0.0635710425	-382.3381538438
76	1.4785405749	0.0635710425	-610.1184663234
77	0.0891087956	0.0635710425	-73.0991307856
78	1.7113942088	0.0635710425	-446.5175223464
79	1.1859988584	0.0635710425	-557.8671085797
80	0.5503688739	0.0635710425	-246.3038905944
81	2.5193522170	0.0635710425	-636.8198926244
82	2.1405985147	0.0635710425	-708.7660810222
83	1.6597728789	0.0635710425	-480.1936194482
84	0.6539819152	0.0635710425	-376.3090476801
85	0.7397370805	0.0635710425	-333.2924601647
86	1.7982186693	0.0635710425	-493.5030836585
87	1.3632643748	0.0635710425	-324.0367084254
88	1.0321335393	0.0635710425	-332.2053011781
89	0.1271295353	0.0635710425	-80.9687965984
90	1.4211662362	0.0635710425	-575.9011784808
91	1.1494482561	0.0635710425	-315.5227729475
92	0.3987592151	0.0635710425	-217.7555872445
93	1.1218811003	0.0635710425	-407.6109848622
94	0.6195301696	0.0635710425	-297.0529137194
95	1.4261807094	0.0635710425	-350.9108824502
96	1.6155230121	0.0635710425	-528.5735698875
97	1.3845592111	0.0635710425	-556.1863717438
98	0.4817917747	0.0635710425	-232.1530203953
99	1.5513656374	0.0635710425	-698.1232623500
100	0.0788274638	0.0635710425	-50.4107806485
101	0.0927162447	0.0635710425	-52.9929353287
102	1.6610237654	0.0635710425	-538.2961640884
103	1.3795970284	0.0635710425	-616.5628536851
104	0.0723198533	0.0635710425	-54.6188319822
105	1.6001219593	0.0635710425	-566.8888409310
106	1.4199610168	0.0635710425	-514.0978550517
107	0.2818821631	0.0635710425	-155.8113156150
108	1.6639652283	0.0635710425	-666.4763999210
109	1.3855444269	0.0635710425	-511.4645120788
110	1.0329842270	0.0635710425	-524.1329019495
111	0.0000000000	0.0635710425	-2.5438158838
112	1.4307816650	0.0635710425	-600.2302311173
113	1.2249025616	0.0635710425	-571.7210602490
114	1.7912732017	0.0635710425	-659.0254931872
115	1.4140426734	0.0635710425	-501.2424692836
116	2.0593531289	0.0635710425	-576.8904084643
117	2.5076445103	0.0635710425	-558.1389861926
118	0.9953696296	0.0635710425	-451.0129621227
119	1.2575113224	0.0635710425	-591.2595292382
120	2.3719009858	0.0635710425	-547.8122673888
121	0.1894591110	0.0635710425	-107.5924256204
122	0.1903183184	0.0635710425	-107.8105092622
123	1.5388707289	0.0635710425	-648.6878800845
124	1.1602175586	0.0635710425	-560.9692534416
