site	rate	t	lnL
1	2.9169617178	0.0651656761	-724.6479517036
2	1.1979383480	0.0651656761	-475.0538164499
3	2.3418855151	0.0651656761	-648.7024729642
4	2.1039399003	0.0651656761	-742.9423238532
5	0.2205852751	0.0651656761	-97.0866374059
6	1.4763253219	0.0651656761	-668.5050876208
7	0.4507022692	0.0651656761	-234.7850215832
8	0.2117136449	0.0651656761	-155.0832459274
9	1.4620544800	0.0651656761	-676.8337367409
10	1.4372386137	0.0651656761	-532.9832042633
11	0.2952542311	0.0651656761	-176.7695102571
12	1.7847455830	0.0651656761	-709.2464445231
13	1.2372017997	0.0651656761	-464.9525998485
14	1.4910037202	0.0651656761	-532.6093256988
15	0.1279076142	0.0651656761	-96.1558576910
16	1.2230403656	0.0651656761	-368.8159842736
17	0.8281519622	0.0651656761	-334.6586184818
18	0.6913477286	0.0651656761	-381.4435213884
19	2.1734552079	0.0651656761	-644.5547786472
20	0.4347209503	0.0651656761	-95.3776542373
21	1.5084437574	0.0651656761	-623.1990243492
22	1.0790924794	0.0651656761	-561.6028491001
23	0.5184314716	0.0651656761	-288.3742606494
24	0.4418393950	0.0651656761	-74.9011215898
25	1.1209156837	0.0651656761	-480.1037594723
26	0.1008919759	0.0651656761	-38.4738344148
27	0.2184702040	0.0651656761	-163.4467189985
28	0.0000000000	0.0651656761	-2.6120500788
29	0.4624790446	0.0651656761	-221.0594768825
30	0.5655671309	0.0651656761	-246.2635265390
31	1.3241201298	0.0651656761	-600.9708576104
32	2.1144329943	0.0651656761	-584.3068109044
33	0.5511400202	0.0651656761	-116.6927783430
34	1.1682491620	0.0651656761	-451.0275325193
35	0.4081645368	0.0651656761	-241.2236377562
36	1.9291150820	0.0651656761	-657.7467843874
37	1.5750480029	0.0651656761	-336.5012141443
38	1.1589211000	0.0651656761	-558.0736442866
39	1.2237790754	0.0651656761	-504.5808859826
40	0.7867995561	0.0651656761	-310.2750424172
41	1.9584748051	0.0651656761	-622.7653718733
42	1.5658468997	0.0651656761	-588.5884565297
43	0.9108389139	0.0651656761	-475.3988440595
44	2.5223076585	0.0651656761	-442.7934369652
45	0.9506351912	0.0651656761	-322.3593326271
46	0.4382705325	0.0651656761	-91.5860249670
47	0.4234097631	0.0651656761	-205.8600377822
48	1.5767697264	0.0651656761	-557.5080653728
49	1.2056972986	0.0651656761	-391.7467578249
50	0.7039691158	0.0651656761	-377.4361320509
51	0.0000000000	0.0651656761	-2.3892070663
52	0.2344407814	0.0651656761	-141.1309630810
53	0.3465588071	0.0651656761	-208.1231618866
54	0.8061348235	0.0651656761	-408.1714510830
55	0.4093944940	0.0651656761	-247.2955293331
56	1.0644328288	0.0651656761	-478.0690617414
57	0.2420487400	0.0651656761	-127.0000170597
58	0.8425948359	0.0651656761	-302.0520552434
59	0.9368013508	0.0651656761	-490.9322478433
60	0.2989756271	0.0651656761	-180.4394800057
61	0.6758768522	0.0651656761	-282.4914289306
62	1.6315314891	0.0651656761	-605.0820984381
63	1.4928033499	0.0651656761	-443.3270698149
64	1.0967001894	0.0651656761	-226.8991275634
65	1.3929793946	0.0651656761	-695.4105505487
66	0.9331163068	0.0651656761	-375.3041060565
67	1.6933076897	0.0651656761	-651.7057313240
68	0.8390977089	0.0651656761	-169.4648695687
69	1.6207090476	0.0651656761	-621.7987261231
70	1.8870329360	0.0651656761	-530.1649181937
71	1.8214537028	0.0651656761	-566.1707320038
72	0.7003613545	0.0651656761	-392.7099660378
73	0.0000000000	0.0651656761	-2.6120500788
74	0.4953232644	0.0651656761	-109.5848815106
75	2.6493555854	0.0651656761	-790.9344023912
76	1.2920066674	0.0651656761	-434.9299467329
77	0.0000000000	0.0651656761	-2.6120500788
78	1.2742874059	0.0651656761	-536.9647144086
79	1.2691011156	0.0651656761	-586.4864604467
80	0.2048308060	0.0651656761	-146.1411009877
81	0.5014348099	0.0651656761	-312.8080790968
82	1.5878971882	0.0651656761	-626.2934748443
83	1.2737909962	0.0651656761	-586.8672648186
84	0.6001300539	0.0651656761	-223.9934975956
85	0.2143004281	0.0651656761	-162.7147737449
86	1.0828943578	0.0651656761	-536.3184423706
87	1.9783474671	0.0651656761	-691.2974047605
88	0.5053553946	0.0651656761	-260.3006867809
89	0.0921676785	0.0651656761	-74.4093626537
90	1.1456530008	0.0651656761	-522.4789715896
91	0.0207347490	0.0651656761	-14.7915663672
92	0.6809304724	0.0651656761	-371.0986512824
93	1.8174019634	0.0651656761	-660.7930406260
94	0.1859136210	0.0651656761	-121.0986853454
95	0.3133799890	0.0651656761	-172.7577486981
96	1.2688652445	0.0651656761	-603.6368838527
97	1.8708560187	0.0651656761	-538.9193915778
98	1.1573932859	0.0651656761	-308.3398391559
99	1.1912066646	0.0651656761	-498.7836500268
100	0.1211654059	0.0651656761	-32.7725243564
101	0.2747768147	0.0651656761	-162.1839053905
102	1.9220290966	0.0651656761	-593.2365597516
103	1.9761273369	0.0651656761	-640.7496491654
104	0.2227355098	0.0651656761	-72.6529309629
105	1.2628853190	0.0651656761	-580.1170281949
106	2.5775352962	0.0651656761	-730.8811975289
107	0.2682465987	0.0651656761	-134.2973812756
108	1.4914837754	0.0651656761	-559.0705459568
109	2.0758862337	0.0651656761	-747.9892639995
110	1.1204144115	0.0651656761	-551.9848206015
111	0.0000000000	0.0651656761	-2.6120500788
112	1.8579233435	0.0651656761	-733.6328850627
113	1.4319041107	0.0651656761	-678.0573856650
114	0.4924631098	0.0651656761	-164.0352411121
115	2.0466301187	0.0651656761	-578.0269746461
116	1.6315481442	0.0651656761	-552.3318993022
117	1.3998585742	0.0651656761	-502.3282807333
118	1.9260229282	0.0651656761	-707.5272286732
119	0.5797446588	0.0651656761	-356.5756365612
120	1.1983927433	0.0651656761	-510.1934209580
121	1.6473235909	0.0651656761	-348.1155936241
122	1.2184984090	0.0651656761	-422.0606239327
123	1.4223643545	0.0651656761	-392.2790422625
124	1.6545793835	0.0651656761	-627.8802283284
