site	rate	t	lnL
1	1.3564260450	0.0068784321	-81.0301588802
2	0.0000000000	0.0068784321	-2.9957322736
3	0.6009722548	0.0068784321	-40.9333691413
4	1.8118962660	0.0068784321	-103.5684686414
5	0.9025367355	0.0068784321	-57.4625547420
6	1.9637062690	0.0068784321	-110.9039048134
7	0.4504487999	0.0068784321	-32.3137917638
8	0.4504252163	0.0068784321	-32.3139473161
9	1.5076866270	0.0068784321	-88.6436801600
10	0.6009409127	0.0068784321	-40.9335770448
11	0.6009409323	0.0068784321	-40.9335768724
12	2.2685670477	0.0068784321	-125.3413699693
13	0.7516838862	0.0068784321	-49.2990810490
14	1.0533960607	0.0068784321	-65.4585863215
15	0.3001439034	0.0068784321	-23.3530172962
16	1.2048267937	0.0068784321	-73.3075622037
17	0.7516444558	0.0068784321	-49.2993414749
18	0.9025841665	0.0068784321	-57.4622415723
19	1.3562094749	0.0068784321	-81.0315774710
20	0.1499851798	0.0068784321	-13.8681158888
21	1.5080071594	0.0068784321	-88.6415806535
22	0.9024893146	0.0068784321	-57.4628675033
23	0.3001438951	0.0068784321	-23.3530173176
24	0.0000000000	0.0068784321	-2.9957322736
25	1.3562093900	0.0068784321	-81.0315774710
26	1.5076863202	0.0068784321	-88.6436807055
27	0.3001126987	0.0068784321	-23.3532243457
28	0.0000000000	0.0068784321	-2.9957322736
29	0.1499788803	0.0068784321	-13.8681158879
30	0.0000000000	0.0068784321	-2.9957322736
31	1.3562093638	0.0068784321	-81.0315779172
32	1.9642329931	0.0068784321	-110.9004716349
33	0.0000000000	0.0068784321	-2.9957322736
34	1.6596779650	0.0068784321	-96.1523043821
35	3.8044283719	0.0068784321	-192.8892808731
36	1.3562098733	0.0068784321	-81.0315761373
37	1.8117975300	0.0068784321	-103.5691069155
38	1.8115068928	0.0068784321	-103.5710033328
39	1.2046353860	0.0068784321	-73.3088189245
40	1.2049552433	0.0068784321	-73.3067221732
41	1.9641490834	0.0068784321	-109.8023643663
42	1.3567297428	0.0068784321	-79.9295295418
43	3.6500780455	0.0068784321	-187.3415484392
44	1.9632828823	0.0068784321	-110.9066556741
45	2.1161196071	0.0068784321	-117.0597948249
46	0.3001282717	0.0068784321	-23.3531208451
47	1.0535076468	0.0068784321	-65.4578536536
48	1.2046991069	0.0068784321	-73.3084000400
49	0.4504253223	0.0068784321	-32.3139473161
50	0.4504722720	0.0068784321	-32.3136361550
51	0.0000000000	0.0068784321	-2.9957322736
52	0.4504957175	0.0068784321	-32.3134806349
53	0.6010037272	0.0068784321	-40.9331613134
54	0.0000000000	0.0068784321	-2.9957322736
55	0.3001438874	0.0068784321	-23.3530173177
56	0.9024892584	0.0068784321	-57.4628676992
57	0.1499711258	0.0068784321	-13.8681675434
58	2.1170939824	0.0068784321	-115.9548086218
59	1.2047630782	0.0068784321	-73.3079807814
60	0.3001283199	0.0068784321	-23.3531208237
61	0.1499711258	0.0068784321	-13.8681675434
62	0.7516051822	0.0068784321	-49.2996017518
63	0.1499788784	0.0068784321	-13.8681158879
64	1.9640246449	0.0068784321	-110.9018391389
65	0.9025843579	0.0068784321	-57.4622415723
66	0.0000000000	0.0068784321	-2.9957322736
67	1.3564979803	0.0068784321	-81.0296879008
68	0.1499788764	0.0068784321	-13.8681158933
69	0.7516050655	0.0068784321	-49.2996017518
70	0.7518129328	0.0068784321	-48.1996088083
71	1.0536189026	0.0068784321	-65.4571219732
72	0.7516839124	0.0068784321	-49.2990810490
73	0.0000000000	0.0068784321	-2.9957322736
74	0.0000000000	0.0068784321	-2.9957322736
75	0.3001127342	0.0068784321	-23.3532243457
76	0.6009094633	0.0068784321	-40.9337849372
77	0.0000000000	0.0068784321	-2.9957322736
78	2.1161014592	0.0068784321	-118.1585889833
79	2.1173203061	0.0068784321	-115.9533327504
80	0.1499711210	0.0068784321	-13.8681675434
81	0.7517233153	0.0068784321	-49.2988208802
82	3.3430789106	0.0068784321	-173.9109700544
83	1.3564971131	0.0068784321	-81.0296907512
84	0.3001283199	0.0068784321	-23.3531208237
85	0.0000000000	0.0068784321	-2.9957322736
86	1.9638114728	0.0068784321	-110.9032191331
87	0.9026317126	0.0068784321	-57.4619289740
88	1.0537300161	0.0068784321	-65.4563904852
89	0.6009408892	0.0068784321	-40.9335770447
90	0.9024893558	0.0068784321	-57.4628676993
91	1.0535629460	0.0068784321	-65.4574883577
92	0.4504488116	0.0068784321	-32.3137917154
93	1.5081870695	0.0068784321	-87.5417671166
94	0.0000000000	0.0068784321	-2.9957322736
95	0.4504722720	0.0068784321	-32.3136361550
96	2.8814944924	0.0068784321	-153.4254450130
97	0.3001127218	0.0068784321	-23.3532243457
98	0.1499788830	0.0068784321	-13.8681158933
99	1.0535074347	0.0068784321	-65.4578544544
100	0.0000000000	0.0068784321	-2.9957322736
101	1.6597665808	0.0068784321	-96.1517255393
102	1.9639377371	0.0068784321	-109.8037387889
103	1.5080082482	0.0068784321	-88.6415771278
104	0.1499711411	0.0068784321	-13.8681675434
105	1.2048266523	0.0068784321	-73.3075625548
106	2.2681971453	0.0068784321	-125.3437617991
107	0.1499848269	0.0068784321	-13.8681158887
108	1.9642342169	0.0068784321	-110.9004706693
109	1.0535631565	0.0068784321	-65.4574886254
110	0.9024418377	0.0068784321	-57.4631806399
111	0.0000000000	0.0068784321	-2.9957322736
112	2.1162125607	0.0068784321	-118.1578584049
113	2.5742420498	0.0068784321	-138.4075953499
114	0.0000000000	0.0068784321	-2.9957322736
115	0.9026317049	0.0068784321	-57.4619287779
116	1.9639187477	0.0068784321	-110.9025267867
117	2.1162148451	0.0068784321	-118.1578503159
118	0.3001438462	0.0068784321	-23.3530173177
119	2.1161007311	0.0068784321	-118.1585911769
120	1.6596778764	0.0068784321	-96.1523050541
121	1.0535628756	0.0068784321	-65.4574886252
122	0.0000000000	0.0068784321	-2.9957322736
123	0.3001438899	0.0068784321	-23.3530173177
124	1.6601187245	0.0068784321	-96.1494177434
