site	rate	t	lnL
1	3.0232644256	0.0007730276	-13.6258115202
2	0.0000000000	0.0007730276	-1.9244991247
3	2.4927628756	0.0007730276	-21.4677318454
4	0.0000000000	0.0007730276	-3.4027421730
5	0.0000000000	0.0007730276	-2.1910378574
6	1.4241459022	0.0007730276	-16.4489495510
7	0.0000000000	0.0007730276	-1.9244991247
8	0.0000000000	0.0007730276	-2.1910378574
9	2.2558179718	0.0007730276	-26.9717040901
10	1.5586661295	0.0007730276	-15.0152237484
11	0.0000000000	0.0007730276	-1.9244991247
12	2.2541054294	0.0007730276	-14.0306172524
13	0.0000000000	0.0007730276	-2.5460236118
14	0.0000000000	0.0007730276	-2.5249492732
15	2.1284848635	0.0007730276	-12.7160545115
16	0.0000000000	0.0007730276	-2.5163302189
17	0.0000000000	0.0007730276	-3.4017960992
18	1.2446528865	0.0007730276	-11.0676737831
19	2.0241906827	0.0007730276	-22.8008405129
20	1.5338807190	0.0007730276	-16.5487117278
21	1.8124376620	0.0007730276	-17.0588665961
22	5.3309269273	0.0007730276	-34.2713488342
23	1.9145707940	0.0007730276	-18.2770496953
24	0.0000000000	0.0007730276	-3.4383914201
25	4.6834046855	0.0007730276	-33.8658724219
26	0.0000000000	0.0007730276	-1.9244991247
27	0.0000000000	0.0007730276	-2.5163302189
28	0.0000000000	0.0007730276	-2.1910378574
29	0.0000000000	0.0007730276	-1.9244991247
30	0.9845002415	0.0007730276	-15.5159611866
31	1.2456382891	0.0007730276	-14.4678198006
32	0.0000000000	0.0007730276	-1.9244991247
33	0.0000000000	0.0007730276	-3.2194745424
34	0.0000000000	0.0007730276	-2.5249492732
35	0.0000000000	0.0007730276	-2.5460236118
36	1.2458057863	0.0007730276	-13.5807722657
37	0.0000000000	0.0007730276	-3.4383914201
38	1.8791868516	0.0007730276	-16.1807384865
39	8.2427614742	0.0007730276	-30.8734362580
40	0.0000000000	0.0007730276	-3.4027421730
41	1.4414381545	0.0007730276	-13.0943158724
42	0.0000000000	0.0007730276	-3.6746167327
43	0.0000000000	0.0007730276	-2.8763264514
44	3.0744767447	0.0007730276	-28.4694782545
45	0.0000000000	0.0007730276	-2.5163302189
46	0.0000000000	0.0007730276	-2.5249492732
47	0.0000000000	0.0007730276	-3.0343987049
48	0.0000000000	0.0007730276	-2.5163302189
49	0.0000000000	0.0007730276	-3.7197180568
50	0.0000000000	0.0007730276	-2.8763264514
51	0.0000000000	0.0007730276	-2.5249492732
52	1.9801212663	0.0007730276	-26.5639259446
53	0.0000000000	0.0007730276	-2.8602418007
54	1.4320186847	0.0007730276	-16.8880192777
55	1.1242096346	0.0007730276	-12.2884226536
56	0.0000000000	0.0007730276	-3.2194745424
57	0.0000000000	0.0007730276	-3.0343987049
58	0.0000000000	0.0007730276	-2.8602418007
59	5.4608765611	0.0007730276	-37.4887417401
60	0.0000000000	0.0007730276	-3.2088924330
61	0.0000000000	0.0007730276	-2.1910378574
62	1.7453032073	0.0007730276	-15.9484712203
63	2.8666406480	0.0007730276	-24.8496936648
64	0.0000000000	0.0007730276	-1.9244991247
65	0.0000000000	0.0007730276	-2.8763264514
66	0.0000000000	0.0007730276	-3.7223205306
67	0.9497323867	0.0007730276	-14.6903365835
68	0.0000000000	0.0007730276	-2.5249492732
69	1.4278143277	0.0007730276	-15.9474819329
70	0.7257313232	0.0007730276	-16.2139186626
71	2.0400570953	0.0007730276	-24.2766175531
72	0.0000000000	0.0007730276	-3.4017960992
73	0.0000000000	0.0007730276	-2.1910378574
74	0.0000000000	0.0007730276	-2.5249492732
75	0.0000000000	0.0007730276	-2.5460236118
76	0.0000000000	0.0007730276	-2.5249492732
77	0.0000000000	0.0007730276	-3.2194745424
78	3.5534073261	0.0007730276	-33.7540176789
79	2.2399715926	0.0007730276	-13.5720023481
80	2.3344287928	0.0007730276	-24.1351064202
81	0.0000000000	0.0007730276	-2.5460236118
82	0.0000000000	0.0007730276	-3.2194745424
83	3.0813215175	0.0007730276	-30.8328756306
84	0.0000000000	0.0007730276	-3.6746167327
85	0.0000000000	0.0007730276	-3.7197180568
86	4.5104625420	0.0007730276	-21.6997751331
87	6.0371153831	0.0007730276	-27.5083568694
88	0.0000000000	0.0007730276	-2.5163302189
89	0.0000000000	0.0007730276	-1.9244991247
90	1.2448218254	0.0007730276	-14.4560954094
91	0.0000000000	0.0007730276	-2.1910378574
92	0.0000000000	0.0007730276	-1.9244991247
93	0.0000000000	0.0007730276	-2.5163302189
94	0.0000000000	0.0007730276	-2.5163302189
95	2.2134132804	0.0007730276	-13.8565220930
96	1.1275477523	0.0007730276	-16.6802403556
97	0.0000000000	0.0007730276	-2.5249492732
98	0.0000000000	0.0007730276	-2.1910378574
99	0.0000000000	0.0007730276	-3.6746167327
100	0.0000000000	0.0007730276	-2.5249492732
101	0.0000000000	0.0007730276	-1.9244991247
102	3.0765402850	0.0007730276	-26.1907733382
103	2.0240364824	0.0007730276	-23.2012494845
104	0.0000000000	0.0007730276	-3.2088924330
105	2.4648521212	0.0007730276	-16.0973252044
106	0.0000000000	0.0007730276	-1.9244991247
107	1.5283328572	0.0007730276	-12.9802082175
108	3.0431697977	0.0007730276	-24.7648751657
109	0.0000000000	0.0007730276	-2.8602418007
110	1.2446533552	0.0007730276	-11.0676737831
111	0.0000000000	0.0007730276	-2.1910378574
112	1.5335880361	0.0007730276	-15.7823237489
113	0.9540495065	0.0007730276	-16.8778321764
114	0.0000000000	0.0007730276	-3.7347756244
115	0.0000000000	0.0007730276	-4.1020607475
116	4.8889165959	0.0007730276	-26.0589651632
117	2.0263742573	0.0007730276	-26.2765231246
118	0.0000000000	0.0007730276	-1.9244991247
119	3.4020221636	0.0007730276	-37.5025923318
120	3.5813443164	0.0007730276	-35.5980935278
121	0.0000000000	0.0007730276	-2.8602418007
122	2.2370484669	0.0007730276	-13.8458984750
123	3.0224075591	0.0007730276	-13.7695996061
124	1.4351458136	0.0007730276	-15.0478445874
