site	rate	t	lnL
1	1.2385943666	0.0066690364	-82.4708021708
2	0.3230955558	0.0066690364	-21.9598117323
3	2.5197599338	0.0066690364	-104.6854529630
4	4.2638709285	0.0066690364	-135.3965841606
5	0.2681720175	0.0066690364	-16.7230770570
6	1.2128226497	0.0066690364	-84.3714673436
7	0.1745946863	0.0066690364	-11.9048896321
8	0.3224170287	0.0066690364	-24.0362659274
9	0.9788486224	0.0066690364	-58.2415188931
10	1.0403016017	0.0066690364	-65.4571027791
11	0.8954136633	0.0066690364	-46.0254719906
12	0.4598928750	0.0066690364	-26.1738173855
13	1.4918260127	0.0066690364	-71.6349225209
14	1.4699760326	0.0066690364	-96.8815749068
15	0.3448696691	0.0066690364	-23.8786672489
16	5.1522230641	0.0066690364	-181.7961915308
17	1.5407526608	0.0066690364	-91.9967172826
18	1.8146278756	0.0066690364	-84.6518545695
19	1.4185450941	0.0066690364	-65.8500678685
20	0.3091143751	0.0066690364	-12.2814209240
21	1.1358612316	0.0066690364	-72.2242522968
22	1.2607435305	0.0066690364	-44.9252797901
23	0.4825831233	0.0066690364	-33.1505873725
24	0.3147800490	0.0066690364	-13.6076453154
25	0.8800080548	0.0066690364	-66.8372756709
26	0.0000000000	0.0066690364	-3.0616157848
27	0.2064795406	0.0066690364	-21.4062859682
28	0.0000000000	0.0066690364	-2.2721495123
29	0.1610493916	0.0066690364	-14.1295765009
30	0.1273139627	0.0066690364	-14.9217475037
31	1.4178082143	0.0066690364	-101.1314010713
32	0.2893082417	0.0066690364	-22.2021649148
33	0.3247472838	0.0066690364	-22.8032891115
34	1.5451235973	0.0066690364	-52.2756663716
35	0.9722976026	0.0066690364	-60.4374698244
36	1.7213594931	0.0066690364	-116.1121685111
37	0.6330614536	0.0066690364	-24.1894170037
38	1.3463762984	0.0066690364	-54.1709678498
39	1.3016860872	0.0066690364	-85.5830102198
40	1.2317635235	0.0066690364	-90.2335470904
41	5.1251113733	0.0066690364	-123.1110015878
42	0.8368141426	0.0066690364	-82.8325661555
43	2.1760637048	0.0066690364	-60.2669552019
44	0.9743816003	0.0066690364	-59.4405060141
45	0.4731994254	0.0066690364	-24.8987774748
46	1.2267716692	0.0066690364	-75.0204290232
47	0.1201964571	0.0066690364	-13.7238680398
48	0.6561408019	0.0066690364	-63.8518653049
49	1.9126087561	0.0066690364	-162.3577272733
50	3.0816096355	0.0066690364	-139.6089090610
51	0.0000000000	0.0066690364	-2.5747629789
52	0.5539411352	0.0066690364	-56.7086045043
53	0.5796270705	0.0066690364	-39.8828439530
54	0.6129252051	0.0066690364	-45.3306734587
55	0.4324295126	0.0066690364	-43.7254034243
56	1.1302890190	0.0066690364	-98.7364578967
57	0.6166471101	0.0066690364	-21.1848865092
58	0.7282836872	0.0066690364	-50.1662537427
59	0.4373247219	0.0066690364	-35.0867065717
60	0.8789841141	0.0066690364	-56.3333699711
61	0.0000000000	0.0066690364	-2.2721495123
62	2.1499284539	0.0066690364	-83.7269146940
63	0.0000000000	0.0066690364	-2.8098154569
64	0.8039538993	0.0066690364	-36.5086468343
65	0.8789333855	0.0066690364	-61.6627155455
66	0.4562809517	0.0066690364	-30.0432934454
67	1.8471164720	0.0066690364	-78.7189259018
68	1.3013012406	0.0066690364	-68.7362074569
69	3.9324593447	0.0066690364	-154.2427296887
70	1.3006131798	0.0066690364	-74.9074623229
71	4.9703416735	0.0066690364	-199.7767757543
72	1.9603497083	0.0066690364	-86.6725194426
73	0.2653511045	0.0066690364	-12.0276294005
74	0.6183790753	0.0066690364	-21.2447609629
75	0.6387872418	0.0066690364	-40.0251433209
76	1.4155571721	0.0066690364	-89.4239519412
77	0.0000000000	0.0066690364	-2.2721495123
78	3.7123348593	0.0066690364	-156.0546638890
79	1.1066066413	0.0066690364	-60.3867196900
80	1.4550826862	0.0066690364	-91.0565464033
81	0.6538280698	0.0066690364	-40.8229638210
82	0.9041468399	0.0066690364	-65.4045616679
83	0.3191053378	0.0066690364	-27.7018935879
84	0.2361343159	0.0066690364	-14.7851447200
85	0.0000000000	0.0066690364	-2.8771654949
86	1.1176080636	0.0066690364	-52.0291894846
87	1.2551816237	0.0066690364	-42.8502158687
88	0.8134232508	0.0066690364	-47.0917048272
89	0.1078468631	0.0066690364	-11.5490340384
90	1.6405617231	0.0066690364	-106.9764671619
91	0.0000000000	0.0066690364	-2.2721495123
92	0.5979036292	0.0066690364	-40.5822097001
93	0.6934697901	0.0066690364	-50.4593174834
94	0.3222507204	0.0066690364	-21.8964100918
95	0.0000000000	0.0066690364	-3.3439287168
96	1.3729462650	0.0066690364	-102.0739239960
97	2.4073931534	0.0066690364	-79.9505748824
98	1.2986323092	0.0066690364	-69.0564667875
99	1.1661737652	0.0066690364	-52.1122052087
100	0.3087026623	0.0066690364	-17.8525447834
101	0.1450562504	0.0066690364	-15.5735162568
102	1.0286531948	0.0066690364	-70.9648926764
103	0.4838292932	0.0066690364	-40.0497835607
104	0.0000000000	0.0066690364	-3.0616157848
105	2.6240078466	0.0066690364	-82.7862299029
106	1.9619571073	0.0066690364	-85.7385041829
107	0.4451757619	0.0066690364	-21.8617163761
108	1.4793975971	0.0066690364	-65.3603937073
109	0.4562920446	0.0066690364	-24.5921875300
110	1.7439462947	0.0066690364	-76.9002640196
111	0.0000000000	0.0066690364	-2.2721495123
112	0.7395720129	0.0066690364	-23.9307290143
113	2.4934195614	0.0066690364	-76.2310432438
114	0.2360037836	0.0066690364	-12.3555322382
115	0.6681669404	0.0066690364	-34.1622233591
116	0.9691830187	0.0066690364	-76.8206945215
117	1.6105587682	0.0066690364	-103.9189991052
118	0.3226529340	0.0066690364	-21.0179778953
119	2.1474578019	0.0066690364	-116.2413212975
120	0.6043351073	0.0066690364	-58.8752651518
121	0.6204718212	0.0066690364	-24.9763657219
122	0.0000000000	0.0066690364	-2.2721495123
123	1.0961389916	0.0066690364	-107.6594122121
124	2.1507844985	0.0066690364	-81.4495356676
