site	rate	t	lnL
1	4.1496852613	0.5157777000	-1542.1818336983
2	0.4812506029	0.5157777000	-953.4608891528
3	2.8208215652	0.5157777000	-1527.7448399587
4	3.5252041846	0.5157777000	-1526.0640758881
5	0.1013106090	0.5157777000	-271.5982335723
6	3.1537662234	0.5157777000	-1534.4213847553
7	0.3243402600	0.5157777000	-811.1305506120
8	0.6549323158	0.5157777000	-1226.1408865750
9	2.1601266405	0.5157777000	-1533.3427556298
10	3.0072300379	0.5157777000	-1491.9362049812
11	0.3610222621	0.5157777000	-820.3050672366
12	2.8807972335	0.5157777000	-1538.1363811942
13	1.1111117877	0.5157777000	-1357.7845940335
14	1.7512757848	0.5157777000	-1294.3544591156
15	0.2252761174	0.5157777000	-668.8596387351
16	4.0542053644	0.5157777000	-1539.3913972446
17	2.2206116601	0.5157777000	-1428.3456150631
18	1.5750108606	0.5157777000	-1317.9800502143
19	2.3536324754	0.5157777000	-1508.1267599612
20	0.6507667950	0.5157777000	-669.0549028140
21	0.9419140522	0.5157777000	-1258.9582637477
22	2.7677797104	0.5157777000	-1424.7068818526
23	0.5663059487	0.5157777000	-1096.3158935274
24	0.2202999539	0.5157777000	-244.7471353086
25	1.9382558954	0.5157777000	-1459.5189414862
26	0.3602956372	0.5157777000	-633.9550417548
27	0.3298117328	0.5157777000	-833.1606022797
28	0.0051817279	0.5157777000	-19.9696207887
29	0.1591571791	0.5157777000	-602.4093491914
30	0.4242826563	0.5157777000	-971.3523768226
31	1.9373758924	0.5157777000	-1455.6334269955
32	0.9314568395	0.5157777000	-1279.6837351392
33	0.2101441596	0.5157777000	-577.9608969619
34	2.2600409187	0.5157777000	-1450.6844640111
35	1.1116590945	0.5157777000	-1309.7254196477
36	3.2446717490	0.5157777000	-1522.5118953036
37	2.1140603068	0.5157777000	-1330.1760739061
38	2.7521975674	0.5157777000	-1509.4240305483
39	2.9753029971	0.5157777000	-1514.8398318955
40	1.2205735912	0.5157777000	-1364.9296229262
41	1.3454977032	0.5157777000	-1419.2261341475
42	6.4640859384	0.5157777000	-1543.5322654679
43	2.0517709424	0.5157777000	-1447.3879460153
44	3.4535885172	0.5157777000	-1542.8288002897
45	1.6800287403	0.5157777000	-1352.9829944588
46	1.0069750012	0.5157777000	-945.1745310353
47	0.3186264365	0.5157777000	-862.8696023248
48	1.3587608031	0.5157777000	-1393.0282409599
49	1.2354429351	0.5157777000	-1343.6875552290
50	0.7235422992	0.5157777000	-1140.2333593774
51	0.0381167375	0.5157777000	-60.5791772654
52	0.3535036350	0.5157777000	-878.0003619224
53	0.3352730448	0.5157777000	-857.0869478502
54	0.9390074871	0.5157777000	-1203.9814662245
55	0.3286864322	0.5157777000	-849.2157906748
56	1.2120379831	0.5157777000	-1476.1175653742
57	0.0982918463	0.5157777000	-355.9888771513
58	1.5273514559	0.5157777000	-1375.5721954810
59	3.2649006575	0.5157777000	-1536.0054219254
60	0.6657516897	0.5157777000	-943.7074908298
61	0.0522569847	0.5157777000	-145.2811793485
62	2.3926403374	0.5157777000	-1519.1840859971
63	0.5457411502	0.5157777000	-771.9670632109
64	1.3889341350	0.5157777000	-1135.4277980193
65	1.7799937973	0.5157777000	-1483.7344925881
66	0.2486885227	0.5157777000	-689.9467806777
67	4.5193231012	0.5157777000	-1561.9822450464
68	1.2850418538	0.5157777000	-1118.4054530322
69	2.3581360057	0.5157777000	-1523.0374419686
70	3.1396593813	0.5157777000	-1528.4302392616
71	1.4229104076	0.5157777000	-1361.9311378906
72	1.9505385916	0.5157777000	-1441.1668386157
73	0.0617338946	0.5157777000	-173.6594628476
74	1.2008548977	0.5157777000	-1075.3280866325
75	0.9706303662	0.5157777000	-1262.8863405981
76	2.6089166226	0.5157777000	-1494.2210082974
77	0.1120442584	0.5157777000	-269.4908106356
78	4.1846200302	0.5157777000	-1543.2107518289
79	2.8564652467	0.5157777000	-1501.1816847437
80	0.5290524137	0.5157777000	-1104.1004243183
81	1.2026434920	0.5157777000	-1320.5796717381
82	3.0184897923	0.5157777000	-1549.6276130082
83	3.5630763741	0.5157777000	-1543.4949443403
84	0.8939936286	0.5157777000	-1035.1397165431
85	0.4670372719	0.5157777000	-1060.1211857877
86	1.0288052318	0.5157777000	-1492.3681483712
87	2.6572229059	0.5157777000	-1386.0536226395
88	0.5611239720	0.5157777000	-1208.3549395210
89	0.1650291792	0.5157777000	-555.7170823906
90	4.1996790322	0.5157777000	-1482.4197353942
91	0.1200511800	0.5157777000	-286.7227521983
92	0.6349743485	0.5157777000	-1097.6535188287
93	2.2487910504	0.5157777000	-1490.6818352392
94	0.2440061614	0.5157777000	-655.4767295335
95	0.3550683306	0.5157777000	-924.4039009568
96	2.1663686397	0.5157777000	-1494.8769978100
97	3.7808740101	0.5157777000	-1446.1159219743
98	1.8688908134	0.5157777000	-1341.9930502288
99	2.9787857111	0.5157777000	-1543.8272988195
100	0.3950739294	0.5157777000	-481.9174227568
101	0.1607095649	0.5157777000	-514.3728361680
102	3.5368300145	0.5157777000	-1531.0182078670
103	2.8687623857	0.5157777000	-1412.2737204353
104	0.2490204489	0.5157777000	-435.7632266664
105	3.0511209405	0.5157777000	-1497.8730696516
106	2.5761050243	0.5157777000	-1502.3262423761
107	0.4035866202	0.5157777000	-834.1682163530
108	2.5863731639	0.5157777000	-1511.3071162661
109	3.4520630081	0.5157777000	-1525.4291048853
110	2.5756171073	0.5157777000	-1476.0883512365
111	0.0025923950	0.5157777000	-13.2396319927
112	3.4877830399	0.5157777000	-1519.1661982946
113	2.7139967891	0.5157777000	-1548.9400410083
114	0.9982780584	0.5157777000	-1122.6773877892
115	3.1286663031	0.5157777000	-1533.9071195569
116	2.3556722268	0.5157777000	-1543.4863805402
117	4.1030816268	0.5157777000	-1506.9040641866
118	1.4014186880	0.5157777000	-1319.5215781255
119	0.9807740817	0.5157777000	-1422.3360107134
120	3.1695814663	0.5157777000	-1496.4197751056
121	0.8083914635	0.5157777000	-796.1365677635
122	0.1784809203	0.5157777000	-405.9342222303
123	3.8787965659	0.5157777000	-1530.7039938087
124	3.0866822937	0.5157777000	-1540.9699531140
