site	rate	t	lnL
1	0.9145795392	0.0571445582	-42.4921376778
2	0.6010311147	0.0571445582	-32.4678751701
3	1.0712568066	0.0571445582	-48.4541518545
4	2.0894997287	0.0571445582	-79.3602398401
5	0.0000000000	0.0571445582	-2.9957322736
6	2.2340186706	0.0571445582	-87.8476509406
7	0.6010371129	0.0571445582	-32.4678560020
8	0.1480521647	0.0571445582	-11.7640463154
9	1.0707368096	0.0571445582	-49.4388560970
10	0.9132000492	0.0571445582	-44.6991118017
11	0.4488044292	0.0571445582	-25.9752150217
12	1.7253916016	0.0571445582	-69.2988246474
13	0.9104956382	0.0571445582	-44.7157759558
14	2.9856985766	0.0571445582	-104.7579391244
15	0.9136131825	0.0571445582	-44.6964537039
16	2.8165682793	0.0571445582	-99.9610512322
17	0.7553474806	0.0571445582	-38.6949406561
18	0.9114039330	0.0571445582	-44.7101986320
19	2.0534296533	0.0571445582	-82.1717191438
20	0.0000000000	0.0571445582	-2.9957322736
21	0.7560589549	0.0571445582	-38.6904361629
22	0.4485946893	0.0571445582	-25.9765553378
23	0.4487916515	0.0571445582	-25.9752572290
24	0.0000000000	0.0571445582	-2.9957322736
25	1.9030609444	0.0571445582	-76.5354520723
26	1.7207250590	0.0571445582	-70.3077509369
27	0.1480521525	0.0571445582	-11.7640463154
28	0.0000000000	0.0571445582	-2.9957322736
29	0.0000000000	0.0571445582	-2.9957322736
30	1.0709539150	0.0571445582	-49.4376478258
31	2.8035888474	0.0571445582	-100.0482922639
32	0.6025222962	0.0571445582	-31.3594457732
33	1.7226751646	0.0571445582	-71.3978810829
34	1.3877903242	0.0571445582	-61.7942198261
35	0.9123389457	0.0571445582	-44.0113895410
36	2.2396619015	0.0571445582	-85.6113780499
37	0.9126646805	0.0571445582	-43.6031026781
38	1.0692802799	0.0571445582	-50.5473236454
39	2.5949357832	0.0571445582	-94.4174782514
40	0.2976358632	0.0571445582	-19.1362475003
41	2.4144191460	0.0571445582	-88.5994114480
42	1.0712333838	0.0571445582	-49.4357090789
43	1.3998480957	0.0571445582	-61.7217202536
44	2.0740953054	0.0571445582	-82.7475909076
45	1.3932039097	0.0571445582	-60.6616100908
46	0.1480521647	0.0571445582	-11.7640463154
47	0.7553523687	0.0571445582	-38.6949252154
48	0.9118689230	0.0571445582	-44.7073769541
49	0.6021509697	0.0571445582	-32.4607251910
50	0.1481163758	0.0571445582	-11.7636180684
51	0.0000000000	0.0571445582	-2.9957322736
52	0.4490089582	0.0571445582	-25.9738915872
53	0.4485946854	0.0571445582	-25.9765553378
54	0.7571694299	0.0571445582	-38.6835422160
55	0.0000000000	0.0571445582	-2.9957322736
56	0.2976358863	0.0571445582	-19.1362475003
57	0.0000000000	0.0571445582	-2.9957322736
58	0.6016006517	0.0571445582	-32.4642690927
59	1.5576154156	0.0571445582	-67.1818821313
60	0.7567965451	0.0571445582	-38.6858485209
61	0.0000000000	0.0571445582	-2.9957322736
62	1.3921576396	0.0571445582	-61.7682894827
63	0.4485946883	0.0571445582	-25.9765553378
64	1.2282384929	0.0571445582	-56.2345589171
65	1.8939198565	0.0571445582	-76.9972119867
66	0.7557218132	0.0571445582	-38.6926290864
67	1.0708769997	0.0571445582	-50.5375481018
68	2.9613710114	0.0571445582	-104.8849419009
69	2.2422205874	0.0571445582	-84.2085108748
70	2.2476658655	0.0571445582	-85.5664302502
71	0.9127413979	0.0571445582	-44.7019141472
72	2.2437522901	0.0571445582	-84.6049531074
73	0.1481163571	0.0571445582	-11.7636180681
74	1.5591959750	0.0571445582	-63.9895090049
75	1.5621106248	0.0571445582	-65.2096481571
76	1.2317424197	0.0571445582	-55.1140834519
77	0.0000000000	0.0571445582	-2.9957322736
78	1.0703338356	0.0571445582	-50.5408421846
79	2.6044608469	0.0571445582	-94.0832086158
80	0.1481163800	0.0571445582	-11.7636180681
81	1.5518096852	0.0571445582	-66.5227039975
82	1.0703601215	0.0571445582	-50.5407603515
83	2.0668437068	0.0571445582	-81.6882145543
84	2.7938829196	0.0571445582	-98.9877500380
85	0.2976358877	0.0571445582	-19.1362475003
86	0.1481163758	0.0571445582	-11.7636180684
87	1.5559084075	0.0571445582	-67.1917194869
88	0.2976358833	0.0571445582	-19.1362475003
89	0.1481162605	0.0571445582	-11.7636184348
90	1.2381006181	0.0571445582	-56.1745859031
91	0.0000000000	0.0571445582	-2.9957322736
92	0.9114039372	0.0571445582	-44.7101988246
93	1.0714106763	0.0571445582	-50.5342933070
94	0.7560589666	0.0571445582	-38.6904379549
95	0.2980312501	0.0571445582	-19.1336451507
96	0.9114039183	0.0571445582	-44.7101988243
97	0.1480521647	0.0571445582	-11.7640463154
98	1.5568984200	0.0571445582	-67.1863800713
99	1.9241335688	0.0571445582	-77.5190974294
100	0.1480521647	0.0571445582	-11.7640463154
101	0.0000000000	0.0571445582	-2.9957322736
102	1.3912554307	0.0571445582	-60.6731492440
103	0.9100371699	0.0571445582	-44.7185777808
104	0.2976359028	0.0571445582	-19.1362475003
105	0.4485946857	0.0571445582	-25.9765553378
106	0.4488001263	0.0571445582	-25.9752290190
107	0.1481163572	0.0571445582	-11.7636180684
108	0.7575586772	0.0571445582	-36.2825857160
109	2.4194227833	0.0571445582	-89.5428730002
110	0.4485957610	0.0571445582	-25.9765518096
111	0.0000000000	0.0571445582	-2.9957322736
112	2.0552503261	0.0571445582	-82.8531717572
113	0.9122776563	0.0571445582	-44.7047317030
114	0.2975034684	0.0571445582	-19.1371170940
115	1.2306884665	0.0571445582	-55.1204099839
116	1.7277283292	0.0571445582	-72.4700196112
117	1.5567524917	0.0571445582	-67.1868126887
118	1.5500705062	0.0571445582	-66.5326696828
119	1.0702620595	0.0571445582	-48.7487862313
120	1.0735917602	0.0571445582	-49.1344071004
121	0.9144861787	0.0571445582	-43.5919375401
122	0.1480521647	0.0571445582	-11.7640463154
123	1.2302400823	0.0571445582	-55.1230210242
124	1.3942805584	0.0571445582	-60.6555309804
