site	rate	t	lnL
1	0.0000000000	0.0004848078	-2.8743714165
2	0.0000000000	0.0004848078	-3.2108436532
3	0.0000000000	0.0004848078	-3.2015123257
4	0.0000000000	0.0004848078	-2.8743714165
5	0.0000000000	0.0004848078	-2.3353749158
6	0.0000000000	0.0004848078	-2.8766060544
7	0.0000000000	0.0004848078	-3.0285220964
8	0.0000000000	0.0004848078	-2.8969457386
9	0.0000000000	0.0004848078	-3.4339872045
10	0.0000000000	0.0004848078	-2.2541310068
11	0.0000000000	0.0004848078	-2.8676973095
12	0.0000000000	0.0004848078	-2.8969457386
13	0.0000000000	0.0004848078	-2.8766060544
14	0.0000000000	0.0004848078	-2.8566718395
15	0.0000000000	0.0004848078	-2.2541310068
16	0.0000000000	0.0004848078	-3.0285220964
17	0.0000000000	0.0004848078	-2.8566718395
18	0.0000000000	0.0004848078	-2.7408400239
19	0.0000000000	0.0004848078	-3.4339872045
20	0.0000000000	0.0004848078	-2.8766060544
21	0.0000000000	0.0004848078	-3.2108436532
22	0.0000000000	0.0004848078	-2.8676973095
23	0.0000000000	0.0004848078	-3.0285220964
24	0.0000000000	0.0004848078	-3.2015123257
25	17.2725421359	0.0004848078	-13.9815561505
26	0.0000000000	0.0004848078	-3.2108436532
27	0.0000000000	0.0004848078	-2.7408400239
28	0.0000000000	0.0004848078	-2.3353749158
29	0.0000000000	0.0004848078	-2.2541310068
30	0.0000000000	0.0004848078	-2.2541310068
31	0.0000000000	0.0004848078	-3.2108436532
32	0.0000000000	0.0004848078	-2.7408400239
33	0.0000000000	0.0004848078	-3.2108436532
34	0.0000000000	0.0004848078	-3.4300885641
35	0.0000000000	0.0004848078	-2.2541310068
36	0.0000000000	0.0004848078	-3.4379011038
37	0.0000000000	0.0004848078	-3.2015123257
38	0.0000000000	0.0004848078	-3.2015123257
39	0.0000000000	0.0004848078	-2.7408400239
40	0.0000000000	0.0004848078	-2.8743714165
41	0.0000000000	0.0004848078	-3.2108436532
42	0.0000000000	0.0004848078	-2.8969457386
43	0.0000000000	0.0004848078	-2.7408400239
44	0.0000000000	0.0004848078	-3.2108436532
45	0.0000000000	0.0004848078	-3.4300885641
46	0.0000000000	0.0004848078	-2.3353749158
47	0.0000000000	0.0004848078	-2.3353749158
48	0.0000000000	0.0004848078	-2.7408400239
49	0.0000000000	0.0004848078	-2.8766060544
50	0.0000000000	0.0004848078	-3.2108436532
51	0.0000000000	0.0004848078	-2.8566718395
52	0.0000000000	0.0004848078	-2.2541310068
53	0.0000000000	0.0004848078	-2.2541310068
54	0.0000000000	0.0004848078	-2.8743714165
55	0.0000000000	0.0004848078	-3.0285220964
56	0.0000000000	0.0004848078	-2.8766060544
57	0.0000000000	0.0004848078	-3.2108436532
58	0.0000000000	0.0004848078	-3.2108436532
59	0.0000000000	0.0004848078	-2.8766060544
60	0.0000000000	0.0004848078	-3.4339872045
61	0.0000000000	0.0004848078	-2.3353749158
62	0.0000000000	0.0004848078	-3.2108436532
63	0.0000000000	0.0004848078	-3.4300885641
64	0.0000000000	0.0004848078	-3.4339872045
65	0.0000000000	0.0004848078	-3.2108436532
66	0.0000000000	0.0004848078	-3.2108436532
67	0.0000000000	0.0004848078	-3.4300885641
68	0.0000000000	0.0004848078	-2.8743714165
69	0.0000000000	0.0004848078	-3.2108436532
70	0.0000000000	0.0004848078	-2.2541310068
71	0.0000000000	0.0004848078	-2.8566718395
72	0.0000000000	0.0004848078	-2.8766060544
73	0.0000000000	0.0004848078	-2.3353749158
74	0.0000000000	0.0004848078	-3.4379011038
75	0.0000000000	0.0004848078	-2.3353749158
76	0.0000000000	0.0004848078	-4.1508509117
77	0.0000000000	0.0004848078	-2.3353749158
78	0.0000000000	0.0004848078	-3.2108436532
79	33.1664929282	0.0004848078	-10.8093174396
80	0.0000000000	0.0004848078	-2.2541310068
81	0.0000000000	0.0004848078	-2.2541310068
82	0.0000000000	0.0004848078	-3.4339872045
83	0.0000000000	0.0004848078	-2.8766060544
84	0.0000000000	0.0004848078	-2.8766060544
85	32.3376890536	0.0004848078	-12.0023269515
86	0.0000000000	0.0004848078	-3.2108436532
87	0.0000000000	0.0004848078	-2.8676973095
88	0.0000000000	0.0004848078	-3.2108436532
89	0.0000000000	0.0004848078	-2.2541310068
90	0.0000000000	0.0004848078	-2.8969457386
91	0.0000000000	0.0004848078	-2.3353749158
92	0.0000000000	0.0004848078	-2.3353749158
93	0.0000000000	0.0004848078	-2.7408400239
94	0.0000000000	0.0004848078	-3.0285220964
95	0.0000000000	0.0004848078	-3.2108436532
96	0.0000000000	0.0004848078	-2.8676973095
97	0.0000000000	0.0004848078	-2.8566718395
98	0.0000000000	0.0004848078	-2.8566718395
99	0.0000000000	0.0004848078	-3.4339872045
100	0.0000000000	0.0004848078	-2.8566718395
101	0.0000000000	0.0004848078	-2.2541310068
102	0.0000000000	0.0004848078	-2.8743714165
103	13.6281585195	0.0004848078	-11.7559084568
104	0.0000000000	0.0004848078	-2.8676973095
105	0.0000000000	0.0004848078	-3.2015123257
106	0.0000000000	0.0004848078	-3.4339872045
107	0.0000000000	0.0004848078	-2.8676973095
108	0.0000000000	0.0004848078	-2.8969457386
109	0.0000000000	0.0004848078	-2.8766060544
110	0.0000000000	0.0004848078	-3.0285220964
111	0.0000000000	0.0004848078	-2.3353749158
112	0.0000000000	0.0004848078	-2.8766060544
113	0.0000000000	0.0004848078	-3.2108436532
114	0.0000000000	0.0004848078	-2.7408400239
115	0.0000000000	0.0004848078	-2.8676973095
116	0.0000000000	0.0004848078	-2.2541310068
117	0.0000000000	0.0004848078	-2.8743714165
118	37.7342981157	0.0004848078	-11.0505012880
119	0.0000000000	0.0004848078	-3.2108436532
120	0.0000000000	0.0004848078	-3.4339872045
121	0.0000000000	0.0004848078	-3.4379011038
122	0.0000000000	0.0004848078	-2.3353749158
123	0.0000000000	0.0004848078	-2.8766060544
124	26.6733017868	0.0004848078	-25.8599526366
