site	rate	t	lnL
1	3.9944592991	0.0063304337	-27.1159537181
2	0.0000000000	0.0063304337	-2.4914806305
3	2.8576538615	0.0063304337	-18.0404329444
4	0.0000000000	0.0063304337	-3.0079028092
5	0.0000000000	0.0063304337	-3.0181593093
6	0.0000000000	0.0063304337	-2.9038186179
7	0.0000000000	0.0063304337	-2.1935770040
8	1.3107841628	0.0063304337	-13.9207097447
9	0.0000000000	0.0063304337	-2.1018685775
10	0.0000000000	0.0063304337	-2.9038186179
11	1.4463917729	0.0063304337	-10.9697901916
12	1.3214056921	0.0063304337	-12.2215358654
13	1.4260763040	0.0063304337	-10.9094517336
14	0.0000000000	0.0063304337	-2.4153091224
15	1.4479706737	0.0063304337	-10.8025735355
16	1.3355990362	0.0063304337	-11.9826388201
17	1.3423954950	0.0063304337	-13.4170474146
18	0.0000000000	0.0063304337	-3.2015123257
19	0.0000000000	0.0063304337	-3.0079028092
20	0.0000000000	0.0063304337	-2.4153091224
21	0.0000000000	0.0063304337	-3.2015123257
22	0.0000000000	0.0063304337	-2.1018685775
23	0.0000000000	0.0063304337	-2.1018685775
24	0.0000000000	0.0063304337	-2.4153091224
25	4.0217219527	0.0063304337	-26.7726488657
26	1.3006720577	0.0063304337	-12.7900173363
27	1.3236915621	0.0063304337	-11.1710574930
28	0.0000000000	0.0063304337	-3.0181593093
29	0.0000000000	0.0063304337	-2.1018685775
30	0.0000000000	0.0063304337	-3.2687376316
31	2.6435619458	0.0063304337	-18.8231535343
32	0.0000000000	0.0063304337	-2.1935770040
33	0.0000000000	0.0063304337	-2.9038186179
34	1.3942793604	0.0063304337	-11.3472393778
35	2.6621884695	0.0063304337	-18.7710221681
36	0.0000000000	0.0063304337	-2.1018685775
37	1.3433549704	0.0063304337	-11.8666165221
38	0.0000000000	0.0063304337	-2.4153091224
39	1.3846711495	0.0063304337	-11.2366859274
40	0.0000000000	0.0063304337	-2.1935770040
41	1.3848739026	0.0063304337	-12.9736918758
42	0.0000000000	0.0063304337	-2.4914806305
43	0.0000000000	0.0063304337	-3.1740296800
44	1.3196527483	0.0063304337	-12.7755908636
45	0.0000000000	0.0063304337	-4.1271343850
46	0.0000000000	0.0063304337	-2.4153091224
47	1.2997203346	0.0063304337	-13.0347207836
48	1.3006718299	0.0063304337	-11.6231482822
49	0.0000000000	0.0063304337	-2.1935770040
50	1.3233392649	0.0063304337	-12.7055875958
51	0.0000000000	0.0063304337	-2.4153091224
52	1.4479709038	0.0063304337	-9.9882477303
53	0.0000000000	0.0063304337	-2.1018685775
54	0.0000000000	0.0063304337	-3.1740296800
55	0.0000000000	0.0063304337	-2.1935770040
56	1.2919039179	0.0063304337	-13.1288226481
57	0.0000000000	0.0063304337	-2.9038186179
58	0.0000000000	0.0063304337	-2.1935770040
59	0.0000000000	0.0063304337	-2.4914806305
60	0.0000000000	0.0063304337	-4.7450581444
61	0.0000000000	0.0063304337	-3.0181593093
62	1.4327397277	0.0063304337	-9.9987825432
63	1.3694310175	0.0063304337	-12.4985085302
64	0.0000000000	0.0063304337	-2.4153091224
65	2.7522638467	0.0063304337	-20.0255137724
66	0.0000000000	0.0063304337	-3.2687376316
67	1.3848708553	0.0063304337	-11.1324584276
68	5.6335727869	0.0063304337	-31.0666600031
69	2.6939754315	0.0063304337	-21.4443098047
70	0.0000000000	0.0063304337	-3.1953394666
71	0.0000000000	0.0063304337	-2.4153091224
72	2.7120708034	0.0063304337	-17.3297297265
73	0.0000000000	0.0063304337	-3.0181593093
74	1.3709167776	0.0063304337	-10.7856086395
75	0.0000000000	0.0063304337	-3.4537117098
76	1.3358241255	0.0063304337	-12.0171227735
77	0.0000000000	0.0063304337	-3.0181593093
78	2.6837974534	0.0063304337	-17.8840437428
79	1.3279235649	0.0063304337	-13.3578806232
80	0.0000000000	0.0063304337	-2.1935770040
81	0.0000000000	0.0063304337	-3.1740296800
82	1.3265477091	0.0063304337	-11.0833802744
83	1.3214057156	0.0063304337	-12.1940532197
84	1.3709168798	0.0063304337	-10.7856086395
85	0.0000000000	0.0063304337	-2.1018685775
86	0.0000000000	0.0063304337	-2.1018685775
87	5.4668654279	0.0063304337	-31.8767629496
88	1.3227339867	0.0063304337	-12.7588701904
89	0.0000000000	0.0063304337	-2.1018685775
90	1.3329749795	0.0063304337	-13.4581850089
91	2.7081202562	0.0063304337	-19.2846093053
92	1.3949727483	0.0063304337	-11.3405683882
93	0.0000000000	0.0063304337	-2.1935770040
94	0.0000000000	0.0063304337	-3.1953394666
95	0.0000000000	0.0063304337	-3.1953394666
96	1.4181920104	0.0063304337	-11.0810953280
97	0.0000000000	0.0063304337	-2.6230569883
98	0.0000000000	0.0063304337	-2.9038186179
99	2.6614981472	0.0063304337	-18.7011437633
100	0.0000000000	0.0063304337	-2.4153091224
101	0.0000000000	0.0063304337	-2.1935770040
102	1.4302740714	0.0063304337	-10.5216761922
103	3.9422020533	0.0063304337	-28.1008602017
104	0.0000000000	0.0063304337	-3.2015123257
105	1.3434142668	0.0063304337	-11.9399733606
106	1.3193932417	0.0063304337	-12.0575294331
107	0.0000000000	0.0063304337	-2.1018685775
108	4.2034758218	0.0063304337	-26.5765047031
109	1.3694311122	0.0063304337	-13.0464737010
110	1.3694310802	0.0063304337	-10.5649511491
111	0.0000000000	0.0063304337	-3.0181593093
112	2.7505842985	0.0063304337	-20.4085719784
113	0.0000000000	0.0063304337	-3.1740296800
114	0.0000000000	0.0063304337	-2.9038186179
115	1.3690678855	0.0063304337	-11.6403786560
116	3.9345774246	0.0063304337	-26.9923013851
117	4.0667103082	0.0063304337	-26.1580986526
118	1.4302739949	0.0063304337	-12.6436773483
119	1.4479707136	0.0063304337	-10.9900101930
120	0.0000000000	0.0063304337	-3.4537117098
121	1.3193240272	0.0063304337	-12.7432644440
122	1.3196179624	0.0063304337	-12.7756188059
123	2.7841794446	0.0063304337	-19.5085457456
124	1.3848738961	0.0063304337	-10.6439428538
