site	rate	t	lnL
1	2.8301780643	0.0058978971	-20.9180842849
2	2.9628335699	0.0058978971	-19.1019901382
3	1.4776906999	0.0058978971	-11.0521815645
4	5.8283270565	0.0058978971	-32.0499150750
5	0.0000000000	0.0058978971	-2.3160319530
6	1.4192568350	0.0058978971	-12.7356039362
7	0.0000000000	0.0058978971	-2.5624323665
8	0.0000000000	0.0058978971	-2.0399107029
9	0.0000000000	0.0058978971	-2.0399107029
10	0.0000000000	0.0058978971	-2.0399107029
11	0.0000000000	0.0058978971	-2.5624323665
12	0.0000000000	0.0058978971	-3.8792982211
13	1.3972795592	0.0058978971	-12.2481259624
14	0.0000000000	0.0058978971	-3.2202628751
15	0.0000000000	0.0058978971	-2.0399107029
16	7.5036893112	0.0058978971	-39.4835977757
17	0.0000000000	0.0058978971	-2.0399107029
18	1.4700640385	0.0058978971	-11.0814665691
19	4.4087241497	0.0058978971	-24.8558402764
20	0.0000000000	0.0058978971	-2.9460784272
21	1.4764842810	0.0058978971	-11.7094919852
22	0.0000000000	0.0058978971	-2.6213223825
23	4.2753725577	0.0058978971	-29.9766018269
24	0.0000000000	0.0058978971	-3.0820107813
25	0.0000000000	0.0058978971	-2.8032973789
26	0.0000000000	0.0058978971	-2.7119641004
27	0.0000000000	0.0058978971	-2.6213223825
28	0.0000000000	0.0058978971	-2.3160319530
29	0.0000000000	0.0058978971	-2.0399107029
30	0.0000000000	0.0058978971	-3.4379011038
31	1.5090940780	0.0058978971	-11.1708547651
32	0.0000000000	0.0058978971	-2.0399107029
33	0.0000000000	0.0058978971	-3.8792982211
34	0.0000000000	0.0058978971	-2.3160319530
35	0.0000000000	0.0058978971	-2.8766060544
36	4.3979656469	0.0058978971	-26.0447759155
37	0.0000000000	0.0058978971	-2.5624323665
38	0.0000000000	0.0058978971	-3.4146442416
39	0.0000000000	0.0058978971	-2.7119641004
40	0.0000000000	0.0058978971	-2.3160319530
41	0.0000000000	0.0058978971	-2.8032973789
42	1.4281795113	0.0058978971	-12.5911113684
43	3.1527241292	0.0058978971	-18.3267879736
44	0.0000000000	0.0058978971	-2.5624323665
45	1.3955126441	0.0058978971	-12.4140246646
46	0.0000000000	0.0058978971	-2.9460784272
47	0.0000000000	0.0058978971	-3.4032155458
48	2.9109605832	0.0058978971	-19.2283228405
49	0.0000000000	0.0058978971	-2.8766060544
50	0.0000000000	0.0058978971	-2.5624323665
51	0.0000000000	0.0058978971	-2.9460784272
52	0.0000000000	0.0058978971	-3.1327258739
53	0.0000000000	0.0058978971	-3.4146442416
54	1.3849399410	0.0058978971	-14.6422116332
55	0.0000000000	0.0058978971	-3.1327258739
56	0.0000000000	0.0058978971	-2.8766060544
57	0.0000000000	0.0058978971	-3.4146442416
58	3.0248661292	0.0058978971	-17.3564033378
59	0.0000000000	0.0058978971	-3.7321405768
60	1.5593956503	0.0058978971	-11.4667846920
61	0.0000000000	0.0058978971	-2.3160319530
62	2.9159263646	0.0058978971	-20.8813070809
63	0.0000000000	0.0058978971	-2.7467166324
64	0.0000000000	0.0058978971	-2.9460784272
65	2.9028312883	0.0058978971	-18.9486296738
66	0.0000000000	0.0058978971	-3.4032155458
67	1.4278230046	0.0058978971	-12.7385189554
68	1.4600127992	0.0058978971	-12.5709421371
69	0.0000000000	0.0058978971	-2.7119641004
70	0.0000000000	0.0058978971	-2.8766060544
71	0.0000000000	0.0058978971	-4.7306694069
72	1.5116438930	0.0058978971	-11.4510918141
73	0.0000000000	0.0058978971	-2.3160319530
74	0.0000000000	0.0058978971	-2.9460784272
75	0.0000000000	0.0058978971	-2.0399107029
76	0.0000000000	0.0058978971	-3.2202628751
77	0.0000000000	0.0058978971	-2.3160319530
78	0.0000000000	0.0058978971	-3.0820107813
79	1.5688622953	0.0058978971	-10.0393810013
80	0.0000000000	0.0058978971	-2.6213223825
81	0.0000000000	0.0058978971	-3.1327258739
82	4.7619086204	0.0058978971	-25.8041356398
83	0.0000000000	0.0058978971	-2.6213223825
84	0.0000000000	0.0058978971	-2.7467166324
85	0.0000000000	0.0058978971	-2.0399107029
86	2.8321101278	0.0058978971	-19.5651881904
87	4.2286103046	0.0058978971	-25.5871048388
88	1.4247490956	0.0058978971	-11.9940912378
89	0.0000000000	0.0058978971	-3.1327258739
90	1.4665503489	0.0058978971	-10.5024442991
91	0.0000000000	0.0058978971	-2.3160319530
92	1.4700639942	0.0058978971	-11.7841467103
93	0.0000000000	0.0058978971	-3.4379011038
94	1.5654297578	0.0058978971	-11.6048223166
95	0.0000000000	0.0058978971	-3.4379011038
96	4.6478261057	0.0058978971	-25.1743217972
97	4.4156864669	0.0058978971	-25.0642952603
98	0.0000000000	0.0058978971	-2.8766060544
99	2.9041302125	0.0058978971	-18.1310519266
100	0.0000000000	0.0058978971	-2.9460784272
101	0.0000000000	0.0058978971	-2.6213223825
102	0.0000000000	0.0058978971	-3.2202628751
103	0.0000000000	0.0058978971	-4.1039673258
104	0.0000000000	0.0058978971	-2.7119641004
105	0.0000000000	0.0058978971	-3.0820107813
106	1.4120550357	0.0058978971	-11.5075178655
107	0.0000000000	0.0058978971	-3.7321405768
108	2.8355580355	0.0058978971	-18.2816255769
109	0.0000000000	0.0058978971	-2.6213223825
110	4.4780124315	0.0058978971	-24.5669545683
111	0.0000000000	0.0058978971	-2.3160319530
112	1.4564279329	0.0058978971	-11.9420760949
113	0.0000000000	0.0058978971	-2.7467166324
114	0.0000000000	0.0058978971	-2.7467166324
115	5.8828208051	0.0058978971	-32.7981623035
116	2.8098321790	0.0058978971	-19.8649235327
117	5.8893951002	0.0058978971	-33.8572449163
118	0.0000000000	0.0058978971	-2.7119641004
119	0.0000000000	0.0058978971	-2.8032973789
120	1.5683150764	0.0058978971	-10.5269867402
121	0.0000000000	0.0058978971	-2.7467166324
122	0.0000000000	0.0058978971	-2.3160319530
123	1.4596016469	0.0058978971	-11.8704732211
124	0.0000000000	0.0058978971	-2.5624323665
