site	rate	t	lnL
1	0.0000000000	0.0009679083	-3.7216692769
2	0.0000000000	0.0009679083	-2.6282789322
3	0.0000000000	0.0009679083	-2.6282789322
4	0.0000000000	0.0009679083	-3.2425923515
5	0.0000000000	0.0009679083	-2.8654824691
6	0.0000000000	0.0009679083	-3.4339872045
7	0.0000000000	0.0009679083	-2.2601514946
8	0.0000000000	0.0009679083	-2.7685645719
9	41.1341189547	0.0009679083	-17.5156301007
10	0.0000000000	0.0009679083	-3.2046131034
11	0.0000000000	0.0009679083	-2.2601514946
12	15.6232550965	0.0009679083	-22.9172650453
13	0.0000000000	0.0009679083	-3.0233272795
14	7.0858334073	0.0009679083	-12.9673129957
15	0.0000000000	0.0009679083	-2.2601514946
16	0.0000000000	0.0009679083	-2.8588672300
17	0.0000000000	0.0009679083	-2.4266567619
18	0.0000000000	0.0009679083	-2.6282789322
19	0.0000000000	0.0009679083	-3.0233272795
20	0.0000000000	0.0009679083	-2.4266567619
21	0.0000000000	0.0009679083	-2.4195494115
22	0.0000000000	0.0009679083	-3.4339872045
23	0.0000000000	0.0009679083	-2.4195494115
24	0.0000000000	0.0009679083	-3.4032155458
25	0.0000000000	0.0009679083	-3.7216692769
26	0.0000000000	0.0009679083	-2.6282789322
27	0.0000000000	0.0009679083	-2.4195494115
28	0.0000000000	0.0009679083	-2.3353749158
29	0.0000000000	0.0009679083	-2.2601514946
30	0.0000000000	0.0009679083	-2.2601514946
31	0.0000000000	0.0009679083	-3.4339872045
32	0.0000000000	0.0009679083	-3.0233272795
33	0.0000000000	0.0009679083	-3.4108201452
34	0.0000000000	0.0009679083	-3.0233272795
35	0.0000000000	0.0009679083	-2.7685645719
36	0.0000000000	0.0009679083	-2.3353749158
37	0.0000000000	0.0009679083	-2.4195494115
38	0.0000000000	0.0009679083	-3.0233272795
39	0.0000000000	0.0009679083	-3.2046131034
40	20.2845510049	0.0009679083	-12.1488449010
41	0.0000000000	0.0009679083	-3.4537117098
42	0.0000000000	0.0009679083	-3.6858598242
43	0.0000000000	0.0009679083	-3.4339872045
44	0.0000000000	0.0009679083	-2.8588672300
45	0.0000000000	0.0009679083	-3.2425923515
46	0.0000000000	0.0009679083	-2.4266567619
47	0.0000000000	0.0009679083	-2.2601514946
48	0.0000000000	0.0009679083	-2.2601514946
49	0.0000000000	0.0009679083	-3.0233272795
50	0.0000000000	0.0009679083	-4.8202815656
51	0.0000000000	0.0009679083	-2.4266567619
52	0.0000000000	0.0009679083	-3.4032155458
53	0.0000000000	0.0009679083	-2.2601514946
54	0.0000000000	0.0009679083	-2.8588672300
55	0.0000000000	0.0009679083	-3.4339872045
56	0.0000000000	0.0009679083	-3.7164744601
57	0.0000000000	0.0009679083	-3.7164744601
58	0.0000000000	0.0009679083	-3.2425923515
59	0.0000000000	0.0009679083	-3.4108201452
60	8.8820333058	0.0009679083	-13.5685238314
61	0.0000000000	0.0009679083	-2.3353749158
62	0.0000000000	0.0009679083	-2.3353749158
63	0.0000000000	0.0009679083	-2.4195494115
64	0.0000000000	0.0009679083	-2.4266567619
65	0.0000000000	0.0009679083	-2.4266567619
66	0.0000000000	0.0009679083	-3.4339872045
67	0.0000000000	0.0009679083	-2.8588672300
68	0.0000000000	0.0009679083	-2.4266567619
69	0.0000000000	0.0009679083	-2.8654824691
70	0.0000000000	0.0009679083	-2.7685645719
71	0.0000000000	0.0009679083	-2.8654824691
72	6.5003014887	0.0009679083	-12.9456772564
73	0.0000000000	0.0009679083	-2.3353749158
74	18.7302776615	0.0009679083	-12.0537667232
75	0.0000000000	0.0009679083	-2.3353749158
76	0.0000000000	0.0009679083	-2.4195494115
77	0.0000000000	0.0009679083	-2.3353749158
78	14.2358978257	0.0009679083	-20.7946619386
79	0.0000000000	0.0009679083	-2.8654824691
80	0.0000000000	0.0009679083	-2.4195494115
81	0.0000000000	0.0009679083	-2.2601514946
82	0.0000000000	0.0009679083	-3.4537117098
83	19.4346010553	0.0009679083	-10.1403850520
84	0.0000000000	0.0009679083	-2.7685645719
85	0.0000000000	0.0009679083	-2.2601514946
86	0.0000000000	0.0009679083	-2.4266567619
87	0.0000000000	0.0009679083	-2.8588672300
88	0.0000000000	0.0009679083	-3.4108201452
89	0.0000000000	0.0009679083	-3.4339872045
90	0.0000000000	0.0009679083	-3.2046131034
91	0.0000000000	0.0009679083	-2.3353749158
92	0.0000000000	0.0009679083	-2.2601514946
93	0.0000000000	0.0009679083	-3.6858598242
94	0.0000000000	0.0009679083	-2.8654824691
95	0.0000000000	0.0009679083	-2.3353749158
96	9.1970928536	0.0009679083	-13.4578627521
97	0.0000000000	0.0009679083	-2.7685645719
98	0.0000000000	0.0009679083	-2.8654824691
99	0.0000000000	0.0009679083	-2.4195494115
100	0.0000000000	0.0009679083	-2.4266567619
101	0.0000000000	0.0009679083	-3.4339872045
102	0.0000000000	0.0009679083	-2.4195494115
103	0.0000000000	0.0009679083	-2.7685645719
104	0.0000000000	0.0009679083	-2.4195494115
105	0.0000000000	0.0009679083	-2.4195494115
106	0.0000000000	0.0009679083	-2.6282789322
107	0.0000000000	0.0009679083	-2.6282789322
108	6.9786673665	0.0009679083	-12.9825149145
109	6.4897106038	0.0009679083	-11.8829629866
110	0.0000000000	0.0009679083	-2.3353749158
111	0.0000000000	0.0009679083	-2.3353749158
112	0.0000000000	0.0009679083	-3.4032155458
113	0.0000000000	0.0009679083	-2.7685645719
114	0.0000000000	0.0009679083	-3.7216692769
115	0.0000000000	0.0009679083	-2.6282789322
116	0.0000000000	0.0009679083	-3.7164744601
117	0.0000000000	0.0009679083	-2.8588672300
118	0.0000000000	0.0009679083	-3.2046131034
119	0.0000000000	0.0009679083	-3.4032155458
120	0.0000000000	0.0009679083	-2.2601514946
121	0.0000000000	0.0009679083	-2.4266567619
122	0.0000000000	0.0009679083	-2.3353749158
123	0.0000000000	0.0009679083	-3.4108201452
124	0.0000000000	0.0009679083	-2.8654824691
