site	rate	t	lnL
1	0.0000000000	0.0045620520	-2.9957322736
2	0.0000000000	0.0045620520	-2.9957322736
3	1.8553153634	0.0045620520	-11.7636180684
4	1.8545108897	0.0045620520	-11.7640463154
5	0.0000000000	0.0045620520	-2.9957322736
6	0.0000000000	0.0045620520	-2.9957322736
7	0.0000000000	0.0045620520	-2.9957322736
8	0.0000000000	0.0045620520	-2.9957322736
9	0.0000000000	0.0045620520	-2.9957322736
10	0.0000000000	0.0045620520	-2.9957322736
11	0.0000000000	0.0045620520	-2.9957322736
12	0.0000000000	0.0045620520	-2.9957322736
13	0.0000000000	0.0045620520	-2.9957322736
14	1.8545109374	0.0045620520	-11.7640463154
15	0.0000000000	0.0045620520	-2.9957322736
16	1.8553137781	0.0045620520	-11.7636184348
17	0.0000000000	0.0045620520	-2.9957322736
18	1.8545109122	0.0045620520	-11.7640463154
19	1.8545109236	0.0045620520	-11.7640463154
20	1.8553138177	0.0045620520	-11.7636184348
21	1.8553153684	0.0045620520	-11.7636180684
22	5.6191260099	0.0045620520	-25.9765553378
23	0.0000000000	0.0045620520	-2.9957322736
24	0.0000000000	0.0045620520	-2.9957322736
25	0.0000000000	0.0045620520	-2.9957322736
26	0.0000000000	0.0045620520	-2.9957322736
27	0.0000000000	0.0045620520	-2.9957322736
28	0.0000000000	0.0045620520	-2.9957322736
29	0.0000000000	0.0045620520	-2.9957322736
30	0.0000000000	0.0045620520	-2.9957322736
31	0.0000000000	0.0045620520	-2.9957322736
32	0.0000000000	0.0045620520	-2.9957322736
33	0.0000000000	0.0045620520	-2.9957322736
34	1.8545108150	0.0045620520	-11.7640463154
35	1.8545108831	0.0045620520	-11.7640463154
36	1.8553137764	0.0045620520	-11.7636184348
37	3.7282063067	0.0045620520	-19.1362475003
38	0.0000000000	0.0045620520	-2.9957322736
39	0.0000000000	0.0045620520	-2.9957322736
40	1.8553151906	0.0045620520	-11.7636180681
41	1.8545108947	0.0045620520	-11.7640463154
42	3.7298723766	0.0045620520	-19.1353759898
43	1.8553152306	0.0045620520	-11.7636180681
44	1.8553152208	0.0045620520	-11.7636180684
45	3.7298723626	0.0045620520	-19.1353759931
46	0.0000000000	0.0045620520	-2.9957322736
47	0.0000000000	0.0045620520	-2.9957322736
48	0.0000000000	0.0045620520	-2.9957322736
49	0.0000000000	0.0045620520	-2.9957322736
50	1.8545107359	0.0045620520	-11.7640463154
51	0.0000000000	0.0045620520	-2.9957322736
52	0.0000000000	0.0045620520	-2.9957322736
53	0.0000000000	0.0045620520	-2.9957322736
54	1.8545105894	0.0045620520	-11.7640463154
55	0.0000000000	0.0045620520	-2.9957322736
56	0.0000000000	0.0045620520	-2.9957322736
57	0.0000000000	0.0045620520	-2.9957322736
58	1.8553151343	0.0045620520	-11.7636180684
59	1.8553138133	0.0045620520	-11.7636184348
60	0.0000000000	0.0045620520	-2.9957322736
61	0.0000000000	0.0045620520	-2.9957322736
62	0.0000000000	0.0045620520	-2.9957322736
63	0.0000000000	0.0045620520	-2.9957322736
64	1.8545108506	0.0045620520	-11.7640463154
65	0.0000000000	0.0045620520	-2.9957322736
66	0.0000000000	0.0045620520	-2.9957322736
67	0.0000000000	0.0045620520	-2.9957322736
68	1.8545108797	0.0045620520	-11.7640463154
69	0.0000000000	0.0045620520	-2.9957322736
70	1.8545108920	0.0045620520	-11.7640463154
71	1.8545108176	0.0045620520	-11.7640463154
72	1.8545109655	0.0045620520	-11.7640463154
73	0.0000000000	0.0045620520	-2.9957322736
74	1.8545109151	0.0045620520	-11.7640463154
75	0.0000000000	0.0045620520	-2.9957322736
76	0.0000000000	0.0045620520	-2.9957322736
77	0.0000000000	0.0045620520	-2.9957322736
78	0.0000000000	0.0045620520	-2.9957322736
79	3.7265475795	0.0045620520	-19.1371170940
80	1.8553151874	0.0045620520	-11.7636180681
81	1.8545110455	0.0045620520	-11.7640463154
82	0.0000000000	0.0045620520	-2.9957322736
83	1.8545108894	0.0045620520	-11.7640463154
84	0.0000000000	0.0045620520	-2.9957322736
85	0.0000000000	0.0045620520	-2.9957322736
86	1.8545107833	0.0045620520	-11.7640463154
87	3.7282119471	0.0045620520	-19.1362459866
88	1.8545109615	0.0045620520	-11.7640463154
89	0.0000000000	0.0045620520	-2.9957322736
90	0.0000000000	0.0045620520	-2.9957322736
91	0.0000000000	0.0045620520	-2.9957322736
92	1.8553145347	0.0045620520	-11.7636180684
93	1.8553137957	0.0045620520	-11.7636184348
94	0.0000000000	0.0045620520	-2.9957322736
95	0.0000000000	0.0045620520	-2.9957322736
96	0.0000000000	0.0045620520	-2.9957322736
97	3.7282063494	0.0045620520	-19.1362475003
98	1.8553138259	0.0045620520	-11.7636184348
99	0.0000000000	0.0045620520	-2.9957322736
100	0.0000000000	0.0045620520	-2.9957322736
101	0.0000000000	0.0045620520	-2.9957322736
102	0.0000000000	0.0045620520	-2.9957322736
103	0.0000000000	0.0045620520	-2.9957322736
104	0.0000000000	0.0045620520	-2.9957322736
105	0.0000000000	0.0045620520	-2.9957322736
106	0.0000000000	0.0045620520	-2.9957322736
107	9.4661601983	0.0045620520	-38.6926443467
108	1.8553137937	0.0045620520	-11.7636184348
109	0.0000000000	0.0045620520	-2.9957322736
110	1.8553137781	0.0045620520	-11.7636184348
111	0.0000000000	0.0045620520	-2.9957322736
112	1.8553152705	0.0045620520	-11.7636180681
113	3.7282063441	0.0045620520	-19.1362475003
114	0.0000000000	0.0045620520	-2.9957322736
115	0.0000000000	0.0045620520	-2.9957322736
116	3.7282063102	0.0045620520	-19.1362475003
117	3.7298723251	0.0045620520	-19.1353759957
118	0.0000000000	0.0045620520	-2.9957322736
119	0.0000000000	0.0045620520	-2.9957322736
120	5.6191396466	0.0045620520	-25.9765518190
121	1.8553138183	0.0045620520	-11.7636184348
122	0.0000000000	0.0045620520	-2.9957322736
123	0.0000000000	0.0045620520	-2.9957322736
124	1.8545109308	0.0045620520	-11.7640463154
