site	rate	t	lnL
1	1.1884381604	0.0653338606	-70.8248468997
2	0.6459923701	0.0653338606	-49.3340845809
3	0.9020688206	0.0653338606	-40.0212859553
4	1.5433945298	0.0653338606	-73.9962090956
5	0.0000000000	0.0653338606	-2.2386452894
6	1.0056750289	0.0653338606	-53.8524977238
7	0.2084408751	0.0653338606	-13.7745051001
8	0.7252669596	0.0653338606	-38.4351765247
9	1.0876835232	0.0653338606	-60.9473907550
10	2.0427526690	0.0653338606	-103.8032323325
11	0.3242831696	0.0653338606	-23.8105148869
12	1.8635499250	0.0653338606	-72.8321615301
13	1.5141364972	0.0653338606	-92.4382516597
14	1.8326140928	0.0653338606	-41.3671302226
15	0.6662634907	0.0653338606	-44.7884750969
16	0.5741367316	0.0653338606	-31.9611616192
17	1.5951630120	0.0653338606	-40.2290552545
18	1.1165938550	0.0653338606	-72.6623316342
19	1.1853903865	0.0653338606	-76.5194493397
20	1.3889190353	0.0653338606	-34.8186101025
21	0.7946724706	0.0653338606	-42.2896740226
22	1.3715632750	0.0653338606	-69.7461545716
23	0.2092196030	0.0653338606	-15.7797910740
24	0.0000000000	0.0653338606	-3.2720543842
25	1.3948648207	0.0653338606	-79.7403255226
26	0.0000000000	0.0653338606	-3.5111045078
27	0.4931729893	0.0653338606	-33.4840304693
28	0.0000000000	0.0653338606	-2.2386452894
29	0.2119247015	0.0653338606	-19.0971845409
30	0.4177573279	0.0653338606	-31.6951432737
31	0.8222478511	0.0653338606	-41.4980711946
32	1.5347341902	0.0653338606	-59.8071137462
33	0.2088223979	0.0653338606	-18.6409112590
34	0.0000000000	0.0653338606	-2.4600173610
35	1.9477805989	0.0653338606	-78.4690369790
36	1.2382824663	0.0653338606	-75.3272832132
37	2.4371551157	0.0653338606	-47.4388247108
38	2.9089598249	0.0653338606	-69.9141191875
39	1.7148009854	0.0653338606	-56.1676631732
40	0.4048742694	0.0653338606	-25.9781151011
41	1.1787897719	0.0653338606	-63.0763454464
42	1.2516032987	0.0653338606	-69.4474927814
43	1.9584558774	0.0653338606	-75.7341219026
44	1.1775791767	0.0653338606	-58.2387504545
45	0.1861566030	0.0653338606	-10.9270460177
46	0.3056035426	0.0653338606	-10.1766954317
47	0.8251758713	0.0653338606	-37.7565437441
48	0.4838964307	0.0653338606	-28.8085506820
49	0.2702154923	0.0653338606	-19.8146564390
50	4.1010752629	0.0653338606	-108.4756162210
51	0.0000000000	0.0653338606	-2.4600173610
52	0.1052801054	0.0653338606	-8.8187640576
53	0.2125987611	0.0653338606	-17.6783266800
54	0.3363150407	0.0653338606	-21.7452639467
55	0.5665757378	0.0653338606	-38.3616762442
56	2.0484028171	0.0653338606	-103.3420988282
57	0.0000000000	0.0653338606	-3.1922672676
58	0.9866936551	0.0653338606	-44.4677032646
59	1.7362590661	0.0653338606	-90.5009320052
60	2.6366394928	0.0653338606	-117.1544386948
61	0.0000000000	0.0653338606	-2.2386452894
62	1.1213068473	0.0653338606	-86.5435098609
63	0.1913227233	0.0653338606	-16.4698052880
64	1.5169891325	0.0653338606	-73.4149465518
65	1.2527845172	0.0653338606	-54.3718881486
66	1.4687916221	0.0653338606	-70.0569592878
67	1.3475991512	0.0653338606	-72.1997604977
68	1.2237083442	0.0653338606	-54.9529040721
69	1.4492998216	0.0653338606	-81.0914211609
70	0.6494233050	0.0653338606	-33.2059816463
71	0.7426220692	0.0653338606	-30.9041912582
72	0.3352010045	0.0653338606	-28.6367630150
73	0.0000000000	0.0653338606	-2.2386452894
74	0.3072046427	0.0653338606	-11.5200949865
75	0.5519428228	0.0653338606	-44.6188206073
76	1.2360797811	0.0653338606	-61.9314163101
77	0.0000000000	0.0653338606	-2.2386452894
78	0.9970237015	0.0653338606	-57.4618410664
79	0.9233600398	0.0653338606	-51.1021744321
80	1.3788410042	0.0653338606	-51.4885064073
81	0.7606462294	0.0653338606	-48.2186494674
82	2.6834842607	0.0653338606	-81.8177027652
83	1.5929693954	0.0653338606	-89.7615552544
84	0.1833280036	0.0653338606	-13.8699589327
85	0.4296488214	0.0653338606	-31.5420479576
86	2.0802305310	0.0653338606	-99.0972674239
87	1.6778948401	0.0653338606	-66.9969751574
88	0.6170684385	0.0653338606	-40.0764423226
89	0.1048555741	0.0653338606	-10.3747814631
90	1.3804419431	0.0653338606	-64.0379080210
91	0.0000000000	0.0653338606	-2.2386452894
92	0.1052981645	0.0653338606	-10.5129798066
93	0.9406565272	0.0653338606	-61.0507607363
94	0.8104475905	0.0653338606	-49.0321989877
95	0.7195439591	0.0653338606	-39.5026682544
96	2.7855079591	0.0653338606	-75.3678099015
97	1.8197206647	0.0653338606	-83.1211544110
98	2.0762222007	0.0653338606	-91.4057219549
99	1.0635397612	0.0653338606	-58.3780051195
100	0.3072046258	0.0653338606	-11.5200949865
101	0.2084495547	0.0653338606	-13.7745051018
102	0.4672041757	0.0653338606	-39.6007075928
103	1.4632179746	0.0653338606	-85.8170748791
104	0.2210770099	0.0653338606	-11.2923321108
105	2.7571438842	0.0653338606	-55.9890654828
106	1.5912400436	0.0653338606	-83.7196595813
107	3.3485009178	0.0653338606	-106.0985314183
108	1.0144421065	0.0653338606	-50.4955767823
109	1.9111792381	0.0653338606	-85.9329122203
110	1.7951443632	0.0653338606	-87.1239446913
111	0.0000000000	0.0653338606	-2.2386452894
112	1.0929220030	0.0653338606	-66.0965277960
113	1.2193724722	0.0653338606	-69.9059647991
114	0.7517388950	0.0653338606	-40.3432068097
115	2.6080686111	0.0653338606	-93.0115380261
116	1.4443110641	0.0653338606	-84.5256085424
117	2.9694727321	0.0653338606	-91.1833377742
118	0.6748060791	0.0653338606	-44.8965890673
119	1.8016190894	0.0653338606	-85.0117720382
120	1.4942650728	0.0653338606	-65.8335426724
121	1.1873819759	0.0653338606	-55.8845197007
122	0.0000000000	0.0653338606	-2.2386452894
123	1.4762392319	0.0653338606	-70.2853946236
124	1.3259122704	0.0653338606	-62.7700200910
