site	rate	t	lnL
1	1.8496331509	0.3760785899	-179.5842976897
2	0.5077186267	0.3760785899	-102.1957598043
3	1.8837696164	0.3760785899	-188.6329388917
4	1.9837899432	0.3760785899	-185.6361632766
5	0.1203405759	0.3760785899	-39.2708605430
6	1.4682586375	0.3760785899	-177.2339956759
7	0.5003445353	0.3760785899	-101.6315129742
8	1.2364959694	0.3760785899	-164.5176697236
9	1.6558924996	0.3760785899	-178.5882840380
10	1.6798317244	0.3760785899	-174.7267756203
11	0.5030488929	0.3760785899	-103.4717913927
12	2.5412794604	0.3760785899	-191.8630404734
13	1.2557099352	0.3760785899	-173.9442199350
14	0.9206565544	0.3760785899	-151.2789689788
15	0.4672716062	0.3760785899	-94.5912300548
16	1.5000930032	0.3760785899	-182.7247048234
17	2.4593028768	0.3760785899	-184.0851279616
18	0.7795689960	0.3760785899	-132.5062494271
19	1.7706442204	0.3760785899	-176.6950343869
20	0.0931512456	0.3760785899	-32.1359515093
21	1.4628979078	0.3760785899	-166.8371977670
22	1.1408124272	0.3760785899	-169.7971543416
23	1.1635592189	0.3760785899	-153.3696267235
24	0.2080743319	0.3760785899	-58.3411717450
25	1.2960386384	0.3760785899	-175.3166809205
26	0.2884214990	0.3760785899	-73.1155525526
27	0.2505140706	0.3760785899	-67.6924649632
28	0.0000000000	0.3760785899	-2.3874909170
29	0.1222604219	0.3760785899	-35.1987265189
30	0.5608838247	0.3760785899	-117.3891709321
31	2.1850636502	0.3760785899	-190.0336080699
32	0.9272318912	0.3760785899	-137.8915390010
33	0.2588923144	0.3760785899	-70.8275900100
34	1.0372311322	0.3760785899	-159.9490000766
35	1.0693033597	0.3760785899	-147.7599326800
36	3.3225312399	0.3760785899	-191.0284938369
37	1.5677928507	0.3760785899	-176.8431314521
38	1.5535887351	0.3760785899	-181.7758188866
39	1.7358041489	0.3760785899	-183.3825224218
40	1.3516865628	0.3760785899	-172.8859800183
41	1.4458742559	0.3760785899	-185.3226975816
42	5.3498160229	0.3760785899	-191.5392174264
43	3.3190916527	0.3760785899	-184.4162199964
44	2.4617115596	0.3760785899	-199.5415143303
45	2.0587927501	0.3760785899	-191.9087045069
46	0.4606566079	0.3760785899	-98.3826696123
47	0.4151125197	0.3760785899	-99.7739439669
48	1.5484681180	0.3760785899	-182.2354433098
49	1.1010735483	0.3760785899	-168.5325786790
50	0.4473696874	0.3760785899	-104.0831511504
51	0.0000000000	0.3760785899	-2.7100683653
52	0.6081243585	0.3760785899	-111.7001714647
53	1.0085824529	0.3760785899	-149.7018602966
54	1.1743330092	0.3760785899	-168.9817181280
55	0.3910769770	0.3760785899	-91.4582042126
56	1.2129230008	0.3760785899	-170.4675401728
57	0.1599181675	0.3760785899	-53.0856527860
58	1.2718857667	0.3760785899	-166.6395065075
59	1.8710072322	0.3760785899	-188.8213307507
60	0.4550104235	0.3760785899	-98.8278636901
61	0.0000000000	0.3760785899	-2.3874909170
62	1.6105446173	0.3760785899	-181.0355023391
63	0.5566958866	0.3760785899	-120.8640877818
64	1.4237859222	0.3760785899	-172.9050441305
65	2.3196856578	0.3760785899	-186.6405229783
66	0.6876970084	0.3760785899	-127.8514394747
67	1.2920333223	0.3760785899	-178.8203147123
68	1.0653910120	0.3760785899	-161.6480651281
69	2.0174314750	0.3760785899	-190.3208825454
70	2.6444097199	0.3760785899	-185.9913899680
71	1.7546836285	0.3760785899	-176.2622091549
72	1.2839287235	0.3760785899	-164.7225117797
73	0.0235352822	0.3760785899	-11.5261844615
74	1.0958686834	0.3760785899	-161.9651122882
75	1.1351358981	0.3760785899	-155.9662793950
76	1.7066827255	0.3760785899	-186.0584799037
77	0.0473108029	0.3760785899	-19.0909676504
78	2.1928036028	0.3760785899	-194.5255028781
79	2.1086631187	0.3760785899	-178.8902044970
80	0.8174636510	0.3760785899	-132.8002580808
81	1.1600674040	0.3760785899	-158.6195314290
82	2.6818333533	0.3760785899	-185.3250950516
83	2.5142833787	0.3760785899	-191.6631211489
84	0.5549649362	0.3760785899	-122.8569127803
85	0.7816191022	0.3760785899	-136.0497855877
86	1.1565318745	0.3760785899	-175.6667834021
87	2.0767937630	0.3760785899	-187.6717502938
88	0.9589549470	0.3760785899	-160.9597307833
89	0.7943109706	0.3760785899	-133.7601924230
90	2.0013977788	0.3760785899	-183.4845537710
91	0.1458480058	0.3760785899	-42.5341906550
92	0.9690687731	0.3760785899	-139.5111420193
93	1.0172161085	0.3760785899	-159.6347171893
94	0.8409028061	0.3760785899	-134.9285349733
95	0.6600400456	0.3760785899	-130.7857631602
96	1.8187479462	0.3760785899	-180.3417803383
97	2.0990335107	0.3760785899	-179.6421866961
98	1.6532380714	0.3760785899	-177.2013315041
99	3.3740248477	0.3760785899	-195.6878890790
100	0.2161096646	0.3760785899	-58.9643990569
101	0.3963005323	0.3760785899	-82.7609363164
102	3.3089474466	0.3760785899	-185.7339231119
103	0.7515190053	0.3760785899	-131.1094096020
104	0.4523690764	0.3760785899	-101.2933354243
105	1.3847083178	0.3760785899	-186.7375107064
106	1.4302598665	0.3760785899	-169.8424660325
107	0.9696958758	0.3760785899	-153.7589397355
108	2.2638147898	0.3760785899	-182.5636393989
109	1.7350222780	0.3760785899	-175.8539180084
110	1.8803052678	0.3760785899	-178.1679673794
111	0.0000000000	0.3760785899	-2.3874909170
112	2.1360977721	0.3760785899	-184.2323889428
113	3.2997521131	0.3760785899	-196.7403170878
114	0.9045551957	0.3760785899	-150.1698301525
115	1.0448820881	0.3760785899	-160.2892467955
116	2.7018123865	0.3760785899	-187.9387008328
117	2.6324156355	0.3760785899	-185.5403290512
118	1.3706487316	0.3760785899	-173.4923098476
119	1.3792873659	0.3760785899	-177.6817413463
120	2.1131197577	0.3760785899	-177.7597854107
121	0.3499400015	0.3760785899	-84.2447001180
122	0.3044244006	0.3760785899	-70.2035749144
123	3.4139358428	0.3760785899	-191.7424442955
124	2.6209434281	0.3760785899	-186.5351102491
