site	rate	t	lnL
1	1.7743105414	0.3738528958	-188.2418627002
2	0.9313610611	0.3738528958	-145.0267283376
3	2.1510456493	0.3738528958	-183.8359919864
4	1.8333714578	0.3738528958	-180.8528334796
5	0.4789476554	0.3738528958	-100.1620871702
6	1.6577424790	0.3738528958	-178.8858112839
7	0.5509761462	0.3738528958	-106.8456044732
8	0.6529859725	0.3738528958	-117.2387249215
9	1.5895704594	0.3738528958	-181.2260171790
10	2.1693439619	0.3738528958	-182.0334624891
11	0.6367375544	0.3738528958	-118.6780729401
12	1.9493468560	0.3738528958	-190.6212042997
13	1.7579377194	0.3738528958	-171.8287724702
14	0.7638372699	0.3738528958	-140.3024268594
15	0.4303807792	0.3738528958	-90.3801440337
16	1.9112587361	0.3738528958	-185.7278760044
17	1.0320964565	0.3738528958	-162.9253546504
18	0.9640885749	0.3738528958	-146.4052145361
19	1.9812708683	0.3738528958	-182.8396787766
20	0.2193394380	0.3738528958	-59.3820938425
21	1.5055710151	0.3738528958	-173.5728691818
22	2.9179630293	0.3738528958	-193.5470001976
23	0.8953287795	0.3738528958	-145.9273738151
24	0.1145639425	0.3738528958	-37.5995756066
25	1.1697540913	0.3738528958	-167.8116806638
26	0.1650754707	0.3738528958	-47.7293805656
27	0.3848194302	0.3738528958	-87.6697823343
28	0.0000000000	0.3738528958	-2.4181339831
29	0.4213585817	0.3738528958	-90.9894390589
30	0.5777014275	0.3738528958	-117.3949936068
31	1.9937999922	0.3738528958	-189.1517589773
32	1.2810956393	0.3738528958	-168.6966113632
33	0.2604216962	0.3738528958	-72.5171906492
34	2.0080382304	0.3738528958	-181.2433662399
35	1.7242069670	0.3738528958	-170.6213834024
36	2.1788750976	0.3738528958	-182.3198900506
37	1.0245400064	0.3738528958	-160.1279442644
38	1.9609346541	0.3738528958	-184.2262798115
39	1.8903859203	0.3738528958	-188.6554495941
40	1.1556286592	0.3738528958	-163.3300966745
41	1.5361943781	0.3738528958	-182.4785313469
42	3.6214667121	0.3738528958	-193.2440442425
43	1.8078750366	0.3738528958	-180.0098241490
44	1.4343123673	0.3738528958	-186.9561547767
45	1.2709176121	0.3738528958	-165.0302803947
46	0.4996931118	0.3738528958	-106.4020802740
47	0.7648280764	0.3738528958	-144.7772758745
48	1.4036200533	0.3738528958	-177.2200812347
49	0.9363517417	0.3738528958	-154.6583324162
50	1.2216299270	0.3738528958	-171.3476743012
51	0.0232814617	0.3738528958	-11.5259941742
52	0.6903125806	0.3738528958	-125.6548579724
53	0.4871822740	0.3738528958	-100.0025703838
54	1.1936966833	0.3738528958	-164.9208638122
55	0.5203684233	0.3738528958	-107.2694889789
56	1.1412980125	0.3738528958	-170.9935892747
57	0.2093252866	0.3738528958	-62.3918153027
58	0.9741867699	0.3738528958	-151.5842138748
59	2.5843558124	0.3738528958	-191.5740062988
60	0.3996010803	0.3738528958	-91.6074103168
61	0.0716032171	0.3738528958	-25.4149969798
62	2.0253266959	0.3738528958	-182.2478379769
63	0.2829574696	0.3738528958	-79.0684361972
64	1.5991371501	0.3738528958	-183.0095023463
65	2.8077455727	0.3738528958	-188.0175845519
66	0.3618704443	0.3738528958	-90.6456552872
67	2.4579036629	0.3738528958	-189.6979262032
68	0.4958823560	0.3738528958	-107.3644333567
69	1.8636046803	0.3738528958	-193.4517322971
70	2.0301597250	0.3738528958	-181.1437867607
71	1.1784435547	0.3738528958	-157.3223026797
72	2.3990381725	0.3738528958	-183.6865313067
73	0.0236143865	0.3738528958	-10.7222691467
74	0.3533223657	0.3738528958	-83.9316084664
75	1.2282055432	0.3738528958	-161.3409444201
76	1.4790974591	0.3738528958	-176.6300029905
77	0.1207914670	0.3738528958	-37.1294018277
78	2.7011154414	0.3738528958	-194.9663371217
79	2.1797425198	0.3738528958	-184.4354937739
80	0.7424789455	0.3738528958	-131.1487841387
81	1.8097687457	0.3738528958	-178.6757316244
82	1.5809298427	0.3738528958	-183.1287587186
83	2.4086545857	0.3738528958	-193.0690181565
84	0.5936549944	0.3738528958	-126.0916327632
85	0.9746833209	0.3738528958	-151.2171658001
86	0.9371938766	0.3738528958	-157.5819584002
87	2.0992089919	0.3738528958	-183.3677876481
88	0.8098189324	0.3738528958	-144.5285630552
89	0.4214468991	0.3738528958	-90.4520101654
90	2.5904228576	0.3738528958	-185.8572226470
91	0.2745442942	0.3738528958	-68.3205960378
92	1.2164967376	0.3738528958	-161.1353322552
93	1.3473813672	0.3738528958	-169.6536397816
94	0.7251089309	0.3738528958	-123.6269981035
95	0.6055062070	0.3738528958	-121.1550780972
96	2.0048803193	0.3738528958	-196.2736340538
97	2.0208311276	0.3738528958	-176.1473843987
98	0.7605615346	0.3738528958	-141.6510664679
99	1.4569980443	0.3738528958	-183.6191546672
100	0.1933419141	0.3738528958	-53.6891849216
101	0.4273668025	0.3738528958	-88.5293342899
102	1.6163094266	0.3738528958	-179.1206402660
103	1.6140037623	0.3738528958	-177.7296887494
104	0.2671239976	0.3738528958	-71.9823639784
105	1.5153452049	0.3738528958	-185.5371485573
106	2.2729375899	0.3738528958	-189.5602971681
107	0.7785613449	0.3738528958	-140.3014696614
108	2.6344389936	0.3738528958	-185.1615406415
109	2.9415832959	0.3738528958	-187.9432732116
110	2.0539061014	0.3738528958	-185.5903078218
111	0.0236309549	0.3738528958	-10.7218163655
112	1.6532061176	0.3738528958	-186.0724370290
113	2.3762586214	0.3738528958	-188.5493226526
114	0.8577636394	0.3738528958	-152.6170706855
115	1.3705120075	0.3738528958	-173.5474759696
116	1.3882771165	0.3738528958	-192.0539355153
117	4.0129266864	0.3738528958	-192.7375486216
118	1.7190499989	0.3738528958	-179.3047194982
119	1.1224374305	0.3738528958	-166.5561006787
120	1.7133208874	0.3738528958	-177.7248039625
121	0.4672826322	0.3738528958	-101.6706774943
122	0.1975466363	0.3738528958	-54.2964396298
123	2.1845897784	0.3738528958	-189.4188650575
124	5.0167453245	0.3738528958	-197.9385792880
