site	rate	t	lnL
1	0.0000000000	0.0012422052	-2.5223949934
2	7.0354845054	0.0012422052	-11.4735039963
3	0.0000000000	0.0012422052	-3.0285220964
4	0.0000000000	0.0012422052	-3.4657359028
5	0.0000000000	0.0012422052	-2.3353749158
6	0.0000000000	0.0012422052	-3.4339872045
7	0.0000000000	0.0012422052	-2.4181339831
8	0.0000000000	0.0012422052	-2.5223949934
9	0.0000000000	0.0012422052	-2.1122313645
10	0.0000000000	0.0012422052	-3.4497355615
11	0.0000000000	0.0012422052	-3.0259213147
12	0.0000000000	0.0012422052	-3.2108436532
13	0.0000000000	0.0012422052	-3.4497355615
14	0.0000000000	0.0012422052	-3.0285220964
15	0.0000000000	0.0012422052	-2.1122313645
16	0.0000000000	0.0012422052	-3.0285220964
17	0.0000000000	0.0012422052	-2.6317754393
18	0.0000000000	0.0012422052	-2.4181339831
19	0.0000000000	0.0012422052	-3.0285220964
20	0.0000000000	0.0012422052	-3.0285220964
21	0.0000000000	0.0012422052	-2.1122313645
22	6.7999902307	0.0012422052	-12.1995152137
23	0.0000000000	0.0012422052	-3.2108436532
24	0.0000000000	0.0012422052	-4.1349775625
25	0.0000000000	0.0012422052	-3.4497355615
26	0.0000000000	0.0012422052	-3.0285220964
27	0.0000000000	0.0012422052	-3.2108436532
28	0.0000000000	0.0012422052	-2.3353749158
29	0.0000000000	0.0012422052	-2.1122313645
30	0.0000000000	0.0012422052	-2.4181339831
31	6.7449471508	0.0012422052	-12.0190196593
32	0.0000000000	0.0012422052	-2.1122313645
33	0.0000000000	0.0012422052	-3.7216692769
34	0.0000000000	0.0012422052	-2.5223949934
35	0.0000000000	0.0012422052	-3.0259213147
36	6.9617751031	0.0012422052	-11.7971699565
37	6.5725278441	0.0012422052	-12.2783908286
38	0.0000000000	0.0012422052	-2.6317754393
39	0.0000000000	0.0012422052	-3.3994348230
40	0.0000000000	0.0012422052	-3.7216692769
41	0.0000000000	0.0012422052	-3.2077235258
42	6.7999904001	0.0012422052	-11.2182143738
43	0.0000000000	0.0012422052	-3.0285220964
44	0.0000000000	0.0012422052	-3.3994348230
45	13.4193153929	0.0012422052	-20.7594738533
46	0.0000000000	0.0012422052	-3.2108436532
47	0.0000000000	0.0012422052	-2.6317754393
48	0.0000000000	0.0012422052	-2.5223949934
49	0.0000000000	0.0012422052	-3.4657359028
50	7.1682655356	0.0012422052	-10.5794188295
51	0.0000000000	0.0012422052	-3.0311296598
52	0.0000000000	0.0012422052	-2.1122313645
53	0.0000000000	0.0012422052	-2.4181339831
54	0.0000000000	0.0012422052	-2.1122313645
55	0.0000000000	0.0012422052	-3.2108436532
56	0.0000000000	0.0012422052	-3.3994348230
57	0.0000000000	0.0012422052	-2.6317754393
58	6.7999903761	0.0012422052	-12.2498159522
59	0.0000000000	0.0012422052	-2.4181339831
60	7.0372991802	0.0012422052	-11.2883656236
61	0.0000000000	0.0012422052	-2.3353749158
62	6.6808513948	0.0012422052	-12.6569325916
63	0.0000000000	0.0012422052	-3.4339872045
64	0.0000000000	0.0012422052	-3.2108436532
65	0.0000000000	0.0012422052	-2.3353749158
66	0.0000000000	0.0012422052	-3.7061650904
67	0.0000000000	0.0012422052	-2.5223949934
68	0.0000000000	0.0012422052	-3.0311296598
69	0.0000000000	0.0012422052	-3.4657359028
70	6.9739917448	0.0012422052	-11.5885011941
71	0.0000000000	0.0012422052	-3.2077235258
72	6.6309891340	0.0012422052	-12.7162284702
73	0.0000000000	0.0012422052	-2.3353749158
74	0.0000000000	0.0012422052	-3.3994348230
75	0.0000000000	0.0012422052	-2.3353749158
76	0.0000000000	0.0012422052	-3.4339872045
77	0.0000000000	0.0012422052	-2.3353749158
78	0.0000000000	0.0012422052	-2.4181339831
79	0.0000000000	0.0012422052	-3.2077235258
80	0.0000000000	0.0012422052	-2.1122313645
81	0.0000000000	0.0012422052	-3.2108436532
82	0.0000000000	0.0012422052	-2.4181339831
83	7.3686236891	0.0012422052	-10.4382567599
84	0.0000000000	0.0012422052	-3.4339872045
85	0.0000000000	0.0012422052	-2.4181339831
86	0.0000000000	0.0012422052	-2.1122313645
87	0.0000000000	0.0012422052	-2.5223949934
88	0.0000000000	0.0012422052	-2.3353749158
89	0.0000000000	0.0012422052	-2.4181339831
90	0.0000000000	0.0012422052	-3.0259213147
91	0.0000000000	0.0012422052	-2.3353749158
92	0.0000000000	0.0012422052	-3.4146442416
93	0.0000000000	0.0012422052	-3.2077235258
94	0.0000000000	0.0012422052	-2.4181339831
95	0.0000000000	0.0012422052	-3.4146442416
96	0.0000000000	0.0012422052	-3.7216692769
97	0.0000000000	0.0012422052	-2.1122313645
98	0.0000000000	0.0012422052	-3.0311296598
99	0.0000000000	0.0012422052	-3.0285220964
100	0.0000000000	0.0012422052	-3.0311296598
101	0.0000000000	0.0012422052	-2.1122313645
102	0.0000000000	0.0012422052	-2.5223949934
103	0.0000000000	0.0012422052	-3.4146442416
104	0.0000000000	0.0012422052	-3.0285220964
105	0.0000000000	0.0012422052	-3.2108436532
106	6.9739920566	0.0012422052	-10.4930090328
107	0.0000000000	0.0012422052	-3.4146442416
108	0.0000000000	0.0012422052	-2.4181339831
109	0.0000000000	0.0012422052	-3.7061650904
110	0.0000000000	0.0012422052	-3.0285220964
111	0.0000000000	0.0012422052	-2.3353749158
112	6.7981666455	0.0012422052	-11.2236898128
113	0.0000000000	0.0012422052	-3.2077235258
114	0.0000000000	0.0012422052	-3.0285220964
115	0.0000000000	0.0012422052	-3.0285220964
116	6.7412131342	0.0012422052	-11.4117809538
117	0.0000000000	0.0012422052	-2.1122313645
118	0.0000000000	0.0012422052	-2.5223949934
119	0.0000000000	0.0012422052	-2.1122313645
120	0.0000000000	0.0012422052	-2.6317754393
121	0.0000000000	0.0012422052	-3.0311296598
122	0.0000000000	0.0012422052	-2.1122313645
123	0.0000000000	0.0012422052	-2.6317754393
124	0.0000000000	0.0012422052	-2.3353749158
