site	rate	t	lnL
1	2.2200504382	0.0647487960	-92.6216069995
2	1.0392418380	0.0647487960	-48.6732879127
3	1.0128180741	0.0647487960	-57.8881266914
4	0.8601524207	0.0647487960	-56.0996673072
5	1.2724463241	0.0647487960	-45.0810834029
6	1.5172558322	0.0647487960	-56.1237094566
7	0.2506822665	0.0647487960	-17.2940451835
8	0.6034741867	0.0647487960	-42.1392632429
9	2.3275204507	0.0647487960	-85.0615135876
10	2.8979318066	0.0647487960	-99.3881917560
11	0.1334307245	0.0647487960	-11.6346221691
12	1.5797930204	0.0647487960	-78.8322123193
13	0.6822713369	0.0647487960	-39.6815605612
14	2.2037331755	0.0647487960	-89.0279158617
15	0.3054664240	0.0647487960	-20.1850986785
16	1.9357368381	0.0647487960	-79.1493948014
17	1.2708460866	0.0647487960	-75.0907811991
18	1.2469555757	0.0647487960	-65.0449210004
19	2.4150433468	0.0647487960	-82.9795851974
20	0.0000000000	0.0647487960	-2.3058666812
21	0.6997503148	0.0647487960	-40.5784999427
22	1.2684516078	0.0647487960	-50.6503115129
23	0.2454168984	0.0647487960	-17.2382237691
24	0.2291635088	0.0647487960	-11.9533383372
25	1.4487685813	0.0647487960	-64.8217623709
26	0.9178929982	0.0647487960	-49.0088055146
27	1.3662712186	0.0647487960	-69.6051484775
28	0.0000000000	0.0647487960	-2.6423389178
29	0.0000000000	0.0647487960	-2.0614590391
30	0.6090358858	0.0647487960	-44.6254356178
31	1.2159469452	0.0647487960	-60.7291028592
32	0.8432096661	0.0647487960	-49.1700364595
33	0.0000000000	0.0647487960	-3.0079028092
34	0.5101756159	0.0647487960	-24.9239044274
35	1.6177223441	0.0647487960	-62.4215893140
36	0.6466947283	0.0647487960	-49.0979091485
37	0.6180028820	0.0647487960	-50.2257788492
38	2.4864319970	0.0647487960	-84.8318343019
39	2.1122638710	0.0647487960	-78.0609794097
40	1.1003981635	0.0647487960	-49.8117844421
41	1.6471372304	0.0647487960	-81.5091925909
42	2.3697733627	0.0647487960	-80.1707408664
43	0.7207692028	0.0647487960	-41.1987015276
44	1.4060231339	0.0647487960	-69.4842482994
45	2.9763324554	0.0647487960	-77.2276779749
46	0.0000000000	0.0647487960	-2.3058666812
47	0.4407138182	0.0647487960	-31.2534130477
48	0.5076889086	0.0647487960	-28.8250552356
49	0.2473087885	0.0647487960	-19.7564663709
50	0.1610099233	0.0647487960	-10.1905983387
51	0.0000000000	0.0647487960	-2.3058666812
52	1.6458037879	0.0647487960	-48.3953601368
53	0.3919959814	0.0647487960	-29.9362956860
54	2.4090094247	0.0647487960	-61.3195025419
55	0.2700528288	0.0647487960	-26.5988775794
56	0.5491574496	0.0647487960	-42.0540351748
57	0.0000000000	0.0647487960	-3.0079028092
58	0.7809276090	0.0647487960	-43.5223820978
59	1.1122400784	0.0647487960	-75.9674951047
60	1.0359375013	0.0647487960	-60.3615062627
61	0.0000000000	0.0647487960	-2.6423389178
62	1.2677680330	0.0647487960	-65.8626234700
63	0.4718274192	0.0647487960	-33.9917187482
64	0.2572269576	0.0647487960	-10.3905215094
65	0.6409000895	0.0647487960	-38.9738600940
66	0.2177373447	0.0647487960	-19.3362674133
67	1.1763715864	0.0647487960	-61.6082693619
68	0.2598853190	0.0647487960	-12.0911463628
69	2.8735174479	0.0647487960	-85.2309528942
70	1.5184826636	0.0647487960	-64.7611560472
71	1.4994218905	0.0647487960	-50.8959585565
72	0.7872301323	0.0647487960	-40.8095619899
73	0.0000000000	0.0647487960	-2.6423389178
74	0.5272311099	0.0647487960	-16.8455974035
75	0.6439301141	0.0647487960	-35.9447726530
76	2.1753420888	0.0647487960	-88.5072768495
77	0.0000000000	0.0647487960	-2.6423389178
78	2.1838534581	0.0647487960	-96.9973927432
79	1.5005120662	0.0647487960	-81.0391620437
80	0.1248998365	0.0647487960	-13.4661077490
81	0.5553800807	0.0647487960	-33.7757206380
82	2.0509388253	0.0647487960	-99.1464951089
83	2.0183816820	0.0647487960	-96.5919805849
84	2.0456509813	0.0647487960	-72.1461609557
85	1.8945629564	0.0647487960	-75.2165564237
86	2.3223415228	0.0647487960	-90.4540360739
87	1.2959027712	0.0647487960	-58.4043693147
88	0.5700054783	0.0647487960	-45.8700237618
89	0.7932475500	0.0647487960	-47.2866482521
90	1.3920529114	0.0647487960	-59.7462161858
91	0.0000000000	0.0647487960	-2.6423389178
92	0.4104844513	0.0647487960	-26.2690269223
93	0.9619202086	0.0647487960	-55.3598249095
94	0.0000000000	0.0647487960	-2.0614590391
95	0.2947569053	0.0647487960	-27.5839329064
96	0.6412938496	0.0647487960	-35.9722333203
97	2.3108308540	0.0647487960	-52.8694819485
98	1.6013133765	0.0647487960	-80.1928673845
99	1.7503268622	0.0647487960	-81.0507255892
100	0.0000000000	0.0647487960	-2.3058666812
101	0.1305817976	0.0647487960	-12.0882447123
102	2.0711801025	0.0647487960	-87.4068479294
103	0.4109796301	0.0647487960	-29.2070713013
104	0.6520676967	0.0647487960	-18.5811357854
105	2.1782993627	0.0647487960	-104.3475582321
106	0.3784004694	0.0647487960	-25.0714705068
107	1.4566203659	0.0647487960	-55.8927386292
108	1.4072040658	0.0647487960	-69.1827457071
109	1.9900296491	0.0647487960	-75.3396379520
110	0.6861863355	0.0647487960	-43.0627454977
111	0.0000000000	0.0647487960	-2.6423389178
112	2.0024206693	0.0647487960	-95.8120798684
113	2.4023330262	0.0647487960	-85.7891276921
114	1.4367495110	0.0647487960	-67.5978871981
115	1.8020372103	0.0647487960	-55.7022054627
116	1.8410588713	0.0647487960	-77.4694256078
117	0.9660834796	0.0647487960	-55.4417508464
118	0.6615913924	0.0647487960	-22.8451548102
119	1.1833444569	0.0647487960	-75.2483253121
120	0.4791827091	0.0647487960	-37.7600514110
121	0.5038567736	0.0647487960	-20.3382964302
122	0.1952730304	0.0647487960	-10.2258588616
123	1.4162259334	0.0647487960	-83.2185926937
124	1.6319386701	0.0647487960	-88.3941116779
