site	rate	t	lnL
1	2.4757458621	0.0603558196	-92.1158928303
2	0.1401749600	0.0603558196	-11.7640463154
3	1.6405899770	0.0603558196	-71.3379756308
4	1.0149709604	0.0603558196	-49.4311669335
5	0.1401749955	0.0603558196	-11.7640463154
6	0.8641244984	0.0603558196	-43.6030419495
7	0.2818004499	0.0603558196	-19.1362459833
8	1.9571144894	0.0603558196	-81.6931223588
9	1.7960713076	0.0603558196	-75.3657941662
10	2.6493174990	0.0603558196	-95.6373553603
11	0.2819268201	0.0603558196	-19.1353729919
12	1.4702557999	0.0603558196	-66.1085727025
13	1.1769463360	0.0603558196	-53.9460557381
14	1.7955047308	0.0603558196	-74.4902324332
15	1.8127482622	0.0603558196	-75.3722522276
16	0.5693209360	0.0603558196	-32.4660775275
17	0.4249214396	0.0603558196	-25.9752290190
18	0.8641783628	0.0603558196	-44.7019145391
19	1.0113364916	0.0603558196	-50.5539877351
20	0.1401804863	0.0603558196	-11.7640463162
21	0.8650237966	0.0603558196	-42.6157783760
22	1.7925127797	0.0603558196	-75.4919245323
23	2.1186124494	0.0603558196	-87.1353740817
24	0.0000000000	0.0603558196	-2.9957322736
25	1.6348106667	0.0603558196	-70.2751875804
26	0.0000000000	0.0603558196	-2.9957322736
27	0.4247280280	0.0603558196	-25.9765517982
28	0.0000000000	0.0603558196	-2.9957322736
29	0.1401749757	0.0603558196	-11.7640463154
30	1.6442660120	0.0603558196	-69.3683930066
31	0.8659048543	0.0603558196	-42.4921833735
32	2.4888014317	0.0603558196	-93.2515625968
33	0.2818000207	0.0603558196	-19.1362475003
34	1.1686047006	0.0603558196	-55.0988864741
35	1.0133682012	0.0603558196	-50.5408987139
36	1.4741725157	0.0603558196	-64.9841742052
37	0.5703891890	0.0603558196	-32.4589011344
38	1.7875557690	0.0603558196	-76.6222730776
39	1.4777437255	0.0603558196	-65.0808410079
40	0.8632528265	0.0603558196	-43.6086576719
41	0.5695940329	0.0603558196	-32.4642628371
42	1.4758881382	0.0603558196	-66.0741262459
43	1.0113366396	0.0603558196	-50.5539874180
44	1.4802373796	0.0603558196	-62.8648327300
45	0.4247269710	0.0603558196	-25.9765553264
46	0.1401749791	0.0603558196	-11.7640463154
47	0.1401749639	0.0603558196	-11.7640463154
48	1.1630040676	0.0603558196	-56.2341831109
49	1.7866489920	0.0603558196	-77.7294346384
50	0.4245326913	0.0603558196	-25.9778810291
51	0.0000000000	0.0603558196	-2.9957322736
52	0.1401804658	0.0603558196	-11.7640463162
53	0.0000000000	0.0603558196	-2.9957322736
54	2.2846713711	0.0603558196	-89.5768600604
55	0.0000000000	0.0603558196	-2.9957322736
56	1.3194152310	0.0603558196	-61.7598131873
57	0.8646296295	0.0603558196	-44.6990572175
58	2.6733690485	0.0603558196	-101.0333787446
59	0.8629214234	0.0603558196	-44.7101685658
60	0.7148125529	0.0603558196	-38.6972251671
61	0.0000000000	0.0603558196	-2.9957322736
62	1.4780088815	0.0603558196	-65.0797101426
63	0.1401749757	0.0603558196	-11.7640463154
64	0.1401804752	0.0603558196	-11.7640463162
65	1.1666253554	0.0603558196	-55.1114888751
66	0.2821739139	0.0603558196	-19.1336466620
67	1.6473924345	0.0603558196	-71.2947820035
68	0.7158073121	0.0603558196	-37.5915439236
69	1.9746791107	0.0603558196	-81.5806455459
70	1.7979344858	0.0603558196	-77.6625755964
71	2.1165338578	0.0603558196	-85.6324794195
72	1.3223337561	0.0603558196	-59.6597457228
73	0.0000000000	0.0603558196	-2.9957322736
74	0.7209336192	0.0603558196	-37.5575153530
75	0.1401749757	0.0603558196	-11.7640463154
76	1.1656290229	0.0603558196	-55.1178150683
77	0.1401749575	0.0603558196	-11.7640463154
78	2.2829797291	0.0603558196	-90.5704802231
79	1.1652217038	0.0603558196	-55.1203689843
80	1.4792137051	0.0603558196	-66.0549332528
81	0.8641783612	0.0603558196	-44.7019145391
82	1.1683672360	0.0603558196	-54.1188489358
83	1.3291663657	0.0603558196	-61.7011348948
84	1.8017717648	0.0603558196	-75.5592738258
85	0.4245326913	0.0603558196	-25.9778810290
86	1.1648334336	0.0603558196	-56.2226880921
87	1.6248094680	0.0603558196	-72.5360879679
88	0.4247300427	0.0603558196	-25.9765448750
89	0.0000000000	0.0603558196	-2.9957322736
90	1.4726743764	0.0603558196	-66.0937957908
91	0.0000000000	0.0603558196	-2.9957322736
92	0.8660028661	0.0603558196	-43.3034507846
93	1.0113166111	0.0603558196	-50.5540518785
94	0.1401749575	0.0603558196	-11.7640463154
95	1.0123685797	0.0603558196	-50.5473882548
96	1.4802237738	0.0603558196	-62.9988171888
97	0.5693219972	0.0603558196	-32.4660740789
98	1.3180182706	0.0603558196	-60.6685272514
99	1.1665324040	0.0603558196	-54.1303597261
100	2.1146365832	0.0603558196	-87.8491261541
101	0.2816746538	0.0603558196	-19.1371170940
102	1.9679869342	0.0603558196	-82.7219080916
103	0.7161830632	0.0603558196	-38.6881377786
104	0.2819259568	0.0603558196	-19.1353759957
105	1.7863112150	0.0603558196	-77.7304350200
106	1.4702863244	0.0603558196	-66.1084783161
107	1.1647413232	0.0603558196	-56.2229788954
108	0.4255842974	0.0603558196	-24.8719291159
109	1.9526006916	0.0603558196	-80.6112668212
110	1.0132769280	0.0603558196	-49.4420748796
111	0.0000000000	0.0603558196	-2.9957322736
112	1.9451275602	0.0603558196	-82.8587818688
113	2.1334351325	0.0603558196	-86.6371267117
114	0.0000000000	0.0603558196	-2.9957322736
115	1.4765125401	0.0603558196	-67.1715147046
116	1.0153343798	0.0603558196	-49.4289073971
117	2.4557104130	0.0603558196	-94.4218964559
118	1.5866024507	0.0603558196	-65.1232565465
119	0.4247280189	0.0603558196	-25.9765518189
120	1.0129095209	0.0603558196	-50.5440092787
121	0.2819259500	0.0603558196	-19.1353759957
122	0.1401804720	0.0603558196	-11.7640463162
123	1.3274511488	0.0603558196	-59.5094865462
124	1.4747286463	0.0603558196	-67.1818951898
