site	rate	t	lnL
1	19.1450262210	0.0009614552	-18.5614543199
2	0.0000000000	0.0009614552	-3.0285220964
3	0.0000000000	0.0009614552	-2.1143168710
4	0.0000000000	0.0009614552	-3.0285220964
5	0.0000000000	0.0009614552	-2.1143168710
6	0.0000000000	0.0009614552	-3.0233272795
7	0.0000000000	0.0009614552	-3.2046131034
8	0.0000000000	0.0009614552	-2.7388888038
9	0.0000000000	0.0009614552	-3.0207399559
10	0.0000000000	0.0009614552	-3.2077235258
11	0.0000000000	0.0009614552	-3.0207399559
12	0.0000000000	0.0009614552	-3.1861510406
13	0.0000000000	0.0009614552	-2.7388888038
14	0.0000000000	0.0009614552	-2.8810903668
15	0.0000000000	0.0009614552	-3.0207399559
16	0.0000000000	0.0009614552	-3.0602707947
17	0.0000000000	0.0009614552	-2.1143168710
18	0.0000000000	0.0009614552	-3.0285220964
19	17.9590369250	0.0009614552	-18.4007610328
20	0.0000000000	0.0009614552	-2.7447539232
21	0.0000000000	0.0009614552	-3.0285220964
22	0.0000000000	0.0009614552	-3.0233272795
23	0.0000000000	0.0009614552	-2.8766060544
24	0.0000000000	0.0009614552	-2.7447539232
25	0.0000000000	0.0009614552	-3.1861510406
26	0.0000000000	0.0009614552	-3.0285220964
27	0.0000000000	0.0009614552	-3.0285220964
28	0.0000000000	0.0009614552	-2.1143168710
29	0.0000000000	0.0009614552	-3.0207399559
30	0.0000000000	0.0009614552	-3.0285220964
31	0.0000000000	0.0009614552	-2.5161351920
32	0.0000000000	0.0009614552	-3.0285220964
33	0.0000000000	0.0009614552	-3.0285220964
34	0.0000000000	0.0009614552	-3.1861510406
35	0.0000000000	0.0009614552	-3.0285220964
36	0.0000000000	0.0009614552	-2.1143168710
37	0.0000000000	0.0009614552	-3.0233272795
38	0.0000000000	0.0009614552	-3.4262050640
39	0.0000000000	0.0009614552	-3.0207399559
40	0.0000000000	0.0009614552	-2.5161351920
41	0.0000000000	0.0009614552	-2.5161351920
42	0.0000000000	0.0009614552	-2.5161351920
43	0.0000000000	0.0009614552	-3.0285220964
44	0.0000000000	0.0009614552	-3.2046131034
45	8.7705214709	0.0009614552	-12.0438693604
46	0.0000000000	0.0009614552	-2.7447539232
47	0.0000000000	0.0009614552	-2.1143168710
48	8.8576850729	0.0009614552	-11.8517317569
49	0.0000000000	0.0009614552	-2.8766060544
50	0.0000000000	0.0009614552	-3.0285220964
51	0.0000000000	0.0009614552	-2.7447539232
52	0.0000000000	0.0009614552	-3.0285220964
53	0.0000000000	0.0009614552	-2.7388888038
54	0.0000000000	0.0009614552	-3.0285220964
55	0.0000000000	0.0009614552	-3.2108436532
56	0.0000000000	0.0009614552	-3.0233272795
57	0.0000000000	0.0009614552	-3.4262050640
58	0.0000000000	0.0009614552	-3.1861510406
59	0.0000000000	0.0009614552	-2.5161351920
60	0.0000000000	0.0009614552	-3.0285220964
61	0.0000000000	0.0009614552	-2.1143168710
62	0.0000000000	0.0009614552	-3.0285220964
63	0.0000000000	0.0009614552	-3.0602707947
64	0.0000000000	0.0009614552	-3.2046131034
65	8.4901740895	0.0009614552	-14.7406153165
66	0.0000000000	0.0009614552	-3.2108436532
67	0.0000000000	0.0009614552	-3.2077235258
68	0.0000000000	0.0009614552	-2.7447539232
69	0.0000000000	0.0009614552	-2.7388888038
70	0.0000000000	0.0009614552	-2.1143168710
71	8.7676767405	0.0009614552	-12.0226199626
72	0.0000000000	0.0009614552	-3.4262050640
73	0.0000000000	0.0009614552	-2.1143168710
74	0.0000000000	0.0009614552	-2.1143168710
75	0.0000000000	0.0009614552	-2.7388888038
76	0.0000000000	0.0009614552	-2.7388888038
77	0.0000000000	0.0009614552	-3.0285220964
78	0.0000000000	0.0009614552	-3.0233272795
79	0.0000000000	0.0009614552	-3.0285220964
80	0.0000000000	0.0009614552	-2.1143168710
81	0.0000000000	0.0009614552	-3.2108436532
82	0.0000000000	0.0009614552	-2.5161351920
83	0.0000000000	0.0009614552	-2.8766060544
84	0.0000000000	0.0009614552	-2.5161351920
85	0.0000000000	0.0009614552	-3.2077235258
86	0.0000000000	0.0009614552	-3.4262050640
87	0.0000000000	0.0009614552	-2.5161351920
88	0.0000000000	0.0009614552	-2.8766060544
89	0.0000000000	0.0009614552	-3.2108436532
90	0.0000000000	0.0009614552	-2.8810903668
91	0.0000000000	0.0009614552	-2.1143168710
92	0.0000000000	0.0009614552	-2.8766060544
93	8.8569085683	0.0009614552	-11.6679432279
94	0.0000000000	0.0009614552	-4.1428827420
95	0.0000000000	0.0009614552	-3.0233272795
96	0.0000000000	0.0009614552	-3.0285220964
97	0.0000000000	0.0009614552	-3.2046131034
98	0.0000000000	0.0009614552	-2.7388888038
99	17.5116027684	0.0009614552	-19.8264155757
100	0.0000000000	0.0009614552	-2.7447539232
101	0.0000000000	0.0009614552	-2.7388888038
102	0.0000000000	0.0009614552	-3.2077235258
103	0.0000000000	0.0009614552	-2.5161351920
104	0.0000000000	0.0009614552	-3.0285220964
105	0.0000000000	0.0009614552	-3.0602707947
106	0.0000000000	0.0009614552	-3.0207399559
107	0.0000000000	0.0009614552	-2.8766060544
108	0.0000000000	0.0009614552	-2.5161351920
109	0.0000000000	0.0009614552	-4.7895099069
110	8.7844453888	0.0009614552	-11.5417035321
111	0.0000000000	0.0009614552	-2.1143168710
112	0.0000000000	0.0009614552	-3.0285220964
113	0.0000000000	0.0009614552	-2.8810903668
114	8.7703299732	0.0009614552	-11.8569046632
115	8.8593038469	0.0009614552	-11.7027204303
116	0.0000000000	0.0009614552	-3.0285220964
117	0.0000000000	0.0009614552	-3.1861510406
118	0.0000000000	0.0009614552	-3.0285220964
119	0.0000000000	0.0009614552	-3.2108436532
120	0.0000000000	0.0009614552	-2.8810903668
121	0.0000000000	0.0009614552	-2.7447539232
122	0.0000000000	0.0009614552	-2.1143168710
123	0.0000000000	0.0009614552	-2.8810903668
124	0.0000000000	0.0009614552	-3.2046131034
