site	rate	t	lnL
1	1.7428811196	0.0641372061	-77.7946672240
2	1.1233214832	0.0641372061	-64.7579152869
3	1.2223748556	0.0641372061	-61.9092337338
4	2.2826658314	0.0641372061	-57.5453156399
5	0.1224236788	0.0641372061	-11.8995433488
6	1.7035519923	0.0641372061	-98.8124423775
7	0.0000000000	0.0641372061	-2.4930038600
8	1.5941125005	0.0641372061	-79.4000893035
9	1.0104288995	0.0641372061	-72.7561785614
10	1.0300681177	0.0641372061	-71.7163429319
11	0.1008659767	0.0641372061	-12.0210471440
12	4.7437417306	0.0641372061	-92.0045361964
13	2.9900541672	0.0641372061	-92.3844537115
14	1.7436660980	0.0641372061	-103.7249144713
15	0.1661508070	0.0641372061	-14.6494070151
16	2.0796514994	0.0641372061	-57.1791674930
17	0.9092855459	0.0641372061	-54.3881168330
18	1.0645150344	0.0641372061	-35.6330119834
19	1.3539230724	0.0641372061	-85.6917861148
20	1.4999285648	0.0641372061	-82.6930287154
21	1.2944388044	0.0641372061	-79.3851131898
22	1.9291095440	0.0641372061	-88.2084631754
23	1.2691801356	0.0641372061	-56.5700746790
24	0.0000000000	0.0641372061	-3.0656616433
25	0.6365617598	0.0641372061	-49.8321837572
26	2.5419538381	0.0641372061	-71.5854652073
27	0.1695301347	0.0641372061	-15.2279314093
28	0.0000000000	0.0641372061	-2.4482870212
29	0.3767762104	0.0641372061	-26.4142509298
30	0.8075356541	0.0641372061	-59.8370719370
31	1.1786623867	0.0641372061	-76.3579570581
32	0.5566370790	0.0641372061	-43.0699015129
33	0.0000000000	0.0641372061	-3.3408099796
34	1.0602682585	0.0641372061	-46.0905098836
35	2.6581565805	0.0641372061	-79.0012352413
36	1.0351591766	0.0641372061	-76.1684043400
37	1.4261017957	0.0641372061	-38.4745200708
38	0.8851964693	0.0641372061	-47.7087520116
39	1.6035766523	0.0641372061	-65.7133389168
40	0.5025159477	0.0641372061	-33.2526725753
41	0.2517216066	0.0641372061	-19.8379993434
42	1.6897713218	0.0641372061	-75.8450676908
43	1.1353828321	0.0641372061	-67.6583017397
44	1.4992313744	0.0641372061	-72.9372381376
45	2.1128651803	0.0641372061	-94.0326662606
46	1.9092787892	0.0641372061	-70.8255400083
47	0.5788879426	0.0641372061	-28.6198253224
48	0.3089024802	0.0641372061	-26.7384830535
49	0.9151564575	0.0641372061	-62.4971660443
50	1.8014795489	0.0641372061	-49.4794940656
51	0.0000000000	0.0641372061	-2.8788456969
52	0.6282726627	0.0641372061	-37.8362564692
53	0.6549263664	0.0641372061	-45.8172484015
54	1.8431991250	0.0641372061	-82.7979438403
55	0.3095993436	0.0641372061	-23.5100050825
56	1.3427037467	0.0641372061	-45.7318837383
57	0.0000000000	0.0641372061	-3.3408099796
58	0.5034597505	0.0641372061	-34.1950880868
59	4.0855204286	0.0641372061	-93.7798697837
60	0.2372089789	0.0641372061	-20.5955077903
61	0.1228003257	0.0641372061	-12.1005622648
62	1.6734451828	0.0641372061	-62.9208130870
63	1.6010913402	0.0641372061	-96.4631187526
64	1.2499589717	0.0641372061	-81.9968388670
65	1.1231661682	0.0641372061	-79.1180050479
66	0.3114148678	0.0641372061	-29.2769022186
67	1.6041044574	0.0641372061	-80.5761162126
68	0.4078542691	0.0641372061	-23.6530097134
69	1.6364712491	0.0641372061	-91.0366281628
70	1.8641389204	0.0641372061	-81.8503006970
71	0.5767312164	0.0641372061	-45.7409249929
72	0.6717075620	0.0641372061	-55.9041321278
73	0.0000000000	0.0641372061	-2.4482870212
74	0.1343758383	0.0641372061	-10.9703348524
75	1.3468053691	0.0641372061	-71.9608564698
76	1.9682240889	0.0641372061	-58.1619094151
77	0.0000000000	0.0641372061	-2.4482870212
78	1.2172318137	0.0641372061	-67.8757372473
79	1.3393015553	0.0641372061	-64.2252162542
80	0.6238772166	0.0641372061	-31.4385935238
81	0.6361635094	0.0641372061	-39.2677376176
82	0.6602263162	0.0641372061	-49.5617542680
83	1.5552840864	0.0641372061	-78.5448902760
84	2.3580801329	0.0641372061	-95.5393420358
85	0.9086239887	0.0641372061	-54.4424381674
86	1.7706308976	0.0641372061	-91.5120404440
87	1.4496788136	0.0641372061	-47.3691950489
88	0.9006939736	0.0641372061	-62.7088336714
89	0.2688395469	0.0641372061	-23.5615292989
90	0.6140355900	0.0641372061	-47.4866736077
91	0.2466316345	0.0641372061	-17.1679265816
92	1.9894545647	0.0641372061	-81.8990650419
93	0.7623707230	0.0641372061	-45.8111301145
94	0.1526007400	0.0641372061	-15.9973170174
95	1.3401163954	0.0641372061	-90.0304613370
96	0.5540768806	0.0641372061	-34.4659588338
97	1.7007970207	0.0641372061	-82.6564503715
98	0.4242452090	0.0641372061	-27.7467814406
99	0.8859615074	0.0641372061	-60.1556071748
100	0.0000000000	0.0641372061	-2.8788456969
101	0.3141848782	0.0641372061	-26.3846551536
102	1.9002795938	0.0641372061	-71.3452939746
103	0.7386505692	0.0641372061	-45.2600055553
104	0.8466611156	0.0641372061	-51.1323708024
105	4.7598814465	0.0641372061	-96.1328816686
106	1.1744244650	0.0641372061	-65.9614047791
107	0.3590568118	0.0641372061	-27.0786484750
108	0.8801891754	0.0641372061	-66.0902863126
109	1.2373239038	0.0641372061	-57.5722692412
110	1.4553486490	0.0641372061	-74.8784681048
111	0.0000000000	0.0641372061	-2.4482870212
112	2.3122281242	0.0641372061	-58.5816955312
113	1.4508544610	0.0641372061	-75.9315317511
114	2.3884627701	0.0641372061	-61.6050209947
115	0.8293255863	0.0641372061	-43.1257181215
116	2.1491864744	0.0641372061	-64.0122709337
117	1.0689446484	0.0641372061	-61.3388422758
118	1.1460764500	0.0641372061	-39.1809584684
119	0.2324756813	0.0641372061	-20.1703501589
120	1.3524794475	0.0641372061	-77.2726903673
121	1.4740067500	0.0641372061	-87.6799832058
122	0.2455454789	0.0641372061	-15.2350472139
123	1.3368602915	0.0641372061	-76.3112998567
124	1.7364933137	0.0641372061	-81.5994127266
