site	rate	t	lnL
1	1.7622337686	0.5842214715	-197.6122631576
2	1.2156749784	0.5842214715	-164.9894332753
3	2.7980596716	0.5842214715	-191.2095853603
4	414.5760436975	0.5842214715	-196.0544134776
5	0.0817422621	0.5842214715	-29.0158571221
6	2.6994884142	0.5842214715	-189.5576300077
7	0.3692651170	0.5842214715	-104.1085661751
8	0.5875175901	0.5842214715	-133.8324556043
9	1.3133133375	0.5842214715	-190.0076664284
10	3.0340418743	0.5842214715	-181.5722304794
11	0.7253596132	0.5842214715	-129.8975398270
12	3.3691798116	0.5842214715	-191.9015176451
13	1.4458020318	0.5842214715	-172.9033460699
14	0.5387069935	0.5842214715	-94.9819306550
15	0.4592004379	0.5842214715	-108.0258462562
16	4.5767335951	0.5842214715	-193.4751733054
17	1.9355789425	0.5842214715	-174.2228965673
18	1.7804541391	0.5842214715	-164.6998894033
19	2.7178952537	0.5842214715	-193.6093000221
20	0.3208917651	0.5842214715	-66.1264928181
21	0.8874126559	0.5842214715	-149.4843386647
22	5.2276286179	0.5842214715	-195.1513805812
23	0.4817584785	0.5842214715	-117.2689862202
24	0.1992942762	0.5842214715	-53.2626474023
25	1.8364539616	0.5842214715	-176.3555395766
26	0.2211676794	0.5842214715	-43.3675884262
27	0.3004254081	0.5842214715	-107.4146379259
28	0.0000000000	0.5842214715	-2.4930038600
29	0.0913270660	0.5842214715	-48.9617892462
30	0.4824128272	0.5842214715	-127.2754709967
31	5.4635334235	0.5842214715	-191.9073445788
32	0.4798259705	0.5842214715	-137.3430464863
33	0.1494941039	0.5842214715	-54.4958609922
34	2.0984196226	0.5842214715	-187.0008893251
35	0.8125928873	0.5842214715	-136.8233233717
36	4.6502631600	0.5842214715	-197.3977076210
37	1.8244252988	0.5842214715	-183.6792808486
38	2.7477146651	0.5842214715	-186.2481676117
39	2.9294860320	0.5842214715	-193.2167249700
40	0.5999805436	0.5842214715	-140.7699506149
41	1.2340966773	0.5842214715	-174.7404885480
42	4.4108392814	0.5842214715	-190.7264405751
43	1.8271563866	0.5842214715	-175.0529883945
44	2.8079359929	0.5842214715	-195.4410664655
45	93.5379315509	0.5842214715	-184.3141586502
46	1.1358814817	0.5842214715	-149.0203661015
47	0.3931186643	0.5842214715	-129.7220923448
48	1.1244681378	0.5842214715	-164.3667909529
49	0.9708660813	0.5842214715	-163.3737733371
50	0.6774845912	0.5842214715	-145.0886501151
51	0.0000000000	0.5842214715	-2.7291894067
52	0.4046777071	0.5842214715	-109.2219505542
53	0.4544195131	0.5842214715	-117.3095421864
54	0.8276795942	0.5842214715	-152.4128033002
55	0.2999794678	0.5842214715	-108.3571783344
56	1.4160647950	0.5842214715	-184.0331909219
57	0.2007714493	0.5842214715	-65.5699547232
58	0.8390272340	0.5842214715	-169.1629017321
59	3.0441362180	0.5842214715	-187.8588342863
60	0.7757180187	0.5842214715	-111.0245550101
61	0.2296632268	0.5842214715	-71.7999653464
62	1.5637719910	0.5842214715	-183.0947043303
63	0.5994733080	0.5842214715	-132.0560693556
64	3.0205484604	0.5842214715	-187.2754472255
65	2.2717237614	0.5842214715	-190.3632518091
66	0.3949412071	0.5842214715	-115.5333734618
67	2.0616411718	0.5842214715	-193.7249517556
68	1.7007672800	0.5842214715	-171.5494089874
69	1.1695915565	0.5842214715	-181.7427116692
70	4.1388959974	0.5842214715	-193.0649604174
71	1.3080430177	0.5842214715	-160.7351504124
72	1.2352664954	0.5842214715	-163.6265667667
73	0.1832356396	0.5842214715	-45.4699450515
74	0.9424874855	0.5842214715	-142.1605205906
75	1.2030949535	0.5842214715	-161.9307612661
76	3.1375874567	0.5842214715	-194.8655187699
77	0.0518669994	0.5842214715	-18.4686127307
78	2.3217124473	0.5842214715	-183.5085307884
79	3.8299731399	0.5842214715	-179.9080339909
80	0.3143656197	0.5842214715	-99.9104589563
81	1.0401740482	0.5842214715	-169.4694741839
82	2.7374079403	0.5842214715	-189.7557804922
83	2.0372098678	0.5842214715	-191.0922061278
84	0.7276284841	0.5842214715	-141.5368655834
85	0.2831868153	0.5842214715	-77.8913485637
86	0.7660251304	0.5842214715	-181.7259708164
87	2.9354519259	0.5842214715	-189.4535318157
88	0.4087715789	0.5842214715	-136.3941830020
89	0.2779752178	0.5842214715	-77.1140806093
90	2.9185249371	0.5842214715	-190.6474601947
91	0.1793032126	0.5842214715	-45.4549503639
92	0.5931041586	0.5842214715	-125.9657776225
93	2.1742180751	0.5842214715	-192.0666778598
94	0.1886271478	0.5842214715	-67.1600688853
95	0.3139865217	0.5842214715	-119.2535237465
96	2.4009196555	0.5842214715	-184.3355004116
97	2.0521414797	0.5842214715	-175.3813064489
98	1.5045148937	0.5842214715	-165.1524642185
99	1.3991801942	0.5842214715	-179.7419351840
100	0.6013286654	0.5842214715	-100.2833291291
101	0.2600323002	0.5842214715	-80.0043565437
102	4033.7250992709	0.5842214715	-192.8561133553
103	2.5129647460	0.5842214715	-171.2569869730
104	0.3766729721	0.5842214715	-64.2831009738
105	1.8130097222	0.5842214715	-184.6149928728
106	2.8567658971	0.5842214715	-189.8694748041
107	0.4667590413	0.5842214715	-105.2008958979
108	1.4707966308	0.5842214715	-181.3762696691
109	3.8811555312	0.5842214715	-193.8532749256
110	29.6619723777	0.5842214715	-187.6791494168
111	0.0000000000	0.5842214715	-2.4930038600
112	2.2636781145	0.5842214715	-188.3349819623
113	2.2573416505	0.5842214715	-193.9314875032
114	1.2102595316	0.5842214715	-168.0633724979
115	1.8031306909	0.5842214715	-179.7055785679
116	3.0241339085	0.5842214715	-186.4992766125
117	2.4190476960	0.5842214715	-179.3133463389
118	2.1315840406	0.5842214715	-177.2287591028
119	0.9083682400	0.5842214715	-182.1338001732
120	2.4039764346	0.5842214715	-183.0724866557
121	1.3254593812	0.5842214715	-161.8097241922
122	0.6317215307	0.5842214715	-108.2014989867
123	4.0028222965	0.5842214715	-191.7916363202
124	2.9393788614	0.5842214715	-184.1503741428
