site	rate	t	lnL
1	1.2820667864	0.0067023128	-11.3916914388
2	1.3303043984	0.0067023128	-11.1865244688
3	1.2137785203	0.0067023128	-13.4309867278
4	4.0440642946	0.0067023128	-27.6385833118
5	0.0000000000	0.0067023128	-2.4338149886
6	1.2816265950	0.0067023128	-11.6168715831
7	0.0000000000	0.0067023128	-2.2945529213
8	1.2316077343	0.0067023128	-12.6241161695
9	1.2589578384	0.0067023128	-11.7100012523
10	0.0000000000	0.0067023128	-2.2945529213
11	0.0000000000	0.0067023128	-3.2015123257
12	1.2759688744	0.0067023128	-11.6246357831
13	3.7348648501	0.0067023128	-27.6758229024
14	0.0000000000	0.0067023128	-2.6370432302
15	1.2480617790	0.0067023128	-12.2312206274
16	1.2835752027	0.0067023128	-10.7972202353
17	2.5286409214	0.0067023128	-18.8980212628
18	0.0000000000	0.0067023128	-3.6708969516
19	1.2200976232	0.0067023128	-13.1335985985
20	0.0000000000	0.0067023128	-2.6370432302
21	0.0000000000	0.0067023128	-3.2015123257
22	1.2587888818	0.0067023128	-12.0707593148
23	1.2613247924	0.0067023128	-11.0756129905
24	0.0000000000	0.0067023128	-3.0495755056
25	2.5649371772	0.0067023128	-18.1261245549
26	0.0000000000	0.0067023128	-2.8158498449
27	0.0000000000	0.0067023128	-2.2553322081
28	0.0000000000	0.0067023128	-2.4338149886
29	0.0000000000	0.0067023128	-2.2553322081
30	0.0000000000	0.0067023128	-2.7467166324
31	1.2778685069	0.0067023128	-10.8315691089
32	0.0000000000	0.0067023128	-2.2945529213
33	0.0000000000	0.0067023128	-3.2015123257
34	1.2632473123	0.0067023128	-13.2321407554
35	0.0000000000	0.0067023128	-3.3919159906
36	5.3261177050	0.0067023128	-31.2041869511
37	2.5287842240	0.0067023128	-20.9578112248
38	1.2406707866	0.0067023128	-13.2630376507
39	0.0000000000	0.0067023128	-2.7467166324
40	0.0000000000	0.0067023128	-2.7467166324
41	0.0000000000	0.0067023128	-2.2945529213
42	0.0000000000	0.0067023128	-3.2015123257
43	1.2607717379	0.0067023128	-11.2545322402
44	1.2554955612	0.0067023128	-11.9402441086
45	1.2499136109	0.0067023128	-12.6159754371
46	1.2920249818	0.0067023128	-11.2023061222
47	0.0000000000	0.0067023128	-3.0495755056
48	2.6753110411	0.0067023128	-20.5822982926
49	2.5294980670	0.0067023128	-19.4304154825
50	2.6853695801	0.0067023128	-19.5952112094
51	0.0000000000	0.0067023128	-2.6370432302
52	2.4791413150	0.0067023128	-18.3772615709
53	0.0000000000	0.0067023128	-2.2553322081
54	1.2406708089	0.0067023128	-12.2286322632
55	0.0000000000	0.0067023128	-2.2945529213
56	0.0000000000	0.0067023128	-3.2108436532
57	0.0000000000	0.0067023128	-3.2015123257
58	0.0000000000	0.0067023128	-3.1126965920
59	2.6854411671	0.0067023128	-18.3973117903
60	0.0000000000	0.0067023128	-2.4338149886
61	0.0000000000	0.0067023128	-2.4338149886
62	2.5311457484	0.0067023128	-17.8167604176
63	0.0000000000	0.0067023128	-2.8878547669
64	2.5545862147	0.0067023128	-18.0945978960
65	0.0000000000	0.0067023128	-3.2458233721
66	0.0000000000	0.0067023128	-2.6370432302
67	2.5387366763	0.0067023128	-20.4046431276
68	1.2772319790	0.0067023128	-12.0299796808
69	0.0000000000	0.0067023128	-3.2015123257
70	1.2553420082	0.0067023128	-12.0469089235
71	2.6281357071	0.0067023128	-18.5424107955
72	0.0000000000	0.0067023128	-3.1561187535
73	0.0000000000	0.0067023128	-2.4338149886
74	0.0000000000	0.0067023128	-2.6370432302
75	1.3401928099	0.0067023128	-10.8561657173
76	2.5177385952	0.0067023128	-20.2179845402
77	0.0000000000	0.0067023128	-3.1561187535
78	1.3404743768	0.0067023128	-10.2626581675
79	1.2498029081	0.0067023128	-12.2391637969
80	0.0000000000	0.0067023128	-2.2945529213
81	0.0000000000	0.0067023128	-3.0469194615
82	1.2498968875	0.0067023128	-12.6159905907
83	1.2480496969	0.0067023128	-12.2405614969
84	0.0000000000	0.0067023128	-2.8878547669
85	0.0000000000	0.0067023128	-2.2553322081
86	0.0000000000	0.0067023128	-3.2108436532
87	2.5609304553	0.0067023128	-20.1106559883
88	0.0000000000	0.0067023128	-2.7467166324
89	0.0000000000	0.0067023128	-2.2553322081
90	2.4924974138	0.0067023128	-21.3051299826
91	0.0000000000	0.0067023128	-2.4338149886
92	2.6008134486	0.0067023128	-18.4816177374
93	0.0000000000	0.0067023128	-3.6708969516
94	0.0000000000	0.0067023128	-3.6320571182
95	1.3292321317	0.0067023128	-10.7624235406
96	1.2589578058	0.0067023128	-11.0774786935
97	1.3346038771	0.0067023128	-11.2131994886
98	3.8534599718	0.0067023128	-25.4446717610
99	2.6442544754	0.0067023128	-20.1233268812
100	1.2939745861	0.0067023128	-10.6402925292
101	1.3416503335	0.0067023128	-10.2617852263
102	0.0000000000	0.0067023128	-3.2458233721
103	0.0000000000	0.0067023128	-2.2553322081
104	0.0000000000	0.0067023128	-2.8158498449
105	0.0000000000	0.0067023128	-3.0495755056
106	1.3406980921	0.0067023128	-11.0175068017
107	0.0000000000	0.0067023128	-2.8158498449
108	1.3336566117	0.0067023128	-11.2139096572
109	0.0000000000	0.0067023128	-3.1561187535
110	1.3153853691	0.0067023128	-10.9121096987
111	0.0000000000	0.0067023128	-2.4338149886
112	2.5084682979	0.0067023128	-21.0962243442
113	1.2524127350	0.0067023128	-12.3284517432
114	0.0000000000	0.0067023128	-2.8878547669
115	2.5646372474	0.0067023128	-19.5952943104
116	1.2503499223	0.0067023128	-12.1850857225
117	1.2499136443	0.0067023128	-13.5563637206
118	2.5522484871	0.0067023128	-18.6572379473
119	2.5096648293	0.0067023128	-21.5445387167
120	0.0000000000	0.0067023128	-2.2945529213
121	2.4569385056	0.0067023128	-20.2950404360
122	0.0000000000	0.0067023128	-2.4338149886
123	2.5205840921	0.0067023128	-19.8231887108
124	0.0000000000	0.0067023128	-2.8158498449
