site	rate	t	lnL
1	0.0000000000	0.0067535965	-3.4738331130
2	0.0000000000	0.0067535965	-3.2787210756
3	1.6071972000	0.0067535965	-27.4702663413
4	2.7757702587	0.0067535965	-33.1899484059
5	0.0000000000	0.0067535965	-2.1778816145
6	2.5211925172	0.0067535965	-22.5124815481
7	3.1083980853	0.0067535965	-26.5991625094
8	0.0000000000	0.0067535965	-2.8053785451
9	1.1870811038	0.0067535965	-14.9940104157
10	0.7951041959	0.0067535965	-11.1634163717
11	0.0000000000	0.0067535965	-2.2481465485
12	5.0813930039	0.0067535965	-19.0675391158
13	0.0000000000	0.0067535965	-2.8566718395
14	0.0000000000	0.0067535965	-2.6931665545
15	0.0000000000	0.0067535965	-2.2481465485
16	0.9933293057	0.0067535965	-12.8236080484
17	3.1152643410	0.0067535965	-30.1249663538
18	0.0000000000	0.0067535965	-2.8969457386
19	1.3851180269	0.0067535965	-10.8383059001
20	0.0000000000	0.0067535965	-2.1778816145
21	0.0000000000	0.0067535965	-2.2481465485
22	1.0577050140	0.0067535965	-13.0139842562
23	0.0000000000	0.0067535965	-3.4497355615
24	0.0000000000	0.0067535965	-3.9887320622
25	0.0000000000	0.0067535965	-3.1098677358
26	2.0887667876	0.0067535965	-27.7556216068
27	0.0000000000	0.0067535965	-2.2481465485
28	0.0000000000	0.0067535965	-2.1778816145
29	0.0000000000	0.0067535965	-2.2481465485
30	0.0000000000	0.0067535965	-2.1778816145
31	6.0887177769	0.0067535965	-21.9276629931
32	0.0000000000	0.0067535965	-2.4309455462
33	1.1621464228	0.0067535965	-10.4346801388
34	1.1576434370	0.0067535965	-13.0308691607
35	5.4809238139	0.0067535965	-33.5810827550
36	2.0091758116	0.0067535965	-26.2294992236
37	5.3337695800	0.0067535965	-45.7674144634
38	2.1831151532	0.0067535965	-14.2684333080
39	1.0603338824	0.0067535965	-14.0935188524
40	1.1042867768	0.0067535965	-12.4121587547
41	0.0000000000	0.0067535965	-2.8566718395
42	0.0000000000	0.0067535965	-2.4309455462
43	3.1918769961	0.0067535965	-20.0518543147
44	0.0000000000	0.0067535965	-2.8566718395
45	1.6570790912	0.0067535965	-14.7303947715
46	0.0000000000	0.0067535965	-3.4738331130
47	0.0000000000	0.0067535965	-3.1298398690
48	0.8025032968	0.0067535965	-11.3848013780
49	2.9041102451	0.0067535965	-19.7673331968
50	0.0000000000	0.0067535965	-3.2015123257
51	0.0000000000	0.0067535965	-2.6931665545
52	0.0000000000	0.0067535965	-2.6857453701
53	3.7802157279	0.0067535965	-29.9677200945
54	0.9277631322	0.0067535965	-11.9480141356
55	0.0000000000	0.0067535965	-2.2481465485
56	1.8361111152	0.0067535965	-17.8185177052
57	0.0000000000	0.0067535965	-2.8053785451
58	0.0000000000	0.0067535965	-3.4497355615
59	0.0000000000	0.0067535965	-2.4309455462
60	0.0000000000	0.0067535965	-2.4309455462
61	0.0000000000	0.0067535965	-2.1778816145
62	1.8190907284	0.0067535965	-21.8611979846
63	0.0000000000	0.0067535965	-2.4309455462
64	1.1384240693	0.0067535965	-10.6982188842
65	0.9547866531	0.0067535965	-10.4863114537
66	1.6171580231	0.0067535965	-11.7936495947
67	0.0000000000	0.0067535965	-2.8053785451
68	4.4087998307	0.0067535965	-21.4303037294
69	0.0000000000	0.0067535965	-3.1298398690
70	0.0000000000	0.0067535965	-3.4418303819
71	0.9770250768	0.0067535965	-11.7889989147
72	1.1719195952	0.0067535965	-11.6956336629
73	0.0000000000	0.0067535965	-2.1778816145
74	5.4163374765	0.0067535965	-41.2482305849
75	1.6709210423	0.0067535965	-19.2923785379
76	0.0000000000	0.0067535965	-2.8566718395
77	0.0000000000	0.0067535965	-2.1778816145
78	2.6216728923	0.0067535965	-14.0869836102
79	5.2649094821	0.0067535965	-23.5584607272
80	5.2687169304	0.0067535965	-21.0330714181
81	0.0000000000	0.0067535965	-2.8053785451
82	0.0000000000	0.0067535965	-2.6857453701
83	0.0000000000	0.0067535965	-2.8053785451
84	0.8013894387	0.0067535965	-8.8037732856
85	1.1758826046	0.0067535965	-15.0034329059
86	4.4949477501	0.0067535965	-28.9008743280
87	0.9447579527	0.0067535965	-15.0157231103
88	1.1847824341	0.0067535965	-12.1083754562
89	0.0000000000	0.0067535965	-2.2481465485
90	2.7403686005	0.0067535965	-12.9988332223
91	0.0000000000	0.0067535965	-2.1778816145
92	0.0000000000	0.0067535965	-2.2481465485
93	0.0000000000	0.0067535965	-2.8566718395
94	0.0000000000	0.0067535965	-2.6857453701
95	2.3651117661	0.0067535965	-22.4170545776
96	0.0000000000	0.0067535965	-2.2481465485
97	5.5319804158	0.0067535965	-24.2551801798
98	0.0000000000	0.0067535965	-2.6931665545
99	0.0000000000	0.0067535965	-3.5027010970
100	0.0000000000	0.0067535965	-2.6931665545
101	0.0000000000	0.0067535965	-2.4309455462
102	2.3201276468	0.0067535965	-11.4477828931
103	1.9833946159	0.0067535965	-11.0339563406
104	0.0000000000	0.0067535965	-2.8969457386
105	4.1070209853	0.0067535965	-21.5195708742
106	0.8164226433	0.0067535965	-12.0003337722
107	0.9631227818	0.0067535965	-14.1896362546
108	2.0895013684	0.0067535965	-11.5768303703
109	0.9453008538	0.0067535965	-15.0151791302
110	3.4669216498	0.0067535965	-24.8544423961
111	0.0000000000	0.0067535965	-2.1778816145
112	0.0000000000	0.0067535965	-2.8969457386
113	4.3776706426	0.0067535965	-36.9215597246
114	0.0000000000	0.0067535965	-3.4418303819
115	4.1187564846	0.0067535965	-39.0877944018
116	0.0000000000	0.0067535965	-2.8053785451
117	0.0000000000	0.0067535965	-2.6857453701
118	0.0000000000	0.0067535965	-2.8969457386
119	0.0000000000	0.0067535965	-3.2787210756
120	0.0000000000	0.0067535965	-3.2015123257
121	0.0000000000	0.0067535965	-2.6931665545
122	0.0000000000	0.0067535965	-2.1778816145
123	2.2493557536	0.0067535965	-20.8623370589
124	3.6349054796	0.0067535965	-30.0659879682
