site	rate	t	lnL
1	2.2509392331	0.3734622798	-181.2049164716
2	0.6749735653	0.3734622798	-130.5611643216
3	2.1323426811	0.3734622798	-192.2260555903
4	2.8131538733	0.3734622798	-183.3462604319
5	0.1468075705	0.3734622798	-42.0921180659
6	2.4396653658	0.3734622798	-188.7012632204
7	0.3673146576	0.3734622798	-84.1580457712
8	0.8780528443	0.3734622798	-138.0581676064
9	2.4228646033	0.3734622798	-191.6922120107
10	1.5066944916	0.3734622798	-169.1948760039
11	0.4218010597	0.3734622798	-85.4331600017
12	2.8965059725	0.3734622798	-198.3784196045
13	1.5052057519	0.3734622798	-168.3915337283
14	0.4358685161	0.3734622798	-96.5070704680
15	0.6436011259	0.3734622798	-116.0845697466
16	1.9208236668	0.3734622798	-189.2538845782
17	1.6687362813	0.3734622798	-176.0830383168
18	1.0293212677	0.3734622798	-154.4032296320
19	1.6775191204	0.3734622798	-176.0091249057
20	0.0230951266	0.3734622798	-11.8460402350
21	0.8295889373	0.3734622798	-144.0205624700
22	1.0379268381	0.3734622798	-164.9693418949
23	1.3966845989	0.3734622798	-164.3823463899
24	0.0906862444	0.3734622798	-31.7546795491
25	1.0374941271	0.3734622798	-159.7289901208
26	0.2376465936	0.3734622798	-64.7646855770
27	0.4470919019	0.3734622798	-96.3223595270
28	0.0000000000	0.3734622798	-2.3806556204
29	0.2838976365	0.3734622798	-68.1222134075
30	0.9179347489	0.3734622798	-145.6545428449
31	2.0581916139	0.3734622798	-176.6161823421
32	1.0621282422	0.3734622798	-152.8837984661
33	0.3632411314	0.3734622798	-93.4979898398
34	2.0912158564	0.3734622798	-186.7173230278
35	1.2273669400	0.3734622798	-158.2421490683
36	2.7677507465	0.3734622798	-194.4564666126
37	1.1814055939	0.3734622798	-162.9947914307
38	2.3889340905	0.3734622798	-193.0561832598
39	2.4747729965	0.3734622798	-190.5256065977
40	1.0547823939	0.3734622798	-164.1615394867
41	1.2901514711	0.3734622798	-176.9125118483
42	3.6388282803	0.3734622798	-188.6505180953
43	1.9030035197	0.3734622798	-186.5671757682
44	2.0815150736	0.3734622798	-187.4159215842
45	1.2355651882	0.3734622798	-168.8740282028
46	1.1926570903	0.3734622798	-163.8829519057
47	0.7557130289	0.3734622798	-139.9823427347
48	1.2948767229	0.3734622798	-166.2611927543
49	1.0820824370	0.3734622798	-157.7817592844
50	0.8779142211	0.3734622798	-150.7407966649
51	0.0000000000	0.3734622798	-2.6894490781
52	0.5149120711	0.3734622798	-103.3042258319
53	0.9945812149	0.3734622798	-142.7646839415
54	1.1728818585	0.3734622798	-167.2566320140
55	0.4864721662	0.3734622798	-102.8339240135
56	1.1420396713	0.3734622798	-170.7947255597
57	0.2594783462	0.3734622798	-74.8982294369
58	1.4821061372	0.3734622798	-177.9832001461
59	1.5928230021	0.3734622798	-177.6890535941
60	0.7035539014	0.3734622798	-125.6251350741
61	0.1207795871	0.3734622798	-37.0531396386
62	4.2308668162	0.3734622798	-195.6294457613
63	0.1619789354	0.3734622798	-48.7296074486
64	1.4759096179	0.3734622798	-178.5911173971
65	1.7493334504	0.3734622798	-189.9969806281
66	0.3930057303	0.3734622798	-94.4432978437
67	2.5501939767	0.3734622798	-193.5681931787
68	0.5536005176	0.3734622798	-120.3649640159
69	1.7082519925	0.3734622798	-184.0146135916
70	3.1249235663	0.3734622798	-186.7924871048
71	1.3254366748	0.3734622798	-164.7557638662
72	2.4309095357	0.3734622798	-183.5850872058
73	0.0719652140	0.3734622798	-26.1114602669
74	1.8777924221	0.3734622798	-185.9534150520
75	1.0619050508	0.3734622798	-150.8777127066
76	1.7818713540	0.3734622798	-184.1065686358
77	0.0719652205	0.3734622798	-26.0408426998
78	2.0990529709	0.3734622798	-180.8180228195
79	2.4349588342	0.3734622798	-185.3714341245
80	1.2002345820	0.3734622798	-150.8609217221
81	1.8582176528	0.3734622798	-170.5726715014
82	1.6002253448	0.3734622798	-179.3192971565
83	2.2757061937	0.3734622798	-184.8698714783
84	0.4722182469	0.3734622798	-109.9190468142
85	0.7721192634	0.3734622798	-132.5002834567
86	1.4654212479	0.3734622798	-178.8597799578
87	1.2087880431	0.3734622798	-163.7682900687
88	0.6847585922	0.3734622798	-130.6334015939
89	0.2427711194	0.3734622798	-61.1437277272
90	1.5885781445	0.3734622798	-177.2250874188
91	0.0965794035	0.3734622798	-30.8813789837
92	1.3558731299	0.3734622798	-152.2183697851
93	1.3309710010	0.3734622798	-170.6499589791
94	0.6753882985	0.3734622798	-119.2708725966
95	0.5412904148	0.3734622798	-110.6581382071
96	2.1324387511	0.3734622798	-182.9622492272
97	1.8842341186	0.3734622798	-172.9136533218
98	1.3189007023	0.3734622798	-168.2765706679
99	3.4421974295	0.3734622798	-194.2209028879
100	0.3264636697	0.3734622798	-75.9098401371
101	0.4146022864	0.3734622798	-82.7238461793
102	1.9258135742	0.3734622798	-191.7868179271
103	1.4162596905	0.3734622798	-165.5561086777
104	0.1155185567	0.3734622798	-38.6178150418
105	1.3054174660	0.3734622798	-178.7472910830
106	1.1840285237	0.3734622798	-162.7828521789
107	0.6680835509	0.3734622798	-127.8860224631
108	1.7067573818	0.3734622798	-176.3914001980
109	2.0870558967	0.3734622798	-178.4699092182
110	1.9211153859	0.3734622798	-184.0522894947
111	0.0000000000	0.3734622798	-2.3806556204
112	1.6608678694	0.3734622798	-188.9985362252
113	2.2712769556	0.3734622798	-192.7021557691
114	0.6223238655	0.3734622798	-133.0375562945
115	1.7849782317	0.3734622798	-190.0687327773
116	1.8160476958	0.3734622798	-186.2180754662
117	2.0122258334	0.3734622798	-181.7769144170
118	1.3454696124	0.3734622798	-166.7235180996
119	1.3885021080	0.3734622798	-169.9028409928
120	1.7497165547	0.3734622798	-179.9516278005
121	0.4347555290	0.3734622798	-98.1794018117
122	0.3651821867	0.3734622798	-77.2219645114
123	1.7133364805	0.3734622798	-183.8303970127
124	3.4787288804	0.3734622798	-195.6649284791
