site	rate	t	lnL
1	1.4946021490	0.0704198036	-71.9431792690
2	0.7718092089	0.0704198036	-47.0041859007
3	0.6644159863	0.0704198036	-39.2474715336
4	1.4507326268	0.0704198036	-72.2548869811
5	0.0000000000	0.0704198036	-2.2386452894
6	0.7778091983	0.0704198036	-53.7146377552
7	0.2608534653	0.0704198036	-14.1610281191
8	0.6645966185	0.0704198036	-36.1014742558
9	1.4380072291	0.0704198036	-60.9303487437
10	2.1823305740	0.0704198036	-99.0639338322
11	0.4233997010	0.0704198036	-25.7075611308
12	1.4359194949	0.0704198036	-72.6504848079
13	1.3626896180	0.0704198036	-89.3775427807
14	1.3364124003	0.0704198036	-41.8736351749
15	0.8522075189	0.0704198036	-44.4822847213
16	0.4270266492	0.0704198036	-30.8817783200
17	1.1619371823	0.0704198036	-40.1170084078
18	1.3966715896	0.0704198036	-70.1187749689
19	1.4394980167	0.0704198036	-73.5455674555
20	0.9466378377	0.0704198036	-34.2268305176
21	0.8342836967	0.0704198036	-44.1029503412
22	1.8577522403	0.0704198036	-67.7497029500
23	0.2629929491	0.0704198036	-16.7296058351
24	0.0000000000	0.0704198036	-3.2720543842
25	1.5718887009	0.0704198036	-76.3535068617
26	0.0000000000	0.0704198036	-3.5111045078
27	0.4326169021	0.0704198036	-31.5420937802
28	0.0000000000	0.0704198036	-2.2386452894
29	0.2750863013	0.0704198036	-19.3855822507
30	0.4882825762	0.0704198036	-31.6899156056
31	0.8113479550	0.0704198036	-41.7444613422
32	0.9944702480	0.0704198036	-59.5320541799
33	0.1938865070	0.0704198036	-19.1809576956
34	0.0000000000	0.0704198036	-2.4600173610
35	2.0544231415	0.0704198036	-77.8940368631
36	1.4079631487	0.0704198036	-75.9517632343
37	1.4824860261	0.0704198036	-50.8143027067
38	2.1542874186	0.0704198036	-69.2511205953
39	1.9504330027	0.0704198036	-54.9945732816
40	0.3085139659	0.0704198036	-26.1811111602
41	1.2178073203	0.0704198036	-61.2713301911
42	1.5588806874	0.0704198036	-68.7051231863
43	2.0729612043	0.0704198036	-73.5584444818
44	1.1187498050	0.0704198036	-58.0686611701
45	0.1342798062	0.0704198036	-10.7542900529
46	0.2201379323	0.0704198036	-10.4002463978
47	0.8146153721	0.0704198036	-35.3684241196
48	0.5080971267	0.0704198036	-28.3345259381
49	0.2064234350	0.0704198036	-20.8242369213
50	4.2632018190	0.0704198036	-105.7630349337
51	0.0000000000	0.0704198036	-2.4600173610
52	0.1364009309	0.0704198036	-8.9780068566
53	0.2655084822	0.0704198036	-17.8042226066
54	0.3096362232	0.0704198036	-21.0606454354
55	0.6853642614	0.0704198036	-39.1202392697
56	1.9692601472	0.0704198036	-98.9287123625
57	0.0000000000	0.0704198036	-3.1922672676
58	0.9544565800	0.0704198036	-43.7288789202
59	1.5956790291	0.0704198036	-89.4243631327
60	2.5245341356	0.0704198036	-117.1725655113
61	0.0000000000	0.0704198036	-2.2386452894
62	1.0823151013	0.0704198036	-83.2769339964
63	0.1329442877	0.0704198036	-14.4349071954
64	1.3590881347	0.0704198036	-75.8566081945
65	1.1117072028	0.0704198036	-54.7290846327
66	1.3712501241	0.0704198036	-71.7858600963
67	1.2709164664	0.0704198036	-75.0190507373
68	0.9964182780	0.0704198036	-53.2129961576
69	1.6198024141	0.0704198036	-81.7192387765
70	0.6173391319	0.0704198036	-32.6425360287
71	0.9214236677	0.0704198036	-31.1616514404
72	0.4287435604	0.0704198036	-27.6195544717
73	0.0000000000	0.0704198036	-2.2386452894
74	0.2215439941	0.0704198036	-11.7749403382
75	0.6767745324	0.0704198036	-42.3965308936
76	1.1024795866	0.0704198036	-60.4665064076
77	0.0000000000	0.0704198036	-2.2386452894
78	0.7819404336	0.0704198036	-57.1959130145
79	0.9433876853	0.0704198036	-51.5306652997
80	1.7069505957	0.0704198036	-54.0033663485
81	0.9691950813	0.0704198036	-48.7212106782
82	2.4722057927	0.0704198036	-77.2671529219
83	1.6715118895	0.0704198036	-86.5270927912
84	0.1322789778	0.0704198036	-14.2417277341
85	0.5442584935	0.0704198036	-29.7430177029
86	1.9477074058	0.0704198036	-97.6622585934
87	1.4794000994	0.0704198036	-68.7527376816
88	0.5445196195	0.0704198036	-39.3816289172
89	0.1351695097	0.0704198036	-9.9382570647
90	1.2004948064	0.0704198036	-62.9932658471
91	0.0000000000	0.0704198036	-2.2386452894
92	0.1366787798	0.0704198036	-11.2424937094
93	1.1429388446	0.0704198036	-59.0205946098
94	0.9734949840	0.0704198036	-48.6392853403
95	0.7497478533	0.0704198036	-42.0503513486
96	2.4406676123	0.0704198036	-74.4359529832
97	1.6981982047	0.0704198036	-79.5879876197
98	1.9495389858	0.0704198036	-90.3884017924
99	1.0442476843	0.0704198036	-54.9257654709
100	0.2215439942	0.0704198036	-11.7749403382
101	0.2608534651	0.0704198036	-14.1610281191
102	0.5121798814	0.0704198036	-37.3152990798
103	1.6260516030	0.0704198036	-86.6036723064
104	0.2853731010	0.0704198036	-12.0332962019
105	1.8677550049	0.0704198036	-55.2335510360
106	2.2255875052	0.0704198036	-85.3633409929
107	3.5385008634	0.0704198036	-102.6501251120
108	0.7909953595	0.0704198036	-49.7192828527
109	1.6585351542	0.0704198036	-82.6188205645
110	1.7070180167	0.0704198036	-89.2161883919
111	0.0000000000	0.0704198036	-2.2386452894
112	1.1480193709	0.0704198036	-66.7251052065
113	1.0573860065	0.0704198036	-70.8440277409
114	0.5471319405	0.0704198036	-38.8962019003
115	1.9488554756	0.0704198036	-89.0497809507
116	1.3239554898	0.0704198036	-83.5148228037
117	3.4434508490	0.0704198036	-86.5316353900
118	0.8672026137	0.0704198036	-46.3946893416
119	1.5097484210	0.0704198036	-84.4682123312
120	1.2504284357	0.0704198036	-65.5863458919
121	1.2703738684	0.0704198036	-56.2601307817
122	0.0000000000	0.0704198036	-2.2386452894
123	1.3892114895	0.0704198036	-70.4373888964
124	1.3762395851	0.0704198036	-62.0008517432
