site	rate	t	lnL
1	1.0739058528	0.0590147965	-62.7623041173
2	0.3753254371	0.0590147965	-26.9913166992
3	4.7316860384	0.0590147965	-80.2688310654
4	1.4448342039	0.0590147965	-74.0663571577
5	0.2518160451	0.0590147965	-22.6812287261
6	0.7486004254	0.0590147965	-57.9187902768
7	0.4708761647	0.0590147965	-23.9720402044
8	1.2042491397	0.0590147965	-66.0297029078
9	0.4949764814	0.0590147965	-40.7578105894
10	1.1248443607	0.0590147965	-62.4422446157
11	0.2182067921	0.0590147965	-13.2738213680
12	2.7236743669	0.0590147965	-92.1656822721
13	1.0046619283	0.0590147965	-69.0980322517
14	1.0931461750	0.0590147965	-53.7308690223
15	0.2293714644	0.0590147965	-13.4685483091
16	1.9800939338	0.0590147965	-86.7901077648
17	1.0501723126	0.0590147965	-48.3321022519
18	1.9148476481	0.0590147965	-63.7802292281
19	0.2882781935	0.0590147965	-28.9430706080
20	0.1569438650	0.0590147965	-11.5571194381
21	1.0573361676	0.0590147965	-31.3918502642
22	2.5585195142	0.0590147965	-100.6637716210
23	1.0718683490	0.0590147965	-42.6346020214
24	0.2865569880	0.0590147965	-11.4066472963
25	1.4290218762	0.0590147965	-78.2911561504
26	0.0000000000	0.0590147965	-3.1327258739
27	0.0000000000	0.0590147965	-2.1635246589
28	0.1214658906	0.0590147965	-11.6453358422
29	0.0967999540	0.0590147965	-11.6104300012
30	0.6454264859	0.0590147965	-43.6436501302
31	2.9145175500	0.0590147965	-72.8227019529
32	1.2297806638	0.0590147965	-48.7992550063
33	0.3368662777	0.0590147965	-21.5416134706
34	3.7861062290	0.0590147965	-104.4046060513
35	1.2850216264	0.0590147965	-61.0686356491
36	1.4722270800	0.0590147965	-73.2530634749
37	2.4126380313	0.0590147965	-72.4874501049
38	0.5003597671	0.0590147965	-38.1375325494
39	1.8991508986	0.0590147965	-83.6025814401
40	0.7074050372	0.0590147965	-45.5872653668
41	0.5215797057	0.0590147965	-36.4232927435
42	2.2737677965	0.0590147965	-72.3570631121
43	0.9960749399	0.0590147965	-51.4042155559
44	1.9381693677	0.0590147965	-89.4066926344
45	0.7460097657	0.0590147965	-43.1341951462
46	1.7365733070	0.0590147965	-80.8010578174
47	0.0000000000	0.0590147965	-2.7827205212
48	0.5878396518	0.0590147965	-35.0108758936
49	1.4439376310	0.0590147965	-73.0670558504
50	1.5189929673	0.0590147965	-46.4572979811
51	0.0000000000	0.0590147965	-2.7827205212
52	0.2153192655	0.0590147965	-9.1535699012
53	2.7011859707	0.0590147965	-115.8980148487
54	0.8261050960	0.0590147965	-62.7527236313
55	0.8529406305	0.0590147965	-54.3972463061
56	1.2055336010	0.0590147965	-87.2024310407
57	0.2233433601	0.0590147965	-15.4160515049
58	1.1758490291	0.0590147965	-67.5360495111
59	1.0752498130	0.0590147965	-54.8212110612
60	0.1341691148	0.0590147965	-14.0560742815
61	0.2500544686	0.0590147965	-20.8580645010
62	0.7217081543	0.0590147965	-56.2083378745
63	0.3125512661	0.0590147965	-29.8196141532
64	0.4665994856	0.0590147965	-25.1713584952
65	0.6526904554	0.0590147965	-38.6196749274
66	0.1793754007	0.0590147965	-22.0518594941
67	0.9278304635	0.0590147965	-59.5753376746
68	0.9498318962	0.0590147965	-56.5245138001
69	1.9297408796	0.0590147965	-79.7543753942
70	4.0577838554	0.0590147965	-100.1108128371
71	0.7679612799	0.0590147965	-52.5268968441
72	0.7873183713	0.0590147965	-46.0872884893
73	0.0000000000	0.0590147965	-2.1868202215
74	0.7969938413	0.0590147965	-44.6510833899
75	0.6009793976	0.0590147965	-36.2853471740
76	1.8027085118	0.0590147965	-65.1267260433
77	0.0000000000	0.0590147965	-2.1868202215
78	1.1030033549	0.0590147965	-59.5626468974
79	2.2517341672	0.0590147965	-94.5429763665
80	0.9605236176	0.0590147965	-35.3382431302
81	2.0296048222	0.0590147965	-68.1781379012
82	1.7560751970	0.0590147965	-68.0926509693
83	1.4634538937	0.0590147965	-83.9878046787
84	1.6282751607	0.0590147965	-34.9406426793
85	0.2909666926	0.0590147965	-30.0241254779
86	1.3409769985	0.0590147965	-52.3686689223
87	0.9575299276	0.0590147965	-36.4287899319
88	1.2627092084	0.0590147965	-75.1749888797
89	0.1001669391	0.0590147965	-13.4949859493
90	1.8941489559	0.0590147965	-83.7251655588
91	0.0000000000	0.0590147965	-2.1868202215
92	1.6004219138	0.0590147965	-62.7197255410
93	1.1832254012	0.0590147965	-42.4788248554
94	0.5988244420	0.0590147965	-32.8160497127
95	0.0000000000	0.0590147965	-3.2787210756
96	0.6202869935	0.0590147965	-49.1827457950
97	3.9031993040	0.0590147965	-95.8166846498
98	2.0857067378	0.0590147965	-75.7912684864
99	1.0893260017	0.0590147965	-57.9931442957
100	0.1546628938	0.0590147965	-10.6969848227
101	0.2153050180	0.0590147965	-13.5320001610
102	1.6334759754	0.0590147965	-60.7148947354
103	1.8175749632	0.0590147965	-75.3505361055
104	0.1317176575	0.0590147965	-11.2755098301
105	1.7582187329	0.0590147965	-63.9451788096
106	1.0921955065	0.0590147965	-58.0070297316
107	0.7735896878	0.0590147965	-45.8072207441
108	1.2440015676	0.0590147965	-69.8128488537
109	0.9091947132	0.0590147965	-52.6482666436
110	2.0815945536	0.0590147965	-121.0507711155
111	0.0000000000	0.0590147965	-2.1868202215
112	2.1720616522	0.0590147965	-92.0543238462
113	1.5554439239	0.0590147965	-81.2849695750
114	1.5401516371	0.0590147965	-32.7421193382
115	1.5846723403	0.0590147965	-81.9128423214
116	1.3023858023	0.0590147965	-69.3974103056
117	1.4270501523	0.0590147965	-78.8334881743
118	0.5657194717	0.0590147965	-22.3308827102
119	1.9986353080	0.0590147965	-92.5931634873
120	2.6681847025	0.0590147965	-102.8597768571
121	0.1569813502	0.0590147965	-10.5507262543
122	0.1222240344	0.0590147965	-11.6391787416
123	0.9619466280	0.0590147965	-75.2915393175
124	1.6833578315	0.0590147965	-81.0858638866
