site	rate	t	lnL
1	125.7781333781	0.5414460693	-194.3833503611
2	1.1171261803	0.5414460693	-156.3777471982
3	1.3880896634	0.5414460693	-181.9277332445
4	2.1427290342	0.5414460693	-182.5861041787
5	0.1221817559	0.5414460693	-54.4895696686
6	4.3526128282	0.5414460693	-193.6448087874
7	0.4440318985	0.5414460693	-125.8092712023
8	0.4499471539	0.5414460693	-121.3035983028
9	3.6636984678	0.5414460693	-197.2768086565
10	2.7707073772	0.5414460693	-196.5207288982
11	1.2274912536	0.5414460693	-153.2024862449
12	7.9794148428	0.5414460693	-197.8291620799
13	1.0416542868	0.5414460693	-171.7295392590
14	0.6167349008	0.5414460693	-152.1809133957
15	0.2824727424	0.5414460693	-94.9974598229
16	1.5558427304	0.5414460693	-193.4997757181
17	0.7383662686	0.5414460693	-148.3099981447
18	0.7293546443	0.5414460693	-167.9320638271
19	2.3476378496	0.5414460693	-180.5719022082
20	0.2478115878	0.5414460693	-85.4531453939
21	1.0349537386	0.5414460693	-173.6974194526
22	5.1137878559	0.5414460693	-197.5857779816
23	1.4958333668	0.5414460693	-158.4653247815
24	0.1958334043	0.5414460693	-53.4497901291
25	2.5668407889	0.5414460693	-188.6557353524
26	1.5209826081	0.5414460693	-156.1887001675
27	0.7937362713	0.5414460693	-134.5291048784
28	0.0000000000	0.5414460693	-2.4096832286
29	0.1403759197	0.5414460693	-56.3308878294
30	1.1608648146	0.5414460693	-172.0692719391
31	3.3195140469	0.5414460693	-179.9610745965
32	2.4420362300	0.5414460693	-168.0010330188
33	0.5324986918	0.5414460693	-118.7101594510
34	0.9455680286	0.5414460693	-171.8170144988
35	2.6107382336	0.5414460693	-171.3848172166
36	2.9522591878	0.5414460693	-176.4139289888
37	1.3271120351	0.5414460693	-168.7750316797
38	1.8719288612	0.5414460693	-195.0665346492
39	2.1454794857	0.5414460693	-181.6522805712
40	0.8057692000	0.5414460693	-166.8997068868
41	1.0218805934	0.5414460693	-181.9136016371
42	4.3313953742	0.5414460693	-197.8681604061
43	1.5607859988	0.5414460693	-179.7915721467
44	4.0051860413	0.5414460693	-194.9402997945
45	0.6440791914	0.5414460693	-145.0409545787
46	0.9509979429	0.5414460693	-171.7537412405
47	0.8882932543	0.5414460693	-146.0933944720
48	2.7977364121	0.5414460693	-178.8032386264
49	0.5806720370	0.5414460693	-152.9467120182
50	0.4973476741	0.5414460693	-133.2107984783
51	0.0644647127	0.5414460693	-34.8229679690
52	0.7798230208	0.5414460693	-131.1197565670
53	0.7159142380	0.5414460693	-142.7287394097
54	0.6485402444	0.5414460693	-165.2014520053
55	0.2933206889	0.5414460693	-86.0487768324
56	1.3328878631	0.5414460693	-188.1038986461
57	0.2716749708	0.5414460693	-80.5031236070
58	2.0040087751	0.5414460693	-177.3058220231
59	5.7503680344	0.5414460693	-193.6144456267
60	0.6125795839	0.5414460693	-158.7817437097
61	0.0159656702	0.5414460693	-13.9238077677
62	13.8868935954	0.5414460693	-189.4010846541
63	0.5269427762	0.5414460693	-136.2712922540
64	1.4102916261	0.5414460693	-181.6854676502
65	1.4516605491	0.5414460693	-178.5669026160
66	0.2684947612	0.5414460693	-128.4950034969
67	2.7559793806	0.5414460693	-193.2528901501
68	0.5063872394	0.5414460693	-130.0318597627
69	10.7095869105	0.5414460693	-188.1183289870
70	3.6205775925	0.5414460693	-189.3277080156
71	2.0327305727	0.5414460693	-181.9782912510
72	2.2276526926	0.5414460693	-178.4739112040
73	0.0326114352	0.5414460693	-23.0750346161
74	0.4455481581	0.5414460693	-127.8451830589
75	2.2496624452	0.5414460693	-172.3824692400
76	1.7365241311	0.5414460693	-192.4115363168
77	0.2405765218	0.5414460693	-76.0686760534
78	4.9527119831	0.5414460693	-194.4783470334
79	3.0502628859	0.5414460693	-189.3824473114
80	1.3194193643	0.5414460693	-149.6515887032
81	1.5998009828	0.5414460693	-162.1524615347
82	3.7611481554	0.5414460693	-189.2452850747
83	2.4161115352	0.5414460693	-187.7598121569
84	1.0493670387	0.5414460693	-166.7951568567
85	0.4239277150	0.5414460693	-107.9568820871
86	3.8554064346	0.5414460693	-198.0794285060
87	3.8187892778	0.5414460693	-189.9908062953
88	0.9044043176	0.5414460693	-172.1084305380
89	1.3101790685	0.5414460693	-148.3507418407
90	378.8255765598	0.5414460693	-189.1641916517
91	0.1220147977	0.5414460693	-50.3799574497
92	0.3796159841	0.5414460693	-108.6513489095
93	165.1318594529	0.5414460693	-192.0067622683
94	0.1972878646	0.5414460693	-86.8503054841
95	0.5879715226	0.5414460693	-151.1856404998
96	2.0004545405	0.5414460693	-185.1782441696
97	438.6355985103	0.5414460693	-191.5782029022
98	0.9314546330	0.5414460693	-169.4115840856
99	1.7647778011	0.5414460693	-184.6181400640
100	0.1157711037	0.5414460693	-52.0289095743
101	0.0797615173	0.5414460693	-35.2032825163
102	1.3215266185	0.5414460693	-180.6778503152
103	2.9904258868	0.5414460693	-182.3589325111
104	0.1125426204	0.5414460693	-65.1218594697
105	2.5346437410	0.5414460693	-195.6683626401
106	1.7689121241	0.5414460693	-189.1319963078
107	0.3160723994	0.5414460693	-114.8958388807
108	2.0303970436	0.5414460693	-185.5433079263
109	3.1256590590	0.5414460693	-189.3019420361
110	2.6552595080	0.5414460693	-194.8171560114
111	0.0000000000	0.5414460693	-2.4096832286
112	4.1502063546	0.5414460693	-187.9142353153
113	3.4248002493	0.5414460693	-194.2487945042
114	0.8677784367	0.5414460693	-164.2571352168
115	2.2936663817	0.5414460693	-188.8668499154
116	2.5847863786	0.5414460693	-190.0155710685
117	2.6380962848	0.5414460693	-183.2646611568
118	3.6283438235	0.5414460693	-186.8186222029
119	1.0986786563	0.5414460693	-160.1463179388
120	3.7791212691	0.5414460693	-187.3138641373
121	0.3163466179	0.5414460693	-103.4524201968
122	0.1792891510	0.5414460693	-63.6988595354
123	4.4526630867	0.5414460693	-188.7072356778
124	2.8836614878	0.5414460693	-196.7475391240
