site	rate	t	lnL
1	2.0468334321	0.0665828458	-91.6054105701
2	0.2890397757	0.0665828458	-18.9615897950
3	1.4284336537	0.0665828458	-77.0189396585
4	1.0653893663	0.0665828458	-58.6366302266
5	0.0000000000	0.0665828458	-2.5822349937
6	2.4975668458	0.0665828458	-94.6926217288
7	0.4107889481	0.0665828458	-30.0660854653
8	0.5372514982	0.0665828458	-43.1598684322
9	0.8285453005	0.0665828458	-49.0244295045
10	2.3776690693	0.0665828458	-110.1141835756
11	0.3516646509	0.0665828458	-25.3747094377
12	1.3527059647	0.0665828458	-62.1455620695
13	0.5255637558	0.0665828458	-41.1362527069
14	2.7289030991	0.0665828458	-79.9941868678
15	0.2319228223	0.0665828458	-15.4073715262
16	1.4707902539	0.0665828458	-64.0336026761
17	1.1254438874	0.0665828458	-67.3994616319
18	0.5338280670	0.0665828458	-42.6558199383
19	0.4355352651	0.0665828458	-38.4490556510
20	0.9384745646	0.0665828458	-59.2983255288
21	1.3679301866	0.0665828458	-71.9398829391
22	1.0031005319	0.0665828458	-64.5223427094
23	0.6847395092	0.0665828458	-37.7751511468
24	0.0000000000	0.0665828458	-2.6950304879
25	1.5207751693	0.0665828458	-84.4007979169
26	0.1886906572	0.0665828458	-13.4946237008
27	0.3516091764	0.0665828458	-24.9687353087
28	0.0000000000	0.0665828458	-2.5822349937
29	0.0986015588	0.0665828458	-11.2725477323
30	0.4078584700	0.0665828458	-32.5017681206
31	1.0809697089	0.0665828458	-46.0444055473
32	0.3576181261	0.0665828458	-29.8981163195
33	0.3251932398	0.0665828458	-24.1282634671
34	1.2714082983	0.0665828458	-72.7347406023
35	0.4428876957	0.0665828458	-28.8232530239
36	0.7079330824	0.0665828458	-45.8706224944
37	2.3561824295	0.0665828458	-67.6873861521
38	1.2844757744	0.0665828458	-75.1428556334
39	1.8637841535	0.0665828458	-84.0089066476
40	3.2534730009	0.0665828458	-75.4963613420
41	0.8563644243	0.0665828458	-49.3361700901
42	2.0082978288	0.0665828458	-91.7221440875
43	1.0443747831	0.0665828458	-57.7360339208
44	1.1543001037	0.0665828458	-47.3109706699
45	2.5035772678	0.0665828458	-84.1220119626
46	0.0000000000	0.0665828458	-2.6950304879
47	0.2085373693	0.0665828458	-20.2762419021
48	0.8877631364	0.0665828458	-42.8648859798
49	0.7045328198	0.0665828458	-46.6134573576
50	2.0005220808	0.0665828458	-95.1467091623
51	0.0000000000	0.0665828458	-2.6950304879
52	0.2844027040	0.0665828458	-27.3514924997
53	0.4756880681	0.0665828458	-33.6656434978
54	0.7879775853	0.0665828458	-42.8796752543
55	3.1791793783	0.0665828458	-105.7066180158
56	0.8636223493	0.0665828458	-50.9134925384
57	0.0000000000	0.0665828458	-3.2888051946
58	0.2743506092	0.0665828458	-20.6106166780
59	1.2059300713	0.0665828458	-72.7219910262
60	1.1121615848	0.0665828458	-62.0649186694
61	0.0000000000	0.0665828458	-2.5822349937
62	1.6633426233	0.0665828458	-75.9831424680
63	1.0683915049	0.0665828458	-52.1275510359
64	1.2162433683	0.0665828458	-62.6717879438
65	0.8082791999	0.0665828458	-45.7508523736
66	0.4417644132	0.0665828458	-33.9980787995
67	3.5786216457	0.0665828458	-124.0397014842
68	1.3785612532	0.0665828458	-59.8361179325
69	1.5233749724	0.0665828458	-76.7336749682
70	0.4148340686	0.0665828458	-35.7506050147
71	1.1617007497	0.0665828458	-75.0522068135
72	2.2316045423	0.0665828458	-93.5265892592
73	0.0000000000	0.0665828458	-2.5822349937
74	0.6182720057	0.0665828458	-18.6640290318
75	0.6325049767	0.0665828458	-42.1720996622
76	1.7319655602	0.0665828458	-79.4189442313
77	0.0000000000	0.0665828458	-2.5822349937
78	1.0043755560	0.0665828458	-61.8296172447
79	1.7497732647	0.0665828458	-86.4122867185
80	0.1151100383	0.0665828458	-10.3913813889
81	0.4546213879	0.0665828458	-36.1643618132
82	1.4811559508	0.0665828458	-64.8852748795
83	1.8884923399	0.0665828458	-79.8184032857
84	2.7954139152	0.0665828458	-102.4915066175
85	0.1974921279	0.0665828458	-16.5633632195
86	1.8707568654	0.0665828458	-80.1027204905
87	1.3257899257	0.0665828458	-68.0816128333
88	1.2286137164	0.0665828458	-40.2146428439
89	0.0000000000	0.0665828458	-2.1756593914
90	1.0943441406	0.0665828458	-70.7715239435
91	0.2887794648	0.0665828458	-10.6018691775
92	0.1979986535	0.0665828458	-18.1944012189
93	0.7213912873	0.0665828458	-38.5908585224
94	0.0000000000	0.0665828458	-2.1756593914
95	0.4882329936	0.0665828458	-36.3486221407
96	2.3114816501	0.0665828458	-108.6513189134
97	2.0252344067	0.0665828458	-76.6620153477
98	1.0535037348	0.0665828458	-63.0788164876
99	1.2626518396	0.0665828458	-67.4372035277
100	0.3334092235	0.0665828458	-12.3818564640
101	0.2389139074	0.0665828458	-20.0962105508
102	1.5924114409	0.0665828458	-85.3553654097
103	1.4249413153	0.0665828458	-65.2628811313
104	1.3165300413	0.0665828458	-62.4757561942
105	0.7844255708	0.0665828458	-59.6162224420
106	0.9228579335	0.0665828458	-52.1325851941
107	0.9929322980	0.0665828458	-49.6694396458
108	2.4187471860	0.0665828458	-74.5869053890
109	1.1632354734	0.0665828458	-65.3145601033
110	0.9605005179	0.0665828458	-48.3011790227
111	0.0000000000	0.0665828458	-2.5822349937
112	0.8875127021	0.0665828458	-63.1706996211
113	1.4295221292	0.0665828458	-85.3989159130
114	3.0288401560	0.0665828458	-107.7472065362
115	1.0324074577	0.0665828458	-55.3550902777
116	1.0029268790	0.0665828458	-55.1291695602
117	1.2200979795	0.0665828458	-56.7851474135
118	0.9382184191	0.0665828458	-41.4871433590
119	4.2046376816	0.0665828458	-95.0002174045
120	1.0210700083	0.0665828458	-55.5454458731
121	0.7180126386	0.0665828458	-39.9640226867
122	0.7325530898	0.0665828458	-52.7591813436
123	1.7182604986	0.0665828458	-85.3775597427
124	1.2071070182	0.0665828458	-72.4506589267
