site	rate	t	lnL
1	1.9652109240	0.0739557752	-80.7546460993
2	0.1375063099	0.0739557752	-13.3323168667
3	0.6653941915	0.0739557752	-34.4086912777
4	1.8237801400	0.0739557752	-75.2463228808
5	0.0000000000	0.0739557752	-2.2759765357
6	2.4195295432	0.0739557752	-105.5474278807
7	2.4741452622	0.0739557752	-121.6116983271
8	2.0409100042	0.0739557752	-69.2693068388
9	0.6636538065	0.0739557752	-53.3264234723
10	0.7264192087	0.0739557752	-42.3191444879
11	0.0000000000	0.0739557752	-2.0056216294
12	1.7230160722	0.0739557752	-80.1698903461
13	1.2809950106	0.0739557752	-63.4497231436
14	2.7331405489	0.0739557752	-124.8898328916
15	0.0000000000	0.0739557752	-2.0056216294
16	1.3095444074	0.0739557752	-70.3881159439
17	1.1283462054	0.0739557752	-61.1475858232
18	0.7674221977	0.0739557752	-40.8160484192
19	2.1960996021	0.0739557752	-88.0694648597
20	1.8663050071	0.0739557752	-62.3513951741
21	3.1964762766	0.0739557752	-111.5451470829
22	1.6947231786	0.0739557752	-62.4767535071
23	0.2706428697	0.0739557752	-17.2332176635
24	0.0000000000	0.0739557752	-3.8492659340
25	1.6881751306	0.0739557752	-72.0663083907
26	1.2408203637	0.0739557752	-59.9897673652
27	0.4334578839	0.0739557752	-32.3705168602
28	0.0000000000	0.0739557752	-2.2759765357
29	0.0000000000	0.0739557752	-2.0056216294
30	0.1914061235	0.0739557752	-10.7178048061
31	1.1567857390	0.0739557752	-71.8756902557
32	1.0104614485	0.0739557752	-58.7655483746
33	0.0931071104	0.0739557752	-10.6464735844
34	1.5412506806	0.0739557752	-69.4806762258
35	0.4384919704	0.0739557752	-34.6056824838
36	1.3191113084	0.0739557752	-68.1389239569
37	1.4515755157	0.0739557752	-71.1912369933
38	1.4250913835	0.0739557752	-67.2839298841
39	3.1402757093	0.0739557752	-74.5723641514
40	0.2192907487	0.0739557752	-21.1163226132
41	0.5902858379	0.0739557752	-36.7579873124
42	0.9312223248	0.0739557752	-58.2150032954
43	0.9076739656	0.0739557752	-52.7078448613
44	1.9582447178	0.0739557752	-70.7731297148
45	0.9115373612	0.0739557752	-48.7173511447
46	0.6052934444	0.0739557752	-25.2627701811
47	0.3944012228	0.0739557752	-30.4308437307
48	1.1809714851	0.0739557752	-62.5634055907
49	1.0887687098	0.0739557752	-47.4885296659
50	0.2920824514	0.0739557752	-18.4712771678
51	0.0000000000	0.0739557752	-2.8743714165
52	0.5496325715	0.0739557752	-39.8174010746
53	0.0000000000	0.0739557752	-2.0056216294
54	0.6741544836	0.0739557752	-45.4457566301
55	0.3090430239	0.0739557752	-27.5192174448
56	1.1906630506	0.0739557752	-61.3975452870
57	0.0929983531	0.0739557752	-11.1354397504
58	0.9710976873	0.0739557752	-47.8922563460
59	0.3564712526	0.0739557752	-36.9619183291
60	0.4236910043	0.0739557752	-31.4539376378
61	0.0000000000	0.0739557752	-2.2759765357
62	1.2017730610	0.0739557752	-59.8455170617
63	2.0399955500	0.0739557752	-100.4553540923
64	2.2632863762	0.0739557752	-79.7392250282
65	1.5149909586	0.0739557752	-60.7136193810
66	0.4397500781	0.0739557752	-38.1702538117
67	1.9371699690	0.0739557752	-72.3709938152
68	2.7882826797	0.0739557752	-71.5412475765
69	1.2824550622	0.0739557752	-85.5055326759
70	1.4254924301	0.0739557752	-66.5364747545
71	1.0108095285	0.0739557752	-76.1724950072
72	2.4355668102	0.0739557752	-98.4979947586
73	0.0000000000	0.0739557752	-2.2759765357
74	0.7661682788	0.0739557752	-31.7172890632
75	0.1451729387	0.0739557752	-18.7167743070
76	1.7778898364	0.0739557752	-92.8744605336
77	0.0000000000	0.0739557752	-2.2759765357
78	0.6716224943	0.0739557752	-40.4672803907
79	2.1646525977	0.0739557752	-86.8259823450
80	1.3128546914	0.0739557752	-78.2725203034
81	0.7360908081	0.0739557752	-42.6039298997
82	1.1547522215	0.0739557752	-53.2606278484
83	2.1500546123	0.0739557752	-99.9626797891
84	0.0000000000	0.0739557752	-2.9728114894
85	0.3862142006	0.0739557752	-41.0439496524
86	2.9513118181	0.0739557752	-103.8284112606
87	0.3537437547	0.0739557752	-23.2128267275
88	0.1743137414	0.0739557752	-18.8737154805
89	0.1340745255	0.0739557752	-9.3498676537
90	1.5974672791	0.0739557752	-106.8167813906
91	0.0000000000	0.0739557752	-2.2759765357
92	0.4086793814	0.0739557752	-24.1358800635
93	0.8290373315	0.0739557752	-48.7068847425
94	0.6202235042	0.0739557752	-37.8713233989
95	0.0862035029	0.0739557752	-11.7112626263
96	0.7797992741	0.0739557752	-52.4159020957
97	1.0759336218	0.0739557752	-60.0772703643
98	1.4771156609	0.0739557752	-74.9221958097
99	2.3130572131	0.0739557752	-120.8849932027
100	0.6334669002	0.0739557752	-27.4123051580
101	0.0000000000	0.0739557752	-2.0056216294
102	3.2784093824	0.0739557752	-124.6413881181
103	0.5516913758	0.0739557752	-29.3496283714
104	0.2781027303	0.0739557752	-11.2682939360
105	0.6642747102	0.0739557752	-38.6396632198
106	2.1762788400	0.0739557752	-92.0291452989
107	0.4216636981	0.0739557752	-26.6494261253
108	2.2890435814	0.0739557752	-86.4725270161
109	2.1026366628	0.0739557752	-95.7213861005
110	1.5969421916	0.0739557752	-74.3099736503
111	0.0000000000	0.0739557752	-2.2759765357
112	2.3278595130	0.0739557752	-103.7160058629
113	0.3108431742	0.0739557752	-18.5260652743
114	0.5075627520	0.0739557752	-27.6939432749
115	0.6408631963	0.0739557752	-46.6066167518
116	2.5004429009	0.0739557752	-109.2077596669
117	1.7662169302	0.0739557752	-92.0825011729
118	0.9844495219	0.0739557752	-90.4277880793
119	0.4471872272	0.0739557752	-42.1825124906
120	1.3436070084	0.0739557752	-61.0627969437
121	3.0273793804	0.0739557752	-99.7008086656
122	0.0000000000	0.0739557752	-2.2759765357
123	2.7204484537	0.0739557752	-82.8983090510
124	1.7687581321	0.0739557752	-79.5808005997
