site	rate	t	lnL
1	2.1766788506	0.3751228234	-185.2513928937
2	0.6998778511	0.3751228234	-129.4440224406
3	1.3871046788	0.3751228234	-172.4002066915
4	2.4690566632	0.3751228234	-185.6904910427
5	0.0683056797	0.3751228234	-25.9778810291
6	2.1234180315	0.3751228234	-184.2585251118
7	0.5423575027	0.3751228234	-114.3537704906
8	1.1867259492	0.3751228234	-167.3721896632
9	1.8847664298	0.3751228234	-184.4448183055
10	2.0268799721	0.3751228234	-187.7051946391
11	0.4571503565	0.3751228234	-103.6790209279
12	2.5473686197	0.3751228234	-187.7992624145
13	1.0708214397	0.3751228234	-159.3914998912
14	1.8846561012	0.3751228234	-186.4368545355
15	0.4564202025	0.3751228234	-101.6195466504
16	1.7549633782	0.3751228234	-181.4066253101
17	0.7640841665	0.3751228234	-144.4941692793
18	1.0191739732	0.3751228234	-157.5777042964
19	2.5133265347	0.3751228234	-187.0822037512
20	0.6932087425	0.3751228234	-127.3363250433
21	0.8827044192	0.3751228234	-148.9845072407
22	1.1195587253	0.3751228234	-166.8932931762
23	1.2699271819	0.3751228234	-174.6175399634
24	0.0225536147	0.3751228234	-11.7640463154
25	1.6330607788	0.3751228234	-178.1917467388
26	0.2895384846	0.3751228234	-74.1493587768
27	0.2124640637	0.3751228234	-58.9779881801
28	0.0225536147	0.3751228234	-11.7640463154
29	0.3678112881	0.3751228234	-88.6004944101
30	0.6803987432	0.3751228234	-131.5973042457
31	1.6884360175	0.3751228234	-179.1470631615
32	1.0303474820	0.3751228234	-161.2684926960
33	0.3679185174	0.3751228234	-87.0721470730
34	1.8535917834	0.3751228234	-180.6980193126
35	1.1087010274	0.3751228234	-166.6765617773
36	2.6769980167	0.3751228234	-187.8709908677
37	0.9409612125	0.3751228234	-154.1852693516
38	2.4201473807	0.3751228234	-186.7260167126
39	2.5140252516	0.3751228234	-186.7222714232
40	0.9372127138	0.3751228234	-149.2989630317
41	3.1552499859	0.3751228234	-189.5066849821
42	2.0498060625	0.3751228234	-183.0213068592
43	3.2386769218	0.3751228234	-190.2926741609
44	3.3606094105	0.3751228234	-190.2943329768
45	2.6379622552	0.3751228234	-187.8351933913
46	0.6705374178	0.3751228234	-130.4793106610
47	0.9592812201	0.3751228234	-156.5925052866
48	1.0804361093	0.3751228234	-163.6071608488
49	1.1632891598	0.3751228234	-167.6278046807
50	1.0967446445	0.3751228234	-161.1153287727
51	0.0000000000	0.3751228234	-2.9957322736
52	0.5066823414	0.3751228234	-115.2673172678
53	0.5648849761	0.3751228234	-120.0908014987
54	0.9579297991	0.3751228234	-153.4976220694
55	0.7675337572	0.3751228234	-141.5360706845
56	1.4169482769	0.3751228234	-171.1755236537
57	0.0916447174	0.3751228234	-32.4642789996
58	1.3069005998	0.3751228234	-174.4827936963
59	1.7433172274	0.3751228234	-185.7901474491
60	0.5130790757	0.3751228234	-110.6366901872
61	0.0000000000	0.3751228234	-2.9957322736
62	2.9570520425	0.3751228234	-189.2923051416
63	0.2891127620	0.3751228234	-72.4136149792
64	0.8462069885	0.3751228234	-147.4217369912
65	2.7700473390	0.3751228234	-189.0015163243
66	0.2903597320	0.3751228234	-76.5181240687
67	2.4634943849	0.3751228234	-186.5566959991
68	0.7132249451	0.3751228234	-132.1622490525
69	1.5056527703	0.3751228234	-179.2335212712
70	1.6916474940	0.3751228234	-181.9433318723
71	1.0173735192	0.3751228234	-157.9246086305
72	1.6581631033	0.3751228234	-184.7108850624
73	0.0225536147	0.3751228234	-11.7640463154
74	1.0141171334	0.3751228234	-158.4901884682
75	0.9087788761	0.3751228234	-149.8808401900
76	2.4131083235	0.3751228234	-186.4811179697
77	0.5753009197	0.3751228234	-120.1227964533
78	2.9236359850	0.3751228234	-189.2785051097
79	1.6667686747	0.3751228234	-180.2676065937
80	1.2783822858	0.3751228234	-170.4391024754
81	1.3685701288	0.3751228234	-175.8028575425
82	2.4389712210	0.3751228234	-187.2831842693
83	2.3712192617	0.3751228234	-187.4924851622
84	0.9395856604	0.3751228234	-154.5992918173
85	0.7083037981	0.3751228234	-132.4677474913
86	1.0189386023	0.3751228234	-159.6029625649
87	2.0031660247	0.3751228234	-182.1556564354
88	0.8354190935	0.3751228234	-145.5892279238
89	0.3396748102	0.3751228234	-86.7647059206
90	1.4827123943	0.3751228234	-174.2266212507
91	0.2623778054	0.3751228234	-71.3971174089
92	0.6009918350	0.3751228234	-125.9839095722
93	1.2458156983	0.3751228234	-171.2786167135
94	0.7439513377	0.3751228234	-136.5622865571
95	0.5750214237	0.3751228234	-119.9285291219
96	1.9646979915	0.3751228234	-183.7909243921
97	1.9465166393	0.3751228234	-184.8812842441
98	0.9882053322	0.3751228234	-159.4634287418
99	2.3266694500	0.3751228234	-187.2494704324
100	0.0453246389	0.3751228234	-19.1371171028
101	0.1389723648	0.3751228234	-44.7047315993
102	2.2983315331	0.3751228234	-185.7634709123
103	1.1820959242	0.3751228234	-171.0942639283
104	0.2894977916	0.3751228234	-74.4686306957
105	1.8130957489	0.3751228234	-181.5699242310
106	1.7536014703	0.3751228234	-181.1424243381
107	0.6024333934	0.3751228234	-120.9454144261
108	1.3466951823	0.3751228234	-174.2562004411
109	3.3671640811	0.3751228234	-190.3546421644
110	4.3035081764	0.3751228234	-191.2692841558
111	0.0000000000	0.3751228234	-2.9957322736
112	4.1759990683	0.3751228234	-191.2294928528
113	1.8232014769	0.3751228234	-180.9257561483
114	0.9571145688	0.3751228234	-153.7134193951
115	2.5463692357	0.3751228234	-188.4194758841
116	2.0247019522	0.3751228234	-185.6493693859
117	2.5111775990	0.3751228234	-186.7608215953
118	1.2422434855	0.3751228234	-169.1056412744
119	44.5457375615	0.3751228234	-191.7268655075
120	2.8198371800	0.3751228234	-189.7689163596
121	0.5138508804	0.3751228234	-111.4074837949
122	0.1632182368	0.3751228234	-49.4345388963
123	2.0470576240	0.3751228234	-182.7556790678
124	1.5825848938	0.3751228234	-176.0849000377
