site	rate	t	lnL
1	8.4826324101	0.0009591439	-9.8194713931
2	0.0000000000	0.0009591439	-2.9484793887
3	0.0000000000	0.0009591439	-2.8074640516
4	0.0000000000	0.0009591439	-2.8721417612
5	0.0000000000	0.0009591439	-2.6230569883
6	0.0000000000	0.0009591439	-2.8743714165
7	10.7484276603	0.0009591439	-9.0138558559
8	0.0000000000	0.0009591439	-3.0285220964
9	8.5846117246	0.0009591439	-12.9219247240
10	0.0000000000	0.0009591439	-2.8810903668
11	0.0000000000	0.0009591439	-2.8074640516
12	0.0000000000	0.0009591439	-3.3587637832
13	0.0000000000	0.0009591439	-2.0496478782
14	8.5076407441	0.0009591439	-12.9674170732
15	0.0000000000	0.0009591439	-2.7369413835
16	10.8783181584	0.0009591439	-14.6926753895
17	0.0000000000	0.0009591439	-2.7408400239
18	0.0000000000	0.0009591439	-2.8810903668
19	0.0000000000	0.0009591439	-2.8074640516
20	0.0000000000	0.0009591439	-2.7408400239
21	0.0000000000	0.0009591439	-2.9484793887
22	0.0000000000	0.0009591439	-3.2046131034
23	0.0000000000	0.0009591439	-2.0496478782
24	0.0000000000	0.0009591439	-2.7408400239
25	0.0000000000	0.0009591439	-2.0496478782
26	0.0000000000	0.0009591439	-2.9484793887
27	0.0000000000	0.0009591439	-2.7369413835
28	0.0000000000	0.0009591439	-2.6230569883
29	0.0000000000	0.0009591439	-2.0496478782
30	0.0000000000	0.0009591439	-2.0496478782
31	0.0000000000	0.0009591439	-2.0496478782
32	0.0000000000	0.0009591439	-3.4339872045
33	0.0000000000	0.0009591439	-2.7408400239
34	0.0000000000	0.0009591439	-2.7408400239
35	0.0000000000	0.0009591439	-2.8721417612
36	0.0000000000	0.0009591439	-3.2108436532
37	0.0000000000	0.0009591439	-2.8743714165
38	0.0000000000	0.0009591439	-2.7408400239
39	0.0000000000	0.0009591439	-2.8766060544
40	0.0000000000	0.0009591439	-2.8766060544
41	0.0000000000	0.0009591439	-3.0285220964
42	0.0000000000	0.0009591439	-2.8721417612
43	0.0000000000	0.0009591439	-2.8766060544
44	0.0000000000	0.0009591439	-2.7408400239
45	0.0000000000	0.0009591439	-2.8743714165
46	0.0000000000	0.0009591439	-2.7408400239
47	8.1352392858	0.0009591439	-12.7684018182
48	0.0000000000	0.0009591439	-3.2046131034
49	0.0000000000	0.0009591439	-2.7369413835
50	0.0000000000	0.0009591439	-2.8074640516
51	0.0000000000	0.0009591439	-2.7408400239
52	0.0000000000	0.0009591439	-2.7369413835
53	0.0000000000	0.0009591439	-2.0496478782
54	0.0000000000	0.0009591439	-2.8721417612
55	0.0000000000	0.0009591439	-3.2046131034
56	0.0000000000	0.0009591439	-2.8743714165
57	0.0000000000	0.0009591439	-2.7408400239
58	0.0000000000	0.0009591439	-3.0285220964
59	0.0000000000	0.0009591439	-2.8074640516
60	12.2865204892	0.0009591439	-11.5469111364
61	0.0000000000	0.0009591439	-2.6230569883
62	0.0000000000	0.0009591439	-3.2046131034
63	0.0000000000	0.0009591439	-3.2108436532
64	0.0000000000	0.0009591439	-2.7408400239
65	0.0000000000	0.0009591439	-2.8766060544
66	0.0000000000	0.0009591439	-3.3587637832
67	0.0000000000	0.0009591439	-2.8743714165
68	0.0000000000	0.0009591439	-2.9484793887
69	0.0000000000	0.0009591439	-2.8810903668
70	0.0000000000	0.0009591439	-2.8721417612
71	0.0000000000	0.0009591439	-2.7408400239
72	0.0000000000	0.0009591439	-2.7369413835
73	0.0000000000	0.0009591439	-2.6230569883
74	0.0000000000	0.0009591439	-2.7408400239
75	0.0000000000	0.0009591439	-3.7268912209
76	0.0000000000	0.0009591439	-3.7268912209
77	0.0000000000	0.0009591439	-2.6230569883
78	0.0000000000	0.0009591439	-2.9484793887
79	0.0000000000	0.0009591439	-3.0285220964
80	0.0000000000	0.0009591439	-2.7369413835
81	0.0000000000	0.0009591439	-3.3587637832
82	10.7302509867	0.0009591439	-10.1778396043
83	0.0000000000	0.0009591439	-3.4339872045
84	0.0000000000	0.0009591439	-2.8743714165
85	0.0000000000	0.0009591439	-2.0496478782
86	0.0000000000	0.0009591439	-3.3587637832
87	0.0000000000	0.0009591439	-4.1271343850
88	0.0000000000	0.0009591439	-3.2046131034
89	0.0000000000	0.0009591439	-2.0496478782
90	0.0000000000	0.0009591439	-2.0496478782
91	0.0000000000	0.0009591439	-2.7408400239
92	8.3503299541	0.0009591439	-12.7475220324
93	0.0000000000	0.0009591439	-3.7268912209
94	0.0000000000	0.0009591439	-2.0496478782
95	0.0000000000	0.0009591439	-4.1271343850
96	0.0000000000	0.0009591439	-2.7369413835
97	0.0000000000	0.0009591439	-3.4339872045
98	0.0000000000	0.0009591439	-2.8766060544
99	0.0000000000	0.0009591439	-3.2108436532
100	17.4757839704	0.0009591439	-12.3039169740
101	0.0000000000	0.0009591439	-2.0496478782
102	0.0000000000	0.0009591439	-3.2108436532
103	0.0000000000	0.0009591439	-2.6230569883
104	0.0000000000	0.0009591439	-2.9484793887
105	0.0000000000	0.0009591439	-2.8766060544
106	0.0000000000	0.0009591439	-2.0496478782
107	0.0000000000	0.0009591439	-2.8721417612
108	0.0000000000	0.0009591439	-3.0285220964
109	8.5139607309	0.0009591439	-14.3083462570
110	0.0000000000	0.0009591439	-2.8810903668
111	0.0000000000	0.0009591439	-2.6230569883
112	0.0000000000	0.0009591439	-3.4339872045
113	0.0000000000	0.0009591439	-2.0496478782
114	0.0000000000	0.0009591439	-2.8721417612
115	0.0000000000	0.0009591439	-2.8743714165
116	0.0000000000	0.0009591439	-3.0285220964
117	0.0000000000	0.0009591439	-2.6230569883
118	0.0000000000	0.0009591439	-2.7408400239
119	0.0000000000	0.0009591439	-3.2108436532
120	0.0000000000	0.0009591439	-2.7369413835
121	6.2900166619	0.0009591439	-13.2047124585
122	0.0000000000	0.0009591439	-2.6230569883
123	9.5650462328	0.0009591439	-13.4751637187
124	0.0000000000	0.0009591439	-3.7268912209
