site	rate	t	lnL
1	112.2063110530	0.5926027891	-198.5188988498
2	0.6350651872	0.5926027891	-136.7506641668
3	5.5443706255	0.5926027891	-193.1555786581
4	3.7081437115	0.5926027891	-190.6161058710
5	0.0252201435	0.5926027891	-11.5437174902
6	3.6461563702	0.5926027891	-189.0733682738
7	0.3168815112	0.5926027891	-81.9971346654
8	0.7071131492	0.5926027891	-150.9235736497
9	2.4859987492	0.5926027891	-187.4481671195
10	2.2380260462	0.5926027891	-180.1573746750
11	0.3837080687	0.5926027891	-91.6736612181
12	2.5599782984	0.5926027891	-195.7963459738
13	1.5256859400	0.5926027891	-178.6801134477
14	0.9423995273	0.5926027891	-137.6934721831
15	0.3409861355	0.5926027891	-103.9596097021
16	3.7627826078	0.5926027891	-200.0635530776
17	1.4301450441	0.5926027891	-175.5002770710
18	2.0689589829	0.5926027891	-170.2147574951
19	2.4753559101	0.5926027891	-187.1182483745
20	0.3673869233	0.5926027891	-72.8854721526
21	1.0569424406	0.5926027891	-152.6368879330
22	1.6510494760	0.5926027891	-175.8146013982
23	0.5110575123	0.5926027891	-123.9792493499
24	0.1975669683	0.5926027891	-52.3521045442
25	1.0217746127	0.5926027891	-184.3807152185
26	0.1820118272	0.5926027891	-36.3272965303
27	0.3602186648	0.5926027891	-100.3707209988
28	0.0000000000	0.5926027891	-2.4181339831
29	0.1987457121	0.5926027891	-69.3888626100
30	0.6489601882	0.5926027891	-145.9573990576
31	4.5446039428	0.5926027891	-188.1812775805
32	1.6778812593	0.5926027891	-171.3962035456
33	0.2744996086	0.5926027891	-91.5616963867
34	1.8231066096	0.5926027891	-180.0152237071
35	1.8653883993	0.5926027891	-171.9666556141
36	1.0447075968	0.5926027891	-190.7841656802
37	1.0726320185	0.5926027891	-150.4082796304
38	4.0029708377	0.5926027891	-191.5509290101
39	2.2938950389	0.5926027891	-192.8329251576
40	1.0998287484	0.5926027891	-173.6422971818
41	0.8005915319	0.5926027891	-163.3029603225
42	2.6302640559	0.5926027891	-188.7333872025
43	1.8102284073	0.5926027891	-184.2781163242
44	2.7700263406	0.5926027891	-194.5329215527
45	1.8191163770	0.5926027891	-180.1507706724
46	1.6269526169	0.5926027891	-174.4145198586
47	0.3745816515	0.5926027891	-113.5811250298
48	2.0947323643	0.5926027891	-180.8758114076
49	0.9249413613	0.5926027891	-168.7564816221
50	0.6456387732	0.5926027891	-136.8013176005
51	0.0000000000	0.5926027891	-2.6458850208
52	0.3316065359	0.5926027891	-94.5602993695
53	0.3026190001	0.5926027891	-87.6030928370
54	0.7218613429	0.5926027891	-137.4951974739
55	0.5059585503	0.5926027891	-119.9528369992
56	0.6913780685	0.5926027891	-155.2322667266
57	0.0424911593	0.5926027891	-29.7584809035
58	1.8702888511	0.5926027891	-179.0434640569
59	2.8598352495	0.5926027891	-189.1208707890
60	0.7129917335	0.5926027891	-115.6221129977
61	0.0750794611	0.5926027891	-26.6139431145
62	2.4810016285	0.5926027891	-195.1439501287
63	0.4705921795	0.5926027891	-112.3509863871
64	1.0898392044	0.5926027891	-150.5606798609
65	21.2053364858	0.5926027891	-188.0343825726
66	0.5309729305	0.5926027891	-144.4577171451
67	2.5975774849	0.5926027891	-201.3393562296
68	1.1642111382	0.5926027891	-149.7874655710
69	4.0523804698	0.5926027891	-189.9523643578
70	2.5360237711	0.5926027891	-190.0306668721
71	1.2125056126	0.5926027891	-156.9813491399
72	1.3114187309	0.5926027891	-166.2664770486
73	0.1459448592	0.5926027891	-39.5963130450
74	1.4850922508	0.5926027891	-167.2166094814
75	0.8714619905	0.5926027891	-156.2970787477
76	1.2623710575	0.5926027891	-168.7297873100
77	0.0485751881	0.5926027891	-17.8084665569
78	2.1171722124	0.5926027891	-192.2991058945
79	3.6616230116	0.5926027891	-193.3044566635
80	0.2112536524	0.5926027891	-82.0150179443
81	0.6107920272	0.5926027891	-134.3289727404
82	2.6831608524	0.5926027891	-192.0968951290
83	2.1680179265	0.5926027891	-192.0937766751
84	0.8679497824	0.5926027891	-146.5537976164
85	0.5032574364	0.5926027891	-129.3054202953
86	3.8150574952	0.5926027891	-202.2744466512
87	1.8446508225	0.5926027891	-179.5058324106
88	0.7639593598	0.5926027891	-155.3375448189
89	0.1925949917	0.5926027891	-67.0802117066
90	2.3850000598	0.5926027891	-181.3421557611
91	0.1697007549	0.5926027891	-50.3233038004
92	0.8048974695	0.5926027891	-137.9855075192
93	3.9285593790	0.5926027891	-191.4826470865
94	0.2207564829	0.5926027891	-73.9313052239
95	0.3832259911	0.5926027891	-120.8747094244
96	2.1286349631	0.5926027891	-186.8334533249
97	2.1300734698	0.5926027891	-183.2644886385
98	0.8010631136	0.5926027891	-127.2966521400
99	3.0535113986	0.5926027891	-193.1110215282
100	0.0552557696	0.5926027891	-18.2118135111
101	0.2923517682	0.5926027891	-80.4592173494
102	1.9941258676	0.5926027891	-192.0964840967
103	8.9464707770	0.5926027891	-183.2799251404
104	0.5893726608	0.5926027891	-93.0182055116
105	1.6724211264	0.5926027891	-183.5456203458
106	3.3634266888	0.5926027891	-191.1280115813
107	0.9349106058	0.5926027891	-145.3684708359
108	1.4707229698	0.5926027891	-175.5030981903
109	5.2502263157	0.5926027891	-190.5824277783
110	705.1210803323	0.5926027891	-191.4715830924
111	0.0503723143	0.5926027891	-16.4307215692
112	3.6437644228	0.5926027891	-187.9940406087
113	2.3803074270	0.5926027891	-192.8108941180
114	1.0816026333	0.5926027891	-160.9804089718
115	1.9555391655	0.5926027891	-191.7014070954
116	4.5002606031	0.5926027891	-192.6422520101
117	3.5068143046	0.5926027891	-180.2417953584
118	1.8519476652	0.5926027891	-169.7853007796
119	0.8172720361	0.5926027891	-174.3387401460
120	3.1359084556	0.5926027891	-190.5583731562
121	0.9162509534	0.5926027891	-133.9866904588
122	0.5917568632	0.5926027891	-107.2051474561
123	2.2110723870	0.5926027891	-181.1567315043
124	2.4757506501	0.5926027891	-187.1988445828
