site	rate	t	lnL
1	3.7682065084	0.4732039546	-189.5037742542
2	0.5283838019	0.4732039546	-135.0628650468
3	3.1281910255	0.4732039546	-192.1896036004
4	4.1508503369	0.4732039546	-191.9890323990
5	0.0474773437	0.4732039546	-28.7312118087
6	5.4988770604	0.4732039546	-195.1382821653
7	0.6831857970	0.4732039546	-129.4067474941
8	3.6524103683	0.4732039546	-178.6759336187
9	2.0434311767	0.4732039546	-181.8149463171
10	2.1925498775	0.4732039546	-176.2965854887
11	1.0150848096	0.4732039546	-135.0109829468
12	2.4905920071	0.4732039546	-188.2821745390
13	1.7254993097	0.4732039546	-164.9222593762
14	0.5660663844	0.4732039546	-140.9198169150
15	0.6674936286	0.4732039546	-116.2869897463
16	1.4833820617	0.4732039546	-187.5887020004
17	2.6129020497	0.4732039546	-188.1246127792
18	1.1791899141	0.4732039546	-163.5181594873
19	1.8192283071	0.4732039546	-181.8884475526
20	0.2398689150	0.4732039546	-74.9999830079
21	2.0477534560	0.4732039546	-182.6481786368
22	2.0999453539	0.4732039546	-177.9516166971
23	0.4140601874	0.4732039546	-129.5235837908
24	0.1797597349	0.4732039546	-31.8601845881
25	2.3876174385	0.4732039546	-179.8190348870
26	0.1102426906	0.4732039546	-48.9636087167
27	0.4700955508	0.4732039546	-104.0210966363
28	0.0000000000	0.4732039546	-2.3874909170
29	0.1959323595	0.4732039546	-75.1844432575
30	0.4795257115	0.4732039546	-122.7198395066
31	187.5413887281	0.4732039546	-197.8896331309
32	1.4044405462	0.4732039546	-155.5290376056
33	0.4881201959	0.4732039546	-88.6100516023
34	0.8310765958	0.4732039546	-155.5338180122
35	1.8783620494	0.4732039546	-168.8181689507
36	2.2898006007	0.4732039546	-182.3250863740
37	1.1660887434	0.4732039546	-138.8165208792
38	5.4413948316	0.4732039546	-189.9500431016
39	6732.0156305621	0.4732039546	-197.6038159161
40	1.1517602567	0.4732039546	-179.5823281266
41	2.3371813492	0.4732039546	-195.1377056902
42	2.4030281022	0.4732039546	-189.7428870442
43	1.8296158686	0.4732039546	-184.2127585631
44	3.9275480539	0.4732039546	-194.1310538485
45	0.9346837016	0.4732039546	-170.3027832968
46	0.3477231028	0.4732039546	-95.0210409883
47	0.8368092387	0.4732039546	-162.8018323233
48	1.0545006027	0.4732039546	-178.8537959582
49	0.4893812619	0.4732039546	-135.5433852496
50	1.3911788332	0.4732039546	-167.2960306423
51	0.0189849534	0.4732039546	-11.5524668177
52	0.7161068010	0.4732039546	-142.8836109284
53	1.1973840878	0.4732039546	-151.3595736654
54	0.5642490522	0.4732039546	-158.2561432402
55	0.6120229988	0.4732039546	-116.8527322196
56	1.3987309816	0.4732039546	-193.6175172590
57	0.3007366201	0.4732039546	-90.7712640317
58	0.8938516169	0.4732039546	-151.7899647767
59	2.2167997265	0.4732039546	-185.4098234985
60	0.2806439241	0.4732039546	-85.5649616655
61	0.0154918128	0.4732039546	-14.4629108113
62	3.4821242258	0.4732039546	-194.2752528864
63	0.4038355217	0.4732039546	-104.6488394326
64	2.2457192381	0.4732039546	-185.0069466786
65	1.0974629642	0.4732039546	-170.7889666191
66	0.3124701069	0.4732039546	-124.5655358042
67	2.1080170400	0.4732039546	-188.3776275978
68	0.3533133187	0.4732039546	-103.6671015860
69	5.3846838603	0.4732039546	-197.9002460285
70	3.9448956859	0.4732039546	-186.0693164154
71	2.2829217344	0.4732039546	-185.6386768779
72	2.2738984330	0.4732039546	-189.6876858209
73	0.0153637784	0.4732039546	-10.5154229286
74	0.8207757777	0.4732039546	-153.6855737715
75	1.4064735095	0.4732039546	-171.2797297682
76	4.7831872279	0.4732039546	-197.7783101417
77	0.0657173492	0.4732039546	-38.9834463277
78	2.3032103470	0.4732039546	-189.7733059588
79	2.6790903037	0.4732039546	-186.3889781185
80	0.8105568632	0.4732039546	-127.1539191300
81	1.5365463404	0.4732039546	-160.8464687964
82	3.4455898577	0.4732039546	-194.3837356940
83	3.4678837706	0.4732039546	-191.2510082105
84	0.3974522086	0.4732039546	-104.6416872985
85	0.3709938678	0.4732039546	-113.7519643529
86	2.8718992454	0.4732039546	-197.6315764018
87	2.2510117642	0.4732039546	-179.4686068715
88	0.5953616333	0.4732039546	-123.7356566674
89	0.2788642182	0.4732039546	-100.2535757397
90	9.6680808318	0.4732039546	-191.8478616782
91	0.0463819940	0.4732039546	-24.8328024500
92	0.6727667155	0.4732039546	-131.2926783985
93	1.8432844807	0.4732039546	-182.3230278683
94	0.6090469624	0.4732039546	-134.8014895298
95	0.8206527955	0.4732039546	-164.8341603845
96	6.5727935199	0.4732039546	-194.6261774830
97	1.9393989693	0.4732039546	-176.5965606350
98	0.9369785081	0.4732039546	-153.9436885484
99	4.9335678096	0.4732039546	-197.5687779991
100	0.1009055033	0.4732039546	-42.2412079369
101	0.2478194732	0.4732039546	-96.4744721551
102	2.2579951936	0.4732039546	-187.5444278655
103	6.3106003912	0.4732039546	-182.5005289767
104	0.1454827490	0.4732039546	-57.4033634813
105	2.6974266903	0.4732039546	-190.9670481532
106	3.0238910010	0.4732039546	-184.1560930575
107	0.7144233026	0.4732039546	-146.1987997953
108	1.7836870567	0.4732039546	-188.9753261674
109	5.1459660050	0.4732039546	-194.8141706776
110	1.9270279565	0.4732039546	-184.9673488919
111	0.0000000000	0.4732039546	-2.3874909170
112	2.6132908694	0.4732039546	-190.1386840801
113	2.4812550615	0.4732039546	-199.8769225367
114	1.1016488320	0.4732039546	-171.2967097869
115	2.4123530109	0.4732039546	-181.8526099185
116	5.6152456094	0.4732039546	-199.1591762843
117	2.8164311830	0.4732039546	-185.3131791103
118	2.9174039414	0.4732039546	-183.1384098218
119	1.1795539035	0.4732039546	-165.6959463638
120	2.2027129815	0.4732039546	-182.0008357576
121	0.3906031380	0.4732039546	-105.1705440617
122	0.0800725304	0.4732039546	-38.1915040259
123	2.8932660423	0.4732039546	-186.5998136895
124	3.7437602759	0.4732039546	-195.6069372255
