site	rate	t	lnL
1	0.0000000000	0.0008153200	-2.9957322736
2	0.0000000000	0.0008153200	-2.9957322736
3	0.0000000000	0.0008153200	-2.9957322736
4	0.0000000000	0.0008153200	-2.9957322736
5	0.0000000000	0.0008153200	-2.9957322736
6	0.0000000000	0.0008153200	-2.9957322736
7	0.0000000000	0.0008153200	-2.9957322736
8	0.0000000000	0.0008153200	-2.9957322736
9	0.0000000000	0.0008153200	-2.9957322736
10	0.0000000000	0.0008153200	-2.9957322736
11	0.0000000000	0.0008153200	-2.9957322736
12	0.0000000000	0.0008153200	-2.9957322736
13	10.3812467074	0.0008153200	-11.7636184348
14	10.3812538722	0.0008153200	-11.7636180684
15	0.0000000000	0.0008153200	-2.9957322736
16	0.0000000000	0.0008153200	-2.9957322736
17	0.0000000000	0.0008153200	-2.9957322736
18	10.3767537995	0.0008153200	-11.7640463154
19	10.3767530673	0.0008153200	-11.7640463154
20	0.0000000000	0.0008153200	-2.9957322736
21	10.3767551843	0.0008153200	-11.7640463154
22	0.0000000000	0.0008153200	-2.9957322736
23	0.0000000000	0.0008153200	-2.9957322736
24	0.0000000000	0.0008153200	-2.9957322736
25	0.0000000000	0.0008153200	-2.9957322736
26	0.0000000000	0.0008153200	-2.9957322736
27	0.0000000000	0.0008153200	-2.9957322736
28	0.0000000000	0.0008153200	-2.9957322736
29	0.0000000000	0.0008153200	-2.9957322736
30	0.0000000000	0.0008153200	-2.9957322736
31	0.0000000000	0.0008153200	-2.9957322736
32	0.0000000000	0.0008153200	-2.9957322736
33	0.0000000000	0.0008153200	-2.9957322736
34	0.0000000000	0.0008153200	-2.9957322736
35	0.0000000000	0.0008153200	-2.9957322736
36	0.0000000000	0.0008153200	-2.9957322736
37	0.0000000000	0.0008153200	-2.9957322736
38	0.0000000000	0.0008153200	-2.9957322736
39	0.0000000000	0.0008153200	-2.9957322736
40	0.0000000000	0.0008153200	-2.9957322736
41	0.0000000000	0.0008153200	-2.9957322736
42	0.0000000000	0.0008153200	-2.9957322736
43	0.0000000000	0.0008153200	-2.9957322736
44	0.0000000000	0.0008153200	-2.9957322736
45	0.0000000000	0.0008153200	-2.9957322736
46	0.0000000000	0.0008153200	-2.9957322736
47	0.0000000000	0.0008153200	-2.9957322736
48	0.0000000000	0.0008153200	-2.9957322736
49	0.0000000000	0.0008153200	-2.9957322736
50	0.0000000000	0.0008153200	-2.9957322736
51	0.0000000000	0.0008153200	-2.9957322736
52	0.0000000000	0.0008153200	-2.9957322736
53	0.0000000000	0.0008153200	-2.9957322736
54	0.0000000000	0.0008153200	-2.9957322736
55	0.0000000000	0.0008153200	-2.9957322736
56	0.0000000000	0.0008153200	-2.9957322736
57	0.0000000000	0.0008153200	-2.9957322736
58	0.0000000000	0.0008153200	-2.9957322736
59	0.0000000000	0.0008153200	-2.9957322736
60	0.0000000000	0.0008153200	-2.9957322736
61	0.0000000000	0.0008153200	-2.9957322736
62	0.0000000000	0.0008153200	-2.9957322736
63	0.0000000000	0.0008153200	-2.9957322736
64	0.0000000000	0.0008153200	-2.9957322736
65	0.0000000000	0.0008153200	-2.9957322736
66	0.0000000000	0.0008153200	-2.9957322736
67	0.0000000000	0.0008153200	-2.9957322736
68	0.0000000000	0.0008153200	-2.9957322736
69	0.0000000000	0.0008153200	-2.9957322736
70	0.0000000000	0.0008153200	-2.9957322736
71	0.0000000000	0.0008153200	-2.9957322736
72	0.0000000000	0.0008153200	-2.9957322736
73	0.0000000000	0.0008153200	-2.9957322736
74	0.0000000000	0.0008153200	-2.9957322736
75	0.0000000000	0.0008153200	-2.9957322736
76	0.0000000000	0.0008153200	-2.9957322736
77	0.0000000000	0.0008153200	-2.9957322736
78	0.0000000000	0.0008153200	-2.9957322736
79	0.0000000000	0.0008153200	-2.9957322736
80	0.0000000000	0.0008153200	-2.9957322736
81	0.0000000000	0.0008153200	-2.9957322736
82	0.0000000000	0.0008153200	-2.9957322736
83	0.0000000000	0.0008153200	-2.9957322736
84	0.0000000000	0.0008153200	-2.9957322736
85	0.0000000000	0.0008153200	-2.9957322736
86	0.0000000000	0.0008153200	-2.9957322736
87	0.0000000000	0.0008153200	-2.9957322736
88	0.0000000000	0.0008153200	-2.9957322736
89	0.0000000000	0.0008153200	-2.9957322736
90	10.3818471723	0.0008153200	-11.7636180701
91	0.0000000000	0.0008153200	-2.9957322736
92	0.0000000000	0.0008153200	-2.9957322736
93	0.0000000000	0.0008153200	-2.9957322736
94	0.0000000000	0.0008153200	-2.9957322736
95	10.3767528176	0.0008153200	-11.7640463154
96	10.3812536454	0.0008153200	-11.7636180684
97	0.0000000000	0.0008153200	-2.9957322736
98	0.0000000000	0.0008153200	-2.9957322736
99	0.0000000000	0.0008153200	-2.9957322736
100	0.0000000000	0.0008153200	-2.9957322736
101	0.0000000000	0.0008153200	-2.9957322736
102	0.0000000000	0.0008153200	-2.9957322736
103	0.0000000000	0.0008153200	-2.9957322736
104	0.0000000000	0.0008153200	-2.9957322736
105	10.3767540903	0.0008153200	-11.7640463154
106	20.8515761438	0.0008153200	-19.1371170940
107	0.0000000000	0.0008153200	-2.9957322736
108	0.0000000000	0.0008153200	-2.9957322736
109	0.0000000000	0.0008153200	-2.9957322736
110	0.0000000000	0.0008153200	-2.9957322736
111	0.0000000000	0.0008153200	-2.9957322736
112	0.0000000000	0.0008153200	-2.9957322736
113	0.0000000000	0.0008153200	-2.9957322736
114	0.0000000000	0.0008153200	-2.9957322736
115	0.0000000000	0.0008153200	-2.9957322736
116	0.0000000000	0.0008153200	-2.9957322736
117	0.0000000000	0.0008153200	-2.9957322736
118	0.0000000000	0.0008153200	-2.9957322736
119	10.3812467209	0.0008153200	-11.7636184348
120	0.0000000000	0.0008153200	-2.9957322736
121	0.0000000000	0.0008153200	-2.9957322736
122	0.0000000000	0.0008153200	-2.9957322736
123	0.0000000000	0.0008153200	-2.9957322736
124	0.0000000000	0.0008153200	-2.9957322736
