site	rate	t	lnL
1	0.8853047432	0.0652820682	-50.3852227849
2	0.2220028895	0.0652820682	-20.8494632850
3	1.2508561379	0.0652820682	-56.9938762121
4	2.7334921651	0.0652820682	-84.0264804290
5	2.4812197076	0.0652820682	-91.2140757594
6	1.7563486532	0.0652820682	-67.7087252392
7	4.8864003413	0.0652820682	-112.0355238327
8	0.5738337276	0.0652820682	-21.0343966136
9	1.6343522976	0.0652820682	-78.8664390993
10	1.0225770812	0.0652820682	-40.2205885650
11	0.2221631272	0.0652820682	-19.2932263443
12	1.4807062137	0.0652820682	-66.6049218804
13	0.9426499119	0.0652820682	-53.8572949333
14	1.0381957243	0.0652820682	-70.5602918501
15	0.0000000000	0.0652820682	-2.2601514946
16	1.5497901182	0.0652820682	-95.8411644989
17	0.6262881998	0.0652820682	-31.8951131158
18	1.0553175942	0.0652820682	-55.9094263843
19	1.5547701958	0.0652820682	-76.4867269959
20	0.0000000000	0.0652820682	-2.4960572975
21	1.3180528012	0.0652820682	-43.6182405630
22	2.7035006642	0.0652820682	-134.0934619508
23	1.1463986532	0.0652820682	-53.1906884245
24	0.2790593672	0.0652820682	-19.4638599629
25	2.0068732897	0.0652820682	-82.2588745972
26	0.0000000000	0.0652820682	-2.8243065549
27	0.5779472812	0.0652820682	-25.5663690425
28	0.0000000000	0.0652820682	-2.6728893620
29	0.0000000000	0.0652820682	-2.5706358579
30	0.1957476248	0.0652820682	-23.7672072271
31	0.4530805236	0.0652820682	-43.7385601809
32	1.0566119792	0.0652820682	-43.2109411196
33	0.0000000000	0.0652820682	-3.3196824332
34	0.6545806807	0.0652820682	-38.1833688126
35	2.3450848208	0.0652820682	-100.4458146057
36	1.3413236658	0.0652820682	-64.3324246479
37	1.0404298271	0.0652820682	-63.8090505389
38	1.1950267357	0.0652820682	-68.6065538789
39	2.5493094510	0.0652820682	-86.9513501520
40	1.3422467855	0.0652820682	-63.0734179857
41	1.2574277381	0.0652820682	-66.9767681638
42	1.8258363006	0.0652820682	-89.4625871897
43	0.9116402281	0.0652820682	-47.6603720554
44	2.3669339194	0.0652820682	-90.6260957095
45	0.7240771132	0.0652820682	-40.9212293303
46	0.7976823267	0.0652820682	-45.6295701336
47	0.7760078793	0.0652820682	-56.4574385816
48	1.3267620814	0.0652820682	-54.7547074567
49	0.7037454780	0.0652820682	-45.1759887051
50	0.7303374534	0.0652820682	-40.2069536448
51	0.0000000000	0.0652820682	-2.4960572975
52	0.7458272238	0.0652820682	-55.4180687206
53	0.3421601570	0.0652820682	-29.8581707737
54	1.1582984175	0.0652820682	-55.3834853394
55	2.1943618979	0.0652820682	-96.3999430011
56	0.2929519003	0.0652820682	-27.2584557498
57	0.5525913650	0.0652820682	-23.0767262797
58	1.0568840757	0.0652820682	-40.8020242159
59	1.0838407342	0.0652820682	-62.5044475738
60	1.2139235472	0.0652820682	-48.7922571212
61	0.9023544974	0.0652820682	-33.8574334784
62	1.8201365142	0.0652820682	-95.9303062772
63	0.4374854624	0.0652820682	-30.6706638932
64	1.8684792990	0.0652820682	-95.1175657814
65	1.4991275443	0.0652820682	-78.4822515243
66	0.0972574961	0.0652820682	-14.6609932795
67	3.4997046358	0.0652820682	-104.0758004658
68	2.5112820210	0.0652820682	-80.2395154807
69	1.1065205142	0.0652820682	-82.3054819080
70	0.6519241687	0.0652820682	-51.4360045035
71	2.4088508990	0.0652820682	-92.5611178543
72	1.3353157057	0.0652820682	-47.6614460116
73	0.0000000000	0.0652820682	-2.6728893620
74	0.2776228340	0.0652820682	-18.5513927120
75	1.2090348600	0.0652820682	-59.0470651929
76	1.4818448472	0.0652820682	-62.6490609101
77	0.3725871605	0.0652820682	-27.9810154016
78	1.8080091268	0.0652820682	-64.4460404773
79	1.0081550362	0.0652820682	-66.6616154771
80	0.3885215137	0.0652820682	-22.8032084626
81	0.8400676635	0.0652820682	-35.9840604141
82	1.5353983039	0.0652820682	-72.6669958614
83	1.4986824142	0.0652820682	-59.5798718089
84	0.1401376384	0.0652820682	-13.4894085107
85	0.3440820023	0.0652820682	-20.5201971878
86	0.7631166465	0.0652820682	-61.0221069677
87	1.8214948829	0.0652820682	-80.1708720836
88	0.8268260981	0.0652820682	-50.8022751403
89	0.5888391938	0.0652820682	-40.6759382516
90	0.6210244617	0.0652820682	-36.6755431365
91	0.0000000000	0.0652820682	-2.6728893620
92	0.4117517117	0.0652820682	-35.4187698626
93	2.4793134000	0.0652820682	-71.9196618940
94	0.1044218694	0.0652820682	-12.6349187737
95	0.0000000000	0.0652820682	-3.7862077981
96	2.5280273068	0.0652820682	-85.0223898304
97	2.0988669111	0.0652820682	-88.5260891846
98	0.5608313403	0.0652820682	-32.1134756305
99	1.7319011152	0.0652820682	-73.0728537875
100	0.0000000000	0.0652820682	-2.4960572975
101	0.1960301716	0.0652820682	-12.4090966445
102	1.8971007817	0.0652820682	-90.9954378658
103	0.6404827764	0.0652820682	-44.6758081256
104	0.1213248239	0.0652820682	-11.2162865907
105	3.5490333063	0.0652820682	-94.7139093015
106	0.5764144420	0.0652820682	-34.5802099343
107	0.2257571126	0.0652820682	-20.3623308023
108	1.3414457578	0.0652820682	-79.1983165545
109	0.7129066956	0.0652820682	-55.9537897346
110	0.8139583928	0.0652820682	-57.4188257879
111	0.0000000000	0.0652820682	-2.6728893620
112	2.8418004706	0.0652820682	-71.0939282887
113	1.0070970599	0.0652820682	-60.1727691591
114	1.4850073556	0.0652820682	-57.3490139357
115	1.2958204177	0.0652820682	-39.2900975693
116	2.2288160997	0.0652820682	-109.0014975593
117	3.3868506823	0.0652820682	-79.8725632011
118	0.4764201362	0.0652820682	-33.8120344679
119	1.6694713645	0.0652820682	-87.0782159602
120	1.9916568911	0.0652820682	-73.0595255546
121	0.1387329579	0.0652820682	-11.3090832302
122	0.9074847662	0.0652820682	-39.5313557676
123	1.1578236185	0.0652820682	-81.1942343929
124	1.1147681822	0.0652820682	-73.3799645447
