site	rate	t	lnL
1	1.3166336151	0.0060010994	-11.2646897305
2	0.0000000000	0.0060010994	-2.7272607658
3	1.8045610900	0.0060010994	-9.9168468889
4	0.0000000000	0.0060010994	-2.9508861287
5	0.0000000000	0.0060010994	-2.2493405785
6	3.9697620529	0.0060010994	-10.7928851773
7	0.0000000000	0.0060010994	-1.9316474276
8	1.1214749524	0.0060010994	-10.4082361955
9	0.0000000000	0.0060010994	-3.8915683137
10	1.0271476297	0.0060010994	-14.4721026934
11	0.0000000000	0.0060010994	-2.2410121544
12	4.0582781482	0.0060010994	-31.5412588299
13	1.2200125746	0.0060010994	-15.4675185497
14	1.5070753714	0.0060010994	-11.4075239757
15	2.4367189683	0.0060010994	-16.0002757782
16	2.4229985330	0.0060010994	-20.8380662283
17	3.0856963153	0.0060010994	-21.5036738376
18	1.0373819659	0.0060010994	-14.4622504394
19	2.6630696928	0.0060010994	-12.3063354619
20	0.0000000000	0.0060010994	-3.1531645416
21	0.0000000000	0.0060010994	-2.2410121544
22	2.2154702149	0.0060010994	-18.7125770637
23	0.0000000000	0.0060010994	-1.9316474276
24	0.0000000000	0.0060010994	-3.3337177513
25	0.0000000000	0.0060010994	-3.4108201452
26	0.0000000000	0.0060010994	-2.7272607658
27	0.8902262513	0.0060010994	-10.2355231256
28	0.0000000000	0.0060010994	-2.2493405785
29	0.0000000000	0.0060010994	-1.9316474276
30	1.2280099074	0.0060010994	-13.7490489506
31	0.9876580171	0.0060010994	-12.9836962164
32	4.9426695622	0.0060010994	-30.3121519071
33	0.0000000000	0.0060010994	-2.8243065549
34	3.7638606499	0.0060010994	-23.9846273873
35	0.0000000000	0.0060010994	-3.5367469384
36	2.7328754230	0.0060010994	-9.6042437737
37	2.7443255136	0.0060010994	-10.0766358970
38	0.9729377702	0.0060010994	-10.4960602154
39	0.0000000000	0.0060010994	-3.1770462736
40	7.7623807185	0.0060010994	-32.4434138785
41	2.2864536461	0.0060010994	-22.2465287912
42	0.0000000000	0.0060010994	-3.6959609202
43	10.7949666372	0.0060010994	-47.2635364864
44	7.6319782839	0.0060010994	-33.3589078936
45	0.0000000000	0.0060010994	-2.8243065549
46	1.5323792844	0.0060010994	-11.6032400280
47	0.0000000000	0.0060010994	-2.2493405785
48	0.0000000000	0.0060010994	-2.2410121544
49	1.7669728605	0.0060010994	-13.8175586825
50	1.9296616722	0.0060010994	-9.9955583772
51	0.0000000000	0.0060010994	-3.1531645416
52	3.2920116858	0.0060010994	-13.5545244684
53	1.0271476170	0.0060010994	-14.4721026934
54	0.0000000000	0.0060010994	-3.5367469384
55	0.0000000000	0.0060010994	-1.9316474276
56	1.1684794202	0.0060010994	-13.1899278349
57	0.0000000000	0.0060010994	-2.8243065549
58	0.0000000000	0.0060010994	-3.1770462736
59	5.2034173930	0.0060010994	-29.6496595580
60	0.0000000000	0.0060010994	-1.9316474276
61	0.0000000000	0.0060010994	-2.2493405785
62	0.0000000000	0.0060010994	-2.2493405785
63	1.1946773478	0.0060010994	-11.0378106853
64	1.1171292917	0.0060010994	-13.0805215654
65	2.7544602215	0.0060010994	-12.6796247376
66	0.8907634798	0.0060010994	-10.5831524905
67	0.0000000000	0.0060010994	-3.1770462736
68	1.1863503985	0.0060010994	-13.9126692403
69	3.4261689623	0.0060010994	-16.4715277830
70	1.0271474966	0.0060010994	-14.4721026934
71	0.0000000000	0.0060010994	-1.9316474276
72	2.4515707108	0.0060010994	-13.4044516402
73	0.0000000000	0.0060010994	-2.2493405785
74	1.7217663729	0.0060010994	-12.8596844642
75	0.0000000000	0.0060010994	-2.9508861287
76	2.1154848371	0.0060010994	-23.8456063488
77	0.0000000000	0.0060010994	-2.8243065549
78	2.4107335628	0.0060010994	-13.4212787110
79	2.6648348703	0.0060010994	-9.6722049037
80	0.0000000000	0.0060010994	-2.7827205212
81	0.0000000000	0.0060010994	-2.7827205212
82	1.9296616707	0.0060010994	-9.9955583772
83	0.0000000000	0.0060010994	-3.0656616433
84	6.7067999293	0.0060010994	-20.9986587422
85	0.0000000000	0.0060010994	-3.1098677358
86	2.6134230470	0.0060010994	-13.1124349126
87	0.0000000000	0.0060010994	-3.1770462736
88	0.0000000000	0.0060010994	-3.1098677358
89	0.0000000000	0.0060010994	-1.9316474276
90	0.0000000000	0.0060010994	-2.7272607658
91	0.0000000000	0.0060010994	-2.2493405785
92	0.0000000000	0.0060010994	-2.2493405785
93	4.6635292336	0.0060010994	-21.4358358490
94	0.0000000000	0.0060010994	-2.7827205212
95	0.0000000000	0.0060010994	-3.1098677358
96	0.0000000000	0.0060010994	-2.2493405785
97	2.0265341907	0.0060010994	-20.6930103051
98	1.3016593350	0.0060010994	-12.5373737736
99	0.0000000000	0.0060010994	-1.9316474276
100	1.5374833554	0.0060010994	-11.7413566951
101	0.0000000000	0.0060010994	-1.9316474276
102	3.4931677010	0.0060010994	-16.3853557611
103	0.0000000000	0.0060010994	-1.9316474276
104	0.0000000000	0.0060010994	-2.7272607658
105	0.0000000000	0.0060010994	-1.9316474276
106	3.4309796038	0.0060010994	-11.8019160485
107	1.3259576489	0.0060010994	-13.9366155600
108	3.6651189526	0.0060010994	-28.2783827233
109	1.0008345774	0.0060010994	-10.5711684350
110	0.0000000000	0.0060010994	-2.9508861287
111	0.0000000000	0.0060010994	-2.2493405785
112	0.9813273803	0.0060010994	-12.9942132488
113	2.4731914737	0.0060010994	-11.9904941689
114	0.0000000000	0.0060010994	-3.4108201452
115	0.0000000000	0.0060010994	-3.0656616433
116	0.0000000000	0.0060010994	-3.0656616433
117	0.0000000000	0.0060010994	-2.2410121544
118	0.0000000000	0.0060010994	-2.7272607658
119	1.1658123796	0.0060010994	-15.4258710833
120	0.0000000000	0.0060010994	-2.2410121544
121	0.0000000000	0.0060010994	-3.3994348230
122	0.0000000000	0.0060010994	-3.5238435336
123	3.3146855500	0.0060010994	-12.6035259053
124	0.0000000000	0.0060010994	-3.1531645416
