site	rate	t	lnL
1	0.0000000000	0.0050965789	-3.4339872045
2	0.0000000000	0.0050965789	-2.6656166027
3	0.0000000000	0.0050965789	-3.4070106168
4	0.0000000000	0.0050965789	-3.4379011038
5	0.0000000000	0.0050965789	-2.4181339831
6	0.0000000000	0.0050965789	-2.4945294133
7	0.0000000000	0.0050965789	-2.6656166027
8	0.0000000000	0.0050965789	-2.0000193739
9	0.0000000000	0.0050965789	-3.3770458281
10	1.6739998916	0.0050965789	-12.7183078776
11	1.8077265731	0.0050965789	-11.8581074095
12	0.0000000000	0.0050965789	-3.1831068982
13	0.0000000000	0.0050965789	-2.6656166027
14	0.0000000000	0.0050965789	-3.0130179098
15	0.0000000000	0.0050965789	-2.0000193739
16	3.3404670379	0.0050965789	-18.9185568079
17	0.0000000000	0.0050965789	-2.4945294133
18	1.8051519919	0.0050965789	-11.1663819745
19	1.8077265998	0.0050965789	-11.1311859119
20	0.0000000000	0.0050965789	-3.0130179098
21	1.6947783958	0.0050965789	-11.8283829797
22	0.0000000000	0.0050965789	-4.0233375914
23	0.0000000000	0.0050965789	-2.0664218285
24	0.0000000000	0.0050965789	-4.0233375914
25	0.0000000000	0.0050965789	-3.4070106168
26	0.0000000000	0.0050965789	-2.8699170662
27	0.0000000000	0.0050965789	-2.4945294133
28	0.0000000000	0.0050965789	-2.4181339831
29	1.8261623975	0.0050965789	-11.1116259581
30	0.0000000000	0.0050965789	-2.4181339831
31	1.6324201742	0.0050965789	-12.5733271481
32	0.0000000000	0.0050965789	-2.4181339831
33	0.0000000000	0.0050965789	-2.8501144389
34	3.3670801776	0.0050965789	-17.5622532558
35	3.6711703263	0.0050965789	-18.2210105402
36	0.0000000000	0.0050965789	-2.0000193739
37	1.6153466750	0.0050965789	-12.5396497583
38	1.8077265317	0.0050965789	-9.7541594577
39	3.2759117978	0.0050965789	-19.7714533870
40	0.0000000000	0.0050965789	-2.0000193739
41	0.0000000000	0.0050965789	-3.4379011038
42	0.0000000000	0.0050965789	-2.8501144389
43	0.0000000000	0.0050965789	-2.8699170662
44	4.9636015509	0.0050965789	-25.3040017968
45	0.0000000000	0.0050965789	-2.0000193739
46	1.7196657474	0.0050965789	-11.2449775858
47	0.0000000000	0.0050965789	-3.4339872045
48	1.6033981071	0.0050965789	-11.9548808106
49	3.4536850912	0.0050965789	-20.7834976600
50	0.0000000000	0.0050965789	-3.3372575780
51	0.0000000000	0.0050965789	-3.0130179098
52	0.0000000000	0.0050965789	-2.0000193739
53	0.0000000000	0.0050965789	-2.0664218285
54	4.9812239615	0.0050965789	-26.9938359852
55	3.4572385691	0.0050965789	-20.0147436478
56	4.9330918144	0.0050965789	-27.8586959652
57	0.0000000000	0.0050965789	-3.4339872045
58	1.6036523873	0.0050965789	-13.3217656152
59	0.0000000000	0.0050965789	-2.0664218285
60	0.0000000000	0.0050965789	-2.6656166027
61	0.0000000000	0.0050965789	-2.4181339831
62	1.6953616228	0.0050965789	-11.8280379786
63	0.0000000000	0.0050965789	-3.4070106168
64	0.0000000000	0.0050965789	-3.0130179098
65	0.0000000000	0.0050965789	-2.4945294133
66	0.0000000000	0.0050965789	-2.0000193739
67	0.0000000000	0.0050965789	-3.7268912209
68	1.8077265711	0.0050965789	-10.7671579936
69	1.6052106531	0.0050965789	-12.7572538777
70	1.6719610836	0.0050965789	-12.0732576294
71	0.0000000000	0.0050965789	-2.4181339831
72	0.0000000000	0.0050965789	-2.4945294133
73	0.0000000000	0.0050965789	-2.8501144389
74	1.6440864463	0.0050965789	-12.3423347855
75	0.0000000000	0.0050965789	-2.0664218285
76	0.0000000000	0.0050965789	-3.1831068982
77	1.7322024108	0.0050965789	-11.5823201602
78	1.8077265533	0.0050965789	-11.8354649328
79	5.0340775817	0.0050965789	-25.1422089552
80	1.8064062046	0.0050965789	-10.6049867482
81	0.0000000000	0.0050965789	-2.4181339831
82	1.8051583793	0.0050965789	-11.1625689460
83	0.0000000000	0.0050965789	-3.4108201452
84	1.6160411148	0.0050965789	-12.9332164618
85	0.0000000000	0.0050965789	-2.0000193739
86	3.3792980870	0.0050965789	-19.6830804495
87	0.0000000000	0.0050965789	-2.0000193739
88	8.5011508223	0.0050965789	-42.3432857919
89	0.0000000000	0.0050965789	-4.1271343850
90	1.8063488504	0.0050965789	-10.6248208766
91	1.7357428238	0.0050965789	-10.1463256198
92	1.6831875829	0.0050965789	-11.0083057429
93	1.6476073141	0.0050965789	-11.3812946826
94	0.0000000000	0.0050965789	-2.0000193739
95	0.0000000000	0.0050965789	-2.8501144389
96	0.0000000000	0.0050965789	-2.0000193739
97	1.6304815640	0.0050965789	-12.5385317802
98	0.0000000000	0.0050965789	-2.8501144389
99	1.6675011124	0.0050965789	-12.0759194934
100	0.0000000000	0.0050965789	-3.0130179098
101	0.0000000000	0.0050965789	-2.0000193739
102	3.6628954295	0.0050965789	-17.6057850881
103	1.8280647559	0.0050965789	-9.7430320552
104	1.6304812977	0.0050965789	-11.2676960307
105	1.6374444132	0.0050965789	-11.9735864358
106	1.8077265933	0.0050965789	-10.1722740668
107	0.0000000000	0.0050965789	-3.4108201452
108	3.2843767425	0.0050965789	-17.9360780230
109	0.0000000000	0.0050965789	-3.0130179098
110	0.0000000000	0.0050965789	-2.8699170662
111	0.0000000000	0.0050965789	-2.4181339831
112	1.6021505858	0.0050965789	-13.2723011895
113	3.6450203412	0.0050965789	-17.8229587861
114	1.6027740825	0.0050965789	-11.9115084545
115	0.0000000000	0.0050965789	-2.6656166027
116	0.0000000000	0.0050965789	-2.4945294133
117	0.0000000000	0.0050965789	-2.4945294133
118	0.0000000000	0.0050965789	-2.0664218285
119	1.6324201758	0.0050965789	-11.8319331340
120	1.7238157104	0.0050965789	-10.9845567259
121	0.0000000000	0.0050965789	-3.3770458281
122	0.0000000000	0.0050965789	-2.4181339831
123	0.0000000000	0.0050965789	-3.4379011038
124	0.0000000000	0.0050965789	-2.6656166027
