site	rate	t	lnL
1	3.6602285663	0.0072142927	-29.2675224821
2	1.5851036976	0.0072142927	-10.1166690568
3	0.0000000000	0.0072142927	-3.1183784255
4	1.9276888306	0.0072142927	-19.8532764774
5	0.0000000000	0.0072142927	-2.7291894067
6	1.7361272894	0.0072142927	-10.4100972216
7	0.0000000000	0.0072142927	-3.6610446551
8	1.0981185598	0.0072142927	-10.8119084540
9	1.6469086346	0.0072142927	-10.1845797672
10	0.0000000000	0.0072142927	-3.0442704533
11	0.0000000000	0.0072142927	-2.3275927754
12	2.7409231606	0.0072142927	-12.0692049634
13	0.0000000000	0.0072142927	-3.0495755056
14	0.0000000000	0.0072142927	-2.8074640516
15	1.0187768612	0.0072142927	-8.5144339858
16	0.9206335985	0.0072142927	-11.1250295256
17	0.0000000000	0.0072142927	-3.0207399559
18	0.0000000000	0.0072142927	-2.3275927754
19	1.7428209861	0.0072142927	-10.8486130803
20	3.5447681614	0.0072142927	-20.8543959515
21	1.1763464980	0.0072142927	-13.5371474102
22	0.0000000000	0.0072142927	-3.4146442416
23	1.6043739675	0.0072142927	-13.2364381748
24	0.0000000000	0.0072142927	-3.4418303819
25	0.0000000000	0.0072142927	-2.8788456969
26	1.0197117041	0.0072142927	-12.8603476185
27	0.0000000000	0.0072142927	-2.3275927754
28	0.0000000000	0.0072142927	-2.7291894067
29	8.4533169902	0.0072142927	-27.0288585086
30	0.0000000000	0.0072142927	-2.1143168710
31	0.9730205368	0.0072142927	-14.7141997679
32	1.0252152276	0.0072142927	-13.1399156295
33	0.0000000000	0.0072142927	-2.7625585479
34	1.1168330013	0.0072142927	-12.2023175470
35	0.0000000000	0.0072142927	-3.0207399559
36	1.0728055144	0.0072142927	-12.4811784144
37	0.0000000000	0.0072142927	-3.4418303819
38	3.9474589109	0.0072142927	-19.8115122782
39	0.0000000000	0.0072142927	-2.1143168710
40	4.6668902871	0.0072142927	-32.9441939567
41	2.1202669069	0.0072142927	-17.2677470328
42	2.4310867170	0.0072142927	-17.1856658270
43	0.0000000000	0.0072142927	-2.7625585479
44	1.0977740545	0.0072142927	-14.3632041014
45	1.0357170788	0.0072142927	-10.7310367787
46	4.3915670898	0.0072142927	-35.1661958795
47	0.0000000000	0.0072142927	-3.4146442416
48	2.8625478534	0.0072142927	-30.3895789463
49	1.7567664685	0.0072142927	-12.6745793307
50	0.0000000000	0.0072142927	-3.1620534890
51	1.1185329732	0.0072142927	-10.6646057692
52	0.0000000000	0.0072142927	-2.1143168710
53	0.0000000000	0.0072142927	-2.1143168710
54	0.0000000000	0.0072142927	-3.0207399559
55	4.0174365772	0.0072142927	-36.3878054717
56	3.4028645210	0.0072142927	-20.2902984435
57	0.0000000000	0.0072142927	-3.4146442416
58	0.0000000000	0.0072142927	-3.7268912209
59	1.0217751783	0.0072142927	-10.6562735125
60	0.0000000000	0.0072142927	-2.6875955094
61	0.0000000000	0.0072142927	-2.7291894067
62	1.0693264071	0.0072142927	-14.0820203132
63	6.6723002569	0.0072142927	-33.9853360183
64	1.1805794454	0.0072142927	-15.8563407970
65	0.0000000000	0.0072142927	-4.1193522446
66	0.0000000000	0.0072142927	-3.6758597409
67	0.7282934926	0.0072142927	-11.0860558024
68	1.0408412227	0.0072142927	-11.9007612860
69	0.0000000000	0.0072142927	-2.7291894067
70	0.0000000000	0.0072142927	-2.1143168710
71	1.6017185236	0.0072142927	-13.0250553632
72	2.1102649009	0.0072142927	-21.8914171972
73	0.0000000000	0.0072142927	-2.7291894067
74	0.0000000000	0.0072142927	-2.6875955094
75	1.0217752082	0.0072142927	-10.6562735125
76	3.1399244532	0.0072142927	-21.4203801639
77	0.0000000000	0.0072142927	-2.7291894067
78	2.3823263874	0.0072142927	-22.5358211492
79	3.5803635002	0.0072142927	-27.8050037899
80	2.1684077978	0.0072142927	-20.5407557062
81	0.0000000000	0.0072142927	-2.3275927754
82	0.0000000000	0.0072142927	-2.8074640516
83	5.3705190132	0.0072142927	-32.6652792590
84	0.0000000000	0.0072142927	-2.1143168710
85	0.0000000000	0.0072142927	-2.3275927754
86	2.0292625142	0.0072142927	-13.3327904067
87	2.0131077329	0.0072142927	-13.0407616145
88	0.0000000000	0.0072142927	-3.4418303819
89	0.0000000000	0.0072142927	-2.3275927754
90	0.0000000000	0.0072142927	-2.6875955094
91	1.0540643286	0.0072142927	-11.0982697526
92	1.1059904177	0.0072142927	-10.4113246501
93	0.0000000000	0.0072142927	-2.3275927754
94	0.0000000000	0.0072142927	-2.3275927754
95	0.0000000000	0.0072142927	-2.8074640516
96	0.0000000000	0.0072142927	-3.1183784255
97	3.8244523170	0.0072142927	-21.3809380463
98	0.0000000000	0.0072142927	-2.8074640516
99	0.0000000000	0.0072142927	-3.0207399559
100	0.0000000000	0.0072142927	-2.8074640516
101	0.0000000000	0.0072142927	-2.1143168710
102	0.8292960072	0.0072142927	-11.6886531074
103	0.7767859743	0.0072142927	-11.3546257882
104	0.0000000000	0.0072142927	-3.0495755056
105	1.1168330700	0.0072142927	-12.2023175470
106	0.0000000000	0.0072142927	-3.0495755056
107	1.7383290976	0.0072142927	-12.7316476742
108	0.7797437923	0.0072142927	-11.1548559596
109	0.0000000000	0.0072142927	-2.7625585479
110	1.6439131237	0.0072142927	-11.8161422556
111	0.0000000000	0.0072142927	-2.7291894067
112	1.4642366687	0.0072142927	-14.3391753781
113	2.1561095350	0.0072142927	-12.1119184880
114	0.9243665112	0.0072142927	-12.8463010331
115	2.7984015598	0.0072142927	-17.6055692711
116	2.5989208963	0.0072142927	-30.4260989949
117	0.0000000000	0.0072142927	-2.6875955094
118	0.0000000000	0.0072142927	-2.6875955094
119	1.5059297549	0.0072142927	-26.7644119535
120	1.5736835052	0.0072142927	-12.6013159942
121	4.2623034944	0.0072142927	-19.2521149399
122	0.0000000000	0.0072142927	-2.3275927754
123	1.1707864500	0.0072142927	-10.1938136180
124	2.5048201446	0.0072142927	-20.3672548800
