site	rate	t	lnL
1	4.9923105494	0.0067049057	-32.1098836991
2	0.0000000000	0.0067049057	-2.6875955094
3	0.0000000000	0.0067049057	-3.0181593093
4	1.2710746363	0.0067049057	-11.7715250169
5	0.0000000000	0.0067049057	-2.3445312911
6	0.0000000000	0.0067049057	-3.0656616433
7	0.0000000000	0.0067049057	-2.1801087869
8	0.0000000000	0.0067049057	-2.1801087869
9	2.4585824659	0.0067049057	-20.4544547856
10	1.2666175659	0.0067049057	-12.1575893945
11	0.0000000000	0.0067049057	-2.6875955094
12	2.5247574907	0.0067049057	-21.0750268152
13	0.0000000000	0.0067049057	-3.0181593093
14	0.0000000000	0.0067049057	-2.5114659229
15	1.3527265581	0.0067049057	-10.5169603237
16	1.2716796680	0.0067049057	-11.5136219892
17	0.0000000000	0.0067049057	-2.8676973095
18	0.0000000000	0.0067049057	-2.6335282881
19	0.0000000000	0.0067049057	-2.8676973095
20	0.0000000000	0.0067049057	-2.5114659229
21	2.5108587576	0.0067049057	-19.9146247259
22	3.8139308184	0.0067049057	-26.3548839183
23	2.6952776309	0.0067049057	-17.9711800368
24	0.0000000000	0.0067049057	-4.1428827420
25	0.0000000000	0.0067049057	-2.6875955094
26	0.0000000000	0.0067049057	-3.1531645416
27	0.0000000000	0.0067049057	-2.6335282881
28	0.0000000000	0.0067049057	-2.3445312911
29	0.0000000000	0.0067049057	-2.1801087869
30	1.3285091444	0.0067049057	-10.2459517609
31	0.0000000000	0.0067049057	-3.4617117525
32	0.0000000000	0.0067049057	-2.1801087869
33	0.0000000000	0.0067049057	-3.0710817108
34	0.0000000000	0.0067049057	-2.5114659229
35	1.3267378009	0.0067049057	-12.0491174614
36	3.8997934420	0.0067049057	-26.5512941684
37	3.8483171110	0.0067049057	-24.5856013422
38	1.2344260285	0.0067049057	-12.6243291249
39	2.5967943365	0.0067049057	-18.1113381330
40	2.4808888454	0.0067049057	-20.3001775421
41	0.0000000000	0.0067049057	-2.8810903668
42	1.2603924489	0.0067049057	-11.3508403260
43	2.4855483471	0.0067049057	-20.8709782829
44	1.2600298028	0.0067049057	-12.5563842459
45	1.2666175650	0.0067049057	-10.8759864289
46	0.0000000000	0.0067049057	-2.5114659229
47	0.0000000000	0.0067049057	-3.1385229916
48	1.2520954053	0.0067049057	-11.1135575873
49	2.5216332083	0.0067049057	-19.9691093430
50	0.0000000000	0.0067049057	-3.0181593093
51	0.0000000000	0.0067049057	-2.5114659229
52	0.0000000000	0.0067049057	-2.8810903668
53	1.2187860765	0.0067049057	-12.5219872703
54	1.2550782470	0.0067049057	-11.2609737466
55	0.0000000000	0.0067049057	-2.6335282881
56	1.2341610972	0.0067049057	-11.5158443590
57	0.0000000000	0.0067049057	-3.0710817108
58	0.0000000000	0.0067049057	-3.2015123257
59	1.2520953811	0.0067049057	-11.1135575873
60	0.0000000000	0.0067049057	-3.1531645416
61	0.0000000000	0.0067049057	-2.3445312911
62	1.2694343895	0.0067049057	-12.6296345114
63	2.5544108151	0.0067049057	-20.6075298033
64	0.0000000000	0.0067049057	-3.4617117525
65	0.0000000000	0.0067049057	-3.0181593093
66	0.0000000000	0.0067049057	-3.5410853400
67	1.3527265843	0.0067049057	-10.7511293450
68	0.0000000000	0.0067049057	-2.5114659229
69	3.8466038198	0.0067049057	-26.6174991253
70	0.0000000000	0.0067049057	-2.6335282881
71	3.7427855080	0.0067049057	-24.5256391349
72	0.0000000000	0.0067049057	-2.6335282881
73	1.2550780970	0.0067049057	-11.2609737466
74	0.0000000000	0.0067049057	-2.8676973095
75	1.2593839861	0.0067049057	-11.1847022307
76	0.0000000000	0.0067049057	-3.2015123257
77	0.0000000000	0.0067049057	-2.3445312911
78	1.2533217191	0.0067049057	-12.8269248077
79	0.0000000000	0.0067049057	-3.2015123257
80	0.0000000000	0.0067049057	-3.5410853400
81	1.2921933727	0.0067049057	-11.2501275939
82	3.8129978173	0.0067049057	-26.3530956086
83	1.2511119103	0.0067049057	-12.4606771293
84	1.3267377247	0.0067049057	-10.5786310091
85	1.2666175650	0.0067049057	-11.5769680088
86	0.0000000000	0.0067049057	-2.6875955094
87	0.0000000000	0.0067049057	-2.1801087869
88	0.0000000000	0.0067049057	-3.9819523752
89	1.2700432227	0.0067049057	-11.5742787520
90	2.5859925135	0.0067049057	-19.5410798552
91	0.0000000000	0.0067049057	-2.3445312911
92	1.3051659580	0.0067049057	-10.5949504947
93	0.0000000000	0.0067049057	-2.1801087869
94	0.0000000000	0.0067049057	-2.8810903668
95	0.0000000000	0.0067049057	-3.2015123257
96	0.0000000000	0.0067049057	-2.9270754800
97	0.0000000000	0.0067049057	-2.1801087869
98	0.0000000000	0.0067049057	-2.5114659229
99	2.5486598219	0.0067049057	-18.8526252517
100	4.0860008864	0.0067049057	-26.1303761456
101	0.0000000000	0.0067049057	-2.6335282881
102	1.3524697010	0.0067049057	-10.5712219000
103	2.4473966202	0.0067049057	-19.6962575054
104	2.5918082638	0.0067049057	-18.9113094602
105	1.2668530137	0.0067049057	-11.8488599358
106	0.0000000000	0.0067049057	-2.1801087869
107	3.8057968344	0.0067049057	-26.2952581391
108	3.8492610151	0.0067049057	-25.7062229646
109	2.6282732156	0.0067049057	-18.1362747780
110	1.2217780808	0.0067049057	-12.7537175701
111	0.0000000000	0.0067049057	-2.3445312911
112	1.3527265757	0.0067049057	-10.9015913449
113	1.2865714721	0.0067049057	-12.2050636328
114	0.0000000000	0.0067049057	-2.9270754800
115	2.6131526352	0.0067049057	-19.5697977743
116	0.0000000000	0.0067049057	-3.0710817108
117	1.2588846187	0.0067049057	-11.6640110804
118	0.0000000000	0.0067049057	-3.1531645416
119	1.3267377768	0.0067049057	-11.2203296278
120	1.2710745592	0.0067049057	-11.7715250169
121	0.0000000000	0.0067049057	-2.5114659229
122	0.0000000000	0.0067049057	-2.3445312911
123	1.2865714509	0.0067049057	-11.5939992830
124	1.2573476508	0.0067049057	-11.6022387232
