site	rate	t	lnL
1	0.0000000000	0.0007747887	-3.0259213147
2	0.0000000000	0.0007747887	-2.6265352526
3	0.0000000000	0.0007747887	-2.4209668462
4	0.0000000000	0.0007747887	-2.0467167574
5	0.0000000000	0.0007747887	-2.4209668462
6	9.4834150408	0.0007747887	-12.9282312897
7	0.0000000000	0.0007747887	-2.0467167574
8	0.0000000000	0.0007747887	-2.2565348541
9	0.0000000000	0.0007747887	-2.0467167574
10	24.5913897665	0.0007747887	-21.0314196781
11	0.0000000000	0.0007747887	-2.4209668462
12	0.0000000000	0.0007747887	-3.7113064899
13	0.0000000000	0.0007747887	-2.7388888038
14	0.0000000000	0.0007747887	-2.8721417612
15	0.0000000000	0.0007747887	-2.0467167574
16	0.0000000000	0.0007747887	-3.2108436532
17	0.0000000000	0.0007747887	-2.8721417612
18	8.4509260470	0.0007747887	-12.3020052089
19	0.0000000000	0.0007747887	-3.0259213147
20	18.9353621208	0.0007747887	-11.3079435244
21	0.0000000000	0.0007747887	-2.2565348541
22	0.0000000000	0.0007747887	-3.0259213147
23	0.0000000000	0.0007747887	-2.7388888038
24	0.0000000000	0.0007747887	-2.4195494115
25	0.0000000000	0.0007747887	-3.2139735462
26	0.0000000000	0.0007747887	-2.6265352526
27	0.0000000000	0.0007747887	-3.2108436532
28	0.0000000000	0.0007747887	-2.4209668462
29	0.0000000000	0.0007747887	-2.2565348541
30	0.0000000000	0.0007747887	-3.2108436532
31	9.9721312214	0.0007747887	-11.5834163075
32	0.0000000000	0.0007747887	-2.0467167574
33	0.0000000000	0.0007747887	-2.4195494115
34	0.0000000000	0.0007747887	-3.4339872045
35	0.0000000000	0.0007747887	-2.2565348541
36	0.0000000000	0.0007747887	-3.4418303819
37	0.0000000000	0.0007747887	-3.2108436532
38	0.0000000000	0.0007747887	-3.0259213147
39	0.0000000000	0.0007747887	-2.4195494115
40	0.0000000000	0.0007747887	-3.4379011038
41	0.0000000000	0.0007747887	-2.6265352526
42	0.0000000000	0.0007747887	-3.2108436532
43	0.0000000000	0.0007747887	-2.0467167574
44	0.0000000000	0.0007747887	-3.2108436532
45	0.0000000000	0.0007747887	-3.2139735462
46	8.7020380112	0.0007747887	-11.4433442242
47	0.0000000000	0.0007747887	-3.2108436532
48	0.0000000000	0.0007747887	-2.7388888038
49	0.0000000000	0.0007747887	-2.7388888038
50	0.0000000000	0.0007747887	-2.8721417612
51	0.0000000000	0.0007747887	-2.4195494115
52	0.0000000000	0.0007747887	-3.2108436532
53	0.0000000000	0.0007747887	-3.4379011038
54	0.0000000000	0.0007747887	-3.4379011038
55	0.0000000000	0.0007747887	-2.0467167574
56	0.0000000000	0.0007747887	-2.7388888038
57	0.0000000000	0.0007747887	-3.4379011038
58	0.0000000000	0.0007747887	-2.2565348541
59	0.0000000000	0.0007747887	-3.2139735462
60	0.0000000000	0.0007747887	-2.6265352526
61	0.0000000000	0.0007747887	-2.4209668462
62	0.0000000000	0.0007747887	-2.4195494115
63	0.0000000000	0.0007747887	-3.4418303819
64	0.0000000000	0.0007747887	-2.4209668462
65	0.0000000000	0.0007747887	-3.0259213147
66	0.0000000000	0.0007747887	-3.2108436532
67	0.0000000000	0.0007747887	-3.4339872045
68	0.0000000000	0.0007747887	-2.4195494115
69	0.0000000000	0.0007747887	-2.8721417612
70	8.2028512895	0.0007747887	-12.4111793804
71	0.0000000000	0.0007747887	-2.4195494115
72	18.1653146703	0.0007747887	-14.3469168193
73	0.0000000000	0.0007747887	-2.4209668462
74	0.0000000000	0.0007747887	-2.4195494115
75	0.0000000000	0.0007747887	-2.0467167574
76	0.0000000000	0.0007747887	-2.6265352526
77	0.0000000000	0.0007747887	-2.4209668462
78	0.0000000000	0.0007747887	-2.0467167574
79	0.0000000000	0.0007747887	-2.8721417612
80	0.0000000000	0.0007747887	-2.2565348541
81	0.0000000000	0.0007747887	-3.7113064899
82	0.0000000000	0.0007747887	-3.2108436532
83	0.0000000000	0.0007747887	-2.6265352526
84	0.0000000000	0.0007747887	-4.1271343850
85	0.0000000000	0.0007747887	-3.2108436532
86	0.0000000000	0.0007747887	-2.2565348541
87	0.0000000000	0.0007747887	-2.0467167574
88	0.0000000000	0.0007747887	-3.4418303819
89	0.0000000000	0.0007747887	-2.0467167574
90	0.0000000000	0.0007747887	-4.1271343850
91	0.0000000000	0.0007747887	-2.4209668462
92	0.0000000000	0.0007747887	-2.2565348541
93	0.0000000000	0.0007747887	-4.1349775625
94	0.0000000000	0.0007747887	-2.2565348541
95	0.0000000000	0.0007747887	-3.2108436532
96	0.0000000000	0.0007747887	-2.0467167574
97	0.0000000000	0.0007747887	-2.0467167574
98	0.0000000000	0.0007747887	-2.4195494115
99	0.0000000000	0.0007747887	-2.6265352526
100	0.0000000000	0.0007747887	-2.4195494115
101	0.0000000000	0.0007747887	-2.0467167574
102	0.0000000000	0.0007747887	-3.4379011038
103	0.0000000000	0.0007747887	-2.2565348541
104	0.0000000000	0.0007747887	-2.6265352526
105	0.0000000000	0.0007747887	-3.2108436532
106	0.0000000000	0.0007747887	-2.8721417612
107	0.0000000000	0.0007747887	-3.7113064899
108	0.0000000000	0.0007747887	-2.7388888038
109	10.5068328317	0.0007747887	-12.6040643410
110	0.0000000000	0.0007747887	-3.0259213147
111	0.0000000000	0.0007747887	-2.4209668462
112	0.0000000000	0.0007747887	-3.4339872045
113	0.0000000000	0.0007747887	-3.2108436532
114	0.0000000000	0.0007747887	-3.2139735462
115	0.0000000000	0.0007747887	-2.7388888038
116	0.0000000000	0.0007747887	-2.7388888038
117	0.0000000000	0.0007747887	-2.2565348541
118	0.0000000000	0.0007747887	-2.8721417612
119	0.0000000000	0.0007747887	-3.2108436532
120	0.0000000000	0.0007747887	-2.2565348541
121	0.0000000000	0.0007747887	-2.4195494115
122	0.0000000000	0.0007747887	-2.4209668462
123	0.0000000000	0.0007747887	-2.0467167574
124	0.0000000000	0.0007747887	-3.4379011038
