site	rate	t	lnL
1	2.3302314630	0.0757796082	-111.3136907400
2	0.1358852316	0.0757796082	-9.6551960586
3	1.5262778253	0.0757796082	-81.2312796131
4	1.0471494936	0.0757796082	-52.2555352901
5	0.1920571975	0.0757796082	-12.8894729335
6	0.7873529118	0.0757796082	-47.8364210336
7	0.2618764197	0.0757796082	-20.6324488281
8	1.9099305581	0.0757796082	-88.2086371225
9	1.5934299179	0.0757796082	-81.5928952454
10	2.2678059697	0.0757796082	-98.3700271640
11	0.2731104518	0.0757796082	-18.2582736514
12	1.2388499456	0.0757796082	-79.0734309175
13	1.0562662783	0.0757796082	-56.1599411817
14	2.8285985006	0.0757796082	-84.9829014580
15	1.3492977754	0.0757796082	-76.9680685528
16	0.6666610680	0.0757796082	-33.8270282307
17	0.4275323801	0.0757796082	-30.4780356704
18	1.5031154946	0.0757796082	-47.3999166069
19	0.7820424527	0.0757796082	-57.2683207399
20	0.1991108765	0.0757796082	-11.1574730556
21	0.8978604426	0.0757796082	-45.3969332955
22	2.2691507812	0.0757796082	-88.0016502816
23	1.4494153047	0.0757796082	-95.4135770067
24	0.0000000000	0.0757796082	-3.3443750458
25	1.4980311356	0.0757796082	-74.9941730745
26	0.0000000000	0.0757796082	-2.7645565505
27	0.3293170054	0.0757796082	-26.7833912571
28	0.0000000000	0.0757796082	-2.3419066177
29	0.1213469587	0.0757796082	-11.5021474932
30	1.4458560772	0.0757796082	-79.6101966652
31	0.7064155405	0.0757796082	-49.8686001456
32	2.9392448334	0.0757796082	-101.5895883307
33	0.2628414902	0.0757796082	-17.3593099920
34	1.1044054136	0.0757796082	-61.8412307609
35	2.0096000779	0.0757796082	-54.6642358457
36	1.3220516869	0.0757796082	-70.6443778479
37	0.8350616821	0.0757796082	-37.5107815966
38	2.4344430048	0.0757796082	-89.5467245744
39	0.8642621069	0.0757796082	-77.5381602853
40	0.7087106675	0.0757796082	-50.4409071047
41	0.3943646858	0.0757796082	-37.2014632187
42	2.3514230828	0.0757796082	-71.0022923179
43	0.8232973894	0.0757796082	-50.4865630554
44	1.7488350295	0.0757796082	-75.2046600904
45	0.4989134164	0.0757796082	-27.8001480656
46	0.2016621462	0.0757796082	-12.6572153846
47	0.0869422891	0.0757796082	-13.1123178950
48	0.9710180184	0.0757796082	-64.1313955545
49	2.5387787435	0.0757796082	-87.2115030380
50	0.4340266898	0.0757796082	-26.9008318122
51	0.0000000000	0.0757796082	-2.7044026277
52	0.1224409767	0.0757796082	-13.1569785965
53	0.0000000000	0.0757796082	-2.2920560411
54	2.7569089767	0.0757796082	-93.3177689634
55	0.0000000000	0.0757796082	-2.9654494929
56	0.9375975028	0.0757796082	-63.7294427663
57	1.1064962546	0.0757796082	-43.1820582838
58	3.2158969278	0.0757796082	-100.0077131148
59	0.6693335531	0.0757796082	-48.0608754185
60	0.7263053181	0.0757796082	-42.3949280637
61	0.0000000000	0.0757796082	-2.3419066177
62	1.4498320337	0.0757796082	-73.6255922417
63	0.1611059558	0.0757796082	-9.6246616592
64	0.1984527020	0.0757796082	-10.2684695028
65	1.0130845382	0.0757796082	-63.4886240785
66	0.2139483306	0.0757796082	-20.1930136394
67	1.1372167316	0.0757796082	-80.3428236615
68	1.3673377609	0.0757796082	-37.5536132060
69	2.6040106264	0.0757796082	-86.4831676806
70	1.6225525622	0.0757796082	-82.7862529519
71	1.7842871685	0.0757796082	-92.7188223402
72	1.2613218878	0.0757796082	-70.7066073008
73	0.0000000000	0.0757796082	-2.3419066177
74	0.9164562708	0.0757796082	-43.5731853550
75	0.1139933221	0.0757796082	-9.6602558287
76	1.8389022492	0.0757796082	-65.7904071772
77	0.1893674582	0.0757796082	-11.3028270117
78	1.7196420284	0.0757796082	-100.6323334924
79	1.1158584813	0.0757796082	-54.8147141693
80	1.5445782415	0.0757796082	-79.5313096959
81	0.7730386561	0.0757796082	-48.0820922332
82	1.0947408339	0.0757796082	-55.0179176871
83	1.2810526607	0.0757796082	-66.1084579749
84	1.6737020416	0.0757796082	-84.6850791374
85	0.3177356089	0.0757796082	-21.8757968032
86	0.8370935394	0.0757796082	-56.1396371751
87	1.8430882595	0.0757796082	-72.7145075929
88	0.4024569399	0.0757796082	-29.0292611330
89	0.0000000000	0.0757796082	-2.2920560411
90	1.3927346417	0.0757796082	-65.7084249387
91	0.0000000000	0.0757796082	-2.3419066177
92	0.6126200147	0.0757796082	-42.2454846320
93	0.9435027029	0.0757796082	-59.4091968136
94	0.1046193217	0.0757796082	-12.6994968902
95	1.3222002685	0.0757796082	-55.9157372397
96	1.2758530815	0.0757796082	-65.0075296564
97	0.9539650831	0.0757796082	-33.8166264441
98	1.4165864147	0.0757796082	-69.5881796484
99	1.0903180950	0.0757796082	-58.4897227761
100	2.1753931577	0.0757796082	-99.3141858074
101	0.2480914378	0.0757796082	-21.9148162685
102	1.7910062282	0.0757796082	-96.8910765288
103	0.6427359067	0.0757796082	-38.8052583475
104	0.4971839964	0.0757796082	-21.3204355105
105	1.6546875662	0.0757796082	-87.1707549540
106	1.6528716957	0.0757796082	-72.9776109146
107	1.1593175639	0.0757796082	-64.4942920585
108	0.3691711940	0.0757796082	-28.3768757570
109	2.0144292986	0.0757796082	-94.7298629012
110	0.8711922722	0.0757796082	-54.0147636584
111	0.0000000000	0.0757796082	-2.3419066177
112	2.5300608018	0.0757796082	-89.2676353980
113	2.0420169147	0.0757796082	-114.2913975088
114	0.0000000000	0.0757796082	-2.8221856634
115	1.4113855975	0.0757796082	-80.5015950465
116	0.8754350728	0.0757796082	-53.6205756773
117	2.6080348429	0.0757796082	-109.0670690492
118	1.6015473870	0.0757796082	-74.0010930449
119	0.3192056988	0.0757796082	-25.8309080691
120	1.1400635689	0.0757796082	-62.0024489883
121	0.3997579443	0.0757796082	-23.2698341672
122	0.1904202993	0.0757796082	-12.0227418696
123	1.2675034305	0.0757796082	-59.9205855658
124	1.7467011649	0.0757796082	-70.1698282804
