site	rate	t	lnL
1	0.0000000000	0.0073599254	-2.4138996789
2	1.1542601437	0.0073599254	-10.9798961032
3	1.3635914186	0.0073599254	-14.0816477737
4	1.1137295437	0.0073599254	-13.2295810817
5	0.0000000000	0.0073599254	-2.4138996789
6	1.2538086645	0.0073599254	-13.6907046838
7	0.0000000000	0.0073599254	-2.8833400865
8	0.0000000000	0.0073599254	-3.2393717368
9	1.1279579210	0.0073599254	-14.0753018187
10	0.0000000000	0.0073599254	-3.1831068982
11	0.0000000000	0.0073599254	-3.0002788841
12	2.5898290271	0.0073599254	-24.0336761724
13	0.0000000000	0.0073599254	-4.2000411559
14	2.2967029414	0.0073599254	-20.6493257971
15	0.0000000000	0.0073599254	-2.2457627571
16	1.0029688609	0.0073599254	-12.3386177259
17	0.0000000000	0.0073599254	-2.3301800989
18	0.0000000000	0.0073599254	-2.7467166324
19	0.0000000000	0.0073599254	-2.3301800989
20	0.0000000000	0.0073599254	-2.3301800989
21	1.2242018056	0.0073599254	-13.4242468380
22	4.5222481438	0.0073599254	-36.9973262971
23	0.0000000000	0.0073599254	-2.2457627571
24	0.0000000000	0.0073599254	-3.2108436532
25	1.8947333267	0.0073599254	-19.3812238371
26	1.2740312912	0.0073599254	-11.2635205870
27	0.0000000000	0.0073599254	-3.1561187535
28	0.0000000000	0.0073599254	-2.4138996789
29	0.0000000000	0.0073599254	-2.9952283683
30	2.1921151890	0.0073599254	-17.8596958849
31	0.0000000000	0.0073599254	-2.8833400865
32	4.2587436687	0.0073599254	-38.4151093224
33	1.1584529764	0.0073599254	-10.6936866824
34	3.0618468859	0.0073599254	-11.2361436277
35	0.0000000000	0.0073599254	-2.2457627571
36	0.7816416233	0.0073599254	-13.2273358505
37	0.0000000000	0.0073599254	-3.2108436532
38	0.8725712952	0.0073599254	-14.3320694641
39	0.9415546723	0.0073599254	-12.6403091961
40	1.0792717737	0.0073599254	-12.9282972549
41	3.1002754331	0.0073599254	-10.6729068362
42	5.2559166202	0.0073599254	-18.7619129044
43	3.9549530187	0.0073599254	-31.2226716111
44	1.9485379163	0.0073599254	-19.5961696810
45	0.0000000000	0.0073599254	-2.9952283683
46	0.0000000000	0.0073599254	-2.3301800989
47	0.0000000000	0.0073599254	-3.2108436532
48	2.0169752237	0.0073599254	-21.3774704686
49	0.0000000000	0.0073599254	-2.7467166324
50	0.0000000000	0.0073599254	-3.1831068982
51	0.0000000000	0.0073599254	-2.3301800989
52	0.0000000000	0.0073599254	-2.2457627571
53	0.0000000000	0.0073599254	-2.2457627571
54	0.0000000000	0.0073599254	-2.7467166324
55	0.0000000000	0.0073599254	-2.2457627571
56	0.8605868226	0.0073599254	-14.1387495987
57	0.0000000000	0.0073599254	-3.9039908337
58	0.8631242622	0.0073599254	-12.3460038923
59	0.8611005364	0.0073599254	-13.2577901190
60	0.0000000000	0.0073599254	-3.1561187535
61	0.0000000000	0.0073599254	-2.4138996789
62	0.0000000000	0.0073599254	-3.0389933962
63	1.5151795607	0.0073599254	-15.3746593786
64	0.0000000000	0.0073599254	-3.0002788841
65	0.8071511204	0.0073599254	-11.3379617622
66	0.0000000000	0.0073599254	-3.2393717368
67	0.8486541912	0.0073599254	-12.4253734801
68	1.0046907051	0.0073599254	-13.0584966643
69	1.1153029129	0.0073599254	-11.8197683762
70	2.5470909319	0.0073599254	-16.8435873502
71	3.1002754060	0.0073599254	-10.6729068362
72	2.2320142538	0.0073599254	-18.6260523257
73	0.0000000000	0.0073599254	-2.4138996789
74	0.0000000000	0.0073599254	-2.3301800989
75	0.0000000000	0.0073599254	-2.5223949934
76	0.0000000000	0.0073599254	-3.1831068982
77	0.0000000000	0.0073599254	-2.4138996789
78	0.0000000000	0.0073599254	-2.5223949934
79	4.8719463446	0.0073599254	-37.7239451534
80	1.7232017906	0.0073599254	-20.2131979584
81	1.0309661518	0.0073599254	-13.5666489748
82	0.8457610917	0.0073599254	-10.5566161714
83	0.8447396037	0.0073599254	-10.5578236521
84	0.0000000000	0.0073599254	-3.4697763123
85	1.9044688335	0.0073599254	-19.5902009133
86	1.2637374016	0.0073599254	-10.9781698631
87	0.0000000000	0.0073599254	-2.8833400865
88	0.9912028044	0.0073599254	-13.0720483194
89	0.8562780917	0.0073599254	-9.3392748644
90	0.8447396561	0.0073599254	-10.5578236521
91	0.0000000000	0.0073599254	-2.4138996789
92	0.7810958890	0.0073599254	-11.6398722763
93	1.2247279354	0.0073599254	-13.7123825193
94	0.0000000000	0.0073599254	-2.5223949934
95	0.0000000000	0.0073599254	-2.9605714345
96	0.0000000000	0.0073599254	-2.2457627571
97	0.0000000000	0.0073599254	-2.9952283683
98	0.0000000000	0.0073599254	-2.3301800989
99	2.5533620468	0.0073599254	-20.2203261755
100	0.0000000000	0.0073599254	-2.3301800989
101	0.9403221519	0.0073599254	-9.7480898091
102	0.0000000000	0.0073599254	-4.0888155207
103	1.9123410048	0.0073599254	-21.3832923796
104	0.0000000000	0.0073599254	-3.1831068982
105	0.0000000000	0.0073599254	-3.2108436532
106	2.4744657431	0.0073599254	-22.4812233957
107	2.5381816334	0.0073599254	-17.4131686450
108	1.2185347067	0.0073599254	-13.5803956781
109	1.1122551942	0.0073599254	-12.0172858481
110	2.5355064837	0.0073599254	-22.9369531936
111	0.0000000000	0.0073599254	-2.4138996789
112	0.7965372879	0.0073599254	-13.2084787427
113	2.8028740748	0.0073599254	-10.7629637165
114	0.8785120027	0.0073599254	-14.8521835877
115	1.2665856828	0.0073599254	-12.0177261091
116	2.2285703117	0.0073599254	-19.5273992394
117	0.0000000000	0.0073599254	-3.4697763123
118	3.5700188855	0.0073599254	-29.4044217853
119	1.1478396313	0.0073599254	-11.7317066990
120	0.8658918558	0.0073599254	-15.7801798207
121	0.0000000000	0.0073599254	-2.3301800989
122	0.0000000000	0.0073599254	-2.4138996789
123	2.6824179621	0.0073599254	-14.8025760069
124	8.3133724974	0.0073599254	-32.1316856593
