site	rate	t	lnL
1	0.0000000000	0.0004787499	-3.2108436532
2	0.0000000000	0.0004787499	-3.2108436532
3	0.0000000000	0.0004787499	-2.5176964726
4	0.0000000000	0.0004787499	-2.6265352526
5	0.0000000000	0.0004787499	-2.6213223825
6	0.0000000000	0.0004787499	-2.6230569883
7	0.0000000000	0.0004787499	-2.8699170662
8	0.0000000000	0.0004787499	-3.2108436532
9	0.0000000000	0.0004787499	-3.3162041688
10	0.0000000000	0.0004787499	-3.3162041688
11	0.0000000000	0.0004787499	-3.2108436532
12	0.0000000000	0.0004787499	-3.4339872045
13	0.0000000000	0.0004787499	-3.3162041688
14	0.0000000000	0.0004787499	-2.6265352526
15	17.8081384242	0.0004787499	-11.2611308217
16	0.0000000000	0.0004787499	-2.5176964726
17	0.0000000000	0.0004787499	-2.6265352526
18	0.0000000000	0.0004787499	-3.3162041688
19	0.0000000000	0.0004787499	-3.2108436532
20	0.0000000000	0.0004787499	-2.6265352526
21	0.0000000000	0.0004787499	-2.8766060544
22	0.0000000000	0.0004787499	-3.2108436532
23	0.0000000000	0.0004787499	-2.6195907803
24	0.0000000000	0.0004787499	-2.5176964726
25	18.1027855270	0.0004787499	-11.2517325490
26	0.0000000000	0.0004787499	-2.8721417612
27	0.0000000000	0.0004787499	-2.8699170662
28	0.0000000000	0.0004787499	-2.6213223825
29	0.0000000000	0.0004787499	-2.6195907803
30	0.0000000000	0.0004787499	-2.6230569883
31	0.0000000000	0.0004787499	-2.6230569883
32	0.0000000000	0.0004787499	-2.6230569883
33	0.0000000000	0.0004787499	-3.4339872045
34	0.0000000000	0.0004787499	-3.2108436532
35	0.0000000000	0.0004787499	-3.3162041688
36	0.0000000000	0.0004787499	-2.6265352526
37	0.0000000000	0.0004787499	-2.5176964726
38	0.0000000000	0.0004787499	-3.7268912209
39	0.0000000000	0.0004787499	-2.6195907803
40	0.0000000000	0.0004787499	-2.8699170662
41	0.0000000000	0.0004787499	-3.2108436532
42	0.0000000000	0.0004787499	-3.7216692769
43	0.0000000000	0.0004787499	-3.2108436532
44	0.0000000000	0.0004787499	-3.2108436532
45	0.0000000000	0.0004787499	-2.8699170662
46	0.0000000000	0.0004787499	-2.6195907803
47	0.0000000000	0.0004787499	-3.4339872045
48	0.0000000000	0.0004787499	-3.2108436532
49	0.0000000000	0.0004787499	-3.4339872045
50	0.0000000000	0.0004787499	-2.8766060544
51	0.0000000000	0.0004787499	-2.6265352526
52	0.0000000000	0.0004787499	-2.5176964726
53	0.0000000000	0.0004787499	-2.8766060544
54	0.0000000000	0.0004787499	-2.6265352526
55	0.0000000000	0.0004787499	-2.6230569883
56	0.0000000000	0.0004787499	-3.2108436532
57	0.0000000000	0.0004787499	-2.6265352526
58	0.0000000000	0.0004787499	-3.2108436532
59	0.0000000000	0.0004787499	-3.2108436532
60	0.0000000000	0.0004787499	-2.8721417612
61	0.0000000000	0.0004787499	-2.6213223825
62	0.0000000000	0.0004787499	-3.3162041688
63	0.0000000000	0.0004787499	-3.2108436532
64	0.0000000000	0.0004787499	-2.8721417612
65	0.0000000000	0.0004787499	-3.4339872045
66	0.0000000000	0.0004787499	-2.6265352526
67	0.0000000000	0.0004787499	-3.2108436532
68	0.0000000000	0.0004787499	-2.8721417612
69	0.0000000000	0.0004787499	-2.6230569883
70	0.0000000000	0.0004787499	-3.2108436532
71	0.0000000000	0.0004787499	-3.2108436532
72	0.0000000000	0.0004787499	-3.4339872045
73	0.0000000000	0.0004787499	-2.6213223825
74	0.0000000000	0.0004787499	-2.6265352526
75	0.0000000000	0.0004787499	-2.6230569883
76	0.0000000000	0.0004787499	-3.4339872045
77	0.0000000000	0.0004787499	-2.6213223825
78	0.0000000000	0.0004787499	-2.5176964726
79	0.0000000000	0.0004787499	-2.8766060544
80	0.0000000000	0.0004787499	-2.8766060544
81	0.0000000000	0.0004787499	-2.6265352526
82	0.0000000000	0.0004787499	-3.7216692769
83	0.0000000000	0.0004787499	-2.5176964726
84	0.0000000000	0.0004787499	-3.7216692769
85	0.0000000000	0.0004787499	-2.5176964726
86	0.0000000000	0.0004787499	-2.6265352526
87	0.0000000000	0.0004787499	-2.5176964726
88	0.0000000000	0.0004787499	-2.8699170662
89	0.0000000000	0.0004787499	-2.6195907803
90	0.0000000000	0.0004787499	-3.2108436532
91	0.0000000000	0.0004787499	-2.6213223825
92	0.0000000000	0.0004787499	-2.6213223825
93	0.0000000000	0.0004787499	-3.2108436532
94	0.0000000000	0.0004787499	-2.6195907803
95	0.0000000000	0.0004787499	-2.6230569883
96	0.0000000000	0.0004787499	-2.6265352526
97	17.1963325033	0.0004787499	-12.7374755017
98	0.0000000000	0.0004787499	-3.2108436532
99	0.0000000000	0.0004787499	-2.8699170662
100	0.0000000000	0.0004787499	-2.6265352526
101	0.0000000000	0.0004787499	-3.2108436532
102	0.0000000000	0.0004787499	-3.2108436532
103	0.0000000000	0.0004787499	-3.3162041688
104	0.0000000000	0.0004787499	-2.6195907803
105	0.0000000000	0.0004787499	-3.7268912209
106	0.0000000000	0.0004787499	-2.6195907803
107	0.0000000000	0.0004787499	-2.8721417612
108	0.0000000000	0.0004787499	-3.4339872045
109	0.0000000000	0.0004787499	-2.8699170662
110	0.0000000000	0.0004787499	-2.8766060544
111	0.0000000000	0.0004787499	-2.6213223825
112	0.0000000000	0.0004787499	-2.6265352526
113	0.0000000000	0.0004787499	-3.2108436532
114	18.1069515711	0.0004787499	-11.2448182999
115	17.4242261352	0.0004787499	-12.4191336674
116	0.0000000000	0.0004787499	-3.3162041688
117	0.0000000000	0.0004787499	-2.8721417612
118	18.1045234431	0.0004787499	-10.9964488818
119	0.0000000000	0.0004787499	-2.6230569883
120	17.4929497847	0.0004787499	-11.8657887363
121	0.0000000000	0.0004787499	-2.6213223825
122	0.0000000000	0.0004787499	-2.6195907803
123	0.0000000000	0.0004787499	-2.5176964726
124	0.0000000000	0.0004787499	-2.8721417612
