site	rate	t	lnL
1	5.4592886354	0.0062290574	-31.0886606659
2	0.0000000000	0.0062290574	-2.5192601946
3	0.0000000000	0.0062290574	-2.9270754800
4	1.3862773370	0.0062290574	-10.8505257083
5	0.0000000000	0.0062290574	-2.7119641004
6	1.3503693375	0.0062290574	-12.3172511638
7	0.0000000000	0.0062290574	-2.1712297053
8	2.8208458925	0.0062290574	-19.1872827759
9	4.1286502923	0.0062290574	-26.5600612053
10	1.4500776347	0.0062290574	-12.0620279315
11	0.0000000000	0.0062290574	-2.5192601946
12	2.8267206315	0.0062290574	-17.7766464257
13	0.0000000000	0.0062290574	-2.1712297053
14	1.3339036471	0.0062290574	-12.5162396085
15	0.0000000000	0.0062290574	-2.5192601946
16	1.3445185500	0.0062290574	-11.1616241247
17	0.0000000000	0.0062290574	-2.9270754800
18	0.0000000000	0.0062290574	-3.2458233721
19	1.3445186597	0.0062290574	-11.5096546141
20	0.0000000000	0.0062290574	-2.9270754800
21	4.0817731591	0.0062290574	-26.3092940632
22	4.0521986686	0.0062290574	-26.3551383133
23	0.0000000000	0.0062290574	-2.1712297053
24	0.0000000000	0.0062290574	-3.1126965920
25	1.3625436471	0.0062290574	-11.2664256691
26	4.1179593401	0.0062290574	-24.9835816767
27	0.0000000000	0.0062290574	-2.1712297053
28	0.0000000000	0.0062290574	-2.7119641004
29	0.0000000000	0.0062290574	-2.1992427415
30	0.0000000000	0.0062290574	-3.3881776685
31	0.0000000000	0.0062290574	-2.9270754800
32	0.0000000000	0.0062290574	-2.1992427415
33	0.0000000000	0.0062290574	-3.2955848816
34	0.0000000000	0.0062290574	-2.1992427415
35	0.0000000000	0.0062290574	-2.5192601946
36	0.0000000000	0.0062290574	-3.4300885641
37	1.3633154092	0.0062290574	-12.0841023779
38	4.0356031018	0.0062290574	-26.5088277120
39	0.0000000000	0.0062290574	-2.6075528017
40	0.0000000000	0.0062290574	-2.6075528017
41	1.3452343096	0.0062290574	-13.6525800448
42	0.0000000000	0.0062290574	-2.9270754800
43	0.0000000000	0.0062290574	-2.9270754800
44	0.0000000000	0.0062290574	-4.1833741034
45	2.6977509486	0.0062290574	-21.5111017546
46	2.6808486919	0.0062290574	-19.9687833571
47	1.4577434407	0.0062290574	-10.0726480841
48	1.4038942610	0.0062290574	-11.2366547612
49	0.0000000000	0.0062290574	-3.4457751602
50	0.0000000000	0.0062290574	-3.4262050640
51	0.0000000000	0.0062290574	-2.9270754800
52	0.0000000000	0.0062290574	-3.2329614584
53	0.0000000000	0.0062290574	-2.1992427415
54	0.0000000000	0.0062290574	-3.4457751602
55	1.4541226188	0.0062290574	-10.0751301104
56	0.0000000000	0.0062290574	-2.1712297053
57	1.3411292446	0.0062290574	-11.7927367765
58	0.0000000000	0.0062290574	-2.6075528017
59	0.0000000000	0.0062290574	-3.1953394666
60	1.4525070016	0.0062290574	-10.5125531017
61	0.0000000000	0.0062290574	-2.7119641004
62	1.3633766496	0.0062290574	-11.8912171086
63	2.9248698860	0.0062290574	-18.7144675882
64	1.3348560283	0.0062290574	-11.9280256119
65	0.0000000000	0.0062290574	-2.9777497710
66	0.0000000000	0.0062290574	-3.3881776685
67	0.0000000000	0.0062290574	-3.1126965920
68	0.0000000000	0.0062290574	-2.9270754800
69	1.3351077225	0.0062290574	-11.8898070790
70	0.0000000000	0.0062290574	-2.5192601946
71	1.3460303752	0.0062290574	-11.9163543934
72	0.0000000000	0.0062290574	-4.6750995558
73	0.0000000000	0.0062290574	-2.7119641004
74	1.3620670018	0.0062290574	-11.6745879698
75	1.3397079409	0.0062290574	-12.3147865398
76	5.3479141619	0.0062290574	-34.4099475820
77	0.0000000000	0.0062290574	-2.7119641004
78	5.8879823517	0.0062290574	-32.0343801291
79	1.3934446729	0.0062290574	-11.3323854161
80	0.0000000000	0.0062290574	-2.1712297053
81	0.0000000000	0.0062290574	-2.6075528017
82	0.0000000000	0.0062290574	-3.4300885641
83	1.3333816847	0.0062290574	-12.4825544883
84	1.3445185520	0.0062290574	-12.2362177916
85	0.0000000000	0.0062290574	-2.1992427415
86	0.0000000000	0.0062290574	-2.5192601946
87	0.0000000000	0.0062290574	-3.1126965920
88	0.0000000000	0.0062290574	-2.1712297053
89	0.0000000000	0.0062290574	-3.1953394666
90	0.0000000000	0.0062290574	-2.6075528017
91	1.3823929711	0.0062290574	-12.6503489147
92	0.0000000000	0.0062290574	-2.1712297053
93	1.3435777236	0.0062290574	-12.2240555154
94	0.0000000000	0.0062290574	-3.1953394666
95	0.0000000000	0.0062290574	-3.2329614584
96	5.5214556694	0.0062290574	-33.4953310212
97	1.3324680810	0.0062290574	-12.2151609433
98	0.0000000000	0.0062290574	-2.6075528017
99	1.3595263042	0.0062290574	-11.8620644827
100	1.4467250420	0.0062290574	-11.3390615269
101	0.0000000000	0.0062290574	-2.1992427415
102	1.3445186660	0.0062290574	-12.1030910115
103	0.0000000000	0.0062290574	-2.1992427415
104	2.9321275909	0.0062290574	-18.5323377320
105	1.4525071005	0.0062290574	-11.2005851816
106	1.3475097121	0.0062290574	-11.7382494901
107	0.0000000000	0.0062290574	-3.4262050640
108	1.4525070944	0.0062290574	-12.0883744033
109	0.0000000000	0.0062290574	-3.2955848816
110	0.0000000000	0.0062290574	-2.6075528017
111	0.0000000000	0.0062290574	-2.7119641004
112	0.0000000000	0.0062290574	-3.1953394666
113	2.6970196516	0.0062290574	-18.9787088377
114	7.4092440284	0.0062290574	-39.3298349307
115	1.4577433376	0.0062290574	-11.0811288684
116	1.3502653092	0.0062290574	-11.8181961133
117	1.3423763222	0.0062290574	-13.2134563004
118	1.4060375745	0.0062290574	-10.4566345761
119	2.7759581392	0.0062290574	-21.6867290386
120	0.0000000000	0.0062290574	-2.6075528017
121	0.0000000000	0.0062290574	-2.9270754800
122	1.4577433384	0.0062290574	-10.0726480841
123	1.3440251644	0.0062290574	-11.9430765059
124	0.0000000000	0.0062290574	-2.9777497710
