site	rate	t	lnL
1	1.9145930843	0.0639273861	-92.9666336501
2	0.2744193062	0.0639273861	-19.1016373729
3	1.4484581932	0.0639273861	-76.6220746776
4	1.0343634382	0.0639273861	-59.8696726883
5	0.0000000000	0.0639273861	-2.5822349937
6	2.5265585208	0.0639273861	-98.3184696624
7	0.3739535603	0.0639273861	-29.7282695332
8	0.4629531535	0.0639273861	-44.0540170479
9	0.8716692917	0.0639273861	-51.1451893468
10	2.2703795285	0.0639273861	-113.8106550446
11	0.3322892551	0.0639273861	-27.0754718637
12	1.8087619380	0.0639273861	-63.0119506691
13	0.4801188280	0.0639273861	-40.2488208794
14	3.3837049680	0.0639273861	-82.4602476007
15	0.2169460620	0.0639273861	-15.2539778545
16	1.5906301440	0.0639273861	-64.0061330219
17	1.1108900186	0.0639273861	-71.2730578491
18	0.4994838803	0.0639273861	-44.8323954215
19	0.4375601406	0.0639273861	-39.3672231958
20	0.9455576569	0.0639273861	-62.8472326059
21	1.5153707641	0.0639273861	-73.2771122252
22	0.8860528749	0.0639273861	-66.8045042133
23	0.8702681489	0.0639273861	-39.4541900369
24	0.0000000000	0.0639273861	-2.6950304879
25	1.3788815543	0.0639273861	-85.9151650955
26	0.1892557995	0.0639273861	-14.2371819989
27	0.3315191849	0.0639273861	-25.2806385721
28	0.0000000000	0.0639273861	-2.5822349937
29	0.0896465227	0.0639273861	-11.2274098121
30	0.3689639076	0.0639273861	-31.3135668485
31	1.1223287611	0.0639273861	-45.5549831879
32	0.3400783315	0.0639273861	-32.2520157764
33	0.3114316289	0.0639273861	-23.8665505289
34	1.2046708983	0.0639273861	-73.7791147319
35	0.4262147912	0.0639273861	-30.5434731901
36	0.9338255924	0.0639273861	-48.3657349870
37	2.7446258671	0.0639273861	-69.8330838401
38	1.4850307806	0.0639273861	-74.7376436962
39	1.9605524224	0.0639273861	-88.4700453610
40	2.1073372257	0.0639273861	-74.2895397802
41	1.2518587157	0.0639273861	-51.9093703953
42	1.8900882667	0.0639273861	-91.7155656514
43	1.1696250730	0.0639273861	-59.2367215773
44	1.3894392474	0.0639273861	-47.7222249319
45	3.3174432446	0.0639273861	-84.7174693256
46	0.0000000000	0.0639273861	-2.6950304879
47	0.2011619015	0.0639273861	-20.9006372400
48	0.8576376456	0.0639273861	-44.3350500292
49	0.8225984155	0.0639273861	-47.4039982381
50	2.2992696813	0.0639273861	-98.0961616962
51	0.0000000000	0.0639273861	-2.6950304879
52	0.2869630237	0.0639273861	-27.2600985879
53	0.4491897829	0.0639273861	-34.2652375479
54	0.8432545506	0.0639273861	-44.2467076625
55	3.4817089333	0.0639273861	-109.5123234573
56	0.8510252274	0.0639273861	-53.2164988160
57	0.0000000000	0.0639273861	-3.2888051946
58	0.3572126788	0.0639273861	-21.7994167522
59	1.2092737196	0.0639273861	-74.4067793669
60	1.1372329634	0.0639273861	-63.0645415867
61	0.0000000000	0.0639273861	-2.5822349937
62	1.5863041497	0.0639273861	-77.1460162943
63	1.4055630116	0.0639273861	-53.7995537185
64	1.1821691316	0.0639273861	-65.0995086793
65	0.9905069213	0.0639273861	-46.9607507399
66	0.4358777391	0.0639273861	-35.4168891837
67	3.8227343147	0.0639273861	-127.3267230007
68	1.8016076373	0.0639273861	-59.8493289092
69	1.7760451360	0.0639273861	-78.3777801006
70	0.3811957984	0.0639273861	-36.7489481723
71	1.3734881296	0.0639273861	-79.9304953416
72	2.0588759617	0.0639273861	-94.9258779789
73	0.0000000000	0.0639273861	-2.5822349937
74	0.6198657833	0.0639273861	-19.2954109380
75	0.5943644422	0.0639273861	-43.4610275936
76	1.6887503270	0.0639273861	-82.5983260851
77	0.0000000000	0.0639273861	-2.5822349937
78	0.9791971351	0.0639273861	-66.4092499641
79	1.6920909148	0.0639273861	-87.8444575931
80	0.1079463518	0.0639273861	-10.2771046640
81	0.5059030593	0.0639273861	-36.8287429919
82	1.6677820536	0.0639273861	-72.0070534556
83	2.8534944752	0.0639273861	-82.2115710833
84	3.5982681703	0.0639273861	-103.5328189509
85	0.1797096585	0.0639273861	-16.5886814520
86	1.7880761256	0.0639273861	-80.9231905702
87	1.2595962763	0.0639273861	-67.9635700665
88	1.6359733229	0.0639273861	-40.3351407881
89	0.0000000000	0.0639273861	-2.1756593914
90	1.0254168509	0.0639273861	-73.5350997804
91	0.1655802450	0.0639273861	-10.4192021055
92	0.1803500749	0.0639273861	-18.6367155151
93	0.6682067807	0.0639273861	-39.5537421236
94	0.0000000000	0.0639273861	-2.1756593914
95	0.4640997258	0.0639273861	-37.8285285424
96	2.5953979966	0.0639273861	-114.6894172131
97	2.2167911978	0.0639273861	-80.5603712985
98	0.9800054927	0.0639273861	-63.5900945689
99	1.1406865076	0.0639273861	-69.8883773160
100	0.3343180337	0.0639273861	-12.7938267718
101	0.2319770379	0.0639273861	-21.0607921610
102	1.5380168683	0.0639273861	-87.4349592860
103	1.3118446307	0.0639273861	-66.7459010015
104	1.3280449951	0.0639273861	-66.4607392463
105	0.9367811321	0.0639273861	-59.9747623626
106	1.4046367974	0.0639273861	-54.5314857470
107	0.9506706755	0.0639273861	-51.4370631613
108	2.3007740072	0.0639273861	-76.0729615683
109	1.0358717335	0.0639273861	-67.9451006765
110	0.9282575059	0.0639273861	-49.7714116103
111	0.0000000000	0.0639273861	-2.5822349937
112	1.0731045001	0.0639273861	-67.7564985812
113	1.2970768097	0.0639273861	-88.6050666458
114	4.0553204690	0.0639273861	-109.4486831571
115	0.9884271925	0.0639273861	-56.8617530711
116	1.2775658024	0.0639273861	-56.2053336802
117	1.1814139069	0.0639273861	-58.6768409956
118	0.9610237827	0.0639273861	-41.8079706603
119	5.1641157266	0.0639273861	-98.6142082682
120	1.1066227749	0.0639273861	-57.2335925129
121	1.0636708334	0.0639273861	-40.3894198102
122	0.6700024317	0.0639273861	-51.7160878239
123	1.6199988488	0.0639273861	-86.8173837405
124	1.1853120798	0.0639273861	-76.3693333412
