site	rate	t	lnL
1	1.3406970800	0.0661625701	-67.8901950723
2	0.6600782399	0.0661625701	-35.5769266501
3	2.6358013358	0.0661625701	-103.6629709351
4	1.5109739007	0.0661625701	-74.8619503372
5	0.1363135252	0.0661625701	-11.0750165113
6	0.8568260027	0.0661625701	-41.8072954549
7	0.1339735301	0.0661625701	-11.8336269309
8	0.2783250718	0.0661625701	-19.4770541255
9	1.5136636785	0.0661625701	-72.5158546480
10	1.5339425779	0.0661625701	-66.9459774086
11	1.9272304095	0.0661625701	-86.6513732282
12	1.7197923663	0.0661625701	-75.4369315634
13	1.2192839310	0.0661625701	-62.6773707460
14	2.3801286919	0.0661625701	-98.6641567559
15	0.2779108529	0.0661625701	-17.2788662051
16	0.8057974548	0.0661625701	-44.7375543750
17	1.0598089612	0.0661625701	-53.7610416967
18	0.9451055466	0.0661625701	-50.9783723369
19	1.4589191973	0.0661625701	-72.2766658534
20	0.0000000000	0.0661625701	-2.8788456969
21	1.0745387888	0.0661625701	-51.4509843312
22	2.0135089008	0.0661625701	-96.8622355453
23	0.7074123251	0.0661625701	-35.4243722411
24	0.2551897028	0.0661625701	-20.0395380909
25	1.6148036835	0.0661625701	-75.0620474922
26	0.3942332011	0.0661625701	-26.2590331288
27	0.8309480533	0.0661625701	-42.9715126710
28	0.0000000000	0.0661625701	-2.2187499579
29	0.0000000000	0.0661625701	-2.1039325617
30	0.5626491372	0.0661625701	-31.2029029393
31	1.4384646729	0.0661625701	-67.0376662823
32	1.9523873008	0.0661625701	-87.7281496532
33	0.1269548721	0.0661625701	-12.6746052981
34	1.2701446826	0.0661625701	-62.7106410655
35	0.4205822903	0.0661625701	-25.1602946073
36	1.5980050537	0.0661625701	-79.4009472354
37	2.1930397954	0.0661625701	-98.6667704125
38	2.0703130598	0.0661625701	-94.3675251553
39	2.5479686854	0.0661625701	-99.6186595242
40	1.1427633763	0.0661625701	-56.1867385539
41	1.0791362742	0.0661625701	-52.2806196304
42	1.1893460497	0.0661625701	-65.7648329871
43	1.5939246007	0.0661625701	-78.4240819374
44	1.2213203437	0.0661625701	-57.1762044102
45	1.2105342726	0.0661625701	-63.1084606298
46	2.0405804060	0.0661625701	-84.9825965462
47	0.6942124332	0.0661625701	-40.0473756696
48	0.2637103170	0.0661625701	-18.6017333566
49	1.4837931960	0.0661625701	-69.8267466964
50	0.1311896897	0.0661625701	-11.9962622143
51	0.0000000000	0.0661625701	-2.8788456969
52	0.4088989861	0.0661625701	-23.8838772984
53	1.0572794366	0.0661625701	-55.7298634423
54	0.6578510394	0.0661625701	-39.7388890203
55	1.7442036768	0.0661625701	-78.2989759733
56	0.8082036100	0.0661625701	-43.6944496876
57	0.0000000000	0.0661625701	-3.1414342018
58	0.9428862852	0.0661625701	-49.3576396776
59	0.9367197690	0.0661625701	-49.6780687192
60	0.2636400167	0.0661625701	-17.6476284814
61	0.0000000000	0.0661625701	-2.2187499579
62	1.3986638858	0.0661625701	-67.9340194055
63	0.6474543422	0.0661625701	-37.5104548622
64	1.1868708812	0.0661625701	-58.8165516064
65	1.3410616579	0.0661625701	-68.1036602849
66	0.3777031840	0.0661625701	-27.8683904324
67	1.1775075707	0.0661625701	-63.5768011399
68	1.2415030930	0.0661625701	-61.5147957951
69	0.9275419125	0.0661625701	-50.3018689674
70	1.3290547370	0.0661625701	-67.3500867768
71	0.8309788229	0.0661625701	-44.5366795759
72	1.4075085562	0.0661625701	-63.9191831507
73	0.0000000000	0.0661625701	-2.2187499579
74	0.9631453838	0.0661625701	-47.9013782018
75	0.1346821655	0.0661625701	-10.1680836709
76	1.3592905135	0.0661625701	-68.2990579726
77	0.0000000000	0.0661625701	-2.2187499579
78	1.1630693332	0.0661625701	-62.4049503340
79	1.3359272537	0.0661625701	-67.8742571569
80	0.0000000000	0.0661625701	-2.3432180933
81	0.8334125410	0.0661625701	-43.2833025734
82	1.7662696846	0.0661625701	-82.3860552098
83	1.7712091058	0.0661625701	-72.5222931562
84	0.1270538613	0.0661625701	-12.6644390947
85	1.2065135246	0.0661625701	-60.2384521189
86	0.5655398830	0.0661625701	-30.1924862909
87	0.9358489176	0.0661625701	-50.0604452335
88	0.6389134399	0.0661625701	-42.0028676138
89	0.8247809003	0.0661625701	-44.5854250148
90	1.6308497814	0.0661625701	-78.4961208137
91	0.0000000000	0.0661625701	-2.2187499579
92	1.6119369933	0.0661625701	-75.9543506549
93	2.0452981134	0.0661625701	-88.3962240408
94	0.0000000000	0.0661625701	-2.1039325617
95	0.6397464733	0.0661625701	-41.6863244804
96	0.9354822673	0.0661625701	-53.3292972414
97	0.7812669136	0.0661625701	-44.4990161314
98	0.2587281660	0.0661625701	-18.9936945744
99	1.1053136721	0.0661625701	-56.7919375460
100	1.7438115137	0.0661625701	-71.6168765914
101	0.1379518722	0.0661625701	-10.9512045146
102	0.9576723009	0.0661625701	-48.8054675609
103	2.2536524385	0.0661625701	-99.5963468158
104	0.0000000000	0.0661625701	-3.1414342018
105	1.3593890204	0.0661625701	-69.3923956069
106	1.2640924908	0.0661625701	-60.1551056022
107	0.6484126864	0.0661625701	-37.2524533507
108	1.4584057653	0.0661625701	-71.6642743596
109	1.3385917513	0.0661625701	-67.1658951973
110	0.9380705106	0.0661625701	-51.0159789432
111	0.0000000000	0.0661625701	-2.2187499579
112	2.0700078699	0.0661625701	-90.5881242286
113	0.6489723696	0.0661625701	-39.8161946099
114	0.5478050679	0.0661625701	-31.7781296257
115	0.9510256641	0.0661625701	-48.6668362004
116	1.1938454096	0.0661625701	-61.4097451391
117	0.8083089017	0.0661625701	-44.0571123972
118	1.3330013641	0.0661625701	-67.6698407423
119	2.6863283529	0.0661625701	-102.5265616700
120	1.3404175829	0.0661625701	-67.7049185904
121	0.2586862467	0.0661625701	-20.2028478514
122	1.0839755400	0.0661625701	-53.5370749057
123	1.3608118099	0.0661625701	-67.5357362305
124	2.2597474417	0.0661625701	-93.3115188115
