site	rate	t	lnL
1	0.0000000000	0.0006179825	-2.6300256576
2	0.0000000000	0.0006179825	-2.6300256576
3	0.0000000000	0.0006179825	-2.8743714165
4	0.0000000000	0.0006179825	-3.2108436532
5	0.0000000000	0.0006179825	-2.6230569883
6	0.0000000000	0.0006179825	-2.5208263656
7	0.0000000000	0.0006179825	-2.5208263656
8	0.0000000000	0.0006179825	-3.0285220964
9	0.0000000000	0.0006179825	-3.2046131034
10	0.0000000000	0.0006179825	-2.5208263656
11	0.0000000000	0.0006179825	-2.5208263656
12	0.0000000000	0.0006179825	-4.0963627264
13	0.0000000000	0.0006179825	-4.1271343850
14	0.0000000000	0.0006179825	-3.2108436532
15	14.1589939355	0.0006179825	-10.7807250516
16	0.0000000000	0.0006179825	-3.0285220964
17	0.0000000000	0.0006179825	-2.8833400865
18	0.0000000000	0.0006179825	-3.0285220964
19	0.0000000000	0.0006179825	-2.8743714165
20	0.0000000000	0.0006179825	-2.5208263656
21	0.0000000000	0.0006179825	-2.8721417612
22	0.0000000000	0.0006179825	-2.6230569883
23	0.0000000000	0.0006179825	-2.8743714165
24	0.0000000000	0.0006179825	-2.5208263656
25	13.7451686850	0.0006179825	-13.4115977789
26	0.0000000000	0.0006179825	-2.5208263656
27	0.0000000000	0.0006179825	-2.5161351920
28	0.0000000000	0.0006179825	-2.6230569883
29	0.0000000000	0.0006179825	-3.0389933962
30	0.0000000000	0.0006179825	-4.0963627264
31	0.0000000000	0.0006179825	-3.0389933962
32	0.0000000000	0.0006179825	-3.0285220964
33	0.0000000000	0.0006179825	-3.4146442416
34	14.1411504103	0.0006179825	-11.6757961075
35	0.0000000000	0.0006179825	-2.8721417612
36	0.0000000000	0.0006179825	-2.8833400865
37	0.0000000000	0.0006179825	-3.2108436532
38	0.0000000000	0.0006179825	-3.0285220964
39	0.0000000000	0.0006179825	-2.6300256576
40	13.6396814190	0.0006179825	-12.9116284890
41	0.0000000000	0.0006179825	-2.8743714165
42	0.0000000000	0.0006179825	-2.5161351920
43	14.1488191435	0.0006179825	-10.7767445988
44	0.0000000000	0.0006179825	-3.4146442416
45	0.0000000000	0.0006179825	-2.8721417612
46	0.0000000000	0.0006179825	-2.5208263656
47	0.0000000000	0.0006179825	-3.4146442416
48	0.0000000000	0.0006179825	-2.6230569883
49	0.0000000000	0.0006179825	-2.5161351920
50	0.0000000000	0.0006179825	-2.5208263656
51	0.0000000000	0.0006179825	-2.5208263656
52	0.0000000000	0.0006179825	-2.5208263656
53	0.0000000000	0.0006179825	-2.8743714165
54	0.0000000000	0.0006179825	-2.8721417612
55	0.0000000000	0.0006179825	-3.0285220964
56	0.0000000000	0.0006179825	-3.2108436532
57	0.0000000000	0.0006179825	-3.7164744601
58	0.0000000000	0.0006179825	-2.5208263656
59	0.0000000000	0.0006179825	-3.0285220964
60	0.0000000000	0.0006179825	-2.6300256576
61	0.0000000000	0.0006179825	-2.6230569883
62	0.0000000000	0.0006179825	-2.5161351920
63	0.0000000000	0.0006179825	-2.8833400865
64	0.0000000000	0.0006179825	-2.5208263656
65	0.0000000000	0.0006179825	-4.7596569438
66	0.0000000000	0.0006179825	-2.5161351920
67	0.0000000000	0.0006179825	-3.2046131034
68	0.0000000000	0.0006179825	-2.5208263656
69	0.0000000000	0.0006179825	-2.6300256576
70	0.0000000000	0.0006179825	-3.7164744601
71	0.0000000000	0.0006179825	-3.2108436532
72	0.0000000000	0.0006179825	-2.8743714165
73	0.0000000000	0.0006179825	-2.5208263656
74	0.0000000000	0.0006179825	-3.0285220964
75	0.0000000000	0.0006179825	-3.0285220964
76	0.0000000000	0.0006179825	-3.2108436532
77	0.0000000000	0.0006179825	-2.6230569883
78	0.0000000000	0.0006179825	-2.6300256576
79	0.0000000000	0.0006179825	-3.0285220964
80	0.0000000000	0.0006179825	-2.5208263656
81	28.4344921718	0.0006179825	-18.6819979776
82	0.0000000000	0.0006179825	-3.2108436532
83	0.0000000000	0.0006179825	-3.0285220964
84	0.0000000000	0.0006179825	-3.2046131034
85	0.0000000000	0.0006179825	-3.2108436532
86	0.0000000000	0.0006179825	-2.5161351920
87	0.0000000000	0.0006179825	-3.2108436532
88	0.0000000000	0.0006179825	-3.0285220964
89	0.0000000000	0.0006179825	-3.0389933962
90	0.0000000000	0.0006179825	-2.8721417612
91	0.0000000000	0.0006179825	-2.6230569883
92	0.0000000000	0.0006179825	-2.5161351920
93	0.0000000000	0.0006179825	-4.1271343850
94	0.0000000000	0.0006179825	-2.5161351920
95	13.4450095631	0.0006179825	-12.9217041560
96	0.0000000000	0.0006179825	-2.8743714165
97	0.0000000000	0.0006179825	-2.5161351920
98	0.0000000000	0.0006179825	-2.5208263656
99	0.0000000000	0.0006179825	-3.7164744601
100	0.0000000000	0.0006179825	-2.5208263656
101	0.0000000000	0.0006179825	-3.0389933962
102	0.0000000000	0.0006179825	-2.8833400865
103	0.0000000000	0.0006179825	-3.0389933962
104	0.0000000000	0.0006179825	-2.5208263656
105	13.9967330702	0.0006179825	-11.7952900040
106	0.0000000000	0.0006179825	-3.2046131034
107	0.0000000000	0.0006179825	-2.5208263656
108	0.0000000000	0.0006179825	-2.6300256576
109	0.0000000000	0.0006179825	-2.8721417612
110	0.0000000000	0.0006179825	-2.5208263656
111	0.0000000000	0.0006179825	-2.6230569883
112	0.0000000000	0.0006179825	-2.8833400865
113	0.0000000000	0.0006179825	-2.5208263656
114	0.0000000000	0.0006179825	-3.2046131034
115	0.0000000000	0.0006179825	-2.5208263656
116	0.0000000000	0.0006179825	-2.6300256576
117	0.0000000000	0.0006179825	-2.8721417612
118	0.0000000000	0.0006179825	-2.5208263656
119	0.0000000000	0.0006179825	-2.5208263656
120	0.0000000000	0.0006179825	-3.2108436532
121	0.0000000000	0.0006179825	-2.5208263656
122	0.0000000000	0.0006179825	-2.6230569883
123	0.0000000000	0.0006179825	-2.8833400865
124	0.0000000000	0.0006179825	-2.5161351920
