site	rate	t	lnL
1	1.3066237596	0.0616921281	-59.5999035385
2	0.2765992046	0.0616921281	-19.5004729378
3	0.8471120947	0.0616921281	-47.2442611795
4	0.8334031624	0.0616921281	-44.6049079180
5	0.2831980225	0.0616921281	-19.0719621782
6	0.9676225971	0.0616921281	-51.9788549009
7	0.4277265987	0.0616921281	-26.3764811992
8	1.3004277167	0.0616921281	-63.4061871974
9	1.0698218761	0.0616921281	-49.9778451039
10	1.0044100773	0.0616921281	-49.6101665345
11	0.0000000000	0.0616921281	-2.5366244825
12	1.7306036358	0.0616921281	-77.8021489284
13	1.4535618877	0.0616921281	-64.8539529543
14	0.1406799961	0.0616921281	-11.9397693628
15	0.2842627123	0.0616921281	-18.1433874891
16	2.0436514314	0.0616921281	-89.2372132704
17	0.5732942540	0.0616921281	-31.1133914122
18	0.4203648360	0.0616921281	-25.7397394792
19	1.3036240217	0.0616921281	-60.5781547326
20	0.2829383415	0.0616921281	-19.8802617200
21	2.0315627589	0.0616921281	-78.9500803724
22	2.5473424716	0.0616921281	-99.9652733336
23	0.5639895846	0.0616921281	-30.8799602135
24	0.0000000000	0.0616921281	-3.3770458281
25	0.4461794641	0.0616921281	-25.0720099614
26	0.0000000000	0.0616921281	-2.8032973789
27	0.4199270133	0.0616921281	-24.5311451103
28	0.0000000000	0.0616921281	-2.5722846629
29	0.2829874277	0.0616921281	-18.4123004857
30	0.6869369680	0.0616921281	-36.6866405534
31	2.1923366524	0.0616921281	-92.7067436002
32	0.8493970244	0.0616921281	-42.7319937402
33	0.1368963156	0.0616921281	-11.4479057011
34	1.8732046575	0.0616921281	-83.8707571922
35	1.2718346574	0.0616921281	-61.1398180682
36	1.7304446117	0.0616921281	-76.2015885376
37	0.8493784067	0.0616921281	-45.5980740105
38	2.0942386845	0.0616921281	-87.7769922453
39	1.2835814440	0.0616921281	-58.7773176544
40	3.1284903371	0.0616921281	-111.8749396134
41	0.5601184008	0.0616921281	-29.8908487945
42	0.8429139603	0.0616921281	-46.3640014988
43	1.2739577777	0.0616921281	-62.6495760682
44	1.3177246753	0.0616921281	-60.3924672758
45	1.5290335841	0.0616921281	-66.9128972425
46	2.0449946739	0.0616921281	-86.0727405916
47	0.5490561863	0.0616921281	-33.5800242881
48	1.4190147996	0.0616921281	-67.2529741585
49	0.9851718383	0.0616921281	-47.9676988072
50	0.2712319081	0.0616921281	-19.3264725319
51	0.0000000000	0.0616921281	-2.6024377011
52	0.1386136023	0.0616921281	-10.7282964320
53	0.4169935488	0.0616921281	-24.5391600055
54	0.7014428030	0.0616921281	-39.7352152816
55	0.1461900664	0.0616921281	-11.0599926485
56	1.1813886031	0.0616921281	-57.2459203605
57	0.1365990325	0.0616921281	-12.4376840334
58	0.5744137840	0.0616921281	-32.1114070436
59	1.5757479056	0.0616921281	-72.9421965914
60	1.3628841477	0.0616921281	-57.6651528012
61	2.7463719487	0.0616921281	-106.1223075972
62	0.9849088083	0.0616921281	-49.8974597194
63	0.4074964146	0.0616921281	-26.8639410280
64	0.1408025299	0.0616921281	-11.1521088425
65	1.1773124306	0.0616921281	-53.7963066237
66	0.8507988807	0.0616921281	-43.1650960008
67	1.5708098871	0.0616921281	-72.8151717392
68	0.2818811219	0.0616921281	-18.4608304497
69	1.3372217004	0.0616921281	-60.4354237033
70	0.8293404202	0.0616921281	-46.6642804341
71	1.8817481122	0.0616921281	-78.0518382421
72	1.6103999027	0.0616921281	-69.6425871678
73	0.2834782908	0.0616921281	-19.3273280725
74	0.6947067779	0.0616921281	-40.4833208388
75	0.2958935347	0.0616921281	-17.9213849684
76	0.9756796722	0.0616921281	-50.4606499861
77	0.5743299256	0.0616921281	-32.3430164732
78	1.4258156234	0.0616921281	-66.7665699408
79	2.8870058365	0.0616921281	-106.8194625178
80	0.2811789636	0.0616921281	-19.4304705748
81	1.0579409860	0.0616921281	-47.0891615951
82	1.1627661547	0.0616921281	-55.7254990154
83	1.1285664446	0.0616921281	-56.0096600489
84	0.9918327494	0.0616921281	-52.0009004117
85	0.2955292809	0.0616921281	-18.1761832542
86	1.1416573666	0.0616921281	-57.6636693873
87	2.4719328571	0.0616921281	-97.1120950588
88	0.8696925351	0.0616921281	-44.0419896530
89	0.1475501261	0.0616921281	-10.6660988018
90	0.4183119211	0.0616921281	-24.6796175049
91	1.6141423333	0.0616921281	-68.5794973061
92	0.4081410449	0.0616921281	-26.7676868455
93	2.4004872782	0.0616921281	-96.7273850010
94	0.2948872098	0.0616921281	-17.1346653218
95	1.8156711518	0.0616921281	-74.3447196592
96	0.7546844852	0.0616921281	-37.8122207838
97	0.6846682569	0.0616921281	-40.8182876218
98	1.7208607805	0.0616921281	-75.0796409872
99	1.2947155886	0.0616921281	-63.4173008510
100	0.0000000000	0.0616921281	-2.6024377011
101	0.5876026199	0.0616921281	-30.8950234682
102	2.3833750167	0.0616921281	-88.4006251011
103	1.3080594706	0.0616921281	-63.0362115139
104	0.0000000000	0.0616921281	-2.8032973789
105	1.8584345126	0.0616921281	-78.2788227867
106	1.8810537300	0.0616921281	-80.5438683772
107	0.1387077825	0.0616921281	-11.5106297484
108	1.2169314475	0.0616921281	-57.6865589138
109	2.0609609974	0.0616921281	-86.2941278532
110	1.1486015924	0.0616921281	-54.8943469776
111	0.0000000000	0.0616921281	-2.5722846629
112	1.4560403319	0.0616921281	-64.0821954885
113	0.9109863782	0.0616921281	-43.0342607059
114	0.1343321445	0.0616921281	-12.8961041191
115	1.9109464906	0.0616921281	-76.4794809621
116	0.6999367715	0.0616921281	-37.4953828981
117	1.1420717105	0.0616921281	-54.4965006382
118	1.1302898429	0.0616921281	-58.0946699456
119	3.3081815720	0.0616921281	-115.4942647880
120	1.4683306816	0.0616921281	-65.2081221635
121	1.4506813889	0.0616921281	-65.5594456365
122	0.0000000000	0.0616921281	-2.5722846629
123	0.9745027406	0.0616921281	-50.3052801985
124	1.3241140996	0.0616921281	-60.2108569814
