site	rate	t	lnL
1	2.2838537944	0.3672520569	-191.9933123010
2	0.5787455894	0.3672520569	-115.7600627874
3	2.7992308172	0.3672520569	-195.5739967244
4	2.3473296114	0.3672520569	-184.4198266372
5	0.1479928409	0.3672520569	-41.3504647725
6	1.4548149041	0.3672520569	-178.1097235037
7	0.6466263343	0.3672520569	-119.9351897650
8	0.6872469285	0.3672520569	-124.5971827732
9	1.9964065365	0.3672520569	-182.9305860693
10	3.1319414908	0.3672520569	-188.2106393786
11	0.6565555149	0.3672520569	-116.5165590909
12	2.2987233158	0.3672520569	-190.5024721241
13	0.9098663455	0.3672520569	-149.9361072512
14	1.0390272336	0.3672520569	-156.3115990177
15	0.1810884437	0.3672520569	-48.5688969385
16	1.4860946664	0.3672520569	-189.6363155396
17	1.4228935782	0.3672520569	-177.4961861500
18	1.4167028396	0.3672520569	-174.5051783742
19	2.2745416677	0.3672520569	-189.4072919426
20	0.1202592684	0.3672520569	-38.8381981594
21	0.8450622708	0.3672520569	-143.5361236983
22	0.9938621418	0.3672520569	-164.3354434045
23	0.6472574487	0.3672520569	-117.5010154892
24	0.0689886377	0.3672520569	-25.8510351321
25	1.5298715518	0.3672520569	-173.1432661747
26	0.2726697932	0.3672520569	-69.3927084209
27	0.7510681291	0.3672520569	-122.9383341113
28	0.0000000000	0.3672520569	-2.4556023428
29	0.1548442448	0.3672520569	-41.6574457323
30	0.6891134414	0.3672520569	-120.9764980033
31	5.8871902627	0.3672520569	-195.3221586206
32	1.1401731200	0.3672520569	-150.7579499395
33	0.0919163708	0.3672520569	-33.6932551132
34	1.1331480697	0.3672520569	-168.4317873787
35	0.8276608470	0.3672520569	-137.4437126894
36	1.8626741110	0.3672520569	-177.7329413598
37	0.7848755329	0.3672520569	-137.1923257108
38	1.7224458764	0.3672520569	-185.9599590202
39	2.8789004144	0.3672520569	-188.7493013887
40	1.2904803926	0.3672520569	-168.2769062117
41	1.2241762358	0.3672520569	-175.8939348365
42	5.6713088166	0.3672520569	-190.0046559149
43	2.1047885673	0.3672520569	-185.6190127820
44	2.3587955903	0.3672520569	-193.2787289295
45	1.0771546635	0.3672520569	-163.7266259310
46	0.4717774338	0.3672520569	-99.1492793346
47	0.9093691724	0.3672520569	-144.5817258045
48	1.1434898668	0.3672520569	-155.1248219913
49	1.3558257539	0.3672520569	-182.3733034138
50	0.7631069554	0.3672520569	-136.0252749347
51	0.0000000000	0.3672520569	-2.6458850208
52	0.6334551374	0.3672520569	-114.5692065089
53	0.6727137261	0.3672520569	-123.1691865106
54	0.7802765322	0.3672520569	-133.3320922696
55	0.6262560073	0.3672520569	-113.1319831858
56	1.5196042829	0.3672520569	-188.9832788628
57	0.2643663163	0.3672520569	-73.5987158544
58	1.8170097546	0.3672520569	-175.2076538218
59	1.7673353106	0.3672520569	-185.0835479618
60	0.4454427318	0.3672520569	-94.1558777257
61	0.0239515151	0.3672520569	-11.4648056712
62	2.6846912050	0.3672520569	-189.7895691060
63	0.2649254689	0.3672520569	-71.2884526937
64	0.6067322584	0.3672520569	-117.7177877232
65	1.9188882955	0.3672520569	-185.0538006428
66	0.5900234341	0.3672520569	-117.1702750140
67	2.9058751919	0.3672520569	-198.0935258581
68	1.1001702193	0.3672520569	-165.0349757366
69	2.3252920656	0.3672520569	-185.3008582495
70	2.0089858978	0.3672520569	-186.5925251659
71	1.5700785420	0.3672520569	-181.6042105657
72	1.3136907090	0.3672520569	-173.7440817490
73	0.0239515151	0.3672520569	-11.4648056712
74	1.5026880575	0.3672520569	-177.0655204515
75	1.1539027517	0.3672520569	-158.1434499798
76	1.1579958667	0.3672520569	-171.0047422642
77	0.0000000000	0.3672520569	-2.4556023428
78	2.6432090584	0.3672520569	-194.1232534471
79	2.9308679703	0.3672520569	-191.7409561969
80	0.3912090349	0.3672520569	-86.1451503364
81	1.5388116749	0.3672520569	-166.3454801965
82	3.1201959154	0.3672520569	-192.8781983130
83	2.5734030503	0.3672520569	-192.4431388710
84	0.6373711635	0.3672520569	-126.4548625908
85	0.5088810458	0.3672520569	-100.2100491061
86	1.3176079407	0.3672520569	-183.4935147895
87	1.6168290459	0.3672520569	-181.8982001376
88	0.9300595852	0.3672520569	-154.7125244112
89	0.2627331376	0.3672520569	-65.9128427087
90	1.9681936632	0.3672520569	-189.5730851346
91	0.1729765465	0.3672520569	-50.5263737283
92	0.8459480137	0.3672520569	-130.7415369039
93	1.8289211888	0.3672520569	-179.9667667237
94	0.5325919797	0.3672520569	-107.3977502353
95	0.6675902937	0.3672520569	-128.0162818460
96	2.9146164257	0.3672520569	-191.3830879396
97	2.3525527985	0.3672520569	-181.2204120903
98	2.8067081918	0.3672520569	-187.6680444580
99	1.4904445033	0.3672520569	-189.8614561423
100	0.1710462858	0.3672520569	-47.9097243158
101	0.3195548358	0.3672520569	-70.2381490418
102	1.9019099513	0.3672520569	-176.7860530247
103	1.7296934027	0.3672520569	-174.6268495127
104	0.2175276871	0.3672520569	-60.6567663891
105	1.5082666789	0.3672520569	-183.5169523757
106	2.7945369801	0.3672520569	-182.4975804199
107	0.6482157287	0.3672520569	-124.7197058736
108	1.5893690724	0.3672520569	-179.4248485675
109	1.6643674552	0.3672520569	-177.3075395366
110	2.6019644937	0.3672520569	-191.7849960622
111	0.0000000000	0.3672520569	-2.4556023428
112	3.3970140196	0.3672520569	-197.1114570349
113	2.1723218802	0.3672520569	-192.9528722745
114	1.2720381037	0.3672520569	-178.9669144130
115	1.3262115726	0.3672520569	-175.8712179109
116	2.7914037206	0.3672520569	-188.6593744173
117	1.9352253215	0.3672520569	-184.9064732650
118	1.3421047221	0.3672520569	-170.4345823986
119	2.7575356121	0.3672520569	-188.1701391605
120	2.4968265468	0.3672520569	-187.9869546871
121	0.3562011469	0.3672520569	-87.7563400686
122	0.3381689975	0.3672520569	-73.0729816361
123	1.5315132441	0.3672520569	-175.3047464325
124	4.2069957984	0.3672520569	-192.7272690954
