site	rate	t	lnL
1	3.2452858444	0.3695451067	-189.2584179437
2	0.8904906782	0.3695451067	-149.9476899235
3	1.4255742267	0.3695451067	-176.1700639114
4	2.4430400758	0.3695451067	-183.1334903930
5	0.3073363716	0.3695451067	-69.5866422238
6	1.3447296879	0.3695451067	-182.6735700491
7	0.6591756584	0.3695451067	-116.3647589914
8	0.7078795242	0.3695451067	-122.8303635652
9	1.7620890078	0.3695451067	-174.8927335283
10	2.8857827201	0.3695451067	-185.7024782293
11	0.4188573217	0.3695451067	-87.7807995883
12	1.7581442850	0.3695451067	-188.4057570864
13	1.7499092412	0.3695451067	-176.3443942360
14	1.0432061553	0.3695451067	-162.8615637974
15	0.7873890582	0.3695451067	-131.6181002824
16	1.8994563524	0.3695451067	-183.7046964256
17	1.5564727356	0.3695451067	-171.0299110974
18	0.9597475409	0.3695451067	-150.1117122019
19	1.6949548172	0.3695451067	-173.4112764404
20	0.4969786058	0.3695451067	-104.2683521656
21	1.0619358140	0.3695451067	-153.8732085282
22	1.0553998545	0.3695451067	-163.8894345227
23	0.5243500127	0.3695451067	-99.7185111182
24	0.0913645886	0.3695451067	-32.3560702059
25	1.3910355396	0.3695451067	-170.5715149710
26	0.2922628341	0.3695451067	-71.9214069337
27	0.6709308464	0.3695451067	-120.8734388200
28	0.0000000000	0.3695451067	-2.4082816866
29	0.3189337696	0.3695451067	-74.9324404136
30	0.7724178458	0.3695451067	-135.7818379905
31	2.2213243704	0.3695451067	-183.8888110349
32	0.7952044702	0.3695451067	-130.0269430624
33	0.2123896852	0.3695451067	-60.6678655432
34	1.3386677122	0.3695451067	-173.7994429969
35	1.7059421123	0.3695451067	-173.2011929374
36	1.7906772030	0.3695451067	-179.5546355904
37	1.0696511183	0.3695451067	-171.3862774618
38	1.6114759039	0.3695451067	-180.3539470364
39	2.1674854776	0.3695451067	-186.0146047838
40	0.9659075022	0.3695451067	-155.7740013153
41	1.2797006951	0.3695451067	-182.2528587889
42	2.5298290785	0.3695451067	-193.5049604992
43	1.1266526182	0.3695451067	-161.9366484160
44	6.3268505972	0.3695451067	-195.9669883636
45	1.0241750508	0.3695451067	-158.9284895087
46	0.4981571640	0.3695451067	-101.3342076266
47	0.7170428216	0.3695451067	-126.7947245245
48	1.1283399583	0.3695451067	-165.0650904739
49	1.2412307813	0.3695451067	-172.7457633187
50	0.7361186216	0.3695451067	-132.4541249022
51	0.0233072655	0.3695451067	-11.7423570148
52	0.5154923233	0.3695451067	-99.0555861706
53	1.0393273307	0.3695451067	-145.7091916483
54	1.1149874292	0.3695451067	-160.2961554571
55	0.4323474545	0.3695451067	-92.6556140732
56	0.9684718830	0.3695451067	-160.0946331135
57	0.2632497837	0.3695451067	-72.8316332041
58	0.9832217351	0.3695451067	-149.4777885763
59	2.2209289585	0.3695451067	-187.4726275358
60	0.4618665965	0.3695451067	-92.8837499288
61	0.0725110809	0.3695451067	-25.3338086703
62	2.0087516149	0.3695451067	-180.2853594807
63	0.2386417921	0.3695451067	-65.0455576800
64	0.9351640962	0.3695451067	-152.8029005989
65	1.6833390894	0.3695451067	-187.1284935485
66	0.2117163969	0.3695451067	-61.1462398460
67	2.2611754044	0.3695451067	-188.7209766041
68	0.5928035803	0.3695451067	-119.4978703281
69	1.9520773338	0.3695451067	-190.3984073818
70	2.5369974863	0.3695451067	-192.6967172859
71	1.2119274323	0.3695451067	-165.7553666493
72	1.9624542789	0.3695451067	-181.2607259540
73	0.1480896596	0.3695451067	-42.0053313321
74	1.2972438327	0.3695451067	-178.7333668101
75	1.1061614396	0.3695451067	-155.9052445407
76	2.3387251907	0.3695451067	-188.6971810511
77	0.0480853082	0.3695451067	-19.0315183536
78	1.4441909441	0.3695451067	-179.3735017892
79	2.4063706169	0.3695451067	-180.4856724623
80	0.6836889901	0.3695451067	-121.9054704678
81	1.2419007316	0.3695451067	-161.8803881227
82	1.6468142055	0.3695451067	-185.7720085021
83	2.4864663406	0.3695451067	-189.5843124867
84	1.0372601562	0.3695451067	-164.6398211846
85	1.2034702137	0.3695451067	-157.8699596337
86	1.2983121426	0.3695451067	-172.6730052902
87	2.4427394407	0.3695451067	-179.1651016760
88	0.9996461903	0.3695451067	-162.4820766912
89	0.5228647046	0.3695451067	-101.6452731533
90	2.9889105639	0.3695451067	-191.0483682065
91	0.2257534157	0.3695451067	-56.9821065266
92	1.1040566500	0.3695451067	-146.1526132948
93	1.8115348975	0.3695451067	-176.3272249783
94	0.4916614751	0.3695451067	-96.5800738834
95	0.5985429409	0.3695451067	-124.2751598224
96	1.6502097436	0.3695451067	-174.5451665753
97	2.5395833069	0.3695451067	-182.9796638045
98	2.1685662921	0.3695451067	-183.7192522386
99	1.6770347769	0.3695451067	-177.7920205267
100	0.8136877639	0.3695451067	-133.3779050051
101	0.3492477346	0.3695451067	-77.5229006622
102	2.4287103313	0.3695451067	-196.6341586348
103	1.2945544777	0.3695451067	-159.9693020268
104	0.2661578742	0.3695451067	-69.6992390476
105	1.4113339416	0.3695451067	-183.0018922964
106	2.0679103662	0.3695451067	-175.6315400827
107	0.6089776106	0.3695451067	-123.9777705162
108	1.8507688735	0.3695451067	-179.6622892315
109	2.9977395946	0.3695451067	-190.5986656115
110	1.5009277776	0.3695451067	-178.9332062173
111	0.0000000000	0.3695451067	-2.4082816866
112	2.0976479842	0.3695451067	-184.6571469133
113	1.5558972346	0.3695451067	-168.6546940667
114	0.5776532653	0.3695451067	-116.8028812436
115	1.0370820255	0.3695451067	-151.0764105874
116	1.6771416046	0.3695451067	-191.9382691142
117	3.9228057885	0.3695451067	-183.1624921701
118	1.0223110667	0.3695451067	-159.0830299306
119	1.2678050503	0.3695451067	-177.8623272520
120	3.1942672382	0.3695451067	-191.3554648657
121	0.2720036665	0.3695451067	-68.4909193763
122	0.3630959711	0.3695451067	-81.3845804362
123	3.4969621364	0.3695451067	-195.3667858067
124	1.9245820035	0.3695451067	-186.1778181936
