site	rate	t	lnL
1	20.5535128495	0.0004177857	-12.2138569137
2	0.0000000000	0.0004177857	-3.0181593093
3	0.0000000000	0.0004177857	-3.0285220964
4	0.0000000000	0.0004177857	-3.7216692769
5	0.0000000000	0.0004177857	-2.3353749158
6	0.0000000000	0.0004177857	-2.7447539232
7	0.0000000000	0.0004177857	-1.9852316737
8	0.0000000000	0.0004177857	-1.9852316737
9	0.0000000000	0.0004177857	-3.7113064899
10	0.0000000000	0.0004177857	-1.9852316737
11	0.0000000000	0.0004177857	-2.7408400239
12	0.0000000000	0.0004177857	-3.0181593093
13	0.0000000000	0.0004177857	-2.7408400239
14	0.0000000000	0.0004177857	-2.2553322081
15	0.0000000000	0.0004177857	-2.3353749158
16	0.0000000000	0.0004177857	-2.3353749158
17	0.0000000000	0.0004177857	-2.2553322081
18	0.0000000000	0.0004177857	-2.7408400239
19	0.0000000000	0.0004177857	-1.9852316737
20	0.0000000000	0.0004177857	-2.2553322081
21	0.0000000000	0.0004177857	-1.9852316737
22	0.0000000000	0.0004177857	-1.9852316737
23	0.0000000000	0.0004177857	-1.9852316737
24	0.0000000000	0.0004177857	-2.2553322081
25	0.0000000000	0.0004177857	-2.7408400239
26	0.0000000000	0.0004177857	-3.0181593093
27	0.0000000000	0.0004177857	-3.2171132662
28	0.0000000000	0.0004177857	-2.3353749158
29	0.0000000000	0.0004177857	-1.9852316737
30	0.0000000000	0.0004177857	-1.9852316737
31	0.0000000000	0.0004177857	-3.0181593093
32	0.0000000000	0.0004177857	-2.7447539232
33	0.0000000000	0.0004177857	-3.7216692769
34	0.0000000000	0.0004177857	-3.2108436532
35	0.0000000000	0.0004177857	-1.9852316737
36	0.0000000000	0.0004177857	-3.2046131034
37	0.0000000000	0.0004177857	-2.3353749158
38	0.0000000000	0.0004177857	-3.0285220964
39	0.0000000000	0.0004177857	-1.9852316737
40	0.0000000000	0.0004177857	-3.0285220964
41	0.0000000000	0.0004177857	-3.4379011038
42	0.0000000000	0.0004177857	-2.2553322081
43	0.0000000000	0.0004177857	-2.2553322081
44	0.0000000000	0.0004177857	-3.0285220964
45	0.0000000000	0.0004177857	-3.7427226861
46	0.0000000000	0.0004177857	-3.7321405768
47	0.0000000000	0.0004177857	-2.3353749158
48	0.0000000000	0.0004177857	-3.7321405768
49	0.0000000000	0.0004177857	-3.2046131034
50	0.0000000000	0.0004177857	-3.2108436532
51	0.0000000000	0.0004177857	-2.2553322081
52	0.0000000000	0.0004177857	-3.0285220964
53	0.0000000000	0.0004177857	-2.3353749158
54	0.0000000000	0.0004177857	-3.7061650904
55	20.0948378202	0.0004177857	-10.9826152848
56	0.0000000000	0.0004177857	-3.2046131034
57	0.0000000000	0.0004177857	-2.2553322081
58	0.0000000000	0.0004177857	-2.3353749158
59	0.0000000000	0.0004177857	-2.2553322081
60	0.0000000000	0.0004177857	-3.2108436532
61	0.0000000000	0.0004177857	-2.3353749158
62	19.8719307139	0.0004177857	-12.9354396703
63	0.0000000000	0.0004177857	-3.0285220964
64	0.0000000000	0.0004177857	-3.0285220964
65	0.0000000000	0.0004177857	-1.9852316737
66	0.0000000000	0.0004177857	-3.7061650904
67	19.7152575697	0.0004177857	-12.7360116839
68	0.0000000000	0.0004177857	-2.7408400239
69	0.0000000000	0.0004177857	-3.2108436532
70	19.7308059222	0.0004177857	-12.5593555236
71	0.0000000000	0.0004177857	-2.3353749158
72	0.0000000000	0.0004177857	-1.9852316737
73	0.0000000000	0.0004177857	-2.3353749158
74	0.0000000000	0.0004177857	-2.2553322081
75	0.0000000000	0.0004177857	-2.3353749158
76	0.0000000000	0.0004177857	-2.3353749158
77	0.0000000000	0.0004177857	-2.3353749158
78	0.0000000000	0.0004177857	-2.7447539232
79	0.0000000000	0.0004177857	-2.3353749158
80	0.0000000000	0.0004177857	-2.3353749158
81	0.0000000000	0.0004177857	-3.2046131034
82	0.0000000000	0.0004177857	-1.9852316737
83	0.0000000000	0.0004177857	-3.0181593093
84	0.0000000000	0.0004177857	-2.3353749158
85	0.0000000000	0.0004177857	-3.0285220964
86	0.0000000000	0.0004177857	-2.3353749158
87	0.0000000000	0.0004177857	-3.7216692769
88	0.0000000000	0.0004177857	-3.0285220964
89	0.0000000000	0.0004177857	-1.9852316737
90	0.0000000000	0.0004177857	-3.2171132662
91	0.0000000000	0.0004177857	-2.3353749158
92	0.0000000000	0.0004177857	-3.7113064899
93	0.0000000000	0.0004177857	-2.7447539232
94	0.0000000000	0.0004177857	-3.0285220964
95	0.0000000000	0.0004177857	-3.2171132662
96	0.0000000000	0.0004177857	-3.7061650904
97	0.0000000000	0.0004177857	-2.3353749158
98	0.0000000000	0.0004177857	-2.7447539232
99	0.0000000000	0.0004177857	-2.2553322081
100	0.0000000000	0.0004177857	-2.2553322081
101	0.0000000000	0.0004177857	-1.9852316737
102	0.0000000000	0.0004177857	-4.8202815656
103	0.0000000000	0.0004177857	-1.9852316737
104	0.0000000000	0.0004177857	-3.0181593093
105	0.0000000000	0.0004177857	-2.7408400239
106	0.0000000000	0.0004177857	-3.2046131034
107	0.0000000000	0.0004177857	-3.2108436532
108	0.0000000000	0.0004177857	-2.3353749158
109	0.0000000000	0.0004177857	-2.3353749158
110	0.0000000000	0.0004177857	-2.7447539232
111	0.0000000000	0.0004177857	-2.3353749158
112	0.0000000000	0.0004177857	-3.7427226861
113	0.0000000000	0.0004177857	-2.7408400239
114	0.0000000000	0.0004177857	-3.0285220964
115	0.0000000000	0.0004177857	-2.7447539232
116	0.0000000000	0.0004177857	-3.7113064899
117	19.3880791080	0.0004177857	-14.3741174230
118	0.0000000000	0.0004177857	-3.0285220964
119	0.0000000000	0.0004177857	-3.2171132662
120	0.0000000000	0.0004177857	-2.7408400239
121	0.0000000000	0.0004177857	-2.2553322081
122	0.0000000000	0.0004177857	-2.3353749158
123	0.0000000000	0.0004177857	-3.4379011038
124	0.0000000000	0.0004177857	-3.4379011038
