site	rate	t	lnL
1	1.2407699790	0.0069948501	-11.5548994485
2	1.1974927421	0.0069948501	-12.0386379809
3	0.0000000000	0.0069948501	-2.6265352526
4	1.1938746406	0.0069948501	-12.6863381839
5	0.0000000000	0.0069948501	-2.4570718508
6	1.1889406038	0.0069948501	-11.6349148294
7	0.0000000000	0.0069948501	-2.1396882107
8	2.4040152367	0.0069948501	-18.5737140945
9	0.0000000000	0.0069948501	-2.6265352526
10	0.0000000000	0.0069948501	-3.3881776685
11	1.2067910040	0.0069948501	-11.0739715679
12	1.3034911769	0.0069948501	-10.4283859835
13	0.0000000000	0.0069948501	-2.1396882107
14	0.0000000000	0.0069948501	-2.6265352526
15	0.0000000000	0.0069948501	-2.2601514946
16	0.0000000000	0.0069948501	-3.3696928538
17	0.0000000000	0.0069948501	-2.6265352526
18	1.1985794388	0.0069948501	-11.7696081713
19	3.7053029325	0.0069948501	-26.3167727944
20	2.5062613657	0.0069948501	-17.4458999534
21	0.0000000000	0.0069948501	-2.9977504377
22	0.0000000000	0.0069948501	-3.6320571182
23	0.0000000000	0.0069948501	-2.2601514946
24	0.0000000000	0.0069948501	-3.6320571182
25	0.0000000000	0.0069948501	-3.3696928538
26	1.2095958351	0.0069948501	-11.8092622915
27	0.0000000000	0.0069948501	-2.2601514946
28	0.0000000000	0.0069948501	-2.4570718508
29	0.0000000000	0.0069948501	-3.3515435353
30	0.0000000000	0.0069948501	-4.0304047586
31	1.2063651659	0.0069948501	-12.1657176587
32	0.0000000000	0.0069948501	-2.1396882107
33	0.0000000000	0.0069948501	-2.5906032434
34	1.3036016560	0.0069948501	-11.0611151173
35	0.0000000000	0.0069948501	-3.2234224354
36	0.0000000000	0.0069948501	-3.0389933962
37	1.1897263161	0.0069948501	-11.9232569498
38	6.0423184196	0.0069948501	-39.8386384429
39	1.3036017196	0.0069948501	-11.2073855357
40	0.0000000000	0.0069948501	-2.1396882107
41	1.2067908029	0.0069948501	-12.5459606501
42	2.4301955076	0.0069948501	-19.7531775530
43	2.3659576599	0.0069948501	-19.6977092706
44	0.0000000000	0.0069948501	-2.9977504377
45	0.0000000000	0.0069948501	-3.3515435353
46	1.1919127544	0.0069948501	-12.1364764078
47	0.0000000000	0.0069948501	-2.5906032434
48	2.5657860580	0.0069948501	-18.7835303888
49	4.8191855773	0.0069948501	-34.6393145358
50	3.5964515069	0.0069948501	-26.0590871004
51	0.0000000000	0.0069948501	-2.6265352526
52	0.0000000000	0.0069948501	-2.1396882107
53	0.0000000000	0.0069948501	-2.1396882107
54	0.0000000000	0.0069948501	-3.2687376316
55	0.0000000000	0.0069948501	-2.2601514946
56	0.0000000000	0.0069948501	-3.6320571182
57	1.2352638348	0.0069948501	-11.1067726019
58	1.2828673511	0.0069948501	-11.1975414323
59	1.2787956272	0.0069948501	-11.6093388802
60	0.0000000000	0.0069948501	-2.1396882107
61	0.0000000000	0.0069948501	-2.4570718508
62	0.0000000000	0.0069948501	-2.2601514946
63	0.0000000000	0.0069948501	-3.4943677155
64	0.0000000000	0.0069948501	-2.6265352526
65	2.3827686926	0.0069948501	-20.4794949247
66	1.2426038433	0.0069948501	-12.3667175966
67	2.4784517385	0.0069948501	-19.5520981063
68	3.6821117845	0.0069948501	-25.8475491347
69	1.2265206426	0.0069948501	-11.1138397335
70	2.3994915670	0.0069948501	-18.9401472671
71	1.1956772064	0.0069948501	-12.3526983871
72	2.5820394443	0.0069948501	-18.9491115324
73	0.0000000000	0.0069948501	-2.4570718508
74	0.0000000000	0.0069948501	-2.5906032434
75	1.2093850336	0.0069948501	-11.0305907154
76	2.4750950230	0.0069948501	-20.4028635555
77	0.0000000000	0.0069948501	-2.4570718508
78	1.1867464620	0.0069948501	-12.9654757114
79	2.6194685652	0.0069948501	-18.6270572538
80	0.0000000000	0.0069948501	-2.2601514946
81	2.4348144675	0.0069948501	-18.1813674880
82	0.0000000000	0.0069948501	-2.9977504377
83	1.1886763181	0.0069948501	-11.6887929139
84	1.2426036446	0.0069948501	-11.8306805535
85	0.0000000000	0.0069948501	-2.1396882107
86	3.8063085511	0.0069948501	-26.0173818822
87	1.1693281326	0.0069948501	-13.1053714878
88	1.2797352449	0.0069948501	-11.2452894224
89	0.0000000000	0.0069948501	-2.1396882107
90	0.0000000000	0.0069948501	-3.3881776685
91	0.0000000000	0.0069948501	-2.4570718508
92	0.0000000000	0.0069948501	-2.4570718508
93	1.1905130885	0.0069948501	-12.6342605987
94	0.0000000000	0.0069948501	-3.4262050640
95	0.0000000000	0.0069948501	-2.7645565505
96	2.4738934134	0.0069948501	-17.4761466377
97	2.5766794286	0.0069948501	-16.8910685564
98	5.0506305489	0.0069948501	-32.4013919692
99	0.0000000000	0.0069948501	-3.4262050640
100	0.0000000000	0.0069948501	-2.6265352526
101	0.0000000000	0.0069948501	-2.2601514946
102	2.4650945000	0.0069948501	-20.5488893710
103	0.0000000000	0.0069948501	-2.1396882107
104	1.1805619772	0.0069948501	-12.1194555074
105	1.2573557007	0.0069948501	-10.3307202686
106	0.0000000000	0.0069948501	-3.2234224354
107	2.4251322256	0.0069948501	-19.5425678181
108	1.2288921141	0.0069948501	-10.9783909260
109	2.3808424571	0.0069948501	-20.1660151306
110	0.0000000000	0.0069948501	-2.2601514946
111	0.0000000000	0.0069948501	-2.4570718508
112	1.2238388158	0.0069948501	-12.5558220910
113	1.1942642922	0.0069948501	-12.7860964613
114	2.4051199125	0.0069948501	-20.2703667744
115	1.1889406834	0.0069948501	-12.2168363748
116	2.3818394619	0.0069948501	-20.3793126780
117	2.4106186660	0.0069948501	-18.7464240401
118	0.0000000000	0.0069948501	-3.7321405768
119	0.0000000000	0.0069948501	-3.4262050640
120	2.4965809987	0.0069948501	-19.5332384135
121	0.0000000000	0.0069948501	-2.7645565505
122	1.1968438746	0.0069948501	-12.3883590476
123	0.0000000000	0.0069948501	-3.2171132662
124	0.0000000000	0.0069948501	-3.3696928538
