site	rate	t	lnL
1	0.0000000000	0.0008377046	-2.7408400239
2	0.0000000000	0.0008377046	-3.7164744601
3	0.0000000000	0.0008377046	-3.2108436532
4	0.0000000000	0.0008377046	-3.4339872045
5	0.0000000000	0.0008377046	-2.2433846347
6	0.0000000000	0.0008377046	-2.8743714165
7	0.0000000000	0.0008377046	-2.1143168710
8	0.0000000000	0.0008377046	-2.1143168710
9	0.0000000000	0.0008377046	-2.7408400239
10	0.0000000000	0.0008377046	-3.0311296598
11	0.0000000000	0.0008377046	-3.0259213147
12	0.0000000000	0.0008377046	-3.2108436532
13	0.0000000000	0.0008377046	-3.2202628751
14	0.0000000000	0.0008377046	-3.2108436532
15	0.0000000000	0.0008377046	-2.1143168710
16	0.0000000000	0.0008377046	-3.0233272795
17	0.0000000000	0.0008377046	-2.7408400239
18	0.0000000000	0.0008377046	-3.0311296598
19	0.0000000000	0.0008377046	-2.7506536454
20	0.0000000000	0.0008377046	-2.7408400239
21	0.0000000000	0.0008377046	-3.0233272795
22	0.0000000000	0.0008377046	-3.4262050640
23	0.0000000000	0.0008377046	-2.5161351920
24	0.0000000000	0.0008377046	-2.8743714165
25	0.0000000000	0.0008377046	-2.5161351920
26	0.0000000000	0.0008377046	-3.4339872045
27	0.0000000000	0.0008377046	-3.7164744601
28	0.0000000000	0.0008377046	-2.2433846347
29	0.0000000000	0.0008377046	-2.1143168710
30	0.0000000000	0.0008377046	-2.1143168710
31	11.2585264152	0.0008377046	-13.0675364573
32	0.0000000000	0.0008377046	-2.5161351920
33	0.0000000000	0.0008377046	-3.4262050640
34	0.0000000000	0.0008377046	-3.4262050640
35	0.0000000000	0.0008377046	-3.0259213147
36	0.0000000000	0.0008377046	-2.7408400239
37	12.7494408722	0.0008377046	-10.8260304438
38	7.7100189968	0.0008377046	-11.5514463924
39	0.0000000000	0.0008377046	-2.5161351920
40	0.0000000000	0.0008377046	-2.2433846347
41	0.0000000000	0.0008377046	-2.2433846347
42	0.0000000000	0.0008377046	-3.0233272795
43	0.0000000000	0.0008377046	-2.7408400239
44	0.0000000000	0.0008377046	-2.7506536454
45	0.0000000000	0.0008377046	-3.2108436532
46	0.0000000000	0.0008377046	-2.2433846347
47	0.0000000000	0.0008377046	-2.1143168710
48	0.0000000000	0.0008377046	-2.7408400239
49	0.0000000000	0.0008377046	-3.2108436532
50	17.7180298908	0.0008377046	-13.4569332346
51	0.0000000000	0.0008377046	-2.7408400239
52	0.0000000000	0.0008377046	-2.1143168710
53	0.0000000000	0.0008377046	-2.5161351920
54	0.0000000000	0.0008377046	-2.2433846347
55	0.0000000000	0.0008377046	-3.0233272795
56	0.0000000000	0.0008377046	-2.8743714165
57	0.0000000000	0.0008377046	-3.2171132662
58	11.3940036285	0.0008377046	-13.6236800088
59	0.0000000000	0.0008377046	-2.5161351920
60	0.0000000000	0.0008377046	-3.0311296598
61	0.0000000000	0.0008377046	-2.2433846347
62	0.0000000000	0.0008377046	-3.2108436532
63	0.0000000000	0.0008377046	-3.7642288914
64	0.0000000000	0.0008377046	-2.1143168710
65	0.0000000000	0.0008377046	-3.7642288914
66	0.0000000000	0.0008377046	-3.4262050640
67	0.0000000000	0.0008377046	-3.0259213147
68	0.0000000000	0.0008377046	-4.0963627264
69	0.0000000000	0.0008377046	-3.7164744601
70	0.0000000000	0.0008377046	-3.4339872045
71	6.9636142928	0.0008377046	-10.5809596040
72	0.0000000000	0.0008377046	-2.7408400239
73	0.0000000000	0.0008377046	-2.2433846347
74	0.0000000000	0.0008377046	-4.0963627264
75	0.0000000000	0.0008377046	-2.5161351920
76	0.0000000000	0.0008377046	-4.8202815656
77	0.0000000000	0.0008377046	-2.2433846347
78	0.0000000000	0.0008377046	-2.8743714165
79	0.0000000000	0.0008377046	-2.7506536454
80	10.0765236945	0.0008377046	-14.2495119173
81	22.8348436980	0.0008377046	-22.3332679211
82	0.0000000000	0.0008377046	-2.5161351920
83	0.0000000000	0.0008377046	-2.7408400239
84	0.0000000000	0.0008377046	-3.2108436532
85	0.0000000000	0.0008377046	-2.1143168710
86	0.0000000000	0.0008377046	-3.2171132662
87	0.0000000000	0.0008377046	-3.2202628751
88	0.0000000000	0.0008377046	-2.8743714165
89	0.0000000000	0.0008377046	-2.1143168710
90	0.0000000000	0.0008377046	-3.2171132662
91	0.0000000000	0.0008377046	-2.2433846347
92	0.0000000000	0.0008377046	-3.2171132662
93	0.0000000000	0.0008377046	-2.7506536454
94	0.0000000000	0.0008377046	-3.0233272795
95	0.0000000000	0.0008377046	-3.0233272795
96	0.0000000000	0.0008377046	-2.7506536454
97	0.0000000000	0.0008377046	-2.7408400239
98	0.0000000000	0.0008377046	-2.7408400239
99	0.0000000000	0.0008377046	-2.7408400239
100	0.0000000000	0.0008377046	-3.2202628751
101	0.0000000000	0.0008377046	-2.1143168710
102	0.0000000000	0.0008377046	-2.7408400239
103	0.0000000000	0.0008377046	-3.2108436532
104	0.0000000000	0.0008377046	-3.0311296598
105	0.0000000000	0.0008377046	-2.8743714165
106	12.8537842432	0.0008377046	-13.3344467150
107	0.0000000000	0.0008377046	-3.0259213147
108	0.0000000000	0.0008377046	-2.5161351920
109	0.0000000000	0.0008377046	-2.7408400239
110	0.0000000000	0.0008377046	-2.5161351920
111	0.0000000000	0.0008377046	-2.2433846347
112	0.0000000000	0.0008377046	-3.0311296598
113	0.0000000000	0.0008377046	-2.1143168710
114	0.0000000000	0.0008377046	-3.2108436532
115	0.0000000000	0.0008377046	-3.2108436532
116	0.0000000000	0.0008377046	-2.8743714165
117	0.0000000000	0.0008377046	-2.1143168710
118	0.0000000000	0.0008377046	-3.0259213147
119	7.7513374409	0.0008377046	-11.3241392773
120	0.0000000000	0.0008377046	-2.2433846347
121	0.0000000000	0.0008377046	-2.7408400239
122	0.0000000000	0.0008377046	-2.2433846347
123	12.8614104041	0.0008377046	-11.7869290429
124	0.0000000000	0.0008377046	-3.4339872045
