site	rate	t	lnL
1	1.8045701489	0.0634141480	-70.8784511942
2	0.5548234216	0.0634141480	-19.7325012693
3	2.2629281305	0.0634141480	-96.6540532105
4	0.8215190594	0.0634141480	-41.2211496619
5	0.0000000000	0.0634141480	-2.4295139067
6	1.7181232584	0.0634141480	-68.7930934579
7	0.4005084887	0.0634141480	-18.5667036149
8	0.7339041558	0.0634141480	-59.3588107037
9	1.7809911515	0.0634141480	-61.7627458455
10	0.4872089849	0.0634141480	-29.7393754831
11	0.4167635265	0.0634141480	-28.6969862991
12	0.9187703562	0.0634141480	-68.6688532954
13	0.2444126422	0.0634141480	-20.3424154547
14	1.1011241615	0.0634141480	-55.0232273764
15	0.0000000000	0.0634141480	-2.4823896588
16	2.6865920130	0.0634141480	-82.4131343081
17	1.0424195229	0.0634141480	-48.9629485510
18	0.2532322398	0.0634141480	-17.9607739187
19	2.6863402086	0.0634141480	-112.7292348102
20	0.0000000000	0.0634141480	-2.6820553290
21	0.4402985700	0.0634141480	-31.5889510451
22	0.8695964853	0.0634141480	-50.4385714199
23	1.6088472610	0.0634141480	-63.0738259536
24	0.0000000000	0.0634141480	-3.4617117525
25	1.0936707941	0.0634141480	-62.0417840652
26	0.1281943207	0.0634141480	-13.9330620380
27	0.3204964116	0.0634141480	-17.7967734650
28	0.0000000000	0.0634141480	-2.4295139067
29	2.3927399523	0.0634141480	-57.8479926418
30	0.4608374254	0.0634141480	-36.1618251629
31	1.7543322436	0.0634141480	-77.0805979232
32	1.8287880986	0.0634141480	-50.5005794419
33	0.3599263534	0.0634141480	-29.0736660393
34	2.4479323566	0.0634141480	-91.9410696897
35	0.9651407135	0.0634141480	-69.8841184197
36	3.0183412224	0.0634141480	-95.2141871610
37	1.5716821399	0.0634141480	-67.3832455769
38	0.7272700463	0.0634141480	-33.7518183547
39	0.8094169120	0.0634141480	-64.6648732395
40	0.4613484604	0.0634141480	-36.7136967757
41	0.2786141702	0.0634141480	-30.5730315360
42	0.9462912982	0.0634141480	-62.0323151807
43	0.1286074974	0.0634141480	-11.9085193653
44	2.6129744789	0.0634141480	-64.6047678868
45	2.2270315420	0.0634141480	-96.2509853440
46	1.0379016835	0.0634141480	-47.0435857093
47	0.9035123010	0.0634141480	-26.1693241497
48	1.6333726168	0.0634141480	-66.8402354715
49	1.8002957508	0.0634141480	-90.7677577337
50	0.6104100146	0.0634141480	-41.3960135354
51	0.0000000000	0.0634141480	-2.6820553290
52	0.1567912312	0.0634141480	-9.7704143770
53	0.5032720796	0.0634141480	-32.1672794611
54	0.1882155832	0.0634141480	-20.8715993985
55	2.7504765215	0.0634141480	-105.8577905224
56	1.7933074572	0.0634141480	-80.4711705966
57	0.0000000000	0.0634141480	-3.1531645416
58	0.2663819178	0.0634141480	-18.1761402277
59	2.4961779727	0.0634141480	-88.5414452829
60	0.2644196773	0.0634141480	-20.9785038917
61	1.1744481981	0.0634141480	-57.6512556007
62	0.7611685558	0.0634141480	-48.4653879118
63	0.1448741894	0.0634141480	-11.9475781512
64	1.8938494835	0.0634141480	-93.8390256778
65	1.0419307035	0.0634141480	-75.4638195840
66	0.0000000000	0.0634141480	-3.3623935513
67	2.8270413782	0.0634141480	-91.9052473896
68	0.5552317100	0.0634141480	-31.0608288169
69	1.3477605907	0.0634141480	-35.6948523553
70	1.7117425937	0.0634141480	-87.5720836617
71	1.4290057124	0.0634141480	-73.1189864125
72	1.4933268772	0.0634141480	-57.6904557463
73	0.0000000000	0.0634141480	-2.4295139067
74	1.1926687344	0.0634141480	-76.5146315542
75	0.9516686953	0.0634141480	-39.7237925268
76	2.5063470822	0.0634141480	-83.7430364550
77	0.0000000000	0.0634141480	-2.4295139067
78	1.4195438058	0.0634141480	-67.5739962838
79	1.5544002691	0.0634141480	-80.0803129706
80	2.5174262734	0.0634141480	-58.4025016623
81	1.6103824913	0.0634141480	-77.7476471908
82	1.9261178084	0.0634141480	-82.9598387485
83	0.7551303596	0.0634141480	-26.5368482303
84	0.1464053935	0.0634141480	-13.2385061552
85	0.6598620507	0.0634141480	-36.7259874938
86	0.9408673207	0.0634141480	-65.2468226677
87	1.9134267689	0.0634141480	-73.4937638194
88	0.6970851566	0.0634141480	-37.1442528902
89	0.6799065860	0.0634141480	-39.9455438802
90	1.4634975367	0.0634141480	-68.6668182795
91	0.0000000000	0.0634141480	-2.4295139067
92	0.4090553482	0.0634141480	-29.1637213255
93	0.8273336061	0.0634141480	-57.3112092338
94	0.8932480655	0.0634141480	-47.5123022959
95	1.1795094315	0.0634141480	-67.2950987578
96	3.9858914887	0.0634141480	-87.6296493573
97	1.2102033128	0.0634141480	-60.6677726418
98	1.7756219885	0.0634141480	-68.1201135911
99	1.0983088760	0.0634141480	-68.6194354972
100	0.0000000000	0.0634141480	-2.6820553290
101	0.2252654129	0.0634141480	-22.0890267954
102	1.5681181466	0.0634141480	-90.0804133057
103	2.3861851398	0.0634141480	-87.1475866347
104	0.0000000000	0.0634141480	-2.8306963530
105	0.4748611554	0.0634141480	-21.4879966953
106	1.8499644815	0.0634141480	-61.0895334563
107	0.7881789408	0.0634141480	-28.9927445353
108	0.9512171637	0.0634141480	-59.2622321212
109	1.2949653340	0.0634141480	-74.3643819872
110	1.9758532462	0.0634141480	-70.6335884889
111	0.0000000000	0.0634141480	-2.4295139067
112	2.9311380649	0.0634141480	-104.3686855884
113	0.9663840262	0.0634141480	-51.0413583656
114	0.5565774514	0.0634141480	-46.4733429675
115	1.5741834193	0.0634141480	-44.9062281452
116	1.7365161667	0.0634141480	-83.5464308907
117	1.5959061620	0.0634141480	-81.5606260518
118	1.7359419258	0.0634141480	-76.5348579209
119	0.5392649124	0.0634141480	-46.1488840652
120	1.1987027661	0.0634141480	-58.9150397527
121	1.5019694246	0.0634141480	-83.6959340705
122	0.1287902520	0.0634141480	-10.3152143440
123	2.0124112684	0.0634141480	-90.2070812025
124	1.2329371471	0.0634141480	-84.6839438853
