site	rate	t	lnL
1	2.2905271332	0.3689401886	-183.9327639919
2	0.7628727796	0.3689401886	-140.3498951056
3	1.9373984984	0.3689401886	-180.4863877063
4	1.8125477382	0.3689401886	-184.2610235482
5	0.0697137171	0.3689401886	-23.8871538927
6	1.7432584286	0.3689401886	-181.6880231621
7	0.3982280349	0.3689401886	-97.7305362186
8	0.8372083515	0.3689401886	-142.2637056417
9	2.1849960638	0.3689401886	-186.0923607690
10	1.4006732180	0.3689401886	-171.3120276901
11	0.5551017924	0.3689401886	-115.0694983557
12	2.0529465263	0.3689401886	-186.2553476165
13	1.4060903760	0.3689401886	-175.3857202281
14	0.9451035224	0.3689401886	-154.2555895992
15	0.5747533395	0.3689401886	-120.6520333250
16	1.4374461266	0.3689401886	-173.1002416528
17	1.2509032024	0.3689401886	-171.9814102882
18	1.2495812898	0.3689401886	-171.7775483528
19	1.4164143696	0.3689401886	-176.5867502930
20	0.5530393100	0.3689401886	-111.7964301917
21	1.2663711427	0.3689401886	-169.6504848085
22	2.0569832604	0.3689401886	-184.7687478723
23	0.8198499411	0.3689401886	-143.4054647401
24	0.0930985948	0.3689401886	-32.4678717343
25	1.6103895861	0.3689401886	-182.1598113630
26	0.4307899296	0.3689401886	-100.1571617621
27	0.4552711489	0.3689401886	-105.4061607808
28	0.0000000000	0.3689401886	-2.9957322736
29	0.3838847740	0.3689401886	-90.5766590260
30	0.6690921510	0.3689401886	-129.2794318570
31	2.8067127947	0.3689401886	-189.0229490975
32	1.1735245147	0.3689401886	-165.1540458412
33	0.1902434183	0.3689401886	-56.2344849130
34	1.7179416124	0.3689401886	-180.6244250024
35	0.7123620681	0.3689401886	-132.2245603458
36	2.6160205238	0.3689401886	-187.9424386734
37	1.0464748571	0.3689401886	-159.0281373840
38	1.6022634683	0.3689401886	-176.4670553591
39	2.3761705405	0.3689401886	-187.0069533223
40	2.8804953223	0.3689401886	-188.3918877546
41	1.6326433414	0.3689401886	-181.0635335490
42	3.1259700970	0.3689401886	-189.3569116600
43	1.6347496590	0.3689401886	-179.8270521878
44	2.0993510536	0.3689401886	-184.4612998706
45	1.1017612852	0.3689401886	-162.6227910371
46	1.0334240925	0.3689401886	-153.8519718135
47	0.8609674525	0.3689401886	-144.9545975836
48	1.4873582209	0.3689401886	-177.7308653131
49	1.0025603346	0.3689401886	-156.2658108098
50	0.9599134347	0.3689401886	-152.4187693541
51	0.0000000000	0.3689401886	-2.9957322736
52	0.3183632916	0.3689401886	-80.1398778176
53	0.6535307550	0.3689401886	-124.9724456424
54	1.2898367466	0.3689401886	-167.6681268933
55	0.5178597542	0.3689401886	-111.0110118789
56	0.9412896476	0.3689401886	-152.5244007977
57	0.1908269030	0.3689401886	-56.2118032921
58	1.1781705447	0.3689401886	-166.1730182320
59	2.4524445844	0.3689401886	-187.3237597563
60	0.4848799940	0.3689401886	-107.9383927433
61	0.1906640838	0.3689401886	-54.0184740036
62	1.8593291827	0.3689401886	-180.6591205920
63	0.8538973336	0.3689401886	-145.1669164613
64	0.9696712687	0.3689401886	-156.3909317596
65	1.9625796570	0.3689401886	-183.0238890073
66	0.1909650837	0.3689401886	-53.0253471500
67	2.1225138286	0.3689401886	-188.2150163952
68	1.0284231441	0.3689401886	-159.9196996551
69	1.7676488099	0.3689401886	-179.6641176749
70	1.8834613630	0.3689401886	-183.3838135501
71	1.2728892797	0.3689401886	-172.7439940708
72	1.7487005876	0.3689401886	-180.6424323775
73	0.0229414916	0.3689401886	-11.7636184348
74	1.0752842345	0.3689401886	-160.9853503482
75	0.9366967791	0.3689401886	-156.2640823385
76	1.8280101402	0.3689401886	-184.5325362400
77	0.0461615124	0.3689401886	-19.1336466620
78	2.5790647967	0.3689401886	-189.4157151507
79	1.9624624774	0.3689401886	-183.2141875048
80	1.0233381720	0.3689401886	-158.3185862265
81	1.6642731286	0.3689401886	-183.2747150765
82	2.8032471953	0.3689401886	-188.2281130453
83	3.6635467499	0.3689401886	-190.5074052819
84	0.9837553593	0.3689401886	-154.5394600920
85	0.6400832237	0.3689401886	-127.6898274812
86	1.9070730310	0.3689401886	-187.0056775057
87	1.5605328257	0.3689401886	-177.8672140165
88	0.8856661168	0.3689401886	-149.7134237032
89	0.2169925499	0.3689401886	-60.6148364196
90	2.0415804051	0.3689401886	-183.8590576142
91	0.1656999893	0.3689401886	-50.5440979718
92	0.8236221958	0.3689401886	-143.9284880400
93	2.1893652048	0.3689401886	-183.8859051968
94	0.5455315908	0.3689401886	-115.4629629910
95	0.2935237275	0.3689401886	-74.4980112406
96	2.4608132591	0.3689401886	-186.3266680784
97	2.0391800631	0.3689401886	-185.1850524511
98	1.1915565850	0.3689401886	-165.9708638845
99	3.5720723940	0.3689401886	-190.4743435878
100	0.1412216216	0.3689401886	-43.6086575959
101	0.2686450363	0.3689401886	-71.3286571860
102	2.5220229111	0.3689401886	-187.2982587131
103	0.7178319111	0.3689401886	-131.2472852779
104	0.4600547555	0.3689401886	-101.3589872213
105	1.7184246009	0.3689401886	-178.2658181947
106	1.8479875316	0.3689401886	-181.4194321493
107	0.8412864635	0.3689401886	-147.4952463051
108	1.8209883878	0.3689401886	-182.3816202101
109	1.8035701825	0.3689401886	-182.0509892600
110	1.4951891947	0.3689401886	-176.5657610469
111	0.0000000000	0.3689401886	-2.9957322736
112	2.3934965801	0.3689401886	-186.2299321422
113	2.4805916658	0.3689401886	-185.7928831094
114	0.7275602414	0.3689401886	-136.4217206824
115	1.0875799330	0.3689401886	-164.5044822266
116	1.7655686008	0.3689401886	-181.1593541471
117	2.4302615673	0.3689401886	-185.4632067702
118	1.2854775102	0.3689401886	-171.2287654113
119	0.7093791998	0.3689401886	-136.6701370130
120	1.3116578623	0.3689401886	-173.6308922736
121	0.6122108808	0.3689401886	-121.8929232734
122	0.5209790574	0.3689401886	-107.4635895205
123	2.9376503102	0.3689401886	-189.8451819433
124	3.8938689769	0.3689401886	-191.1093077862
