site	rate	t	lnL
1	3.7439916204	0.5206061286	-192.4277005652
2	0.4913647984	0.5206061286	-117.1604835061
3	1.4276430399	0.5206061286	-187.5660312048
4	2.9947380446	0.5206061286	-186.2425371294
5	0.1806470312	0.5206061286	-39.9893907018
6	1.5918137029	0.5206061286	-179.5894597052
7	0.2541340048	0.5206061286	-95.4650700607
8	0.5227719906	0.5206061286	-138.9195845830
9	2.4303119150	0.5206061286	-191.5967187938
10	3.8113323288	0.5206061286	-186.9103714024
11	0.3866734411	0.5206061286	-107.3784369871
12	2.0429777772	0.5206061286	-189.5171360211
13	1.2296246571	0.5206061286	-171.9298346522
14	1.3802014927	0.5206061286	-152.2037384774
15	0.3981883887	0.5206061286	-109.9722924621
16	2.0177355351	0.5206061286	-191.9718830292
17	1.2240372150	0.5206061286	-150.2936115680
18	1.3382262857	0.5206061286	-165.7822720593
19	1.6322893007	0.5206061286	-191.7253095952
20	1.3107433257	0.5206061286	-133.8656108031
21	1.0132054158	0.5206061286	-160.8658876587
22	5.3358191064	0.5206061286	-191.6179702789
23	0.5677467512	0.5206061286	-131.9411524849
24	0.2871430314	0.5206061286	-53.3235330104
25	2.5164728070	0.5206061286	-196.5088079426
26	0.2036132994	0.5206061286	-42.0943095071
27	0.0802568283	0.5206061286	-41.4212256709
28	0.0000000000	0.5206061286	-2.4054844820
29	0.0959055791	0.5206061286	-52.7892431305
30	0.5516325563	0.5206061286	-120.8614220192
31	1.7815000102	0.5206061286	-177.2889623090
32	1.6174084967	0.5206061286	-172.6107100504
33	0.2921724377	0.5206061286	-75.5070654872
34	2.0602771061	0.5206061286	-180.9815464447
35	1.1383538461	0.5206061286	-167.1109163917
36	1.8881714786	0.5206061286	-186.1326497805
37	1.0247548118	0.5206061286	-139.2252391058
38	2.5563640327	0.5206061286	-189.5704967758
39	2.8781497736	0.5206061286	-192.9013379049
40	0.8975978413	0.5206061286	-167.1068828596
41	1.3760853763	0.5206061286	-183.8463169820
42	2.9553196766	0.5206061286	-185.4998157988
43	2.1269523479	0.5206061286	-181.3739201441
44	2.8916115773	0.5206061286	-195.0924637478
45	1.8086862155	0.5206061286	-180.0093932817
46	2.1673398611	0.5206061286	-174.9630782091
47	0.3959085887	0.5206061286	-124.3334767938
48	1.6177189785	0.5206061286	-179.9852953468
49	0.7107518220	0.5206061286	-148.6599432317
50	0.9062469437	0.5206061286	-150.0061375864
51	0.0000000000	0.5206061286	-2.6317754393
52	0.4715750558	0.5206061286	-109.8452341992
53	0.2306554836	0.5206061286	-80.3971067860
54	0.7996558284	0.5206061286	-153.4154950724
55	0.2722767064	0.5206061286	-90.3797702240
56	2.1087603040	0.5206061286	-190.7698111987
57	0.3191890070	0.5206061286	-82.9395448983
58	0.9833467137	0.5206061286	-163.6736360108
59	2.2863174289	0.5206061286	-190.5296829945
60	0.4492911799	0.5206061286	-88.8297575371
61	0.1799627802	0.5206061286	-32.1862854018
62	1.3517086378	0.5206061286	-179.2300959533
63	0.2489911276	0.5206061286	-67.1058874648
64	1.4165361749	0.5206061286	-138.9983546547
65	2.4162668250	0.5206061286	-188.6347633808
66	0.6316735852	0.5206061286	-141.8836122546
67	2.8924177698	0.5206061286	-192.5711925175
68	1.3655473654	0.5206061286	-158.5320313410
69	1.4990235322	0.5206061286	-191.4848326139
70	2.1583669230	0.5206061286	-180.9212509334
71	1.7398446827	0.5206061286	-176.9063477377
72	3.3903723028	0.5206061286	-172.5410069428
73	0.0000000000	0.5206061286	-2.4054844820
74	0.9424340820	0.5206061286	-111.8457703365
75	3.0566570091	0.5206061286	-181.2738503522
76	1.3123615477	0.5206061286	-156.1426695107
77	0.2171910478	0.5206061286	-36.2248781796
78	436.8900321107	0.5206061286	-185.7886986877
79	1.9740699014	0.5206061286	-183.2364341738
80	0.6122679985	0.5206061286	-145.1523252980
81	1.6409736784	0.5206061286	-171.5359226280
82	1.8480598926	0.5206061286	-181.5827570226
83	2.5776706378	0.5206061286	-189.5620039520
84	0.9081977170	0.5206061286	-151.5618640065
85	0.4730970909	0.5206061286	-113.5703338972
86	0.7964843639	0.5206061286	-171.1505554067
87	2.3658215867	0.5206061286	-188.8673708445
88	0.4457929041	0.5206061286	-118.4350758594
89	0.3696207799	0.5206061286	-102.6042375909
90	2.7923720415	0.5206061286	-180.3139981750
91	0.0382405670	0.5206061286	-10.3730169399
92	0.3685077085	0.5206061286	-109.3231327269
93	2.7719449313	0.5206061286	-181.4990762619
94	0.3565973142	0.5206061286	-103.7667487931
95	0.1783150614	0.5206061286	-68.8749681360
96	2.2053023598	0.5206061286	-189.1912762619
97	2.3373229714	0.5206061286	-181.3357647861
98	1.5966683901	0.5206061286	-172.9290287867
99	1.4957288166	0.5206061286	-186.9657266420
100	0.5378520170	0.5206061286	-76.1073680580
101	0.1772460292	0.5206061286	-61.2027692339
102	7.2550524829	0.5206061286	-194.3197356646
103	0.6944326289	0.5206061286	-154.3360267178
104	0.2728843477	0.5206061286	-59.9421757006
105	3.0972092665	0.5206061286	-197.6148590706
106	3.4695488744	0.5206061286	-188.2435568781
107	0.2402620515	0.5206061286	-73.8750207598
108	1.7655099682	0.5206061286	-183.1193232494
109	1.5103941400	0.5206061286	-175.8166376559
110	2.0491389103	0.5206061286	-180.7775434751
111	0.0000000000	0.5206061286	-2.4054844820
112	2.2053500384	0.5206061286	-186.6713800655
113	3.0852720063	0.5206061286	-186.8273552533
114	0.9184830319	0.5206061286	-155.6528846846
115	1.2494572588	0.5206061286	-173.7137878942
116	1.6266594174	0.5206061286	-189.2662285670
117	3.9581905710	0.5206061286	-186.4437317618
118	1.3483311329	0.5206061286	-170.4086656862
119	1.7568007103	0.5206061286	-185.6150817902
120	1.8183821755	0.5206061286	-186.4009539902
121	1.0260189918	0.5206061286	-111.1707463460
122	0.3448945244	0.5206061286	-63.3267279719
123	5.0661461224	0.5206061286	-198.1427364394
124	3.5744669121	0.5206061286	-187.4634470296
