site	rate	t	lnL
1	589.2654895000	0.4948776321	-195.4146349172
2	0.5908882188	0.4948776321	-113.9540866620
3	4.5019578118	0.4948776321	-191.4418881064
4	2.5340697827	0.4948776321	-192.3165760861
5	0.2648203450	0.4948776321	-45.6212934403
6	2.7149799638	0.4948776321	-194.3485523060
7	0.3771291412	0.4948776321	-95.4245774022
8	0.2905427484	0.4948776321	-107.5828470006
9	1.3608587047	0.4948776321	-181.7100731352
10	2.0759851193	0.4948776321	-178.6233897597
11	0.2807230378	0.4948776321	-89.4780090964
12	6.8309507727	0.4948776321	-192.5235457370
13	0.9320231109	0.4948776321	-158.2776107903
14	1.5520300477	0.4948776321	-152.4769046034
15	0.3903692525	0.4948776321	-99.7513419893
16	2.1895740338	0.4948776321	-186.9614257983
17	1.7479142365	0.4948776321	-164.7215199882
18	2.1678378930	0.4948776321	-175.5840808324
19	1.7322671373	0.4948776321	-169.4524841067
20	0.5170943993	0.4948776321	-74.8827712386
21	0.9622179584	0.4948776321	-150.3451168284
22	4.9625387407	0.4948776321	-194.4379611344
23	0.6184839028	0.4948776321	-139.4103091401
24	0.2739535635	0.4948776321	-48.8620342178
25	1.3716106346	0.4948776321	-170.8462329761
26	0.3083247408	0.4948776321	-62.7545894331
27	0.2339461901	0.4948776321	-83.0717184241
28	0.0000000000	0.4948776321	-2.4526697894
29	0.1894129431	0.4948776321	-74.5410693157
30	0.6063183612	0.4948776321	-134.1179372129
31	1.9278209996	0.4948776321	-181.0082204759
32	0.7678713317	0.4948776321	-149.0219754369
33	0.1570169546	0.4948776321	-58.9274116208
34	2.1346225766	0.4948776321	-167.8245385549
35	1.7497786337	0.4948776321	-173.2536898774
36	2.7694778833	0.4948776321	-192.3987796244
37	0.8891889940	0.4948776321	-124.4056192270
38	1.9946021882	0.4948776321	-184.3707196469
39	2.1309557160	0.4948776321	-185.8088081278
40	1.0461535515	0.4948776321	-169.3439640953
41	1.0315409432	0.4948776321	-175.5994085746
42	4.4238477235	0.4948776321	-196.3994816753
43	2.1861249395	0.4948776321	-183.0789104742
44	2.9332210599	0.4948776321	-189.2443282281
45	1.6035785682	0.4948776321	-176.9903992594
46	0.8284129935	0.4948776321	-101.6880406375
47	1.2369915541	0.4948776321	-161.7949887939
48	1.1988343224	0.4948776321	-168.3208446128
49	0.8095701651	0.4948776321	-150.0117388118
50	0.6482963626	0.4948776321	-131.2997991940
51	0.0000000000	0.4948776321	-2.5607997130
52	0.2232779392	0.4948776321	-84.6763035067
53	0.4201627869	0.4948776321	-101.2495815591
54	0.6702213662	0.4948776321	-141.6397776215
55	0.3893730563	0.4948776321	-108.6513164122
56	1.0415084814	0.4948776321	-186.4673643403
57	0.1216573043	0.4948776321	-49.9154205365
58	1.2820090650	0.4948776321	-177.9531486868
59	2.6337414246	0.4948776321	-186.6752896327
60	0.7410276307	0.4948776321	-130.1225342737
61	0.0401784373	0.4948776321	-10.6518644244
62	1.6391954272	0.4948776321	-184.9289487383
63	0.1963533432	0.4948776321	-53.3821821116
64	1.0117003086	0.4948776321	-120.6771428041
65	1.5581393493	0.4948776321	-193.0767538689
66	0.2335771685	0.4948776321	-76.6038835597
67	3.8275517053	0.4948776321	-200.6945008696
68	1.5300753697	0.4948776321	-144.3083226187
69	2.7312784436	0.4948776321	-188.4153233369
70	2.1508132069	0.4948776321	-179.4279240445
71	1.8237728961	0.4948776321	-173.2516098234
72	1.3399327349	0.4948776321	-170.6129435775
73	0.0402662751	0.4948776321	-11.0634124355
74	2.0199415619	0.4948776321	-161.6698350362
75	0.5835811975	0.4948776321	-136.0768044339
76	1.8562861250	0.4948776321	-177.6066249706
77	0.4016089362	0.4948776321	-89.8228334424
78	3.6910558438	0.4948776321	-187.9624292764
79	3.1705389623	0.4948776321	-191.0832825593
80	0.2807042499	0.4948776321	-98.1779027055
81	0.8766662309	0.4948776321	-155.6409059580
82	3.7844343013	0.4948776321	-191.7566010806
83	1.9117282590	0.4948776321	-181.3657511861
84	0.5417121607	0.4948776321	-100.0818120722
85	0.3084823600	0.4948776321	-101.5823949868
86	1.7722698308	0.4948776321	-188.9573542495
87	2.0159614996	0.4948776321	-178.5156262826
88	0.5785351541	0.4948776321	-144.9797872342
89	0.3446023500	0.4948776321	-95.0251583465
90	2.2765234167	0.4948776321	-186.2764389907
91	0.0849976074	0.4948776321	-20.8645337595
92	0.5755008757	0.4948776321	-128.1816062224
93	2.4359006960	0.4948776321	-183.9757274869
94	0.3112805365	0.4948776321	-86.9773036546
95	0.4097579372	0.4948776321	-123.2659919614
96	2.8153534379	0.4948776321	-188.4554032566
97	2.0187404003	0.4948776321	-171.6128421632
98	1.8364532555	0.4948776321	-148.9503963532
99	2.4500770515	0.4948776321	-195.9430014551
100	0.1735868385	0.4948776321	-29.0655325615
101	0.1696357415	0.4948776321	-58.5944631229
102	3.5568600946	0.4948776321	-189.0350688959
103	1.8468228307	0.4948776321	-169.9479084277
104	0.6888941821	0.4948776321	-105.3525410959
105	1.8831727737	0.4948776321	-169.5699767931
106	1.4802267360	0.4948776321	-174.2624707470
107	0.3845265864	0.4948776321	-92.4329945589
108	1.6051905119	0.4948776321	-183.0447729471
109	6.1495507793	0.4948776321	-191.1898651885
110	3.5201950633	0.4948776321	-193.5801091947
111	0.0782284766	0.4948776321	-17.5504686204
112	2.4684854976	0.4948776321	-192.5637674671
113	3.2039364841	0.4948776321	-189.6395188080
114	0.6573050195	0.4948776321	-123.1174000181
115	1.9422018034	0.4948776321	-182.6421644252
116	2.4616810798	0.4948776321	-194.9829885695
117	3.0253560438	0.4948776321	-184.9040324833
118	1.3274168090	0.4948776321	-155.1173045617
119	0.7611808743	0.4948776321	-168.1618095962
120	1.7512558064	0.4948776321	-181.2811970271
121	1.0782146379	0.4948776321	-120.5203252882
122	0.1221159511	0.4948776321	-23.2383186235
123	3.8778136878	0.4948776321	-193.2059671301
124	2.3324721705	0.4948776321	-188.1062227362
