site	rate	t	lnL
1	2.2725008421	0.0066739816	-11.1520791207
2	0.9824947185	0.0066739816	-13.1720048362
3	0.0000000000	0.0066739816	-4.0738898705
4	0.0000000000	0.0066739816	-3.4657359028
5	0.0000000000	0.0066739816	-2.5114659229
6	0.0000000000	0.0066739816	-2.1657200495
7	0.0000000000	0.0066739816	-4.0738898705
8	0.9661523876	0.0066739816	-10.0250994135
9	1.3422377083	0.0066739816	-10.7996023225
10	0.0000000000	0.0066739816	-2.4468303567
11	0.0000000000	0.0066739816	-2.2945529213
12	1.8835517296	0.0066739816	-13.5930709929
13	1.3904976565	0.0066739816	-14.7007177911
14	1.2910561845	0.0066739816	-11.2822999950
15	0.0000000000	0.0066739816	-3.0104570890
16	1.8738858527	0.0066739816	-18.1848471029
17	0.9773878895	0.0066739816	-13.1933826388
18	4.0581003047	0.0066739816	-19.8024848887
19	0.0000000000	0.0066739816	-2.4468303567
20	0.0000000000	0.0066739816	-2.3250121288
21	0.0000000000	0.0066739816	-3.6758597409
22	4.1803345654	0.0066739816	-27.5685959518
23	1.3694009727	0.0066739816	-12.4543835121
24	2.0148322244	0.0066739816	-9.9488019945
25	0.0000000000	0.0066739816	-2.1657200495
26	0.0000000000	0.0066739816	-3.6758597409
27	0.9149334370	0.0066739816	-10.2176262116
28	0.0000000000	0.0066739816	-2.5114659229
29	2.4700702742	0.0066739816	-12.5916218397
30	0.0000000000	0.0066739816	-2.5114659229
31	0.0000000000	0.0066739816	-2.7408400239
32	0.0000000000	0.0066739816	-3.4146442416
33	2.0606773197	0.0066739816	-14.5433216057
34	0.0000000000	0.0066739816	-3.4070106168
35	0.0000000000	0.0066739816	-3.0104570890
36	2.3153253078	0.0066739816	-11.7371332195
37	0.0000000000	0.0066739816	-2.2945529213
38	0.9667265678	0.0066739816	-10.2347703301
39	0.0000000000	0.0066739816	-2.1657200495
40	0.0000000000	0.0066739816	-2.1657200495
41	0.0000000000	0.0066739816	-2.7408400239
42	4.0980857685	0.0066739816	-18.3673887969
43	0.0000000000	0.0066739816	-3.6758597409
44	1.2493769966	0.0066739816	-9.1155631526
45	4.1003900871	0.0066739816	-18.2660857842
46	0.0000000000	0.0066739816	-2.3250121288
47	1.3529086525	0.0066739816	-11.7551678420
48	2.0354025600	0.0066739816	-13.0667496074
49	2.7023111000	0.0066739816	-22.1662013449
50	0.9698759122	0.0066739816	-13.1849229702
51	0.0000000000	0.0066739816	-2.3250121288
52	0.0000000000	0.0066739816	-2.7369413835
53	0.0000000000	0.0066739816	-2.2945529213
54	2.6205823674	0.0066739816	-22.0384937376
55	0.0000000000	0.0066739816	-2.7369413835
56	0.0000000000	0.0066739816	-2.7408400239
57	0.0000000000	0.0066739816	-2.4468303567
58	0.0000000000	0.0066739816	-2.1657200495
59	0.0000000000	0.0066739816	-2.7369413835
60	0.0000000000	0.0066739816	-2.2945529213
61	0.0000000000	0.0066739816	-2.5114659229
62	2.0471509025	0.0066739816	-15.0907561888
63	0.0000000000	0.0066739816	-2.1657200495
64	0.0000000000	0.0066739816	-2.3250121288
65	3.9047655132	0.0066739816	-25.8442682920
66	0.0000000000	0.0066739816	-3.7061650904
67	0.0000000000	0.0066739816	-2.8901197735
68	0.0000000000	0.0066739816	-2.3250121288
69	0.0000000000	0.0066739816	-2.8901197735
70	0.0000000000	0.0066739816	-3.4779064384
71	1.5333584329	0.0066739816	-11.9477415941
72	0.0000000000	0.0066739816	-2.1657200495
73	0.0000000000	0.0066739816	-2.5114659229
74	1.3327963771	0.0066739816	-9.7036117842
75	0.0000000000	0.0066739816	-2.2945529213
76	4.1781359815	0.0066739816	-21.7809931626
77	1.9799713409	0.0066739816	-12.2588252315
78	3.9826345699	0.0066739816	-33.7665356345
79	0.0000000000	0.0066739816	-2.1657200495
80	4.5593614408	0.0066739816	-10.8815783699
81	0.7579939059	0.0066739816	-11.6824728869
82	0.0000000000	0.0066739816	-3.7917788431
83	1.8291642219	0.0066739816	-9.5267837348
84	5.6436876061	0.0066739816	-37.0694374393
85	2.0010145206	0.0066739816	-10.1976173553
86	5.5295857914	0.0066739816	-37.1261237983
87	0.0000000000	0.0066739816	-2.1657200495
88	0.0000000000	0.0066739816	-3.8552006696
89	0.0000000000	0.0066739816	-2.1657200495
90	2.0635585804	0.0066739816	-14.5302751983
91	0.0000000000	0.0066739816	-2.5114659229
92	0.0000000000	0.0066739816	-2.2945529213
93	0.0000000000	0.0066739816	-3.4070106168
94	0.0000000000	0.0066739816	-2.2945529213
95	3.6795434986	0.0066739816	-16.0835997262
96	0.0000000000	0.0066739816	-2.4468303567
97	13.5521970030	0.0066739816	-27.4761695851
98	0.0000000000	0.0066739816	-2.3250121288
99	2.0148319347	0.0066739816	-9.9488019945
100	0.0000000000	0.0066739816	-2.3250121288
101	0.0000000000	0.0066739816	-3.4985257256
102	0.9627380531	0.0066739816	-14.0558756209
103	2.3684256630	0.0066739816	-13.4051971021
104	0.9509386879	0.0066739816	-11.6457923526
105	3.9007857871	0.0066739816	-29.3819548606
106	0.0000000000	0.0066739816	-3.4070106168
107	1.2509067303	0.0066739816	-14.5675773767
108	0.0000000000	0.0066739816	-3.4985257256
109	3.7353299108	0.0066739816	-19.9154130496
110	0.0000000000	0.0066739816	-3.0104570890
111	0.0000000000	0.0066739816	-2.5114659229
112	7.7237342177	0.0066739816	-27.1510527885
113	4.6407226996	0.0066739816	-13.6498831753
114	0.0000000000	0.0066739816	-3.7917788431
115	2.0589740435	0.0066739816	-13.9168848953
116	5.0039466157	0.0066739816	-25.1233149577
117	1.0835500898	0.0066739816	-12.7147006196
118	0.0000000000	0.0066739816	-2.7369413835
119	1.0786619267	0.0066739816	-13.6766871316
120	1.8502806342	0.0066739816	-9.4404985709
121	0.0000000000	0.0066739816	-3.4146442416
122	0.0000000000	0.0066739816	-2.5114659229
123	0.7984046585	0.0066739816	-15.3659914558
124	4.0356444373	0.0066739816	-17.4943627556
