site	rate	t	lnL
1	1.5043819503	0.0069084864	-12.6401075666
2	9.4444676198	0.0069084864	-29.6044187482
3	3.9214151823	0.0069084864	-29.2723115984
4	0.0000000000	0.0069084864	-2.7408400239
5	0.0000000000	0.0069084864	-2.6058448594
6	0.0000000000	0.0069084864	-1.9889081485
7	0.0000000000	0.0069084864	-1.9889081485
8	0.8459042654	0.0069084864	-12.4340575453
9	0.0000000000	0.0069084864	-3.2234224354
10	0.0000000000	0.0069084864	-2.7253358374
11	0.0000000000	0.0069084864	-2.7253358374
12	3.0083796897	0.0069084864	-19.9341143160
13	1.8556683800	0.0069084864	-10.4059893982
14	0.0000000000	0.0069084864	-2.8654824691
15	1.0963132094	0.0069084864	-8.7947292657
16	0.0000000000	0.0069084864	-2.8610674509
17	0.0000000000	0.0069084864	-3.0495755056
18	0.0000000000	0.0069084864	-2.8654824691
19	1.4960062040	0.0069084864	-13.8161146599
20	0.0000000000	0.0069084864	-2.7369413835
21	0.0000000000	0.0069084864	-1.9889081485
22	1.5029858215	0.0069084864	-11.4817811441
23	0.0000000000	0.0069084864	-3.2234224354
24	0.0000000000	0.0069084864	-2.7369413835
25	1.2537647039	0.0069084864	-10.2477269838
26	0.0000000000	0.0069084864	-2.8654824691
27	8.9332323427	0.0069084864	-41.9415586815
28	0.0000000000	0.0069084864	-2.6058448594
29	0.0000000000	0.0069084864	-1.9889081485
30	0.0000000000	0.0069084864	-3.6610446551
31	3.1444526343	0.0069084864	-13.0520759301
32	0.0000000000	0.0069084864	-3.1042339181
33	0.0000000000	0.0069084864	-4.1039673258
34	1.2537647189	0.0069084864	-10.2477269838
35	1.5732882913	0.0069084864	-12.5946605693
36	0.7047689462	0.0069084864	-12.1817440565
37	1.4933402357	0.0069084864	-29.1578982434
38	0.0000000000	0.0069084864	-2.7138634362
39	0.0000000000	0.0069084864	-2.7253358374
40	0.0000000000	0.0069084864	-1.9889081485
41	0.0000000000	0.0069084864	-2.8610674509
42	0.0000000000	0.0069084864	-2.2710805651
43	0.0000000000	0.0069084864	-3.6610446551
44	4.3870911789	0.0069084864	-28.2546110337
45	3.2556418608	0.0069084864	-22.2542261762
46	0.0000000000	0.0069084864	-2.7369413835
47	0.0000000000	0.0069084864	-3.5367469384
48	0.0000000000	0.0069084864	-3.9955580273
49	0.0000000000	0.0069084864	-3.0495755056
50	1.0691535879	0.0069084864	-9.3464986074
51	0.0000000000	0.0069084864	-2.7369413835
52	2.5417385578	0.0069084864	-21.5922499477
53	0.0000000000	0.0069084864	-1.9889081485
54	0.0000000000	0.0069084864	-3.0495755056
55	0.0000000000	0.0069084864	-1.9889081485
56	0.6972900215	0.0069084864	-10.7930659095
57	0.0000000000	0.0069084864	-3.6610446551
58	0.0000000000	0.0069084864	-2.2710805651
59	1.3086667486	0.0069084864	-12.7962091490
60	2.4743054887	0.0069084864	-24.8919772375
61	0.0000000000	0.0069084864	-2.6058448594
62	0.0000000000	0.0069084864	-2.2710805651
63	3.4414646502	0.0069084864	-24.8339160470
64	0.0000000000	0.0069084864	-2.7369413835
65	0.0000000000	0.0069084864	-3.2234224354
66	0.0000000000	0.0069084864	-1.9889081485
67	3.3239419700	0.0069084864	-26.4665628387
68	2.2726511799	0.0069084864	-23.1623439348
69	2.6455980242	0.0069084864	-20.5324399067
70	0.0000000000	0.0069084864	-2.7408400239
71	0.0000000000	0.0069084864	-3.5367469384
72	0.0000000000	0.0069084864	-1.9889081485
73	0.0000000000	0.0069084864	-2.6058448594
74	3.0478668705	0.0069084864	-19.8671539896
75	2.2510878398	0.0069084864	-18.6713385401
76	0.8387842728	0.0069084864	-12.0311198357
77	0.0000000000	0.0069084864	-2.6058448594
78	0.7018904529	0.0069084864	-14.5684536706
79	6.2988188261	0.0069084864	-28.5394110006
80	2.2527026226	0.0069084864	-27.9631680981
81	2.1568806301	0.0069084864	-18.7608822371
82	2.4885863027	0.0069084864	-20.2163733369
83	0.0000000000	0.0069084864	-2.6058448594
84	0.0000000000	0.0069084864	-3.4418303819
85	0.0000000000	0.0069084864	-2.6058448594
86	4.8752157388	0.0069084864	-27.3230491383
87	2.5500944947	0.0069084864	-25.0317498008
88	1.0905703593	0.0069084864	-10.4402229356
89	0.0000000000	0.0069084864	-2.8610674509
90	1.4711921401	0.0069084864	-13.0038552616
91	4.8405982405	0.0069084864	-17.6061890780
92	2.2855823424	0.0069084864	-19.9975882826
93	0.0000000000	0.0069084864	-2.2710805651
94	0.0000000000	0.0069084864	-2.2710805651
95	0.0000000000	0.0069084864	-2.8610674509
96	5.3032110264	0.0069084864	-37.0111435224
97	1.0944807439	0.0069084864	-11.8717468882
98	2.6134357870	0.0069084864	-17.6917459265
99	0.7419920865	0.0069084864	-12.7573166089
100	0.0000000000	0.0069084864	-2.7253358374
101	1.0922099080	0.0069084864	-8.7984600285
102	1.1085338085	0.0069084864	-13.5731900755
103	0.0000000000	0.0069084864	-1.9889081485
104	0.0000000000	0.0069084864	-2.7253358374
105	0.0000000000	0.0069084864	-3.0495755056
106	1.3234277254	0.0069084864	-14.0478834486
107	0.0000000000	0.0069084864	-2.8654824691
108	3.3393416067	0.0069084864	-27.5231349086
109	0.0000000000	0.0069084864	-3.1042339181
110	0.0000000000	0.0069084864	-2.7138634362
111	0.0000000000	0.0069084864	-2.6058448594
112	0.8637101244	0.0069084864	-9.8063319455
113	1.0775541359	0.0069084864	-9.5858986573
114	0.0000000000	0.0069084864	-3.4418303819
115	0.0000000000	0.0069084864	-2.7408400239
116	1.9278364627	0.0069084864	-14.4927628411
117	1.6622969272	0.0069084864	-13.7464892772
118	0.0000000000	0.0069084864	-2.8654824691
119	0.0000000000	0.0069084864	-1.9889081485
120	1.8788556042	0.0069084864	-10.9313089689
121	2.4499046411	0.0069084864	-12.1815353667
122	1.1061881463	0.0069084864	-12.8908524698
123	0.0000000000	0.0069084864	-1.9889081485
124	0.0000000000	0.0069084864	-2.7369413835
