site	rate	t	lnL
1	0.0000000000	0.0055872909	-2.9957322736
2	0.0000000000	0.0055872909	-2.9957322736
3	3.0441045942	0.0055872909	-19.1362459866
4	0.0000000000	0.0055872909	-2.9957322736
5	0.0000000000	0.0055872909	-2.9957322736
6	0.0000000000	0.0055872909	-2.9957322736
7	0.0000000000	0.0055872909	-2.9957322736
8	0.0000000000	0.0055872909	-2.9957322736
9	0.0000000000	0.0055872909	-2.9957322736
10	7.7402626472	0.0055872909	-38.6858326558
11	0.0000000000	0.0055872909	-2.9957322736
12	3.0440997429	0.0055872909	-19.1362475003
13	1.5148744587	0.0055872909	-11.7636180684
14	0.0000000000	0.0055872909	-2.9957322736
15	1.5148734296	0.0055872909	-11.7636184348
16	0.0000000000	0.0055872909	-2.9957322736
17	0.0000000000	0.0055872909	-2.9957322736
18	3.0441045542	0.0055872909	-19.1362459866
19	3.0441045791	0.0055872909	-19.1362459807
20	3.0441045698	0.0055872909	-19.1362459866
21	1.5148745206	0.0055872909	-11.7636180681
22	0.0000000000	0.0055872909	-2.9957322736
23	0.0000000000	0.0055872909	-2.9957322736
24	0.0000000000	0.0055872909	-2.9957322736
25	4.5923096618	0.0055872909	-25.9738829561
26	1.5148733978	0.0055872909	-11.7636184348
27	0.0000000000	0.0055872909	-2.9957322736
28	0.0000000000	0.0055872909	-2.9957322736
29	0.0000000000	0.0055872909	-2.9957322736
30	1.5142179112	0.0055872909	-11.7640463154
31	1.5142176419	0.0055872909	-11.7640463154
32	0.0000000000	0.0055872909	-2.9957322736
33	0.0000000000	0.0055872909	-2.9957322736
34	3.0454554344	0.0055872909	-19.1353775108
35	0.0000000000	0.0055872909	-2.9957322736
36	1.5148746380	0.0055872909	-11.7636180684
37	0.0000000000	0.0055872909	-2.9957322736
38	0.0000000000	0.0055872909	-2.9957322736
39	0.0000000000	0.0055872909	-2.9957322736
40	1.5142179123	0.0055872909	-11.7640463154
41	0.0000000000	0.0055872909	-2.9957322736
42	3.0454601747	0.0055872909	-19.1353759931
43	0.0000000000	0.0055872909	-2.9957322736
44	1.5148733433	0.0055872909	-11.7636184348
45	1.5142176523	0.0055872909	-11.7640463154
46	0.0000000000	0.0055872909	-2.9957322736
47	1.5148733880	0.0055872909	-11.7636184348
48	1.5148733562	0.0055872909	-11.7636184348
49	0.0000000000	0.0055872909	-2.9957322736
50	1.5148744589	0.0055872909	-11.7636180684
51	0.0000000000	0.0055872909	-2.9957322736
52	0.0000000000	0.0055872909	-2.9957322736
53	0.0000000000	0.0055872909	-2.9957322736
54	0.0000000000	0.0055872909	-2.9957322736
55	3.0440998011	0.0055872909	-19.1362475003
56	0.0000000000	0.0055872909	-2.9957322736
57	0.0000000000	0.0055872909	-2.9957322736
58	7.7461801663	0.0055872909	-37.5831472867
59	1.5142178649	0.0055872909	-11.7640463154
60	0.0000000000	0.0055872909	-2.9957322736
61	0.0000000000	0.0055872909	-2.9957322736
62	0.0000000000	0.0055872909	-2.9957322736
63	0.0000000000	0.0055872909	-2.9957322736
64	0.0000000000	0.0055872909	-2.9957322736
65	0.0000000000	0.0055872909	-2.9957322736
66	0.0000000000	0.0055872909	-2.9957322736
67	0.0000000000	0.0055872909	-2.9957322736
68	1.5142177867	0.0055872909	-11.7640463154
69	0.0000000000	0.0055872909	-2.9957322736
70	1.5148744443	0.0055872909	-11.7636180681
71	3.0427454778	0.0055872909	-19.1371170940
72	0.0000000000	0.0055872909	-2.9957322736
73	0.0000000000	0.0055872909	-2.9957322736
74	4.5880455581	0.0055872909	-25.9765553378
75	0.0000000000	0.0055872909	-2.9957322736
76	1.5142176663	0.0055872909	-11.7640463154
77	0.0000000000	0.0055872909	-2.9957322736
78	3.0440998801	0.0055872909	-19.1362475003
79	4.5880567918	0.0055872909	-25.9765518096
80	0.0000000000	0.0055872909	-2.9957322736
81	1.5148745810	0.0055872909	-11.7636180681
82	0.0000000000	0.0055872909	-2.9957322736
83	1.5142177895	0.0055872909	-11.7640463154
84	0.0000000000	0.0055872909	-2.9957322736
85	0.0000000000	0.0055872909	-2.9957322736
86	0.0000000000	0.0055872909	-2.9957322736
87	0.0000000000	0.0055872909	-2.9957322736
88	0.0000000000	0.0055872909	-2.9957322736
89	1.5142177877	0.0055872909	-11.7640463154
90	0.0000000000	0.0055872909	-2.9957322736
91	0.0000000000	0.0055872909	-2.9957322736
92	1.5142179112	0.0055872909	-11.7640463154
93	0.0000000000	0.0055872909	-2.9957322736
94	0.0000000000	0.0055872909	-2.9957322736
95	0.0000000000	0.0055872909	-2.9957322736
96	0.0000000000	0.0055872909	-2.9957322736
97	1.5142178066	0.0055872909	-11.7640463154
98	0.0000000000	0.0055872909	-2.9957322736
99	0.0000000000	0.0055872909	-2.9957322736
100	0.0000000000	0.0055872909	-2.9957322736
101	0.0000000000	0.0055872909	-2.9957322736
102	4.5880455036	0.0055872909	-25.9765553378
103	3.0441996996	0.0055872909	-19.1362475014
104	1.5148733651	0.0055872909	-11.7636184348
105	0.0000000000	0.0055872909	-2.9957322736
106	1.5142177413	0.0055872909	-11.7640463154
107	0.0000000000	0.0055872909	-2.9957322736
108	1.5148733645	0.0055872909	-11.7636184348
109	1.5142179078	0.0055872909	-11.7640463154
110	1.5142176657	0.0055872909	-11.7640463154
111	0.0000000000	0.0055872909	-2.9957322736
112	1.5148735208	0.0055872909	-11.7636184348
113	0.0000000000	0.0055872909	-2.9957322736
114	3.0454648936	0.0055872909	-19.1353744806
115	1.5142176638	0.0055872909	-11.7640463154
116	0.0000000000	0.0055872909	-2.9957322736
117	0.0000000000	0.0055872909	-2.9957322736
118	0.0000000000	0.0055872909	-2.9957322736
119	1.5148734879	0.0055872909	-11.7636184348
120	3.0440998339	0.0055872909	-19.1362475003
121	1.5142177091	0.0055872909	-11.7640463154
122	0.0000000000	0.0055872909	-2.9957322736
123	1.5148733888	0.0055872909	-11.7636184348
124	3.0441138628	0.0055872909	-19.1362429889
