site	rate	t	lnL
1	2.0452156601	0.3713594278	-182.2941264185
2	0.8091284213	0.3713594278	-144.4476645674
3	2.0074414025	0.3713594278	-199.2872359964
4	2.1004423561	0.3713594278	-187.0193787428
5	0.0481311732	0.3713594278	-18.8045467344
6	5.4187166315	0.3713594278	-193.2306523802
7	0.8317653488	0.3713594278	-132.7461518410
8	1.2015037417	0.3713594278	-158.2648723483
9	1.3973553951	0.3713594278	-180.9209727721
10	1.6255060433	0.3713594278	-179.7229559081
11	0.3369705438	0.3713594278	-78.5612535394
12	2.2379670813	0.3713594278	-195.2293899924
13	1.5207691518	0.3713594278	-170.6093587972
14	0.6927827482	0.3713594278	-129.8240289698
15	0.4311146163	0.3713594278	-92.8152090750
16	2.4881664313	0.3713594278	-191.3126943082
17	2.1660815069	0.3713594278	-180.6908847029
18	1.2134390239	0.3713594278	-162.3081018259
19	1.6133543737	0.3713594278	-171.5682496306
20	0.1693357293	0.3713594278	-50.5528124570
21	0.9785767481	0.3713594278	-160.1539295122
22	1.9882507661	0.3713594278	-187.8241778889
23	0.7728089895	0.3713594278	-129.9878011411
24	0.2674992058	0.3713594278	-75.3234376873
25	1.7393553778	0.3713594278	-186.9716589108
26	0.3187929011	0.3713594278	-79.6799364367
27	0.3230138234	0.3713594278	-79.1717078819
28	0.0000000000	0.3713594278	-2.3524468997
29	0.9541416114	0.3713594278	-141.2310332671
30	1.0465403985	0.3713594278	-151.9267884736
31	100.7703317827	0.3713594278	-193.1418585740
32	1.2360997392	0.3713594278	-162.1682654207
33	0.1882100128	0.3713594278	-57.2916825003
34	1.4449130455	0.3713594278	-175.3252681248
35	1.6231335534	0.3713594278	-170.8246123132
36	1.8532209966	0.3713594278	-186.6770923855
37	1.1763886441	0.3713594278	-171.2525248670
38	2.6630240199	0.3713594278	-181.6922487693
39	2.3775778327	0.3713594278	-183.4150944137
40	1.2406921856	0.3713594278	-170.5929945260
41	1.9277065754	0.3713594278	-191.3221522011
42	2.1417743773	0.3713594278	-189.0412642244
43	2.7550656018	0.3713594278	-188.0386687029
44	2.6278224503	0.3713594278	-194.4840596098
45	1.4548601709	0.3713594278	-175.4269146679
46	0.8086227479	0.3713594278	-135.0163674751
47	0.5119627819	0.3713594278	-106.6332189404
48	2.2818239365	0.3713594278	-183.6920186152
49	1.0632927276	0.3713594278	-164.1624707506
50	0.6466563125	0.3713594278	-124.1385157257
51	0.0000000000	0.3713594278	-2.6075528017
52	0.3729582907	0.3713594278	-83.6976743186
53	0.8144908849	0.3713594278	-130.9242993427
54	1.2474852871	0.3713594278	-160.5631171918
55	0.3903250761	0.3713594278	-88.6671588669
56	0.8854321150	0.3713594278	-155.5060157335
57	0.1155017924	0.3713594278	-40.4565442796
58	1.2315022919	0.3713594278	-162.4400464486
59	1.8115310864	0.3713594278	-182.1887137549
60	1.0122386291	0.3713594278	-146.6077825002
61	0.0726598673	0.3713594278	-24.4942948042
62	1.5595934171	0.3713594278	-171.1450480219
63	0.2866670218	0.3713594278	-77.1514432786
64	0.7911331963	0.3713594278	-143.2145440551
65	1.7458403007	0.3713594278	-187.2391047099
66	0.3882329555	0.3713594278	-91.0437812780
67	2.1674417817	0.3713594278	-182.9161060830
68	0.4680126695	0.3713594278	-104.7850502553
69	2.5046277859	0.3713594278	-187.0063437670
70	2.1855482560	0.3713594278	-181.3361726657
71	1.4169249533	0.3713594278	-166.1009158499
72	1.5565067020	0.3713594278	-191.9123518839
73	0.0481266258	0.3713594278	-19.2402406253
74	1.6873371315	0.3713594278	-179.1495937964
75	0.8786661844	0.3713594278	-136.4813896205
76	1.8806520212	0.3713594278	-189.9452979855
77	0.0239340031	0.3713594278	-11.1470058128
78	2.3613694877	0.3713594278	-192.2469533701
79	2.2165502655	0.3713594278	-187.9788128366
80	0.5825123963	0.3713594278	-119.4663442288
81	0.7232056983	0.3713594278	-130.7464964520
82	1.7627039152	0.3713594278	-180.7615016409
83	2.2000762521	0.3713594278	-181.7554202791
84	0.6001950022	0.3713594278	-125.7668390893
85	0.8014372800	0.3713594278	-135.0767430116
86	1.1007967461	0.3713594278	-169.9157426982
87	1.1739730086	0.3713594278	-174.0138076473
88	0.5693673258	0.3713594278	-124.1110414008
89	0.4014226745	0.3713594278	-86.6220213329
90	2.1522860988	0.3713594278	-184.4314130524
91	0.0480799832	0.3713594278	-19.3659120142
92	0.9385491947	0.3713594278	-140.5246831790
93	1.2568957395	0.3713594278	-165.8274554889
94	0.7212637502	0.3713594278	-124.8980799679
95	0.6302525731	0.3713594278	-125.8932613910
96	1.7153246766	0.3713594278	-183.3108226042
97	2.4779359117	0.3713594278	-182.7549635251
98	1.2786496026	0.3713594278	-169.2564847535
99	1.5603917397	0.3713594278	-177.4950745414
100	0.1690917114	0.3713594278	-48.5025494606
101	0.2805886797	0.3713594278	-64.6848493026
102	1.7789726568	0.3713594278	-187.4101155444
103	1.8928748610	0.3713594278	-174.7935728637
104	0.0228472507	0.3713594278	-10.9379854618
105	1.4995228563	0.3713594278	-188.8001641845
106	2.4968837431	0.3713594278	-190.2214155076
107	0.5209894278	0.3713594278	-111.4221287345
108	1.9010629023	0.3713594278	-181.6014974446
109	1.5592171375	0.3713594278	-177.2919128387
110	2.7458998061	0.3713594278	-183.6905717213
111	0.0000000000	0.3713594278	-2.3524468997
112	3.3137184378	0.3713594278	-192.5837942695
113	2.6866613590	0.3713594278	-196.7226756218
114	0.6591233842	0.3713594278	-130.9504962247
115	1.1957955635	0.3713594278	-164.8991715713
116	2.1635261985	0.3713594278	-188.5654641261
117	1.7528155601	0.3713594278	-174.9848270224
118	1.1794655891	0.3713594278	-171.4174001064
119	1.1499258850	0.3713594278	-167.9660186147
120	2.9631903266	0.3713594278	-190.2516448142
121	0.4106628107	0.3713594278	-96.3991795769
122	0.3109455702	0.3713594278	-71.5547876921
123	2.4853438975	0.3713594278	-199.0183985533
124	3.6308215437	0.3713594278	-193.3751309269
