site	rate	t	lnL
1	0.0000000000	0.0009594726	-3.7216692769
2	0.0000000000	0.0009594726	-2.6282789322
3	0.0000000000	0.0009594726	-2.6282789322
4	0.0000000000	0.0009594726	-3.2425923515
5	0.0000000000	0.0009594726	-2.8654824691
6	0.0000000000	0.0009594726	-3.4339872045
7	0.0000000000	0.0009594726	-2.2601514946
8	0.0000000000	0.0009594726	-2.7685645719
9	29.4905524561	0.0009594726	-17.8294238404
10	0.0000000000	0.0009594726	-3.2046131034
11	0.0000000000	0.0009594726	-2.2601514946
12	14.3459043773	0.0009594726	-22.9228263745
13	0.0000000000	0.0009594726	-3.0233272795
14	7.7161790347	0.0009594726	-13.0530994028
15	0.0000000000	0.0009594726	-2.2601514946
16	0.0000000000	0.0009594726	-2.8588672300
17	0.0000000000	0.0009594726	-2.4266567619
18	0.0000000000	0.0009594726	-2.6282789322
19	0.0000000000	0.0009594726	-3.0233272795
20	0.0000000000	0.0009594726	-2.4266567619
21	0.0000000000	0.0009594726	-2.4195494115
22	0.0000000000	0.0009594726	-3.4339872045
23	0.0000000000	0.0009594726	-2.4195494115
24	0.0000000000	0.0009594726	-3.4032155458
25	0.0000000000	0.0009594726	-3.7216692769
26	0.0000000000	0.0009594726	-2.6282789322
27	0.0000000000	0.0009594726	-2.4195494115
28	0.0000000000	0.0009594726	-2.3353749158
29	0.0000000000	0.0009594726	-2.2601514946
30	0.0000000000	0.0009594726	-2.2601514946
31	0.0000000000	0.0009594726	-3.4339872045
32	0.0000000000	0.0009594726	-3.0233272795
33	0.0000000000	0.0009594726	-3.4108201452
34	0.0000000000	0.0009594726	-3.0233272795
35	0.0000000000	0.0009594726	-2.7685645719
36	0.0000000000	0.0009594726	-2.3353749158
37	0.0000000000	0.0009594726	-2.4195494115
38	0.0000000000	0.0009594726	-3.0233272795
39	0.0000000000	0.0009594726	-3.2046131034
40	14.6401816652	0.0009594726	-12.1045483027
41	0.0000000000	0.0009594726	-3.4537117098
42	0.0000000000	0.0009594726	-3.6858598242
43	0.0000000000	0.0009594726	-3.4339872045
44	0.0000000000	0.0009594726	-2.8588672300
45	0.0000000000	0.0009594726	-3.2425923515
46	0.0000000000	0.0009594726	-2.4266567619
47	0.0000000000	0.0009594726	-2.2601514946
48	0.0000000000	0.0009594726	-2.2601514946
49	0.0000000000	0.0009594726	-3.0233272795
50	0.0000000000	0.0009594726	-4.8202815656
51	0.0000000000	0.0009594726	-2.4266567619
52	0.0000000000	0.0009594726	-3.4032155458
53	0.0000000000	0.0009594726	-2.2601514946
54	0.0000000000	0.0009594726	-2.8588672300
55	0.0000000000	0.0009594726	-3.4339872045
56	0.0000000000	0.0009594726	-3.7164744601
57	0.0000000000	0.0009594726	-3.7164744601
58	0.0000000000	0.0009594726	-3.2425923515
59	0.0000000000	0.0009594726	-3.4108201452
60	9.2911113663	0.0009594726	-13.6061333404
61	0.0000000000	0.0009594726	-2.3353749158
62	0.0000000000	0.0009594726	-2.3353749158
63	0.0000000000	0.0009594726	-2.4195494115
64	0.0000000000	0.0009594726	-2.4266567619
65	0.0000000000	0.0009594726	-2.4266567619
66	0.0000000000	0.0009594726	-3.4339872045
67	0.0000000000	0.0009594726	-2.8588672300
68	0.0000000000	0.0009594726	-2.4266567619
69	0.0000000000	0.0009594726	-2.8654824691
70	0.0000000000	0.0009594726	-2.7685645719
71	0.0000000000	0.0009594726	-2.8654824691
72	7.2828663795	0.0009594726	-12.1969095207
73	0.0000000000	0.0009594726	-2.3353749158
74	19.2472885868	0.0009594726	-11.2425645178
75	0.0000000000	0.0009594726	-2.3353749158
76	0.0000000000	0.0009594726	-2.4195494115
77	0.0000000000	0.0009594726	-2.3353749158
78	15.1266908715	0.0009594726	-20.4864915982
79	0.0000000000	0.0009594726	-2.8654824691
80	0.0000000000	0.0009594726	-2.4195494115
81	0.0000000000	0.0009594726	-2.2601514946
82	0.0000000000	0.0009594726	-3.4537117098
83	19.9854350373	0.0009594726	-10.3102827741
84	0.0000000000	0.0009594726	-2.7685645719
85	0.0000000000	0.0009594726	-2.2601514946
86	0.0000000000	0.0009594726	-2.4266567619
87	0.0000000000	0.0009594726	-2.8588672300
88	0.0000000000	0.0009594726	-3.4108201452
89	0.0000000000	0.0009594726	-3.4339872045
90	0.0000000000	0.0009594726	-3.2046131034
91	0.0000000000	0.0009594726	-2.3353749158
92	0.0000000000	0.0009594726	-2.2601514946
93	0.0000000000	0.0009594726	-3.6858598242
94	0.0000000000	0.0009594726	-2.8654824691
95	0.0000000000	0.0009594726	-2.3353749158
96	9.5509793794	0.0009594726	-13.1255535803
97	0.0000000000	0.0009594726	-2.7685645719
98	0.0000000000	0.0009594726	-2.8654824691
99	0.0000000000	0.0009594726	-2.4195494115
100	0.0000000000	0.0009594726	-2.4266567619
101	0.0000000000	0.0009594726	-3.4339872045
102	0.0000000000	0.0009594726	-2.4195494115
103	0.0000000000	0.0009594726	-2.7685645719
104	0.0000000000	0.0009594726	-2.4195494115
105	0.0000000000	0.0009594726	-2.4195494115
106	0.0000000000	0.0009594726	-2.6282789322
107	0.0000000000	0.0009594726	-2.6282789322
108	7.7515008663	0.0009594726	-13.0484418007
109	5.9596872526	0.0009594726	-11.5891326018
110	0.0000000000	0.0009594726	-2.3353749158
111	0.0000000000	0.0009594726	-2.3353749158
112	0.0000000000	0.0009594726	-3.4032155458
113	0.0000000000	0.0009594726	-2.7685645719
114	0.0000000000	0.0009594726	-3.7216692769
115	0.0000000000	0.0009594726	-2.6282789322
116	0.0000000000	0.0009594726	-3.7164744601
117	0.0000000000	0.0009594726	-2.8588672300
118	0.0000000000	0.0009594726	-3.2046131034
119	0.0000000000	0.0009594726	-3.4032155458
120	0.0000000000	0.0009594726	-2.2601514946
121	0.0000000000	0.0009594726	-2.4266567619
122	0.0000000000	0.0009594726	-2.3353749158
123	0.0000000000	0.0009594726	-3.4108201452
124	0.0000000000	0.0009594726	-2.8654824691
