site	rate	t	lnL
1	2.4599366629	0.5804303803	-190.0223574124
2	0.6724962026	0.5804303803	-140.8149636158
3	1.3823820745	0.5804303803	-180.2849141932
4	6.2585435459	0.5804303803	-194.5148462768
5	0.1996306540	0.5804303803	-52.8996129827
6	3.5140220779	0.5804303803	-188.2367980146
7	0.5640156788	0.5804303803	-117.3771306460
8	0.7592593526	0.5804303803	-148.7155522848
9	3.7816331989	0.5804303803	-190.9724525563
10	2.5202881916	0.5804303803	-192.6312770378
11	0.4899701128	0.5804303803	-101.3505230210
12	2.7406612098	0.5804303803	-195.0262670602
13	1.7606031057	0.5804303803	-169.6040520311
14	2.0530603998	0.5804303803	-177.9254427707
15	0.8598613281	0.5804303803	-142.7465043307
16	2.0212645944	0.5804303803	-188.1598194121
17	1.7728899711	0.5804303803	-171.3929198720
18	1.1244791064	0.5804303803	-134.2055014933
19	2.0918410334	0.5804303803	-175.9974153451
20	0.1131854244	0.5804303803	-29.7621073380
21	0.6734725197	0.5804303803	-139.2676575048
22	2.2085343118	0.5804303803	-189.1643318056
23	0.6941313569	0.5804303803	-129.5091140829
24	0.1668687329	0.5804303803	-45.4056301116
25	1.5009872325	0.5804303803	-168.8207194604
26	0.4770951334	0.5804303803	-75.6393710746
27	0.2614384792	0.5804303803	-84.1332681680
28	0.0000000000	0.5804303803	-2.4453758110
29	0.1377321944	0.5804303803	-56.4924237130
30	0.5677901749	0.5804303803	-144.3481098328
31	5.7851123012	0.5804303803	-194.0161206092
32	0.6059111351	0.5804303803	-140.8555568021
33	0.1901025896	0.5804303803	-75.8923402813
34	1.5661270497	0.5804303803	-180.8303561262
35	1.2812208569	0.5804303803	-157.4295105665
36	3.3725293105	0.5804303803	-186.4710041646
37	1.3151586595	0.5804303803	-169.6486284475
38	1.9938493242	0.5804303803	-179.5682884530
39	5.2132476760	0.5804303803	-188.0803477721
40	1.2522252075	0.5804303803	-180.9951460008
41	0.7034951650	0.5804303803	-155.2047727089
42	4.2356709642	0.5804303803	-192.6880550158
43	5.1705800314	0.5804303803	-192.7768354923
44	2.6016806300	0.5804303803	-193.4949513449
45	2.0132025651	0.5804303803	-176.8950870219
46	0.9887497206	0.5804303803	-136.1577373622
47	0.3009435743	0.5804303803	-106.0879958773
48	1.6409248448	0.5804303803	-179.1201026400
49	1.2507546633	0.5804303803	-183.4835926973
50	0.7345273227	0.5804303803	-138.8375318617
51	0.0278385980	0.5804303803	-10.4201811065
52	0.2493160284	0.5804303803	-68.7182868211
53	1.5350675289	0.5804303803	-163.7106653429
54	0.8625842223	0.5804303803	-153.2884997788
55	0.2970413897	0.5804303803	-98.1693819326
56	1.2116519603	0.5804303803	-181.6109882628
57	0.2317343715	0.5804303803	-75.2555502197
58	1.4287436448	0.5804303803	-168.7517020103
59	313.0940875961	0.5804303803	-194.1127660749
60	0.5484498459	0.5804303803	-90.5255278678
61	0.0251451375	0.5804303803	-11.5534822330
62	2.9697034982	0.5804303803	-192.2056154992
63	1.0427860371	0.5804303803	-155.9617716232
64	0.8899355819	0.5804303803	-135.4345040352
65	1.7012315578	0.5804303803	-193.0522155690
66	0.1835325635	0.5804303803	-76.0838547361
67	3.3221684984	0.5804303803	-198.4135549063
68	1.4083990715	0.5804303803	-175.1214563805
69	2.8935742020	0.5804303803	-185.8737951925
70	2.0002157811	0.5804303803	-180.8854648264
71	2.1526236496	0.5804303803	-182.7906046644
72	1.2106218686	0.5804303803	-172.3013981659
73	0.0516532308	0.5804303803	-22.7524774580
74	1.3239180773	0.5804303803	-157.2167840682
75	0.7338807774	0.5804303803	-136.0531547448
76	1.5433428177	0.5804303803	-179.3140393141
77	0.0251554144	0.5804303803	-11.5090473864
78	2.9894876247	0.5804303803	-186.0719807591
79	1.3298107574	0.5804303803	-157.5665568691
80	0.7731560289	0.5804303803	-148.6178259239
81	1.1218004996	0.5804303803	-154.3875015439
82	3.1008189212	0.5804303803	-188.1589221142
83	11.7836562129	0.5804303803	-198.1856075594
84	0.7287471218	0.5804303803	-134.1008696950
85	0.4164273788	0.5804303803	-114.1133607831
86	0.9768066610	0.5804303803	-189.0477019638
87	2.2500157200	0.5804303803	-179.5759238432
88	0.5493703612	0.5804303803	-136.8564030682
89	0.2032842106	0.5804303803	-71.1169247481
90	1.9394292714	0.5804303803	-181.5102225818
91	0.0507055907	0.5804303803	-19.1521416955
92	0.7423638586	0.5804303803	-133.2249298404
93	2.2838583662	0.5804303803	-184.6626974996
94	0.4868373053	0.5804303803	-110.9162760488
95	0.1871039635	0.5804303803	-87.3992165900
96	1.0156301845	0.5804303803	-165.3785582544
97	2.1108220274	0.5804303803	-174.0729279030
98	2.6161348835	0.5804303803	-183.2844454781
99	2.5251645197	0.5804303803	-192.5581035023
100	0.3751972526	0.5804303803	-75.5888472818
101	0.4474435686	0.5804303803	-111.8202443752
102	1.6535712333	0.5804303803	-178.0136561749
103	3.4762788689	0.5804303803	-176.8996237256
104	0.3871068947	0.5804303803	-74.6434769911
105	1.9116539065	0.5804303803	-201.9435585314
106	1.5068897029	0.5804303803	-169.9850886595
107	0.6320408267	0.5804303803	-112.1591525493
108	3.2894291043	0.5804303803	-183.7189881627
109	4.7696430771	0.5804303803	-193.3046062576
110	1.8781907250	0.5804303803	-181.6706522882
111	0.0253062580	0.5804303803	-11.4828292010
112	2.6156803418	0.5804303803	-182.1041086438
113	1.7255356010	0.5804303803	-188.5949891963
114	0.9368630926	0.5804303803	-156.7702375420
115	2.1307457894	0.5804303803	-194.3430842543
116	5.9136889880	0.5804303803	-194.0850852935
117	2.8992997055	0.5804303803	-195.2362797787
118	1.1270409578	0.5804303803	-153.8925459427
119	0.9512414224	0.5804303803	-163.3039251821
120	2.4642010282	0.5804303803	-183.4130524197
121	1.2040808266	0.5804303803	-158.5076299581
122	0.5222417213	0.5804303803	-101.1262644825
123	2.4412117269	0.5804303803	-180.2500777534
124	3.4157778074	0.5804303803	-195.1663490865
