site	rate	t	lnL
1	6.1023875773	0.5192992333	-189.3648085774
2	0.7413276878	0.5192992333	-148.0971567761
3	1.9738489308	0.5192992333	-175.4465221568
4	2.7020747865	0.5192992333	-183.2205501279
5	0.3457522688	0.5192992333	-79.4245070729
6	1.5725653218	0.5192992333	-190.0678082647
7	0.4003217238	0.5192992333	-109.6041826950
8	0.4117654551	0.5192992333	-135.7726835789
9	1.8937498004	0.5192992333	-175.7505654945
10	2.6291049222	0.5192992333	-182.1163176877
11	0.2622360859	0.5192992333	-85.6315267141
12	1.8716490253	0.5192992333	-195.2737530274
13	2.7440136531	0.5192992333	-178.1888580027
14	1.4139684851	0.5192992333	-154.5170512643
15	0.5129220896	0.5192992333	-135.6406535121
16	3.0059539239	0.5192992333	-180.6638144398
17	2.6765772936	0.5192992333	-175.7683608208
18	1.1641059397	0.5192992333	-149.4129088599
19	2.5325111157	0.5192992333	-181.3451346085
20	0.9733082777	0.5192992333	-108.4114580781
21	0.9173763915	0.5192992333	-151.6242107644
22	2.2918375076	0.5192992333	-164.2571986908
23	0.2946119771	0.5192992333	-97.7926947046
24	0.2135478442	0.5192992333	-32.3079325108
25	1.1849483797	0.5192992333	-178.9489635039
26	0.3370607397	0.5192992333	-68.7360502374
27	0.3729681696	0.5192992333	-103.8439889234
28	0.0000000000	0.5192992333	-2.4082816866
29	0.1598708162	0.5192992333	-72.7849367618
30	0.4623466024	0.5192992333	-126.8980894595
31	3.1945688468	0.5192992333	-185.7543207521
32	0.5668542822	0.5192992333	-143.2549092917
33	0.1194178249	0.5192992333	-54.0483665079
34	1.9039549239	0.5192992333	-170.3064370067
35	4.8569012769	0.5192992333	-180.9472411381
36	2.6077347327	0.5192992333	-189.4381178507
37	2.4104363488	0.5192992333	-172.3432914184
38	2.1405720064	0.5192992333	-186.7761274135
39	465.1474886426	0.5192992333	-192.2535883687
40	1.1408328672	0.5192992333	-157.4668242127
41	1.2318340562	0.5192992333	-167.1226379102
42	4.7844941099	0.5192992333	-193.0398812316
43	1.2939202389	0.5192992333	-165.7217097370
44	296.0700278226	0.5192992333	-195.9895875961
45	1.6626535071	0.5192992333	-166.8512441708
46	0.8601302604	0.5192992333	-104.8186344036
47	0.4794950543	0.5192992333	-119.3762356423
48	0.7934712994	0.5192992333	-163.5342604435
49	1.3096606938	0.5192992333	-175.8301645059
50	0.5190234970	0.5192992333	-124.9954986514
51	0.0389109766	0.5192992333	-10.1643311537
52	0.2817938395	0.5192992333	-86.0394947020
53	0.6720777366	0.5192992333	-143.3816696466
54	1.0361003096	0.5192992333	-156.1213406496
55	0.2178860409	0.5192992333	-80.6283293257
56	0.8682490257	0.5192992333	-176.6232873680
57	0.1839103325	0.5192992333	-64.8682641518
58	1.1086510302	0.5192992333	-149.3388622583
59	3.8405175025	0.5192992333	-192.1791803499
60	0.2792830625	0.5192992333	-91.3640236491
61	0.0643619840	0.5192992333	-23.8494727101
62	2.2811442249	0.5192992333	-181.9554409607
63	0.2936288394	0.5192992333	-64.4427338922
64	1.4548514871	0.5192992333	-149.9869753762
65	2.0419948719	0.5192992333	-188.7981049147
66	0.1327638848	0.5192992333	-56.4646491223
67	4.6627825562	0.5192992333	-193.4070353318
68	0.9741263062	0.5192992333	-116.8776523282
69	3.1338453360	0.5192992333	-195.1565560663
70	3.7013731436	0.5192992333	-195.0353363980
71	1.5478902564	0.5192992333	-167.0989720191
72	2.2424125972	0.5192992333	-182.6282776904
73	0.1339515892	0.5192992333	-40.9208044241
74	1.7571247522	0.5192992333	-172.1418142413
75	0.7683654070	0.5192992333	-158.3627533692
76	4.3199557912	0.5192992333	-190.9488068314
77	0.0426303806	0.5192992333	-16.6572062844
78	2.9207251683	0.5192992333	-177.2120519873
79	3.7455466918	0.5192992333	-186.5097557770
80	0.4438589227	0.5192992333	-134.3150748776
81	0.9711754924	0.5192992333	-167.7531700701
82	2.1032590048	0.5192992333	-187.4762712356
83	3.3239257935	0.5192992333	-188.7785458857
84	1.3025374876	0.5192992333	-152.9994122361
85	1.3074260966	0.5192992333	-167.3750047177
86	1.1848154548	0.5192992333	-178.5710425690
87	7.7823267294	0.5192992333	-181.8509655312
88	0.8793824056	0.5192992333	-164.6424889961
89	0.2652909313	0.5192992333	-86.0388991359
90	3.0288346770	0.5192992333	-190.3887992909
91	0.1992749259	0.5192992333	-52.0982413197
92	0.6933074294	0.5192992333	-135.7993668491
93	3.0092245986	0.5192992333	-181.1567185343
94	0.2587815797	0.5192992333	-78.6864475845
95	0.3605522049	0.5192992333	-129.3236442209
96	1.7086694918	0.5192992333	-182.2280067067
97	435.6956931568	0.5192992333	-186.5762305716
98	2.3962500441	0.5192992333	-180.2238897018
99	1.9987708935	0.5192992333	-182.0099793263
100	1.3877827658	0.5192992333	-139.6841310862
101	0.1825823204	0.5192992333	-74.9220535109
102	6.0535727975	0.5192992333	-200.9572320026
103	1.6820006799	0.5192992333	-167.8356027809
104	0.2862543595	0.5192992333	-64.4208925228
105	2.3569010073	0.5192992333	-186.8012601056
106	2.4235858112	0.5192992333	-176.4614509348
107	0.4383717993	0.5192992333	-114.0411377247
108	1.7969615260	0.5192992333	-178.1232672287
109	297.1444984508	0.5192992333	-192.5708490574
110	2.2813231992	0.5192992333	-188.1840182731
111	0.0000000000	0.5192992333	-2.4082816866
112	4.2183316879	0.5192992333	-189.0016662031
113	2.2205888181	0.5192992333	-180.3118227467
114	0.7775000300	0.5192992333	-116.2658069827
115	1.2859807914	0.5192992333	-163.3365878323
116	2.0605576772	0.5192992333	-196.0925175867
117	5.7069525794	0.5192992333	-183.1315827351
118	1.2214796008	0.5192992333	-163.7500093199
119	1.5539096576	0.5192992333	-195.0222925852
120	120.4997548329	0.5192992333	-193.4641714765
121	0.4812664544	0.5192992333	-69.3041512777
122	0.3678311661	0.5192992333	-84.9644632491
123	154.8745545393	0.5192992333	-195.9458032593
124	2.3684489829	0.5192992333	-189.6816091962
