site	rate	t	lnL
1	1.9465987110	0.0639576091	-91.1530914430
2	1.3867599049	0.0639576091	-64.9512875780
3	2.2494801793	0.0639576091	-92.0123134232
4	2.0068228118	0.0639576091	-88.9038801689
5	0.0000000000	0.0639576091	-2.3564283250
6	1.2247633355	0.0639576091	-61.5079059098
7	0.7987797448	0.0639576091	-41.8932590646
8	0.8173871197	0.0639576091	-44.4270423215
9	1.4187715763	0.0639576091	-68.1896461339
10	1.9402288709	0.0639576091	-90.5249804539
11	0.2647021124	0.0639576091	-19.2779379151
12	0.9599485551	0.0639576091	-50.4576766865
13	0.9886596731	0.0639576091	-49.9610749580
14	0.4190929185	0.0639576091	-26.5906837442
15	0.2787909218	0.0639576091	-17.9981408214
16	1.9111523272	0.0639576091	-77.7041601445
17	1.5993683922	0.0639576091	-70.5530193256
18	1.4699023600	0.0639576091	-64.6612819071
19	1.2622395135	0.0639576091	-63.2154052669
20	0.1382857525	0.0639576091	-10.4688932467
21	0.2661091481	0.0639576091	-18.7114856964
22	0.7090435157	0.0639576091	-37.3509222311
23	0.2747210754	0.0639576091	-18.3455430654
24	0.0000000000	0.0639576091	-3.3443750458
25	2.1023951848	0.0639576091	-92.6420546022
26	0.0000000000	0.0639576091	-2.9752775819
27	2.2856353320	0.0639576091	-93.9646819702
28	0.0000000000	0.0639576091	-2.3564283250
29	0.0000000000	0.0639576091	-2.3405968598
30	0.3938757125	0.0639576091	-26.3078474553
31	0.6967831829	0.0639576091	-37.5171779280
32	1.5146785021	0.0639576091	-69.2428263915
33	0.2585402168	0.0639576091	-21.5773299615
34	1.1020174498	0.0639576091	-55.0469669861
35	0.9900603284	0.0639576091	-49.0654254171
36	1.4624017262	0.0639576091	-68.9506539898
37	0.8069916264	0.0639576091	-44.8816550719
38	2.1041512860	0.0639576091	-85.4380396087
39	0.9384348112	0.0639576091	-51.9521150810
40	1.9813755505	0.0639576091	-87.8109594756
41	2.5432578981	0.0639576091	-102.4515908271
42	0.5573699455	0.0639576091	-30.1430379777
43	1.5351373060	0.0639576091	-71.3624332612
44	1.5442384669	0.0639576091	-73.5197718538
45	0.9824891641	0.0639576091	-49.8456074456
46	0.4209231456	0.0639576091	-24.6779258568
47	1.1503667747	0.0639576091	-51.8121032301
48	0.9515273514	0.0639576091	-49.3365044878
49	0.9268725303	0.0639576091	-51.1798971036
50	0.0000000000	0.0639576091	-3.0629625864
51	0.0000000000	0.0639576091	-2.3999134370
52	0.4220124782	0.0639576091	-25.3782618663
53	0.6970144451	0.0639576091	-39.4824280598
54	0.6661147950	0.0639576091	-37.9886550829
55	0.6997406344	0.0639576091	-37.7194624619
56	0.3942126662	0.0639576091	-27.6452102165
57	0.0000000000	0.0639576091	-3.7321405768
58	1.1356475478	0.0639576091	-53.9908445728
59	1.2449413498	0.0639576091	-63.0442757616
60	0.4036865048	0.0639576091	-24.8768866420
61	0.0000000000	0.0639576091	-2.3564283250
62	2.0969458788	0.0639576091	-88.4252471106
63	1.0972929127	0.0639576091	-55.0128271449
64	0.5603017357	0.0639576091	-29.7947297839
65	2.4019995413	0.0639576091	-96.4282145199
66	0.8020119442	0.0639576091	-45.6226684561
67	1.2265292223	0.0639576091	-62.5877760055
68	0.4174091234	0.0639576091	-25.6195065059
69	1.2442925005	0.0639576091	-63.9219345977
70	0.4227147791	0.0639576091	-25.5596512797
71	1.6778245042	0.0639576091	-78.5679797931
72	2.4162074552	0.0639576091	-104.9881569729
73	0.0000000000	0.0639576091	-2.3564283250
74	0.1382857525	0.0639576091	-11.4103675494
75	1.1017946343	0.0639576091	-56.4545818057
76	1.6951280346	0.0639576091	-76.3811531812
77	0.0000000000	0.0639576091	-2.3564283250
78	0.9563248234	0.0639576091	-49.8200053084
79	2.2979787732	0.0639576091	-93.9194818115
80	1.0864381698	0.0639576091	-55.5961635708
81	1.1026967864	0.0639576091	-58.3200002082
82	1.4053580379	0.0639576091	-65.5450743755
83	1.4248861724	0.0639576091	-65.5119771749
84	0.1305480788	0.0639576091	-12.1307459657
85	0.4164864700	0.0639576091	-24.3394490371
86	1.5345829836	0.0639576091	-70.5230325974
87	1.2750456058	0.0639576091	-58.8083377887
88	0.4163260454	0.0639576091	-24.1724267257
89	0.1373698559	0.0639576091	-10.5716593474
90	2.3819133441	0.0639576091	-99.2397661993
91	0.1389744408	0.0639576091	-10.6054106942
92	0.2793194661	0.0639576091	-19.2760810823
93	1.5333478975	0.0639576091	-71.8007551185
94	0.2767341344	0.0639576091	-17.8820633698
95	0.2754575121	0.0639576091	-19.3359889246
96	1.6738684613	0.0639576091	-76.3732698313
97	1.4504825894	0.0639576091	-68.1270318424
98	0.9394804888	0.0639576091	-51.7120575501
99	0.9470135159	0.0639576091	-49.7534795833
100	0.4168586448	0.0639576091	-26.1004414995
101	0.5622855572	0.0639576091	-30.1606020696
102	0.6987254869	0.0639576091	-38.1206895863
103	1.1365307712	0.0639576091	-57.2915786844
104	0.6710813711	0.0639576091	-38.8201945931
105	1.9009943714	0.0639576091	-81.0131317754
106	1.5384965351	0.0639576091	-72.3803740999
107	1.6789993350	0.0639576091	-75.7285018785
108	1.3601982132	0.0639576091	-68.1592187718
109	1.3930322689	0.0639576091	-70.1806923842
110	1.2526361840	0.0639576091	-57.1852893173
111	0.0000000000	0.0639576091	-2.3564283250
112	0.9508606570	0.0639576091	-50.3203945508
113	1.6761065657	0.0639576091	-78.9682038791
114	1.3777012283	0.0639576091	-66.4522096540
115	1.0066895452	0.0639576091	-50.6854167221
116	2.7158930616	0.0639576091	-106.3322466251
117	1.2376144348	0.0639576091	-58.6709162802
118	0.8451093525	0.0639576091	-43.7142871365
119	0.8027072021	0.0639576091	-46.1883048867
120	1.8874508427	0.0639576091	-84.6846642001
121	0.2777736968	0.0639576091	-19.4768091105
122	0.4200555606	0.0639576091	-24.7043447778
123	1.4521059533	0.0639576091	-67.2850634762
124	2.0063048625	0.0639576091	-87.2339155471
