site	rate	t	lnL
1	0.0000000000	0.0006351444	-3.2077235258
2	0.0000000000	0.0006351444	-2.6230569883
3	0.0000000000	0.0006351444	-3.2077235258
4	0.0000000000	0.0006351444	-2.7369413835
5	0.0000000000	0.0006351444	-2.5176964726
6	0.0000000000	0.0006351444	-3.4339872045
7	0.0000000000	0.0006351444	-2.1823409307
8	0.0000000000	0.0006351444	-3.2234224354
9	0.0000000000	0.0006351444	-3.4339872045
10	0.0000000000	0.0006351444	-2.1823409307
11	0.0000000000	0.0006351444	-2.4195494115
12	0.0000000000	0.0006351444	-2.1823409307
13	0.0000000000	0.0006351444	-3.4339872045
14	0.0000000000	0.0006351444	-3.0285220964
15	0.0000000000	0.0006351444	-3.0285220964
16	0.0000000000	0.0006351444	-3.2077235258
17	0.0000000000	0.0006351444	-2.4195494115
18	0.0000000000	0.0006351444	-3.7216692769
19	0.0000000000	0.0006351444	-2.4195494115
20	0.0000000000	0.0006351444	-3.0285220964
21	0.0000000000	0.0006351444	-2.6230569883
22	0.0000000000	0.0006351444	-2.7369413835
23	0.0000000000	0.0006351444	-3.4339872045
24	0.0000000000	0.0006351444	-3.4339872045
25	0.0000000000	0.0006351444	-2.6230569883
26	0.0000000000	0.0006351444	-3.2077235258
27	0.0000000000	0.0006351444	-2.4195494115
28	0.0000000000	0.0006351444	-2.5176964726
29	0.0000000000	0.0006351444	-2.1823409307
30	0.0000000000	0.0006351444	-2.8743714165
31	9.3728914796	0.0006351444	-14.4225197514
32	0.0000000000	0.0006351444	-2.1823409307
33	0.0000000000	0.0006351444	-3.4339872045
34	0.0000000000	0.0006351444	-3.2077235258
35	0.0000000000	0.0006351444	-2.1823409307
36	0.0000000000	0.0006351444	-2.8766060544
37	0.0000000000	0.0006351444	-2.1823409307
38	0.0000000000	0.0006351444	-3.4339872045
39	0.0000000000	0.0006351444	-2.8766060544
40	0.0000000000	0.0006351444	-2.7369413835
41	0.0000000000	0.0006351444	-2.1823409307
42	0.0000000000	0.0006351444	-2.7369413835
43	0.0000000000	0.0006351444	-3.7216692769
44	0.0000000000	0.0006351444	-2.5176964726
45	0.0000000000	0.0006351444	-3.4339872045
46	0.0000000000	0.0006351444	-3.0285220964
47	0.0000000000	0.0006351444	-3.4339872045
48	0.0000000000	0.0006351444	-2.8743714165
49	0.0000000000	0.0006351444	-2.4195494115
50	0.0000000000	0.0006351444	-2.6230569883
51	0.0000000000	0.0006351444	-3.0285220964
52	0.0000000000	0.0006351444	-2.4195494115
53	0.0000000000	0.0006351444	-2.1823409307
54	0.0000000000	0.0006351444	-3.4339872045
55	0.0000000000	0.0006351444	-2.7369413835
56	0.0000000000	0.0006351444	-3.4339872045
57	0.0000000000	0.0006351444	-3.0285220964
58	0.0000000000	0.0006351444	-3.4339872045
59	0.0000000000	0.0006351444	-3.2077235258
60	0.0000000000	0.0006351444	-3.2077235258
61	0.0000000000	0.0006351444	-2.5176964726
62	0.0000000000	0.0006351444	-2.6230569883
63	0.0000000000	0.0006351444	-3.2077235258
64	0.0000000000	0.0006351444	-2.8743714165
65	0.0000000000	0.0006351444	-3.4339872045
66	0.0000000000	0.0006351444	-2.8743714165
67	18.3314146688	0.0006351444	-10.5058350924
68	0.0000000000	0.0006351444	-2.4195494115
69	0.0000000000	0.0006351444	-4.1271343850
70	8.3960787577	0.0006351444	-9.8294065927
71	0.0000000000	0.0006351444	-3.2077235258
72	0.0000000000	0.0006351444	-2.1823409307
73	0.0000000000	0.0006351444	-2.5176964726
74	0.0000000000	0.0006351444	-3.0285220964
75	0.0000000000	0.0006351444	-2.7369413835
76	8.8010821587	0.0006351444	-10.8117492263
77	0.0000000000	0.0006351444	-2.5176964726
78	0.0000000000	0.0006351444	-4.1271343850
79	0.0000000000	0.0006351444	-2.6230569883
80	9.4273944842	0.0006351444	-10.6140552882
81	0.0000000000	0.0006351444	-2.8743714165
82	19.9557841844	0.0006351444	-15.2941956564
83	0.0000000000	0.0006351444	-3.0285220964
84	0.0000000000	0.0006351444	-3.2139735462
85	0.0000000000	0.0006351444	-2.1823409307
86	0.0000000000	0.0006351444	-3.2077235258
87	0.0000000000	0.0006351444	-3.7216692769
88	0.0000000000	0.0006351444	-2.7369413835
89	0.0000000000	0.0006351444	-2.1823409307
90	0.0000000000	0.0006351444	-3.2077235258
91	0.0000000000	0.0006351444	-2.5176964726
92	0.0000000000	0.0006351444	-2.8743714165
93	0.0000000000	0.0006351444	-2.4195494115
94	0.0000000000	0.0006351444	-2.1823409307
95	0.0000000000	0.0006351444	-3.2234224354
96	19.7181568391	0.0006351444	-13.6785116752
97	0.0000000000	0.0006351444	-3.4339872045
98	18.3517434321	0.0006351444	-11.4734789570
99	0.0000000000	0.0006351444	-2.4195494115
100	0.0000000000	0.0006351444	-3.0285220964
101	0.0000000000	0.0006351444	-2.4195494115
102	0.0000000000	0.0006351444	-3.2139735462
103	8.4985368671	0.0006351444	-14.0891809013
104	0.0000000000	0.0006351444	-3.0285220964
105	0.0000000000	0.0006351444	-3.4339872045
106	0.0000000000	0.0006351444	-3.2077235258
107	0.0000000000	0.0006351444	-3.2077235258
108	0.0000000000	0.0006351444	-2.8766060544
109	0.0000000000	0.0006351444	-3.4339872045
110	0.0000000000	0.0006351444	-3.0285220964
111	0.0000000000	0.0006351444	-2.5176964726
112	0.0000000000	0.0006351444	-3.2139735462
113	17.5059148921	0.0006351444	-11.6254525184
114	0.0000000000	0.0006351444	-3.2139735462
115	0.0000000000	0.0006351444	-3.2234224354
116	0.0000000000	0.0006351444	-2.8766060544
117	0.0000000000	0.0006351444	-2.6230569883
118	0.0000000000	0.0006351444	-3.2077235258
119	0.0000000000	0.0006351444	-2.7369413835
120	0.0000000000	0.0006351444	-2.8743714165
121	0.0000000000	0.0006351444	-2.6230569883
122	0.0000000000	0.0006351444	-2.5176964726
123	0.0000000000	0.0006351444	-2.6230569883
124	0.0000000000	0.0006351444	-2.8766060544
