site	rate	t	lnL
1	0.0000000000	0.0059708680	-2.5382181083
2	1.4366690793	0.0059708680	-15.5586286318
3	0.0000000000	0.0059708680	-3.0389933962
4	1.4137512422	0.0059708680	-12.1196614551
5	0.0000000000	0.0059708680	-2.5382181083
6	1.4491052598	0.0059708680	-10.9361150845
7	0.0000000000	0.0059708680	-1.9554056942
8	2.8874505370	0.0059708680	-22.4195452084
9	1.3739682724	0.0059708680	-12.8535700095
10	0.0000000000	0.0059708680	-3.2015123257
11	0.0000000000	0.0059708680	-1.9554056942
12	1.4674539366	0.0059708680	-12.4104384716
13	2.8489051652	0.0059708680	-17.6814204002
14	1.4522980710	0.0059708680	-11.2442398313
15	0.0000000000	0.0059708680	-1.9554056942
16	2.8091150677	0.0059708680	-20.1114143207
17	0.0000000000	0.0059708680	-2.4975875197
18	1.5701364696	0.0059708680	-10.3923495234
19	0.0000000000	0.0059708680	-2.8766060544
20	0.0000000000	0.0059708680	-2.6195907803
21	0.0000000000	0.0059708680	-2.7665585532
22	1.3902746461	0.0059708680	-12.4202291775
23	0.0000000000	0.0059708680	-1.9554056942
24	0.0000000000	0.0059708680	-3.4577037311
25	0.0000000000	0.0059708680	-2.9270754800
26	0.0000000000	0.0059708680	-3.2015123257
27	0.0000000000	0.0059708680	-1.9554056942
28	0.0000000000	0.0059708680	-2.5382181083
29	0.0000000000	0.0059708680	-1.9554056942
30	0.0000000000	0.0059708680	-1.9554056942
31	2.9116900751	0.0059708680	-18.1309895811
32	1.5680852648	0.0059708680	-10.6660899343
33	0.0000000000	0.0059708680	-2.4975875197
34	2.7926037353	0.0059708680	-18.7513133872
35	1.4528557747	0.0059708680	-11.1338141630
36	2.9090680970	0.0059708680	-19.0774217603
37	0.0000000000	0.0059708680	-2.9270754800
38	0.0000000000	0.0059708680	-2.6476627991
39	0.0000000000	0.0059708680	-3.1710221590
40	2.8231203511	0.0059708680	-19.2983965552
41	1.4050721305	0.0059708680	-12.3743192266
42	4.2347885670	0.0059708680	-25.7551987594
43	1.3791351936	0.0059708680	-12.1764015235
44	0.0000000000	0.0059708680	-3.4577037311
45	0.0000000000	0.0059708680	-3.1710221590
46	4.3836506957	0.0059708680	-25.8160586153
47	0.0000000000	0.0059708680	-4.1751436042
48	0.0000000000	0.0059708680	-2.7665585532
49	5.8353818040	0.0059708680	-31.3097842104
50	0.0000000000	0.0059708680	-3.2393717368
51	0.0000000000	0.0059708680	-2.6195907803
52	0.0000000000	0.0059708680	-1.9554056942
53	0.0000000000	0.0059708680	-1.9554056942
54	1.5701364146	0.0059708680	-10.3923495234
55	0.0000000000	0.0059708680	-3.2393717368
56	2.8212337329	0.0059708680	-17.8448669004
57	0.0000000000	0.0059708680	-2.4975875197
58	0.0000000000	0.0059708680	-3.4223365873
59	0.0000000000	0.0059708680	-2.6476627991
60	0.0000000000	0.0059708680	-1.9554056942
61	0.0000000000	0.0059708680	-2.5382181083
62	0.0000000000	0.0059708680	-2.9270754800
63	2.8658018747	0.0059708680	-18.7229218295
64	0.0000000000	0.0059708680	-3.4223365873
65	1.4681671136	0.0059708680	-10.8544065397
66	0.0000000000	0.0059708680	-3.4457751602
67	2.8700247719	0.0059708680	-18.5879786869
68	0.0000000000	0.0059708680	-2.6195907803
69	1.3918820174	0.0059708680	-12.3957962147
70	1.4404052155	0.0059708680	-10.4781988612
71	1.3953729074	0.0059708680	-11.7484149716
72	0.0000000000	0.0059708680	-1.9554056942
73	0.0000000000	0.0059708680	-2.5382181083
74	0.0000000000	0.0059708680	-2.8766060544
75	1.3939831500	0.0059708680	-12.5404670068
76	0.0000000000	0.0059708680	-2.9270754800
77	0.0000000000	0.0059708680	-2.5382181083
78	1.3876031179	0.0059708680	-12.9120877399
79	1.4162761758	0.0059708680	-11.4597106303
80	1.4522979054	0.0059708680	-11.2442398313
81	0.0000000000	0.0059708680	-1.9554056942
82	5.9802001475	0.0059708680	-31.4862309122
83	4.3253764795	0.0059708680	-25.7739320368
84	0.0000000000	0.0059708680	-2.8766060544
85	0.0000000000	0.0059708680	-1.9554056942
86	3.0459991608	0.0059708680	-18.3891486731
87	1.4030304869	0.0059708680	-10.9393240131
88	1.4254541925	0.0059708680	-11.1912865276
89	0.0000000000	0.0059708680	-3.1831068982
90	0.0000000000	0.0059708680	-2.5382181083
91	0.0000000000	0.0059708680	-2.5382181083
92	0.0000000000	0.0059708680	-3.1831068982
93	1.4491052636	0.0059708680	-12.5730405804
94	0.0000000000	0.0059708680	-3.1831068982
95	0.0000000000	0.0059708680	-3.2393717368
96	2.8655809872	0.0059708680	-18.7129338476
97	0.0000000000	0.0059708680	-2.6476627991
98	0.0000000000	0.0059708680	-2.6195907803
99	0.0000000000	0.0059708680	-3.2393717368
100	0.0000000000	0.0059708680	-2.6195907803
101	0.0000000000	0.0059708680	-3.1831068982
102	2.9302996102	0.0059708680	-18.9353962330
103	1.4222256730	0.0059708680	-12.1182903648
104	0.0000000000	0.0059708680	-3.2015123257
105	1.4365751510	0.0059708680	-11.7648136310
106	1.4053880225	0.0059708680	-12.1348661881
107	0.0000000000	0.0059708680	-3.3058413818
108	2.8486016016	0.0059708680	-23.3487111248
109	0.0000000000	0.0059708680	-3.3058413818
110	1.3711690995	0.0059708680	-13.1514485042
111	0.0000000000	0.0059708680	-2.5382181083
112	2.9449438906	0.0059708680	-18.9910624161
113	0.0000000000	0.0059708680	-2.6476627991
114	0.0000000000	0.0059708680	-2.8766060544
115	4.2078791201	0.0059708680	-27.0289895381
116	2.8800075784	0.0059708680	-20.6524291793
117	0.0000000000	0.0059708680	-2.4975875197
118	1.4030308496	0.0059708680	-12.4062549061
119	1.4611591057	0.0059708680	-15.2728284184
120	2.8415322156	0.0059708680	-19.8218181849
121	0.0000000000	0.0059708680	-2.6195907803
122	1.3990201862	0.0059708680	-11.6293198518
123	0.0000000000	0.0059708680	-3.0389933962
124	1.5701364174	0.0059708680	-11.5050891913
