site	rate	t	lnL
1	0.7784131460	0.0665364532	-45.0911485591
2	1.0648667180	0.0665364532	-52.5870154666
3	1.4541913043	0.0665364532	-69.8434413872
4	1.1900951725	0.0665364532	-60.6935940196
5	2.3299764855	0.0665364532	-92.1074916624
6	3.3308880077	0.0665364532	-126.3792930975
7	1.4545973589	0.0665364532	-71.7953812305
8	0.3854539839	0.0665364532	-27.1858642988
9	1.8924712338	0.0665364532	-87.1125807632
10	2.9248527671	0.0665364532	-111.4244243267
11	0.1317507645	0.0665364532	-12.1362237503
12	1.6290219276	0.0665364532	-77.3051378591
13	1.0658008459	0.0665364532	-57.4469853376
14	1.4684840455	0.0665364532	-70.4964964971
15	0.2703110768	0.0665364532	-18.2117293614
16	1.7524374047	0.0665364532	-82.2083414466
17	0.6567321041	0.0665364532	-39.5449337875
18	0.8268286142	0.0665364532	-42.5880570578
19	1.9940441148	0.0665364532	-81.2982698953
20	0.2581920115	0.0665364532	-20.2298378136
21	0.7997574375	0.0665364532	-44.6367569965
22	1.4897028844	0.0665364532	-68.4910214097
23	0.0000000000	0.0665364532	-2.2958037032
24	0.0000000000	0.0665364532	-3.3408099796
25	0.7722018821	0.0665364532	-44.2414663492
26	0.2581688891	0.0665364532	-18.9810024934
27	0.5463758988	0.0665364532	-31.4774452524
28	0.0000000000	0.0665364532	-2.5805697144
29	0.6782011073	0.0665364532	-37.5776964559
30	0.6478641499	0.0665364532	-39.4789932484
31	1.6536951123	0.0665364532	-76.6231973091
32	0.5365612226	0.0665364532	-30.4156336504
33	0.0000000000	0.0665364532	-3.1014288672
34	0.9111321563	0.0665364532	-49.2300317745
35	0.4076686175	0.0665364532	-25.3167814089
36	1.2140654539	0.0665364532	-60.9919943507
37	0.7969731787	0.0665364532	-44.5820914802
38	0.9108299002	0.0665364532	-50.0651111987
39	1.6290284180	0.0665364532	-77.0097222021
40	2.1975501190	0.0665364532	-88.0172693888
41	1.6089370102	0.0665364532	-79.7246687057
42	1.6494165176	0.0665364532	-76.7142462540
43	1.3118524318	0.0665364532	-66.3444841550
44	1.7645717421	0.0665364532	-82.6094601704
45	1.5405481893	0.0665364532	-69.7350205669
46	2.4104613410	0.0665364532	-95.5960535632
47	0.9194416597	0.0665364532	-49.9281753844
48	2.9435361472	0.0665364532	-110.5077570322
49	0.3871644580	0.0665364532	-25.9295425825
50	0.2579851259	0.0665364532	-19.1098774260
51	0.0000000000	0.0665364532	-2.8032973789
52	0.1262246545	0.0665364532	-11.6362039443
53	0.8126712771	0.0665364532	-43.3819681620
54	1.9554862064	0.0665364532	-86.4514321398
55	0.3860078800	0.0665364532	-23.4830324849
56	1.0617684675	0.0665364532	-57.6612554032
57	0.2555282223	0.0665364532	-19.3529242741
58	0.5030643438	0.0665364532	-33.5341489628
59	2.6677051797	0.0665364532	-109.2927781882
60	0.5234870771	0.0665364532	-31.0762593253
61	0.0000000000	0.0665364532	-2.5805697144
62	1.0720477017	0.0665364532	-59.8244241032
63	0.0000000000	0.0665364532	-3.0958422605
64	2.2383139379	0.0665364532	-93.6815700767
65	1.2035178511	0.0665364532	-61.3543124926
66	0.2516323174	0.0665364532	-19.2888429587
67	1.3217306673	0.0665364532	-69.5763490139
68	0.3896251941	0.0665364532	-25.4561115305
69	1.4575737312	0.0665364532	-74.3347681293
70	0.5465404175	0.0665364532	-31.7722538905
71	0.7894888454	0.0665364532	-42.6780272839
72	2.0181365350	0.0665364532	-95.6842455398
73	0.0000000000	0.0665364532	-2.5805697144
74	1.0299963837	0.0665364532	-57.9820664310
75	0.6870071667	0.0665364532	-37.6627123582
76	1.2345236542	0.0665364532	-59.6196029956
77	1.9130008295	0.0665364532	-84.7157557890
78	0.6380769558	0.0665364532	-38.8289481349
79	1.6316715916	0.0665364532	-75.3466500514
80	0.2700795365	0.0665364532	-19.0174440308
81	0.6508487055	0.0665364532	-37.1354273618
82	1.6718175676	0.0665364532	-76.4964225879
83	1.6433751714	0.0665364532	-74.7581007118
84	0.5173920953	0.0665364532	-31.3856719870
85	1.4698906212	0.0665364532	-73.7150666768
86	0.9267632888	0.0665364532	-50.1627209338
87	1.1936632374	0.0665364532	-60.8655469696
88	0.7926841934	0.0665364532	-41.6558490816
89	0.1262246532	0.0665364532	-11.4066295026
90	1.9036882936	0.0665364532	-86.4246283965
91	0.0000000000	0.0665364532	-2.5805697144
92	0.5467456570	0.0665364532	-30.2490397838
93	1.0639327735	0.0665364532	-53.6161566856
94	0.5174383961	0.0665364532	-30.6859097616
95	0.3993260421	0.0665364532	-24.1865823163
96	2.9483072023	0.0665364532	-112.6432592253
97	0.7999051335	0.0665364532	-41.6236532021
98	0.1285882617	0.0665364532	-11.9454560824
99	1.4927672425	0.0665364532	-71.8306143057
100	0.0000000000	0.0665364532	-2.8032973789
101	0.0000000000	0.0665364532	-2.4823896588
102	1.5126122162	0.0665364532	-70.6801921216
103	0.2651178535	0.0665364532	-18.7074889235
104	0.2553080335	0.0665364532	-19.3334484954
105	1.6467438605	0.0665364532	-77.3756039013
106	0.9434197579	0.0665364532	-51.0886786345
107	0.1258597043	0.0665364532	-11.8432404487
108	1.6212719204	0.0665364532	-75.0846372380
109	0.5134747389	0.0665364532	-30.7034845883
110	1.3895966841	0.0665364532	-65.2964672783
111	0.0000000000	0.0665364532	-2.5805697144
112	1.6176176863	0.0665364532	-77.2706410361
113	1.3578650373	0.0665364532	-66.9019650688
114	0.3828850440	0.0665364532	-26.1233645910
115	0.3814978491	0.0665364532	-26.3439511256
116	1.6179704986	0.0665364532	-75.6416370255
117	1.1970084967	0.0665364532	-60.0111999107
118	1.7845041485	0.0665364532	-83.3596210098
119	1.7727319003	0.0665364532	-82.8479849325
120	2.0888200295	0.0665364532	-92.9923036960
121	1.0577745298	0.0665364532	-56.1681090808
122	0.1307408432	0.0665364532	-10.8078441124
123	0.7867984362	0.0665364532	-44.5836579213
124	1.4766929716	0.0665364532	-73.2643236819
