site	rate	t	lnL
1	8.2399698901	0.0010338601	-12.3565547687
2	0.0000000000	0.0010338601	-2.9927126437
3	0.0000000000	0.0010338601	-3.7216692769
4	0.0000000000	0.0010338601	-2.6370432302
5	0.0000000000	0.0010338601	-2.4223862928
6	0.0000000000	0.0010338601	-2.8833400865
7	0.0000000000	0.0010338601	-2.9927126437
8	0.0000000000	0.0010338601	-2.4295139067
9	0.0000000000	0.0010338601	-4.8047773791
10	0.0000000000	0.0010338601	-2.7408400239
11	0.0000000000	0.0010338601	-2.4295139067
12	0.0000000000	0.0010338601	-2.4209668462
13	0.0000000000	0.0010338601	-2.4223862928
14	0.0000000000	0.0010338601	-2.4209668462
15	0.0000000000	0.0010338601	-2.4295139067
16	0.0000000000	0.0010338601	-3.0522386230
17	0.0000000000	0.0010338601	-2.4209668462
18	0.0000000000	0.0010338601	-2.7408400239
19	0.0000000000	0.0010338601	-2.4295139067
20	0.0000000000	0.0010338601	-2.4209668462
21	0.0000000000	0.0010338601	-2.7408400239
22	0.0000000000	0.0010338601	-2.4209668462
23	0.0000000000	0.0010338601	-2.8833400865
24	0.0000000000	0.0010338601	-3.7164744601
25	8.2399707018	0.0010338601	-11.6923189317
26	0.0000000000	0.0010338601	-2.7408400239
27	0.0000000000	0.0010338601	-2.8721417612
28	0.0000000000	0.0010338601	-2.4223862928
29	0.0000000000	0.0010338601	-2.4295139067
30	0.0000000000	0.0010338601	-3.4819964237
31	0.0000000000	0.0010338601	-3.6908976183
32	0.0000000000	0.0010338601	-2.5161351920
33	0.0000000000	0.0010338601	-3.4300885641
34	0.0000000000	0.0010338601	-2.6370432302
35	0.0000000000	0.0010338601	-2.4295139067
36	0.0000000000	0.0010338601	-2.5161351920
37	0.0000000000	0.0010338601	-2.7408400239
38	0.0000000000	0.0010338601	-3.0522386230
39	0.0000000000	0.0010338601	-3.0522386230
40	0.0000000000	0.0010338601	-2.8833400865
41	0.0000000000	0.0010338601	-2.6370432302
42	0.0000000000	0.0010338601	-2.8743714165
43	0.0000000000	0.0010338601	-2.7408400239
44	0.0000000000	0.0010338601	-2.9927126437
45	0.0000000000	0.0010338601	-3.6808472824
46	0.0000000000	0.0010338601	-2.4209668462
47	0.0000000000	0.0010338601	-3.4300885641
48	0.0000000000	0.0010338601	-2.5161351920
49	0.0000000000	0.0010338601	-2.5161351920
50	0.0000000000	0.0010338601	-2.9927126437
51	0.0000000000	0.0010338601	-2.4209668462
52	0.0000000000	0.0010338601	-2.7408400239
53	0.0000000000	0.0010338601	-2.5161351920
54	0.0000000000	0.0010338601	-2.8743714165
55	0.0000000000	0.0010338601	-2.7408400239
56	8.0613200074	0.0010338601	-12.2622463025
57	0.0000000000	0.0010338601	-3.4300885641
58	0.0000000000	0.0010338601	-2.5161351920
59	0.0000000000	0.0010338601	-2.8743714165
60	0.0000000000	0.0010338601	-3.6908976183
61	0.0000000000	0.0010338601	-2.4223862928
62	8.1894883164	0.0010338601	-11.6389151301
63	0.0000000000	0.0010338601	-3.6808472824
64	0.0000000000	0.0010338601	-2.4209668462
65	0.0000000000	0.0010338601	-3.7216692769
66	0.0000000000	0.0010338601	-4.0963627264
67	0.0000000000	0.0010338601	-3.7164744601
68	0.0000000000	0.0010338601	-2.4209668462
69	0.0000000000	0.0010338601	-3.7216692769
70	8.2399902401	0.0010338601	-12.0679390730
71	0.0000000000	0.0010338601	-2.4209668462
72	0.0000000000	0.0010338601	-2.4223862928
73	0.0000000000	0.0010338601	-2.4223862928
74	8.2399697256	0.0010338601	-11.0610471548
75	0.0000000000	0.0010338601	-2.7408400239
76	0.0000000000	0.0010338601	-2.7408400239
77	0.0000000000	0.0010338601	-2.4223862928
78	0.0000000000	0.0010338601	-3.4819964237
79	0.0000000000	0.0010338601	-2.5161351920
80	0.0000000000	0.0010338601	-2.5161351920
81	0.0000000000	0.0010338601	-2.6370432302
82	0.0000000000	0.0010338601	-2.7408400239
83	8.0324194668	0.0010338601	-12.0955708518
84	0.0000000000	0.0010338601	-3.6808472824
85	8.5300111255	0.0010338601	-10.6769639880
86	0.0000000000	0.0010338601	-2.5161351920
87	0.0000000000	0.0010338601	-3.7164744601
88	0.0000000000	0.0010338601	-2.8833400865
89	0.0000000000	0.0010338601	-2.4295139067
90	0.0000000000	0.0010338601	-2.8833400865
91	0.0000000000	0.0010338601	-2.4223862928
92	0.0000000000	0.0010338601	-2.4295139067
93	8.5032904873	0.0010338601	-11.8548515225
94	0.0000000000	0.0010338601	-2.8721417612
95	0.0000000000	0.0010338601	-2.8721417612
96	0.0000000000	0.0010338601	-2.6370432302
97	0.0000000000	0.0010338601	-2.7408400239
98	0.0000000000	0.0010338601	-4.0963627264
99	8.3603483398	0.0010338601	-11.8703106308
100	0.0000000000	0.0010338601	-2.6370432302
101	0.0000000000	0.0010338601	-2.5161351920
102	8.1397923990	0.0010338601	-12.5109760138
103	0.0000000000	0.0010338601	-2.4295139067
104	0.0000000000	0.0010338601	-2.7408400239
105	0.0000000000	0.0010338601	-3.0522386230
106	0.0000000000	0.0010338601	-2.9927126437
107	0.0000000000	0.0010338601	-3.6908976183
108	0.0000000000	0.0010338601	-2.8743714165
109	0.0000000000	0.0010338601	-2.4223862928
110	0.0000000000	0.0010338601	-2.6370432302
111	0.0000000000	0.0010338601	-2.4223862928
112	8.1580553877	0.0010338601	-12.5187947594
113	8.2398478370	0.0010338601	-11.5212093772
114	0.0000000000	0.0010338601	-2.7408400239
115	0.0000000000	0.0010338601	-2.8721417612
116	0.0000000000	0.0010338601	-3.4819964237
117	0.0000000000	0.0010338601	-2.7408400239
118	0.0000000000	0.0010338601	-2.8721417612
119	8.2410848885	0.0010338601	-13.4424933251
120	8.3531372205	0.0010338601	-12.4855349108
121	0.0000000000	0.0010338601	-2.4209668462
122	0.0000000000	0.0010338601	-2.4223862928
123	0.0000000000	0.0010338601	-2.8833400865
124	0.0000000000	0.0010338601	-2.7408400239
