site	rate	t	lnL
1	1.5756159565	0.0676929265	-81.2387011438
2	0.1339985872	0.0676929265	-12.7461529409
3	0.6988745098	0.0676929265	-33.7346103271
4	1.4444314049	0.0676929265	-73.1522247158
5	0.0000000000	0.0676929265	-2.2759765357
6	2.4276331410	0.0676929265	-105.1049378383
7	2.8504156911	0.0676929265	-117.8101868638
8	2.6685907107	0.0676929265	-68.5192453607
9	0.7001442706	0.0676929265	-51.1538167153
10	0.6316007644	0.0676929265	-39.2765424940
11	0.0000000000	0.0676929265	-2.0056216294
12	1.5311081860	0.0676929265	-76.4212665603
13	1.1521360764	0.0676929265	-62.7996453681
14	2.8713462135	0.0676929265	-124.5767147260
15	0.0000000000	0.0676929265	-2.0056216294
16	1.3027251327	0.0676929265	-68.5925144898
17	0.9338190229	0.0676929265	-58.2584347339
18	0.6655855305	0.0676929265	-40.2685103485
19	1.7292758478	0.0676929265	-87.4420937238
20	2.1862904596	0.0676929265	-58.9922846999
21	2.8238478529	0.0676929265	-108.2445998201
22	1.7766278479	0.0676929265	-69.0233483865
23	0.2365945524	0.0676929265	-16.7389735114
24	0.0000000000	0.0676929265	-3.8492659340
25	1.2268282152	0.0676929265	-71.7827832304
26	1.0581482120	0.0676929265	-55.8017989921
27	0.3841096432	0.0676929265	-31.9896322569
28	0.0000000000	0.0676929265	-2.2759765357
29	0.0000000000	0.0676929265	-2.0056216294
30	0.2757660326	0.0676929265	-10.1554055770
31	1.3220966837	0.0676929265	-70.1542553827
32	1.0135302656	0.0676929265	-56.8067668301
33	0.1059813047	0.0676929265	-10.6651542253
34	1.4850219912	0.0676929265	-68.1679608337
35	0.3800102307	0.0676929265	-32.7544908513
36	1.2976310463	0.0676929265	-67.6048151859
37	1.3142286340	0.0676929265	-71.1727820961
38	1.3481005233	0.0676929265	-64.7947428471
39	2.2524479276	0.0676929265	-75.4252157417
40	0.2518206390	0.0676929265	-20.2086042131
41	0.5021840311	0.0676929265	-35.8028642815
42	0.9378582690	0.0676929265	-57.0358687070
43	0.9025797083	0.0676929265	-51.5227963482
44	2.6618500082	0.0676929265	-69.3969153455
45	1.0440228144	0.0676929265	-49.4456744167
46	0.8118783249	0.0676929265	-23.8181494420
47	0.4476616977	0.0676929265	-30.4482585811
48	1.1584820582	0.0676929265	-62.2468625359
49	0.8780083546	0.0676929265	-47.2977136646
50	0.2491235677	0.0676929265	-18.2370839292
51	0.0000000000	0.0676929265	-2.8743714165
52	0.6748061483	0.0676929265	-39.1332243141
53	0.0000000000	0.0676929265	-2.0056216294
54	0.6554324557	0.0676929265	-43.9445193263
55	0.2834203649	0.0676929265	-27.8079086604
56	1.1624998759	0.0676929265	-59.5281600987
57	0.1065487289	0.0676929265	-11.4371495893
58	0.7695860283	0.0676929265	-47.6342824664
59	0.4390987202	0.0676929265	-34.6940307065
60	0.3733576761	0.0676929265	-31.0108228780
61	0.0000000000	0.0676929265	-2.2759765357
62	1.0410230785	0.0676929265	-59.5951069799
63	2.2288375379	0.0676929265	-98.1569843856
64	1.9787692632	0.0676929265	-79.4985698656
65	1.2235651061	0.0676929265	-60.9079747163
66	0.5492864432	0.0676929265	-37.9356370110
67	1.9929160747	0.0676929265	-70.8368645512
68	2.0114849768	0.0676929265	-73.5289528330
69	1.4669406564	0.0676929265	-83.3680098174
70	1.3520626829	0.0676929265	-66.8179037091
71	1.0267911353	0.0676929265	-74.6487071641
72	3.0464836523	0.0676929265	-97.2975230625
73	0.0000000000	0.0676929265	-2.2759765357
74	1.0711784274	0.0676929265	-32.0524321812
75	0.1650070004	0.0676929265	-18.3734101605
76	1.8631379574	0.0676929265	-90.6187206133
77	0.0000000000	0.0676929265	-2.2759765357
78	0.6064533208	0.0676929265	-39.5270932088
79	2.1029789071	0.0676929265	-85.2614925258
80	1.5810210080	0.0676929265	-77.1906871414
81	0.8778589516	0.0676929265	-43.1141575047
82	1.2279879610	0.0676929265	-52.7913852027
83	1.9618109822	0.0676929265	-101.7477025990
84	0.0000000000	0.0676929265	-2.9728114894
85	0.4388671364	0.0676929265	-40.3450692656
86	3.3642627260	0.0676929265	-104.3971384535
87	0.3324777442	0.0676929265	-23.1730160902
88	0.2169538970	0.0676929265	-18.5440691024
89	0.1179481470	0.0676929265	-9.9617971027
90	1.7321281243	0.0676929265	-105.8846199552
91	0.0000000000	0.0676929265	-2.2759765357
92	0.3591499884	0.0676929265	-23.8026617668
93	0.6701448966	0.0676929265	-46.2086876567
94	0.6320668517	0.0676929265	-36.5278875832
95	0.1077677559	0.0676929265	-11.0414212697
96	0.6613572439	0.0676929265	-50.7528120887
97	0.9249284046	0.0676929265	-59.5531537295
98	1.2781286267	0.0676929265	-74.1126314623
99	2.6034367653	0.0676929265	-116.9792689657
100	0.9167083124	0.0676929265	-26.5079341793
101	0.0000000000	0.0676929265	-2.0056216294
102	3.6978933086	0.0676929265	-123.1380913878
103	0.4815639547	0.0676929265	-29.0474587940
104	0.1944626297	0.0676929265	-10.4069014302
105	0.7910162234	0.0676929265	-37.1482133946
106	2.1728666544	0.0676929265	-90.4179062021
107	0.4123356899	0.0676929265	-25.2545646634
108	1.6789667179	0.0676929265	-84.9853444483
109	2.0093369130	0.0676929265	-92.0633374624
110	1.4316328152	0.0676929265	-70.1958469464
111	0.0000000000	0.0676929265	-2.2759765357
112	2.2198027305	0.0676929265	-101.1611434204
113	0.2320596129	0.0676929265	-18.4204511358
114	0.5606849103	0.0676929265	-27.5970541259
115	0.5465912185	0.0676929265	-45.3398132223
116	2.3564436593	0.0676929265	-108.2742906203
117	1.8094591978	0.0676929265	-89.7042785108
118	1.1047532100	0.0676929265	-87.0950550890
119	0.5477833051	0.0676929265	-40.8888409028
120	1.1022275024	0.0676929265	-58.5368290105
121	2.3421204681	0.0676929265	-98.6567495702
122	0.0000000000	0.0676929265	-2.2759765357
123	2.1026596738	0.0676929265	-80.7289628535
124	1.4004877860	0.0676929265	-78.8054153880
