site	rate	t	lnL
1	0.0000000000	0.0075443632	-2.9130565589
2	0.0000000000	0.0075443632	-2.1322215094
3	1.0513743412	0.0075443632	-13.0978111732
4	0.0000000000	0.0075443632	-3.4070106168
5	0.0000000000	0.0075443632	-2.1322215094
6	3.5245101630	0.0075443632	-12.4744548484
7	0.0000000000	0.0075443632	-2.6335282881
8	0.0000000000	0.0075443632	-2.4930038600
9	1.9396881351	0.0075443632	-21.4678864795
10	0.0000000000	0.0075443632	-3.0181593093
11	2.1485446355	0.0075443632	-22.2218327726
12	0.0000000000	0.0075443632	-2.8878547669
13	0.8807208345	0.0075443632	-16.9108323097
14	0.0000000000	0.0075443632	-2.8721417612
15	3.4884359270	0.0075443632	-27.2861700723
16	0.0000000000	0.0075443632	-2.6335282881
17	0.0000000000	0.0075443632	-2.8721417612
18	1.5864106328	0.0075443632	-10.4583511591
19	0.0000000000	0.0075443632	-3.0389933962
20	0.9424448318	0.0075443632	-12.4641788738
21	1.7192173569	0.0075443632	-18.7462254333
22	2.0897302480	0.0075443632	-15.5197489390
23	0.0000000000	0.0075443632	-2.4309455462
24	0.0000000000	0.0075443632	-4.1428827420
25	1.0487905488	0.0075443632	-12.6311611643
26	0.0000000000	0.0075443632	-3.0181593093
27	0.0000000000	0.0075443632	-3.4943677155
28	0.0000000000	0.0075443632	-2.1322215094
29	0.0000000000	0.0075443632	-2.4930038600
30	0.0000000000	0.0075443632	-2.1322215094
31	1.2381831569	0.0075443632	-13.1282725589
32	1.3290116553	0.0075443632	-12.0309604727
33	0.0000000000	0.0075443632	-3.4300885641
34	1.9781672073	0.0075443632	-12.7046376701
35	0.0000000000	0.0075443632	-2.9130565589
36	2.1426066800	0.0075443632	-16.8046908931
37	1.0657970038	0.0075443632	-11.4297344407
38	2.5899034292	0.0075443632	-27.3081968165
39	0.9388061620	0.0075443632	-14.3721365365
40	0.0000000000	0.0075443632	-2.1322215094
41	2.1606902100	0.0075443632	-21.3748169508
42	0.0000000000	0.0075443632	-2.8721417612
43	1.0857076864	0.0075443632	-11.6059014443
44	2.6610452122	0.0075443632	-34.6827644134
45	0.0000000000	0.0075443632	-3.4300885641
46	2.7092069669	0.0075443632	-10.4959527429
47	0.0000000000	0.0075443632	-3.6131886339
48	1.6278411736	0.0075443632	-13.7423815317
49	0.0000000000	0.0075443632	-2.4309455462
50	0.0000000000	0.0075443632	-2.9508861287
51	0.0000000000	0.0075443632	-2.8721417612
52	0.0000000000	0.0075443632	-2.4930038600
53	0.0000000000	0.0075443632	-2.4309455462
54	0.0000000000	0.0075443632	-2.4930038600
55	0.0000000000	0.0075443632	-2.4930038600
56	2.1181537828	0.0075443632	-18.3430359894
57	1.9171380285	0.0075443632	-18.5221973397
58	1.6081898431	0.0075443632	-11.8399540920
59	0.0000000000	0.0075443632	-4.0024309065
60	0.8040857794	0.0075443632	-10.4970397151
61	0.0000000000	0.0075443632	-2.1322215094
62	1.4899572200	0.0075443632	-18.4362496025
63	0.0000000000	0.0075443632	-3.0958422605
64	2.6373389969	0.0075443632	-19.9529063229
65	0.0000000000	0.0075443632	-3.2329614584
66	0.0000000000	0.0075443632	-2.7546062197
67	0.0000000000	0.0075443632	-2.4309455462
68	2.1672121706	0.0075443632	-24.1205190306
69	3.3374841766	0.0075443632	-24.0303967086
70	0.0000000000	0.0075443632	-3.0181593093
71	0.0000000000	0.0075443632	-3.2329614584
72	1.3294341099	0.0075443632	-12.0740210581
73	0.0000000000	0.0075443632	-2.1322215094
74	0.0000000000	0.0075443632	-2.8721417612
75	1.7728154686	0.0075443632	-20.4417560164
76	0.0000000000	0.0075443632	-2.7546062197
77	0.0000000000	0.0075443632	-2.1322215094
78	1.8907442285	0.0075443632	-20.7110169380
79	2.6745946358	0.0075443632	-16.6506744233
80	3.5290461125	0.0075443632	-28.9851952046
81	0.0000000000	0.0075443632	-2.7546062197
82	0.7244056663	0.0075443632	-13.1912880554
83	0.0000000000	0.0075443632	-2.1322215094
84	1.9897863164	0.0075443632	-12.9082003333
85	2.1490416554	0.0075443632	-18.8681638647
86	0.0000000000	0.0075443632	-2.9130565589
87	1.5040544594	0.0075443632	-16.8943846909
88	0.0000000000	0.0075443632	-2.4309455462
89	1.0789229273	0.0075443632	-12.0820013749
90	3.2274354649	0.0075443632	-27.1360029087
91	0.0000000000	0.0075443632	-2.1322215094
92	1.4751472968	0.0075443632	-22.1126864303
93	0.0000000000	0.0075443632	-4.0163200187
94	2.1559677985	0.0075443632	-21.1289168153
95	0.0000000000	0.0075443632	-3.4943677155
96	0.0000000000	0.0075443632	-2.4930038600
97	5.7053015253	0.0075443632	-31.2897704723
98	7.9580064487	0.0075443632	-42.2740630544
99	3.0986432277	0.0075443632	-34.9587727093
100	0.0000000000	0.0075443632	-2.8721417612
101	0.0000000000	0.0075443632	-2.4930038600
102	1.2385936151	0.0075443632	-12.1234536777
103	0.0000000000	0.0075443632	-2.9508861287
104	0.0000000000	0.0075443632	-2.9130565589
105	1.0634218600	0.0075443632	-12.0471472043
106	0.7678378167	0.0075443632	-15.7907393966
107	0.0000000000	0.0075443632	-2.4930038600
108	1.1592319646	0.0075443632	-13.0146651753
109	3.9870396342	0.0075443632	-36.6359864076
110	0.0000000000	0.0075443632	-3.0389933962
111	0.0000000000	0.0075443632	-2.1322215094
112	3.3677343437	0.0075443632	-24.4757671360
113	2.5901327667	0.0075443632	-23.7165312493
114	2.2056493050	0.0075443632	-20.4585109609
115	0.0000000000	0.0075443632	-2.9508861287
116	0.0000000000	0.0075443632	-2.8878547669
117	2.1900665221	0.0075443632	-20.6387527519
118	2.8438445689	0.0075443632	-26.2486961786
119	0.9524259157	0.0075443632	-13.6360567896
120	5.1185607624	0.0075443632	-49.9630924450
121	0.0000000000	0.0075443632	-4.0163200187
122	0.0000000000	0.0075443632	-2.1322215094
123	2.6845104121	0.0075443632	-19.2927664324
124	1.4907539519	0.0075443632	-10.0268082491
