site	rate	t	lnL
1	2.1256778418	0.3861683748	-186.1846607600
2	0.6817404941	0.3861683748	-131.5212637090
3	2.7054525711	0.3861683748	-188.0903067955
4	1.3030260420	0.3861683748	-173.0931473748
5	0.1119045966	0.3861683748	-37.3032147875
6	1.7328305076	0.3861683748	-182.9035319932
7	0.5640410578	0.3861683748	-123.7529040556
8	1.6053786305	0.3861683748	-179.9507933597
9	1.9785069346	0.3861683748	-187.3202655634
10	1.2550196259	0.3861683748	-172.5288144170
11	0.4990806234	0.3861683748	-113.9316802862
12	2.1228529379	0.3861683748	-183.6081213704
13	1.8157781423	0.3861683748	-184.7622049211
14	0.6117009315	0.3861683748	-122.7525311272
15	0.6150986653	0.3861683748	-127.2256097220
16	2.5453958030	0.3861683748	-187.7806171983
17	1.4830191396	0.3861683748	-182.9059604432
18	1.5499862383	0.3861683748	-179.2760622270
19	1.1823082248	0.3861683748	-168.5246772854
20	0.7538382026	0.3861683748	-135.7017411979
21	0.9504487676	0.3861683748	-155.0525394895
22	1.6843442681	0.3861683748	-182.3158918558
23	0.5513265824	0.3861683748	-119.4637416012
24	0.1817797893	0.3861683748	-54.8476987869
25	1.9432800633	0.3861683748	-182.6884285720
26	0.3064796040	0.3861683748	-76.4870693164
27	0.5339700885	0.3861683748	-116.9610445100
28	0.0000000000	0.3861683748	-2.9957322736
29	0.6333530494	0.3861683748	-126.8210729890
30	0.5233651587	0.3861683748	-114.8910204131
31	1.6925740407	0.3861683748	-182.5958574422
32	0.8022713128	0.3861683748	-144.2787543506
33	0.4658206456	0.3861683748	-104.4033553535
34	1.9065379571	0.3861683748	-184.3174412647
35	1.3504664719	0.3861683748	-177.7022090665
36	2.6966092172	0.3861683748	-188.2371725150
37	0.8929776404	0.3861683748	-151.4744843893
38	2.2348361211	0.3861683748	-184.7132995472
39	1.9937033898	0.3861683748	-183.0309364626
40	1.6580393046	0.3861683748	-181.5620752136
41	1.3591034614	0.3861683748	-174.0746822482
42	2.4776278848	0.3861683748	-186.9389100244
43	1.5142184791	0.3861683748	-178.4262670986
44	2.0016217290	0.3861683748	-184.0403526844
45	1.5538702589	0.3861683748	-181.4312806371
46	0.4102871336	0.3861683748	-97.0043735003
47	0.8110348828	0.3861683748	-148.1483101917
48	1.3551057124	0.3861683748	-171.2377476036
49	1.1721360176	0.3861683748	-171.3454977323
50	0.7970644732	0.3861683748	-145.3796643910
51	0.0000000000	0.3861683748	-2.9957322736
52	0.6565971417	0.3861683748	-129.9160781187
53	0.9530103077	0.3861683748	-158.5259346327
54	1.1372483881	0.3861683748	-166.8309707696
55	0.6529953501	0.3861683748	-130.9411792637
56	1.2185888578	0.3861683748	-170.5633120194
57	0.2067905347	0.3861683748	-58.1808623429
58	0.9451363454	0.3861683748	-156.8836047439
59	1.4999727352	0.3861683748	-176.3396739671
60	0.5520615163	0.3861683748	-119.9547432024
61	0.0219085149	0.3861683748	-11.7640463154
62	2.4270880879	0.3861683748	-187.5376590382
63	0.3850119406	0.3861683748	-92.3064678809
64	0.4165639854	0.3861683748	-98.1681134270
65	1.7369124393	0.3861683748	-181.6165084848
66	0.3587160505	0.3861683748	-87.6071004195
67	3.9120355035	0.3861683748	-191.1909457555
68	0.7607210416	0.3861683748	-138.2000050055
69	2.2073753288	0.3861683748	-184.2506665105
70	2.8460855481	0.3861683748	-189.2457511260
71	1.4253906442	0.3861683748	-174.6311172978
72	1.4405894396	0.3861683748	-179.0340131158
73	0.0219137971	0.3861683748	-11.7640463445
74	0.6286651064	0.3861683748	-126.0800560979
75	0.8817905672	0.3861683748	-152.1589266790
76	2.1900671657	0.3861683748	-185.0447234826
77	0.0664128565	0.3861683748	-25.9752254947
78	1.7163278147	0.3861683748	-179.3828794252
79	2.3034436701	0.3861683748	-185.5452844811
80	0.8985621659	0.3861683748	-153.2209146796
81	0.9204067775	0.3861683748	-159.2748277343
82	2.4381575380	0.3861683748	-187.5762808338
83	2.0502072277	0.3861683748	-182.3876355548
84	0.7515284167	0.3861683748	-142.9894328392
85	1.1486663974	0.3861683748	-166.9204701479
86	2.3817224408	0.3861683748	-188.3746844298
87	1.4145085802	0.3861683748	-174.3781802467
88	0.6385686902	0.3861683748	-126.3817557067
89	0.2300614341	0.3861683748	-66.5057475643
90	2.3622899312	0.3861683748	-186.1301400738
91	0.0889448497	0.3861683748	-32.4678782208
92	0.7297816415	0.3861683748	-138.8851729375
93	1.6458027516	0.3861683748	-178.1715269519
94	0.6995815165	0.3861683748	-134.3167234111
95	0.7836855925	0.3861683748	-144.6860326674
96	2.0001468495	0.3861683748	-186.2927480236
97	3.0883893585	0.3861683748	-190.1911032591
98	1.3892115978	0.3861683748	-178.7426577165
99	2.0161608353	0.3861683748	-184.7863299475
100	0.4128512537	0.3861683748	-94.6470141773
101	0.4116888222	0.3861683748	-95.3709126400
102	1.8077213960	0.3861683748	-179.4720636378
103	1.1067254755	0.3861683748	-165.3299175975
104	0.1119850416	0.3861683748	-37.5869668631
105	1.6766431516	0.3861683748	-179.5718352400
106	2.1601940078	0.3861683748	-184.9624613701
107	0.8161697513	0.3861683748	-145.2939176380
108	2.8861539950	0.3861683748	-189.3151124516
109	2.1531917205	0.3861683748	-185.6909588889
110	2.2953706570	0.3861683748	-186.2620327982
111	0.0000000000	0.3861683748	-2.9957322736
112	2.7773518855	0.3861683748	-188.4090222157
113	2.0359072706	0.3861683748	-183.0438695738
114	1.0153917877	0.3861683748	-160.7155310051
115	1.9057798131	0.3861683748	-181.7462697285
116	2.0274160862	0.3861683748	-184.9732880607
117	2.9330743851	0.3861683748	-189.3519631546
118	1.0743617654	0.3861683748	-160.1349532317
119	1.4549417680	0.3861683748	-176.7016004652
120	2.3621664108	0.3861683748	-187.3385572354
121	0.5470737406	0.3861683748	-120.7022753684
122	0.1579007668	0.3861683748	-50.5606659900
123	5.7251712346	0.3861683748	-191.6817958908
124	2.5066960770	0.3861683748	-186.7094837826
