site	rate	t	lnL
1	2.2743108992	0.3813720396	-186.1090204893
2	1.1128972825	0.3813720396	-166.5705157956
3	1.5439015187	0.3813720396	-181.9200893667
4	2.2140650770	0.3813720396	-188.3065455688
5	0.2340122858	0.3813720396	-63.9748406293
6	2.0293063603	0.3813720396	-184.4558341185
7	0.5313680831	0.3813720396	-114.1471745597
8	0.9504988461	0.3813720396	-152.6408602125
9	3.8543040794	0.3813720396	-191.1451144449
10	1.7720311996	0.3813720396	-179.4825444358
11	0.4142995273	0.3813720396	-99.1326604268
12	2.3407539920	0.3813720396	-185.4282060953
13	0.8848007325	0.3813720396	-152.7437108264
14	1.2388680756	0.3813720396	-166.1759331213
15	0.6881792278	0.3813720396	-131.5885120584
16	1.4628523212	0.3813720396	-178.3165084380
17	1.4137319991	0.3813720396	-177.5745010223
18	1.2784464950	0.3813720396	-173.2367975077
19	1.5490054108	0.3813720396	-175.1483050509
20	0.3109259027	0.3813720396	-77.6459546492
21	1.1738087161	0.3813720396	-166.6213128392
22	1.7342749176	0.3813720396	-182.4793716333
23	0.6917464798	0.3813720396	-133.8143705812
24	0.1364281284	0.3813720396	-44.7157759368
25	3.3132991703	0.3813720396	-190.9755900345
26	0.4755295649	0.3813720396	-103.6424978659
27	0.2849725276	0.3813720396	-73.0770290835
28	0.0445786052	0.3813720396	-18.4439507757
29	0.2844686455	0.3813720396	-73.0603832174
30	0.5649590701	0.3813720396	-117.6803716638
31	1.6320522553	0.3813720396	-179.4509669653
32	0.8320293764	0.3813720396	-148.0828683464
33	0.3651236569	0.3813720396	-89.9909142465
34	1.4862864148	0.3813720396	-177.2257512226
35	0.9671172472	0.3813720396	-158.5127618818
36	1.6906869714	0.3813720396	-182.6241310597
37	0.9981915762	0.3813720396	-158.5659275298
38	2.2280534994	0.3813720396	-185.8003217393
39	1.8770317938	0.3813720396	-185.3167187085
40	1.4708457569	0.3813720396	-176.9082675600
41	1.5310750021	0.3813720396	-176.7375041272
42	2.0710850844	0.3813720396	-184.4908156084
43	1.9139894945	0.3813720396	-181.3838225993
44	2.0109447759	0.3813720396	-187.3494341122
45	1.4651770012	0.3813720396	-173.4920130730
46	0.4997793700	0.3813720396	-108.6996802640
47	0.7200847291	0.3813720396	-137.6522270860
48	1.2509653970	0.3813720396	-167.4743775760
49	0.8025010882	0.3813720396	-143.5166003796
50	0.5300220528	0.3813720396	-111.9720091441
51	0.0671885662	0.3813720396	-25.2846864942
52	0.5899720965	0.3813720396	-122.4077946909
53	0.8646661735	0.3813720396	-148.6334062821
54	0.6883052658	0.3813720396	-133.7806830234
55	1.0776336571	0.3813720396	-161.3816676205
56	1.2664146261	0.3813720396	-172.1059437824
57	0.5020936467	0.3813720396	-114.0356686822
58	0.9163630835	0.3813720396	-155.2847992090
59	1.9042675239	0.3813720396	-181.1622417226
60	0.8328791871	0.3813720396	-146.8550803520
61	0.0000000000	0.3813720396	-2.9957322736
62	3.7906565125	0.3813720396	-191.1161361455
63	0.5004740270	0.3813720396	-108.8123771150
64	0.7969042253	0.3813720396	-142.3417067996
65	1.9840977328	0.3813720396	-184.2576451845
66	0.4461453280	0.3813720396	-102.1013333229
67	2.6307929160	0.3813720396	-187.8738602977
68	0.4992340814	0.3813720396	-108.9151765445
69	1.9106649328	0.3813720396	-181.6564784239
70	1.8762243592	0.3813720396	-183.7793592706
71	1.1945254102	0.3813720396	-172.9203537251
72	1.2529140258	0.3813720396	-174.9041818628
73	0.0221840479	0.3813720396	-11.7640463154
74	0.6252243302	0.3813720396	-123.9479667636
75	1.0261515550	0.3813720396	-162.6772392826
76	1.7553574931	0.3813720396	-181.3313404085
77	0.0445819376	0.3813720396	-19.1371171028
78	2.2756455842	0.3813720396	-184.1765134160
79	2.5214968626	0.3813720396	-188.0322770877
80	1.0187439188	0.3813720396	-161.8088020782
81	1.1970947908	0.3813720396	-172.0534019701
82	2.7642890568	0.3813720396	-188.3320767507
83	3.3763143231	0.3813720396	-190.4085005047
84	1.3231280164	0.3813720396	-176.6140881135
85	0.9290236543	0.3813720396	-154.7989983224
86	2.5615348851	0.3813720396	-188.0385556549
87	1.7151936055	0.3813720396	-182.6829594022
88	0.7636096648	0.3813720396	-139.5035374497
89	0.4177624510	0.3813720396	-98.3271006577
90	1.4702539079	0.3813720396	-181.0298980864
91	0.1366382689	0.3813720396	-42.1421437427
92	0.8147845488	0.3813720396	-142.3232347953
93	1.5509518420	0.3813720396	-176.3538972886
94	0.4728043758	0.3813720396	-107.0165824532
95	0.5319580581	0.3813720396	-114.9276626726
96	2.4471269824	0.3813720396	-187.9216029912
97	1.5853254153	0.3813720396	-178.9212288564
98	0.9209859970	0.3813720396	-153.8957289304
99	2.6110130108	0.3813720396	-188.8364624808
100	0.2580644730	0.3813720396	-70.0125033121
101	0.3882630942	0.3813720396	-94.8438085753
102	2.4980403666	0.3813720396	-187.7003721555
103	1.5409848653	0.3813720396	-180.4713356204
104	0.5915338542	0.3813720396	-125.2735617048
105	1.4658795262	0.3813720396	-179.1457219065
106	1.5798617438	0.3813720396	-178.7627143938
107	0.5978265858	0.3813720396	-119.6191966321
108	2.7280790034	0.3813720396	-188.1042334964
109	1.8559180126	0.3813720396	-185.4514387192
110	1.6514292284	0.3813720396	-179.2222359260
111	0.0000000000	0.3813720396	-2.9957322736
112	51.1784332921	0.3813720396	-191.7268655075
113	2.8638952989	0.3813720396	-189.1355524197
114	1.1946458073	0.3813720396	-168.7071551936
115	1.4920863990	0.3813720396	-178.6055767476
116	1.9730920009	0.3813720396	-189.0597817159
117	2.1489421526	0.3813720396	-186.8987764118
118	1.8387926558	0.3813720396	-185.7514198795
119	1.1026680256	0.3813720396	-165.7747453693
120	1.6723240445	0.3813720396	-180.8593205255
121	1.2312050617	0.3813720396	-175.3024377841
122	0.1605970688	0.3813720396	-48.4508743889
123	2.8383533575	0.3813720396	-189.1701341751
124	2.1382330014	0.3813720396	-185.5496170570
