site	rate	t	lnL
1	0.0000000000	0.0003824720	-2.0467167574
2	0.0000000000	0.0003824720	-2.4266567619
3	0.0000000000	0.0003824720	-2.7408400239
4	0.0000000000	0.0003824720	-3.2108436532
5	0.0000000000	0.0003824720	-2.5176964726
6	0.0000000000	0.0003824720	-3.2108436532
7	0.0000000000	0.0003824720	-2.0467167574
8	0.0000000000	0.0003824720	-3.4339872045
9	0.0000000000	0.0003824720	-2.7408400239
10	0.0000000000	0.0003824720	-2.5208263656
11	0.0000000000	0.0003824720	-3.2139735462
12	0.0000000000	0.0003824720	-2.7408400239
13	0.0000000000	0.0003824720	-3.2139735462
14	0.0000000000	0.0003824720	-2.7408400239
15	0.0000000000	0.0003824720	-2.4266567619
16	0.0000000000	0.0003824720	-2.0467167574
17	0.0000000000	0.0003824720	-2.8699170662
18	0.0000000000	0.0003824720	-2.8721417612
19	0.0000000000	0.0003824720	-2.0467167574
20	0.0000000000	0.0003824720	-2.8699170662
21	0.0000000000	0.0003824720	-2.8721417612
22	0.0000000000	0.0003824720	-2.5161351920
23	0.0000000000	0.0003824720	-2.0467167574
24	0.0000000000	0.0003824720	-3.7216692769
25	0.0000000000	0.0003824720	-2.0467167574
26	0.0000000000	0.0003824720	-2.8721417612
27	0.0000000000	0.0003824720	-2.0467167574
28	0.0000000000	0.0003824720	-2.5176964726
29	0.0000000000	0.0003824720	-2.4266567619
30	0.0000000000	0.0003824720	-2.5161351920
31	0.0000000000	0.0003824720	-2.7408400239
32	0.0000000000	0.0003824720	-3.4300885641
33	0.0000000000	0.0003824720	-3.7216692769
34	0.0000000000	0.0003824720	-3.7216692769
35	0.0000000000	0.0003824720	-2.0467167574
36	0.0000000000	0.0003824720	-3.2139735462
37	0.0000000000	0.0003824720	-2.5161351920
38	0.0000000000	0.0003824720	-3.4300885641
39	0.0000000000	0.0003824720	-2.0467167574
40	0.0000000000	0.0003824720	-3.0233272795
41	0.0000000000	0.0003824720	-3.0233272795
42	0.0000000000	0.0003824720	-4.1271343850
43	0.0000000000	0.0003824720	-3.0233272795
44	0.0000000000	0.0003824720	-3.2171132662
45	0.0000000000	0.0003824720	-3.7216692769
46	0.0000000000	0.0003824720	-2.8699170662
47	0.0000000000	0.0003824720	-2.5161351920
48	12.4055413305	0.0003824720	-11.1774952031
49	0.0000000000	0.0003824720	-3.2171132662
50	0.0000000000	0.0003824720	-2.8721417612
51	0.0000000000	0.0003824720	-2.8699170662
52	0.0000000000	0.0003824720	-2.0467167574
53	0.0000000000	0.0003824720	-2.5208263656
54	0.0000000000	0.0003824720	-2.8699170662
55	0.0000000000	0.0003824720	-2.5208263656
56	0.0000000000	0.0003824720	-2.7408400239
57	0.0000000000	0.0003824720	-3.4300885641
58	0.0000000000	0.0003824720	-2.8721417612
59	0.0000000000	0.0003824720	-2.5208263656
60	0.0000000000	0.0003824720	-3.2108436532
61	0.0000000000	0.0003824720	-3.4339872045
62	0.0000000000	0.0003824720	-2.4266567619
63	0.0000000000	0.0003824720	-3.7216692769
64	0.0000000000	0.0003824720	-3.0233272795
65	0.0000000000	0.0003824720	-2.5161351920
66	0.0000000000	0.0003824720	-3.4339872045
67	0.0000000000	0.0003824720	-3.2108436532
68	0.0000000000	0.0003824720	-3.2108436532
69	0.0000000000	0.0003824720	-3.2139735462
70	0.0000000000	0.0003824720	-2.5161351920
71	12.5396312110	0.0003824720	-12.5162677444
72	0.0000000000	0.0003824720	-3.2171132662
73	0.0000000000	0.0003824720	-2.5176964726
74	0.0000000000	0.0003824720	-2.7408400239
75	0.0000000000	0.0003824720	-2.0467167574
76	0.0000000000	0.0003824720	-3.2108436532
77	0.0000000000	0.0003824720	-2.5176964726
78	0.0000000000	0.0003824720	-2.5161351920
79	0.0000000000	0.0003824720	-2.5176964726
80	16.3147819982	0.0003824720	-10.3853680566
81	0.0000000000	0.0003824720	-3.0233272795
82	0.0000000000	0.0003824720	-3.2108436532
83	0.0000000000	0.0003824720	-3.7216692769
84	0.0000000000	0.0003824720	-3.2171132662
85	0.0000000000	0.0003824720	-2.5208263656
86	0.0000000000	0.0003824720	-3.7216692769
87	0.0000000000	0.0003824720	-3.7216692769
88	0.0000000000	0.0003824720	-2.4266567619
89	0.0000000000	0.0003824720	-2.4266567619
90	15.0182575482	0.0003824720	-13.0125925891
91	0.0000000000	0.0003824720	-2.5176964726
92	0.0000000000	0.0003824720	-2.5176964726
93	0.0000000000	0.0003824720	-2.5208263656
94	0.0000000000	0.0003824720	-2.4266567619
95	0.0000000000	0.0003824720	-2.5176964726
96	0.0000000000	0.0003824720	-4.1271343850
97	0.0000000000	0.0003824720	-2.4266567619
98	0.0000000000	0.0003824720	-2.8699170662
99	0.0000000000	0.0003824720	-2.5161351920
100	0.0000000000	0.0003824720	-2.8699170662
101	0.0000000000	0.0003824720	-2.0467167574
102	0.0000000000	0.0003824720	-2.7408400239
103	0.0000000000	0.0003824720	-2.0467167574
104	0.0000000000	0.0003824720	-3.2108436532
105	0.0000000000	0.0003824720	-2.5161351920
106	0.0000000000	0.0003824720	-2.0467167574
107	0.0000000000	0.0003824720	-2.8721417612
108	0.0000000000	0.0003824720	-2.5208263656
109	0.0000000000	0.0003824720	-3.4339872045
110	0.0000000000	0.0003824720	-3.0233272795
111	0.0000000000	0.0003824720	-2.5176964726
112	0.0000000000	0.0003824720	-2.5208263656
113	27.3189067286	0.0003824720	-11.2857991986
114	0.0000000000	0.0003824720	-2.0467167574
115	0.0000000000	0.0003824720	-2.5161351920
116	0.0000000000	0.0003824720	-3.7216692769
117	0.0000000000	0.0003824720	-3.2108436532
118	0.0000000000	0.0003824720	-2.8721417612
119	15.2562474767	0.0003824720	-14.8431330074
120	0.0000000000	0.0003824720	-2.0467167574
121	0.0000000000	0.0003824720	-3.4300885641
122	0.0000000000	0.0003824720	-2.5176964726
123	0.0000000000	0.0003824720	-3.2108436532
124	0.0000000000	0.0003824720	-2.4266567619
