site	rate	t	lnL
1	2.2321581858	0.0573456188	-86.7135663357
2	0.1475968923	0.0573456188	-11.7636184348
3	3.7115718217	0.0573456188	-117.8858551742
4	0.9112884569	0.0573456188	-44.6909657855
5	0.0000000000	0.0573456188	-2.9957322736
6	2.0532980152	0.0573456188	-82.8252096651
7	0.0000000000	0.0573456188	-2.9957322736
8	0.4472265333	0.0573456188	-25.9752290190
9	1.3921833999	0.0573456188	-61.7385958395
10	1.5566405852	0.0573456188	-65.0729838426
11	0.0000000000	0.0573456188	-2.9957322736
12	1.3834760929	0.0573456188	-61.7904128480
13	0.7552274657	0.0573456188	-38.6790265570
14	0.0000000000	0.0573456188	-2.9957322736
15	0.1475969436	0.0573456188	-11.7636184348
16	1.9003289672	0.0573456188	-75.4117098592
17	0.7527025172	0.0573456188	-38.6949301440
18	0.2967248636	0.0573456188	-19.1353759957
19	1.8952386218	0.0573456188	-75.5687807221
20	0.6000417838	0.0573456188	-32.4607187581
21	2.0753965112	0.0573456188	-79.2940036900
22	1.2389789948	0.0573456188	-56.1418697210
23	1.0644375994	0.0573456188	-50.5539453798
24	0.1475389017	0.0573456188	-11.7640463162
25	2.6064040775	0.0573456188	-94.1888090332
26	1.0664555305	0.0573456188	-49.4421074257
27	0.4470218940	0.0573456188	-25.9765553378
28	0.1475389279	0.0573456188	-11.7640463162
29	0.1475394427	0.0573456188	-11.7640463163
30	0.4472276451	0.0573456188	-25.9752254969
31	0.7523346159	0.0573456188	-38.6972252243
32	1.2348168412	0.0573456188	-55.0696877884
33	0.0000000000	0.0573456188	-2.9957322736
34	1.3964066040	0.0573456188	-59.5130819781
35	1.2299653012	0.0573456188	-54.8120751428
36	0.7530738970	0.0573456188	-38.6926237166
37	2.7790490918	0.0573456188	-101.2203870587
38	1.3872504810	0.0573456188	-61.7683661883
39	1.3866373787	0.0573456188	-60.6716638924
40	0.7541477173	0.0573456188	-38.6858338029
41	1.8943128364	0.0573456188	-75.4488987475
42	0.7523346525	0.0573456188	-38.6972252137
43	2.0526592697	0.0573456188	-81.7264031383
44	1.8869103344	0.0573456188	-75.4890528649
45	0.7527434824	0.0573456188	-38.0016506451
46	1.2227306973	0.0573456188	-56.2419681827
47	0.1475330761	0.0573456188	-11.7640463154
48	1.2797103138	0.0573456188	-54.7515529161
49	1.7125807655	0.0573456188	-71.4213858966
50	0.7523346429	0.0573456188	-38.6972251671
51	0.0000000000	0.0573456188	-2.9957322736
52	0.4472276494	0.0573456188	-25.9752254874
53	0.5994739594	0.0573456188	-32.4643264313
54	0.4470229505	0.0573456188	-25.9765518190
55	0.1475330761	0.0573456188	-11.7640463154
56	1.7321332310	0.0573456188	-70.2074949486
57	0.0000000000	0.0573456188	-2.9957322736
58	0.9072983168	0.0573456188	-44.7157914075
59	1.8811155133	0.0573456188	-75.6400801846
60	0.1475330761	0.0573456188	-11.7640463154
61	0.2965937056	0.0573456188	-19.1362429862
62	1.7166827095	0.0573456188	-71.8075966255
63	0.0000000000	0.0573456188	-2.9957322736
64	0.1475330761	0.0573456188	-11.7640463154
65	1.2276299144	0.0573456188	-54.1310114659
66	0.0000000000	0.0573456188	-2.9957322736
67	1.0692810436	0.0573456188	-50.5244002875
68	0.0000000000	0.0573456188	-2.9957322736
69	1.7111921182	0.0573456188	-71.8370395379
70	0.9095483875	0.0573456188	-44.7018915892
71	0.7542490103	0.0573456188	-37.5861597347
72	1.0665638147	0.0573456188	-50.5408953745
73	0.0000000000	0.0573456188	-2.9957322736
74	0.1475969464	0.0573456188	-11.7636184348
75	0.9073079485	0.0573456188	-44.7157613213
76	3.1429069963	0.0573456188	-104.0911667257
77	0.0000000000	0.0573456188	-2.9957322736
78	1.7237847088	0.0573456188	-71.3573585601
79	1.0658758063	0.0573456188	-49.4455189673
80	0.2969858672	0.0573456188	-19.1336466620
81	1.2253106058	0.0573456188	-55.1267778987
82	1.2252470598	0.0573456188	-56.2267905866
83	3.1648247006	0.0573456188	-107.5840437565
84	0.0000000000	0.0573456188	-2.9957322736
85	0.4470218678	0.0573456188	-25.9765553264
86	1.8882194520	0.0573456188	-76.2977387967
87	1.7219212392	0.0573456188	-70.2669091249
88	0.2965923585	0.0573456188	-19.1362475003
89	0.1475969473	0.0573456188	-11.7636184348
90	1.3933133172	0.0573456188	-61.7308801073
91	0.2965930271	0.0573456188	-19.1362452495
92	0.4476304664	0.0573456188	-25.9725946332
93	1.3872008511	0.0573456188	-61.7685142874
94	0.2967248741	0.0573456188	-19.1353759931
95	0.7534179449	0.0573456188	-38.6904053724
96	0.9107987278	0.0573456188	-43.5948140962
97	0.4474325427	0.0573456188	-25.9738985373
98	0.6008761861	0.0573456188	-32.4553650483
99	1.8899707948	0.0573456188	-75.4722950779
100	1.9054440545	0.0573456188	-74.8742780299
101	0.1475969526	0.0573456188	-11.7636184348
102	1.0649987315	0.0573456188	-50.5505912773
103	2.2385688231	0.0573456188	-83.6227770523
104	0.9105556543	0.0573456188	-42.4980259594
105	1.0777748517	0.0573456188	-49.3715299849
106	1.9156923144	0.0573456188	-77.5619287547
107	0.7537703450	0.0573456188	-38.6881605075
108	1.2259508914	0.0573456188	-55.1229484460
109	1.7158576411	0.0573456188	-72.5031141311
110	1.7160709896	0.0573456188	-70.3001258637
111	0.0000000000	0.0573456188	-2.9957322736
112	1.5540394494	0.0573456188	-66.0705103264
113	1.3909049986	0.0573456188	-58.5643277970
114	1.0680273852	0.0573456188	-49.4323890192
115	1.3883396097	0.0573456188	-60.6615507783
116	2.6006330615	0.0573456188	-95.3402203599
117	2.2402002091	0.0573456188	-86.6696664824
118	0.5994719450	0.0573456188	-32.4643328742
119	0.6004225424	0.0573456188	-31.3594035758
120	0.7538746875	0.0573456188	-37.5884751115
121	1.3910138734	0.0573456188	-58.6978930580
122	0.1475330761	0.0573456188	-11.7640463154
123	2.6711967069	0.0573456188	-91.2910845214
124	1.3871666561	0.0573456188	-60.6686366646
