site	rate	t	lnL
1	3.2152123983	0.5577597658	-196.1923995129
2	1.4860356902	0.5577597658	-154.5282605046
3	2.7792036708	0.5577597658	-184.7631137920
4	1.7978202254	0.5577597658	-189.3838682847
5	0.0383403974	0.5577597658	-29.7433683592
6	3.9260693055	0.5577597658	-191.6866976302
7	1.0578572365	0.5577597658	-134.8378999346
8	1.1966030616	0.5577597658	-172.1176081537
9	26.1561793349	0.5577597658	-195.4735136771
10	4.3485087527	0.5577597658	-190.8404028975
11	0.4801109755	0.5577597658	-113.5609611209
12	7.3950160673	0.5577597658	-197.7012204020
13	0.9989531879	0.5577597658	-162.4694325477
14	0.5007843599	0.5577597658	-135.0367874147
15	0.7755091788	0.5577597658	-131.7126199773
16	3.8238056229	0.5577597658	-189.5642645122
17	1.7628581791	0.5577597658	-183.1833642078
18	5927.6727737374	0.5577597658	-189.5947544665
19	2.9822895488	0.5577597658	-184.5303771700
20	0.1133644760	0.5577597658	-50.2440555519
21	3.3066621638	0.5577597658	-176.4287878765
22	1.6665147442	0.5577597658	-175.3322929648
23	1.1240437199	0.5577597658	-144.1918527364
24	0.2744388290	0.5577597658	-75.8549536712
25	2.4375954355	0.5577597658	-186.1636943807
26	0.3365473071	0.5577597658	-118.6361545723
27	0.5525827220	0.5577597658	-113.9446679123
28	0.0000000000	0.5577597658	-2.4808824995
29	0.0851953619	0.5577597658	-47.5486411065
30	0.2897977828	0.5577597658	-111.5499487934
31	4.3805305509	0.5577597658	-186.0293569065
32	2.9114138205	0.5577597658	-168.6371263838
33	0.2395625238	0.5577597658	-74.4551735094
34	2.2582205232	0.5577597658	-188.0334097309
35	7.3517409366	0.5577597658	-178.0044258900
36	3.6436354427	0.5577597658	-192.0747777559
37	0.9265901322	0.5577597658	-132.0621289042
38	113.3222735022	0.5577597658	-193.6290057220
39	466.4048167162	0.5577597658	-191.9213226894
40	0.6111414960	0.5577597658	-155.0127505603
41	0.7445009590	0.5577597658	-167.0297020855
42	2.1684128730	0.5577597658	-188.0091676624
43	2.0622882288	0.5577597658	-189.8893901889
44	2871.1696761630	0.5577597658	-192.5040957763
45	1.0573206110	0.5577597658	-171.4031297903
46	0.3914847973	0.5577597658	-116.1242510003
47	0.6967461598	0.5577597658	-155.3724840561
48	3.2237877428	0.5577597658	-184.2215847743
49	0.5688497068	0.5577597658	-167.7040385486
50	0.5606017123	0.5577597658	-132.0480731617
51	0.1447802207	0.5577597658	-52.4408182865
52	0.4326191570	0.5577597658	-143.8736424753
53	1.5666559370	0.5577597658	-156.2375566293
54	0.3029781991	0.5577597658	-117.9057554150
55	0.4458680361	0.5577597658	-105.0349361254
56	0.9182317803	0.5577597658	-184.9716524928
57	0.3284937197	0.5577597658	-93.4940611244
58	1.5777418165	0.5577597658	-170.4622358562
59	6.9922679290	0.5577597658	-195.0969899392
60	1.5724826458	0.5577597658	-167.7289946445
61	0.0809722423	0.5577597658	-48.7558428087
62	3.4416043495	0.5577597658	-195.8898627757
63	1.4154677963	0.5577597658	-189.7323953587
64	1.2773889540	0.5577597658	-177.5953875249
65	1.9139187500	0.5577597658	-188.9207966034
66	0.1963328586	0.5577597658	-110.0578008369
67	2.3722986085	0.5577597658	-201.4057578909
68	0.3720848421	0.5577597658	-113.9618482826
69	2.0147155697	0.5577597658	-191.4554460077
70	2.1502759376	0.5577597658	-185.3526519264
71	21.2701432269	0.5577597658	-186.0798729003
72	351.2408979418	0.5577597658	-187.5968197263
73	0.0122921668	0.5577597658	-13.8113139930
74	0.7033132393	0.5577597658	-156.1052793192
75	1.4303226910	0.5577597658	-165.4974932242
76	2.2721521190	0.5577597658	-186.6612945938
77	0.2417105655	0.5577597658	-99.0511160271
78	3.0203734724	0.5577597658	-183.9337105106
79	6.0490330567	0.5577597658	-193.6463292315
80	1.6410149684	0.5577597658	-161.5018020043
81	0.9149981595	0.5577597658	-158.3874035000
82	1.8963356189	0.5577597658	-186.0612570987
83	3.1137026037	0.5577597658	-196.2376798590
84	0.5953112974	0.5577597658	-117.7144956455
85	0.9240264528	0.5577597658	-152.4525052929
86	2.7835863829	0.5577597658	-193.1526448472
87	3.1765466409	0.5577597658	-186.4664214056
88	1.1786346412	0.5577597658	-192.5614650818
89	0.3732117851	0.5577597658	-124.0483999243
90	4.5891550857	0.5577597658	-194.7266401902
91	0.1256998470	0.5577597658	-65.4724811772
92	4.2166804781	0.5577597658	-171.6686308672
93	2.2348457943	0.5577597658	-176.7494956241
94	0.7405652237	0.5577597658	-153.4534279771
95	0.4261458631	0.5577597658	-123.8445642182
96	1.3772103340	0.5577597658	-172.8006407350
97	4.3563889607	0.5577597658	-190.8329334614
98	1.4603096972	0.5577597658	-182.9181945632
99	2.8416887104	0.5577597658	-192.8977751918
100	0.0956928384	0.5577597658	-48.0082084226
101	0.1146385084	0.5577597658	-69.7407641119
102	3.1076560119	0.5577597658	-190.0741148279
103	1.6334874855	0.5577597658	-172.5475785029
104	0.2580769682	0.5577597658	-103.8981580852
105	1.6891646915	0.5577597658	-179.7937985840
106	1.2532443274	0.5577597658	-181.4702006273
107	0.5196575808	0.5577597658	-154.6788519687
108	1.5332116534	0.5577597658	-170.5769843602
109	3.5830801852	0.5577597658	-194.2002033012
110	4.7734820082	0.5577597658	-188.4258041829
111	0.0000000000	0.5577597658	-2.4808824995
112	3.1505550275	0.5577597658	-190.7149947558
113	14.7314667893	0.5577597658	-199.2546504687
114	1.2282752778	0.5577597658	-175.4760828661
115	1.7362800590	0.5577597658	-180.8582157080
116	4.1408007870	0.5577597658	-197.5691688871
117	2.3926780202	0.5577597658	-185.2090308492
118	0.9368770806	0.5577597658	-167.3874483401
119	2.0318161441	0.5577597658	-186.3962276584
120	1.7860170630	0.5577597658	-190.0574218784
121	0.5634598929	0.5577597658	-138.5563031620
122	0.3012354394	0.5577597658	-106.7963622478
123	2.0181117381	0.5577597658	-182.7046875630
124	2.8241707192	0.5577597658	-190.0416408942
