site	rate	t	lnL
1	1.2330496116	0.0071960520	-11.2982435931
2	0.0000000000	0.0071960520	-3.1620534890
3	0.0000000000	0.0071960520	-2.8855948789
4	0.0000000000	0.0071960520	-2.2662084483
5	0.0000000000	0.0071960520	-2.2164351420
6	2.3455466307	0.0071960520	-18.5777873339
7	0.0000000000	0.0071960520	-2.3684686042
8	0.0000000000	0.0071960520	-2.2662084483
9	1.1730841491	0.0071960520	-12.1007327731
10	0.0000000000	0.0071960520	-2.3684686042
11	0.0000000000	0.0071960520	-2.7526279797
12	0.0000000000	0.0071960520	-2.7526279797
13	0.0000000000	0.0071960520	-2.2662084483
14	3.4994644989	0.0071960520	-26.8079684449
15	0.0000000000	0.0071960520	-2.2662084483
16	0.0000000000	0.0071960520	-3.0337440404
17	0.0000000000	0.0071960520	-2.2164351420
18	0.0000000000	0.0071960520	-2.3684686042
19	0.0000000000	0.0071960520	-3.4184830179
20	0.0000000000	0.0071960520	-2.7970797422
21	0.0000000000	0.0071960520	-2.2662084483
22	0.0000000000	0.0071960520	-2.8855948789
23	0.0000000000	0.0071960520	-2.2662084483
24	0.0000000000	0.0071960520	-3.1502190314
25	3.5524766709	0.0071960520	-25.6328143357
26	0.0000000000	0.0071960520	-3.3196824332
27	0.0000000000	0.0071960520	-3.0337440404
28	0.0000000000	0.0071960520	-2.2164351420
29	0.0000000000	0.0071960520	-2.2164351420
30	0.0000000000	0.0071960520	-2.7100683653
31	0.0000000000	0.0071960520	-2.3684686042
32	2.3269306992	0.0071960520	-19.1910019841
33	0.0000000000	0.0071960520	-2.7100683653
34	0.0000000000	0.0071960520	-2.8855948789
35	1.1544781842	0.0071960520	-12.6471009562
36	0.0000000000	0.0071960520	-3.0337440404
37	0.0000000000	0.0071960520	-2.3684686042
38	2.3981572754	0.0071960520	-19.1243885492
39	1.2330496625	0.0071960520	-11.3858197823
40	2.3409093938	0.0071960520	-20.0602790653
41	3.6302112069	0.0071960520	-26.6075940752
42	3.4923591670	0.0071960520	-27.2793819688
43	1.1568677724	0.0071960520	-11.4733536364
44	1.1374359172	0.0071960520	-13.5279054391
45	2.3325650824	0.0071960520	-18.9113262519
46	1.1560030585	0.0071960520	-12.5886279641
47	2.3014389371	0.0071960520	-20.4544841754
48	3.4947243220	0.0071960520	-24.2176541414
49	0.0000000000	0.0071960520	-3.4379011038
50	1.2451273945	0.0071960520	-12.5419923120
51	0.0000000000	0.0071960520	-2.7970797422
52	0.0000000000	0.0071960520	-3.1502190314
53	1.1932024721	0.0071960520	-10.8789623020
54	0.0000000000	0.0071960520	-3.1620534890
55	0.0000000000	0.0071960520	-4.0024309065
56	0.0000000000	0.0071960520	-3.0469194615
57	0.0000000000	0.0071960520	-2.7100683653
58	3.4684856958	0.0071960520	-27.3959734922
59	6.3834595382	0.0071960520	-37.8115020687
60	0.0000000000	0.0071960520	-3.2921892926
61	0.0000000000	0.0071960520	-2.2164351420
62	0.0000000000	0.0071960520	-2.7526279797
63	2.3733727638	0.0071960520	-18.6871082544
64	0.0000000000	0.0071960520	-2.7970797422
65	1.1584374741	0.0071960520	-13.1094221574
66	3.7495459526	0.0071960520	-26.3065518057
67	2.4042870327	0.0071960520	-18.4722139023
68	0.0000000000	0.0071960520	-2.7970797422
69	1.1938724713	0.0071960520	-11.2644595909
70	2.3224129685	0.0071960520	-18.6431335808
71	3.6266903285	0.0071960520	-26.7207957662
72	2.4033294086	0.0071960520	-19.6525623884
73	0.0000000000	0.0071960520	-2.2164351420
74	0.0000000000	0.0071960520	-3.0469194615
75	1.2546174718	0.0071960520	-11.2440181440
76	1.1641725879	0.0071960520	-12.4054883024
77	0.0000000000	0.0071960520	-2.2164351420
78	1.2140021384	0.0071960520	-11.4898723905
79	2.3296051551	0.0071960520	-20.2080965767
80	2.2889085225	0.0071960520	-18.8000182326
81	0.0000000000	0.0071960520	-2.3684686042
82	2.4019703271	0.0071960520	-19.1361045534
83	1.1830139940	0.0071960520	-11.9716838819
84	0.0000000000	0.0071960520	-3.2046131034
85	0.0000000000	0.0071960520	-2.2662084483
86	0.0000000000	0.0071960520	-3.7216692769
87	1.2471078006	0.0071960520	-10.7327131081
88	3.6188391502	0.0071960520	-27.5314763303
89	0.0000000000	0.0071960520	-2.2662084483
90	1.1610962277	0.0071960520	-11.4319810241
91	0.0000000000	0.0071960520	-2.2164351420
92	0.0000000000	0.0071960520	-3.7216692769
93	3.5330092146	0.0071960520	-25.4793095789
94	5.0448257616	0.0071960520	-31.8835928631
95	0.0000000000	0.0071960520	-3.0337440404
96	1.1734268113	0.0071960520	-12.1889949843
97	1.1623146272	0.0071960520	-11.2926091230
98	2.4054707502	0.0071960520	-19.8381192562
99	2.3561530746	0.0071960520	-18.7978398472
100	0.0000000000	0.0071960520	-2.7970797422
101	0.0000000000	0.0071960520	-2.3684686042
102	3.5515683247	0.0071960520	-26.0243627054
103	3.7937985801	0.0071960520	-24.0964406702
104	0.0000000000	0.0071960520	-3.3196824332
105	0.0000000000	0.0071960520	-3.1502190314
106	0.0000000000	0.0071960520	-3.0469194615
107	2.3175863442	0.0071960520	-20.7785351588
108	2.4962075778	0.0071960520	-19.1065545717
109	1.1639990875	0.0071960520	-12.7088208325
110	0.0000000000	0.0071960520	-3.1620534890
111	0.0000000000	0.0071960520	-2.2164351420
112	1.1661708358	0.0071960520	-11.2089443643
113	0.0000000000	0.0071960520	-3.2046131034
114	0.0000000000	0.0071960520	-2.8855948789
115	1.1830400362	0.0071960520	-11.6857210758
116	0.0000000000	0.0071960520	-2.2164351420
117	1.1603539422	0.0071960520	-12.2399069765
118	0.0000000000	0.0071960520	-2.7526279797
119	0.0000000000	0.0071960520	-2.3684686042
120	1.1598336941	0.0071960520	-12.4967805407
121	0.0000000000	0.0071960520	-2.7970797422
122	0.0000000000	0.0071960520	-2.2164351420
123	0.0000000000	0.0071960520	-2.7526279797
124	1.1889482622	0.0071960520	-12.5609341586
