site	rate	t	lnL
1	0.0000000000	0.0004792026	-2.5068183545
2	0.0000000000	0.0004792026	-3.7216692769
3	0.0000000000	0.0004792026	-2.5068183545
4	17.6089990599	0.0004792026	-12.2300366425
5	0.0000000000	0.0004792026	-2.3458462157
6	0.0000000000	0.0004792026	-3.7216692769
7	0.0000000000	0.0004792026	-3.7216692769
8	0.0000000000	0.0004792026	-2.7408400239
9	0.0000000000	0.0004792026	-2.7427950588
10	0.0000000000	0.0004792026	-3.0285220964
11	0.0000000000	0.0004792026	-2.7408400239
12	0.0000000000	0.0004792026	-3.2108436532
13	0.0000000000	0.0004792026	-3.2015123257
14	0.0000000000	0.0004792026	-2.3458462157
15	0.0000000000	0.0004792026	-3.0285220964
16	0.0000000000	0.0004792026	-3.4339872045
17	0.0000000000	0.0004792026	-2.3458462157
18	0.0000000000	0.0004792026	-2.6213223825
19	0.0000000000	0.0004792026	-2.7408400239
20	0.0000000000	0.0004792026	-3.0285220964
21	0.0000000000	0.0004792026	-2.6213223825
22	17.9076112714	0.0004792026	-11.7086412244
23	0.0000000000	0.0004792026	-2.5068183545
24	0.0000000000	0.0004792026	-3.4339872045
25	0.0000000000	0.0004792026	-2.7486832014
26	0.0000000000	0.0004792026	-3.2015123257
27	0.0000000000	0.0004792026	-2.6213223825
28	0.0000000000	0.0004792026	-2.3458462157
29	0.0000000000	0.0004792026	-2.7408400239
30	0.0000000000	0.0004792026	-3.2108436532
31	0.0000000000	0.0004792026	-2.7486832014
32	0.0000000000	0.0004792026	-2.6213223825
33	0.0000000000	0.0004792026	-2.5068183545
34	0.0000000000	0.0004792026	-3.4617117525
35	0.0000000000	0.0004792026	-3.0285220964
36	0.0000000000	0.0004792026	-3.2108436532
37	0.0000000000	0.0004792026	-3.4617117525
38	0.0000000000	0.0004792026	-2.5068183545
39	0.0000000000	0.0004792026	-2.7408400239
40	0.0000000000	0.0004792026	-3.0285220964
41	0.0000000000	0.0004792026	-3.0285220964
42	0.0000000000	0.0004792026	-3.4339872045
43	0.0000000000	0.0004792026	-3.4339872045
44	0.0000000000	0.0004792026	-3.4339872045
45	0.0000000000	0.0004792026	-3.7216692769
46	0.0000000000	0.0004792026	-2.7427950588
47	0.0000000000	0.0004792026	-2.7408400239
48	0.0000000000	0.0004792026	-2.7486832014
49	0.0000000000	0.0004792026	-3.1861510406
50	0.0000000000	0.0004792026	-2.6213223825
51	0.0000000000	0.0004792026	-3.0285220964
52	0.0000000000	0.0004792026	-2.6213223825
53	0.0000000000	0.0004792026	-3.2108436532
54	0.0000000000	0.0004792026	-3.0285220964
55	0.0000000000	0.0004792026	-2.3458462157
56	0.0000000000	0.0004792026	-2.7486832014
57	0.0000000000	0.0004792026	-2.5068183545
58	0.0000000000	0.0004792026	-3.0285220964
59	0.0000000000	0.0004792026	-2.7486832014
60	0.0000000000	0.0004792026	-3.0363652738
61	0.0000000000	0.0004792026	-2.3458462157
62	0.0000000000	0.0004792026	-2.3458462157
63	0.0000000000	0.0004792026	-2.5068183545
64	0.0000000000	0.0004792026	-2.7427950588
65	0.0000000000	0.0004792026	-2.7486832014
66	0.0000000000	0.0004792026	-3.0285220964
67	17.4256928344	0.0004792026	-11.7541393689
68	0.0000000000	0.0004792026	-3.0285220964
69	0.0000000000	0.0004792026	-2.5068183545
70	0.0000000000	0.0004792026	-3.0285220964
71	0.0000000000	0.0004792026	-2.7408400239
72	0.0000000000	0.0004792026	-3.4339872045
73	0.0000000000	0.0004792026	-2.3458462157
74	0.0000000000	0.0004792026	-3.4184830179
75	0.0000000000	0.0004792026	-3.7216692769
76	0.0000000000	0.0004792026	-3.0285220964
77	0.0000000000	0.0004792026	-2.3458462157
78	0.0000000000	0.0004792026	-2.7408400239
79	0.0000000000	0.0004792026	-2.7408400239
80	0.0000000000	0.0004792026	-3.2108436532
81	18.2710041175	0.0004792026	-11.7070682538
82	0.0000000000	0.0004792026	-2.7427950588
83	0.0000000000	0.0004792026	-3.7216692769
84	0.0000000000	0.0004792026	-2.7408400239
85	18.4417281494	0.0004792026	-11.2611826427
86	0.0000000000	0.0004792026	-3.0285220964
87	0.0000000000	0.0004792026	-3.4339872045
88	0.0000000000	0.0004792026	-2.7427950588
89	0.0000000000	0.0004792026	-2.7408400239
90	0.0000000000	0.0004792026	-2.7408400239
91	0.0000000000	0.0004792026	-2.3458462157
92	0.0000000000	0.0004792026	-2.7408400239
93	0.0000000000	0.0004792026	-2.7427950588
94	0.0000000000	0.0004792026	-2.6213223825
95	0.0000000000	0.0004792026	-2.7427950588
96	0.0000000000	0.0004792026	-3.1861510406
97	0.0000000000	0.0004792026	-2.6213223825
98	0.0000000000	0.0004792026	-3.1861510406
99	0.0000000000	0.0004792026	-3.0285220964
100	0.0000000000	0.0004792026	-3.4617117525
101	0.0000000000	0.0004792026	-2.7408400239
102	0.0000000000	0.0004792026	-2.7408400239
103	0.0000000000	0.0004792026	-3.2015123257
104	17.4817760637	0.0004792026	-11.6052407013
105	0.0000000000	0.0004792026	-3.0285220964
106	0.0000000000	0.0004792026	-3.0363652738
107	0.0000000000	0.0004792026	-3.0363652738
108	0.0000000000	0.0004792026	-3.0285220964
109	0.0000000000	0.0004792026	-3.4339872045
110	0.0000000000	0.0004792026	-2.5068183545
111	0.0000000000	0.0004792026	-2.3458462157
112	17.9319243551	0.0004792026	-11.5363470306
113	0.0000000000	0.0004792026	-3.4184830179
114	0.0000000000	0.0004792026	-3.4184830179
115	0.0000000000	0.0004792026	-3.4184830179
116	0.0000000000	0.0004792026	-2.7408400239
117	0.0000000000	0.0004792026	-2.7486832014
118	0.0000000000	0.0004792026	-3.2015123257
119	0.0000000000	0.0004792026	-3.1861510406
120	0.0000000000	0.0004792026	-3.1861510406
121	0.0000000000	0.0004792026	-3.0285220964
122	0.0000000000	0.0004792026	-3.0363652738
123	0.0000000000	0.0004792026	-3.0363652738
124	0.0000000000	0.0004792026	-2.6213223825
