site	rate	t	lnL
1	1.0847887724	0.0644033623	-71.6222998168
2	0.2605156039	0.0644033623	-22.8093320640
3	1.6729780884	0.0644033623	-80.3104129010
4	1.8702567108	0.0644033623	-75.9736376137
5	0.0000000000	0.0644033623	-2.4096832286
6	0.8213971233	0.0644033623	-42.5262966328
7	0.1034725672	0.0644033623	-8.5706417662
8	0.0000000000	0.0644033623	-2.0379745939
9	1.0093646118	0.0644033623	-59.5655243638
10	0.6836317676	0.0644033623	-51.8266095916
11	0.3189600403	0.0644033623	-28.2006161288
12	2.3869300862	0.0644033623	-73.2813476719
13	0.4453607645	0.0644033623	-34.3246963238
14	1.0648360610	0.0644033623	-60.8202780650
15	0.6664167063	0.0644033623	-33.9725728676
16	3.4752873785	0.0644033623	-113.1075026918
17	3.4579451296	0.0644033623	-58.4991101536
18	1.0411473792	0.0644033623	-61.7341717286
19	1.4096933383	0.0644033623	-58.3641284522
20	0.0000000000	0.0644033623	-2.3405968598
21	1.2446515295	0.0644033623	-62.9158665639
22	2.5525098425	0.0644033623	-97.7810800928
23	0.2093517370	0.0644033623	-18.9461672690
24	0.3177254443	0.0644033623	-11.9711190762
25	3.9287681630	0.0644033623	-91.3272414872
26	0.0000000000	0.0644033623	-3.0285220964
27	0.3101022103	0.0644033623	-20.5820463816
28	0.0000000000	0.0644033623	-2.4096832286
29	0.1004776718	0.0644033623	-10.7955089772
30	1.1697619589	0.0644033623	-29.2735404201
31	0.7517639628	0.0644033623	-36.1389334048
32	0.3219536319	0.0644033623	-29.7358334130
33	0.1081765400	0.0644033623	-11.4389020379
34	1.4102660630	0.0644033623	-81.4802958977
35	0.1360109701	0.0644033623	-14.5545097964
36	1.0051843551	0.0644033623	-64.1644532577
37	1.9243712930	0.0644033623	-92.8385343459
38	2.0172672231	0.0644033623	-89.5508390751
39	1.2701464693	0.0644033623	-75.7038874883
40	0.7945584888	0.0644033623	-49.0475865597
41	1.5915717334	0.0644033623	-104.4098148332
42	2.1875883803	0.0644033623	-87.6955465683
43	1.1568726867	0.0644033623	-57.2045844765
44	1.5398549733	0.0644033623	-80.6373343756
45	0.3833992449	0.0644033623	-18.1012157035
46	1.4731751122	0.0644033623	-63.1589267264
47	1.5420390227	0.0644033623	-50.9279719767
48	0.7174986562	0.0644033623	-45.1194034261
49	0.6179926123	0.0644033623	-33.4279477426
50	0.6510217144	0.0644033623	-40.9422416525
51	0.0000000000	0.0644033623	-2.3405968598
52	0.1650937411	0.0644033623	-15.9985290971
53	0.4185661901	0.0644033623	-31.9994996068
54	0.1259062543	0.0644033623	-13.1133048998
55	0.7712082798	0.0644033623	-44.0223288727
56	1.5932934268	0.0644033623	-45.0491000570
57	0.1079806217	0.0644033623	-12.1745542416
58	0.9459276446	0.0644033623	-56.7909312376
59	2.3138503971	0.0644033623	-85.7010954128
60	0.5400484496	0.0644033623	-39.6972039448
61	0.6406566739	0.0644033623	-18.8815785760
62	1.3210889456	0.0644033623	-80.0233081209
63	5.5479654993	0.0644033623	-82.2533957214
64	1.0206523925	0.0644033623	-60.1387437479
65	2.9002322579	0.0644033623	-86.6551709302
66	0.2862658998	0.0644033623	-19.3196432901
67	3.1509320800	0.0644033623	-80.8448956773
68	0.3855098782	0.0644033623	-12.6980144606
69	2.0486540276	0.0644033623	-65.1052239042
70	1.8467291236	0.0644033623	-82.8585379805
71	1.0075373290	0.0644033623	-50.6133286094
72	0.6993593777	0.0644033623	-52.9095045802
73	0.0000000000	0.0644033623	-2.4096832286
74	1.1445529058	0.0644033623	-28.4516293277
75	0.1011970460	0.0644033623	-14.0544356362
76	3.1932399848	0.0644033623	-115.3876223308
77	0.3105826148	0.0644033623	-10.7964488904
78	1.6094207762	0.0644033623	-47.1031157672
79	2.5712092708	0.0644033623	-90.5046594974
80	0.2119361543	0.0644033623	-18.8629867121
81	0.6771671609	0.0644033623	-38.7172593368
82	0.2025467932	0.0644033623	-20.0546289426
83	3.8273085760	0.0644033623	-70.9441218780
84	1.7421889270	0.0644033623	-78.1519456001
85	1.9028910246	0.0644033623	-79.1230728459
86	0.8766773012	0.0644033623	-47.7854169930
87	0.7661511592	0.0644033623	-55.5863427730
88	0.3323821617	0.0644033623	-27.4139485596
89	0.2053833331	0.0644033623	-18.1015920523
90	3.1530246985	0.0644033623	-91.3346153563
91	1.1120229487	0.0644033623	-52.7403260275
92	0.5457636764	0.0644033623	-17.1245648335
93	1.1205683814	0.0644033623	-66.5879309988
94	0.2037456957	0.0644033623	-18.5219554053
95	0.3168897435	0.0644033623	-28.1767705280
96	4.3429972790	0.0644033623	-77.0672171095
97	1.4745414093	0.0644033623	-57.3498294570
98	1.5102492901	0.0644033623	-27.9058505174
99	0.8451464895	0.0644033623	-49.3359125967
100	0.3899022312	0.0644033623	-12.5012049873
101	0.0000000000	0.0644033623	-2.0379745939
102	0.4329431298	0.0644033623	-31.6879041497
103	0.9438430389	0.0644033623	-60.0443924049
104	0.2681961078	0.0644033623	-17.4132450441
105	1.9258791656	0.0644033623	-82.6604369546
106	0.6426590565	0.0644033623	-41.2968120480
107	0.4068832107	0.0644033623	-20.0088504338
108	1.2221990407	0.0644033623	-63.0111760495
109	2.3126804284	0.0644033623	-87.9740834796
110	1.1724797358	0.0644033623	-65.9631587937
111	0.0000000000	0.0644033623	-2.4096832286
112	0.2724903020	0.0644033623	-20.2487472908
113	1.9258745260	0.0644033623	-94.9686881974
114	1.5065036331	0.0644033623	-56.7685147929
115	1.9078978562	0.0644033623	-79.7947498465
116	2.7279675968	0.0644033623	-76.0920296589
117	4.0739459220	0.0644033623	-107.0837421078
118	1.2509486812	0.0644033623	-61.6071054795
119	0.9149579829	0.0644033623	-64.1789000057
120	0.8970203097	0.0644033623	-56.2378798087
121	0.3847225169	0.0644033623	-10.1888867691
122	0.0000000000	0.0644033623	-2.4096832286
123	0.9733146546	0.0644033623	-49.2796672534
124	1.1676559479	0.0644033623	-63.0174954274
