site	rate	t	lnL
1	0.0000000000	0.0009234260	-2.2505360359
2	0.0000000000	0.0009234260	-2.7705746229
3	0.0000000000	0.0009234260	-3.2139735462
4	0.0000000000	0.0009234260	-2.7369413835
5	0.0000000000	0.0009234260	-2.4238077572
6	0.0000000000	0.0009234260	-2.3445312911
7	0.0000000000	0.0009234260	-2.2505360359
8	0.0000000000	0.0009234260	-2.9484793887
9	0.0000000000	0.0009234260	-2.4238077572
10	10.8713741500	0.0009234260	-10.3930093551
11	0.0000000000	0.0009234260	-2.7705746229
12	0.0000000000	0.0009234260	-2.4238077572
13	0.0000000000	0.0009234260	-2.2505360359
14	0.0000000000	0.0009234260	-2.3366778476
15	0.0000000000	0.0009234260	-3.1984211332
16	0.0000000000	0.0009234260	-3.2108436532
17	0.0000000000	0.0009234260	-2.4238077572
18	0.0000000000	0.0009234260	-2.3445312911
19	0.0000000000	0.0009234260	-2.2505360359
20	0.0000000000	0.0009234260	-3.2108436532
21	0.0000000000	0.0009234260	-2.7705746229
22	26.8706345871	0.0009234260	-11.5799506415
23	8.2248846636	0.0009234260	-13.0789910047
24	0.0000000000	0.0009234260	-2.3366778476
25	0.0000000000	0.0009234260	-3.2108436532
26	0.0000000000	0.0009234260	-3.1984211332
27	0.0000000000	0.0009234260	-2.7369413835
28	0.0000000000	0.0009234260	-2.4238077572
29	0.0000000000	0.0009234260	-2.2505360359
30	0.0000000000	0.0009234260	-2.9484793887
31	0.0000000000	0.0009234260	-3.2108436532
32	0.0000000000	0.0009234260	-2.7705746229
33	0.0000000000	0.0009234260	-3.0738028009
34	9.5147257626	0.0009234260	-12.6059554277
35	0.0000000000	0.0009234260	-3.2139735462
36	9.9672552606	0.0009234260	-10.9929857071
37	0.0000000000	0.0009234260	-3.2108436532
38	0.0000000000	0.0009234260	-2.9484793887
39	0.0000000000	0.0009234260	-3.7268912209
40	0.0000000000	0.0009234260	-2.3445312911
41	0.0000000000	0.0009234260	-4.1271343850
42	0.0000000000	0.0009234260	-3.7113064899
43	0.0000000000	0.0009234260	-3.7321405768
44	0.0000000000	0.0009234260	-3.7113064899
45	7.9357343025	0.0009234260	-12.3121665936
46	0.0000000000	0.0009234260	-3.1984211332
47	0.0000000000	0.0009234260	-3.0738028009
48	9.6045659171	0.0009234260	-9.4144516329
49	9.9556148050	0.0009234260	-13.7658157734
50	0.0000000000	0.0009234260	-2.8766060544
51	0.0000000000	0.0009234260	-2.3366778476
52	7.6051473248	0.0009234260	-12.1856542217
53	0.0000000000	0.0009234260	-2.2505360359
54	0.0000000000	0.0009234260	-2.3445312911
55	0.0000000000	0.0009234260	-2.9484793887
56	0.0000000000	0.0009234260	-2.2505360359
57	0.0000000000	0.0009234260	-3.0738028009
58	0.0000000000	0.0009234260	-2.8766060544
59	0.0000000000	0.0009234260	-2.3445312911
60	0.0000000000	0.0009234260	-2.3366778476
61	0.0000000000	0.0009234260	-2.4238077572
62	0.0000000000	0.0009234260	-2.3445312911
63	0.0000000000	0.0009234260	-3.2108436532
64	0.0000000000	0.0009234260	-2.3366778476
65	0.0000000000	0.0009234260	-3.7321405768
66	0.0000000000	0.0009234260	-3.7216692769
67	0.0000000000	0.0009234260	-2.3366778476
68	0.0000000000	0.0009234260	-3.2108436532
69	0.0000000000	0.0009234260	-2.3366778476
70	0.0000000000	0.0009234260	-2.3445312911
71	0.0000000000	0.0009234260	-2.2505360359
72	0.0000000000	0.0009234260	-2.3445312911
73	0.0000000000	0.0009234260	-2.4238077572
74	0.0000000000	0.0009234260	-2.3366778476
75	0.0000000000	0.0009234260	-2.7705746229
76	0.0000000000	0.0009234260	-2.8766060544
77	0.0000000000	0.0009234260	-3.2139735462
78	0.0000000000	0.0009234260	-3.7268912209
79	0.0000000000	0.0009234260	-2.8766060544
80	0.0000000000	0.0009234260	-3.2108436532
81	0.0000000000	0.0009234260	-3.2108436532
82	0.0000000000	0.0009234260	-2.7369413835
83	9.8780610949	0.0009234260	-11.1331405526
84	0.0000000000	0.0009234260	-3.2108436532
85	0.0000000000	0.0009234260	-2.2505360359
86	0.0000000000	0.0009234260	-3.7216692769
87	0.0000000000	0.0009234260	-2.2505360359
88	0.0000000000	0.0009234260	-3.2108436532
89	0.0000000000	0.0009234260	-2.2505360359
90	7.0386945585	0.0009234260	-12.1347201143
91	0.0000000000	0.0009234260	-2.4238077572
92	0.0000000000	0.0009234260	-3.7216692769
93	0.0000000000	0.0009234260	-2.7369413835
94	0.0000000000	0.0009234260	-2.7369413835
95	0.0000000000	0.0009234260	-2.7705746229
96	0.0000000000	0.0009234260	-2.3445312911
97	0.0000000000	0.0009234260	-2.2505360359
98	0.0000000000	0.0009234260	-2.3366778476
99	0.0000000000	0.0009234260	-2.3445312911
100	0.0000000000	0.0009234260	-2.3366778476
101	0.0000000000	0.0009234260	-2.2505360359
102	0.0000000000	0.0009234260	-3.7113064899
103	0.0000000000	0.0009234260	-2.7369413835
104	0.0000000000	0.0009234260	-3.2108436532
105	0.0000000000	0.0009234260	-3.1984211332
106	0.0000000000	0.0009234260	-4.1116301985
107	0.0000000000	0.0009234260	-3.2108436532
108	19.0035994710	0.0009234260	-14.7825183108
109	0.0000000000	0.0009234260	-2.7369413835
110	0.0000000000	0.0009234260	-3.2108436532
111	0.0000000000	0.0009234260	-2.4238077572
112	0.0000000000	0.0009234260	-2.9484793887
113	0.0000000000	0.0009234260	-2.8766060544
114	0.0000000000	0.0009234260	-4.1271343850
115	9.7455207482	0.0009234260	-11.1468676169
116	0.0000000000	0.0009234260	-3.0738028009
117	0.0000000000	0.0009234260	-4.1116301985
118	0.0000000000	0.0009234260	-2.3445312911
119	0.0000000000	0.0009234260	-2.7369413835
120	0.0000000000	0.0009234260	-3.2139735462
121	0.0000000000	0.0009234260	-2.3366778476
122	0.0000000000	0.0009234260	-2.4238077572
123	0.0000000000	0.0009234260	-2.8766060544
124	0.0000000000	0.0009234260	-3.2108436532
