site	rate	t	lnL
1	2.2180272283	0.3583288364	-183.6624316164
2	0.8431876216	0.3583288364	-138.8520279906
3	1.8252036874	0.3583288364	-180.1242018733
4	2.3643254158	0.3583288364	-187.6981176995
5	0.1205684060	0.3583288364	-37.5915439657
6	4.5414472849	0.3583288364	-191.2754514559
7	0.3279726674	0.3583288364	-81.7434693380
8	1.4397108068	0.3583288364	-171.3347231665
9	2.3279660628	0.3583288364	-186.0895678550
10	1.6252574174	0.3583288364	-175.4905175430
11	0.4409112767	0.3583288364	-100.6508493737
12	2.8984668956	0.3583288364	-188.1735251987
13	1.1188332670	0.3583288364	-163.8152875477
14	0.5972382118	0.3583288364	-116.4579983647
15	0.3830022172	0.3583288364	-90.0457168648
16	1.3589477031	0.3583288364	-171.6653812744
17	1.6972578857	0.3583288364	-179.6989669206
18	1.0891495484	0.3583288364	-159.0748095257
19	2.0801047783	0.3583288364	-185.2682907993
20	0.3031606807	0.3583288364	-71.1908334227
21	1.0412023175	0.3583288364	-156.5161565124
22	1.2025983149	0.3583288364	-163.3053858369
23	0.8384405103	0.3583288364	-141.7972807694
24	0.3859419064	0.3583288364	-89.8347607795
25	1.8085788254	0.3583288364	-180.8756051540
26	0.5668486055	0.3583288364	-117.7983384477
27	0.4159594570	0.3583288364	-93.5401500723
28	0.0236106468	0.3583288364	-11.7640463154
29	0.2747485659	0.3583288364	-68.9079957692
30	0.7364750777	0.3583288364	-134.2237110543
31	1.6921731036	0.3583288364	-180.8239417194
32	1.0634165308	0.3583288364	-161.5365959997
33	0.2485514841	0.3583288364	-66.0757405556
34	1.6161527224	0.3583288364	-176.1959929976
35	1.4220721071	0.3583288364	-174.7256329732
36	1.9551916847	0.3583288364	-180.1933232797
37	1.2496500106	0.3583288364	-173.1986765729
38	3.2617505110	0.3583288364	-189.3915375566
39	1.6384351302	0.3583288364	-181.7506496417
40	0.7253419451	0.3583288364	-132.1106565435
41	1.2895988151	0.3583288364	-166.7760515295
42	2.1493533747	0.3583288364	-185.2304525424
43	1.4272215081	0.3583288364	-176.2295583831
44	2.0416285599	0.3583288364	-184.6205336691
45	1.3499082904	0.3583288364	-173.5032282035
46	0.3589152274	0.3583288364	-83.4631564974
47	0.2746746649	0.3583288364	-69.3157152452
48	1.5975338952	0.3583288364	-178.7689367777
49	0.9883221884	0.3583288364	-155.3131290999
50	0.9138007066	0.3583288364	-146.9738327826
51	0.0000000000	0.3583288364	-2.9957322736
52	0.5679779208	0.3583288364	-117.4647868228
53	0.7825085850	0.3583288364	-140.2286943367
54	0.8796334043	0.3583288364	-147.6096353515
55	0.6015414557	0.3583288364	-120.4495131602
56	1.3439902608	0.3583288364	-170.9001610690
57	0.3849130256	0.3583288364	-91.1507875875
58	1.2513962579	0.3583288364	-167.9537074843
59	2.6546387230	0.3583288364	-187.4524357182
60	0.5054281093	0.3583288364	-106.1139137448
61	0.0958101527	0.3583288364	-32.4696749761
62	1.9293174440	0.3583288364	-181.2635081943
63	0.8525147439	0.3583288364	-142.3949025057
64	1.0671273787	0.3583288364	-158.4020753855
65	2.1938368617	0.3583288364	-187.4041130271
66	0.2479157979	0.3583288364	-66.0987470248
67	2.5466546805	0.3583288364	-185.6199145502
68	1.1295929191	0.3583288364	-164.6423475507
69	3.6746346682	0.3583288364	-190.4452060880
70	1.7747373367	0.3583288364	-182.9649557664
71	1.2763429553	0.3583288364	-168.2553400126
72	1.2246254779	0.3583288364	-167.7704528047
73	0.0716728070	0.3583288364	-24.8723794311
74	1.0749921764	0.3583288364	-160.0114011863
75	1.4490540410	0.3583288364	-173.8821237965
76	2.0551764980	0.3583288364	-182.5108337510
77	0.0236208694	0.3583288364	-11.7636184348
78	2.9208298343	0.3583288364	-189.8631565825
79	2.1142818196	0.3583288364	-182.6207184322
80	0.6314872585	0.3583288364	-121.1935215814
81	1.0893011771	0.3583288364	-156.6454642420
82	1.9684276513	0.3583288364	-180.4380084130
83	2.4052832363	0.3583288364	-188.2539145878
84	0.5566983408	0.3583288364	-111.9641668611
85	0.4449139995	0.3583288364	-98.5644888875
86	0.8450593750	0.3583288364	-143.0957235722
87	1.9555682592	0.3583288364	-183.5748510507
88	0.5317481565	0.3583288364	-114.1180942900
89	0.5348745223	0.3583288364	-109.8521999353
90	2.0271303947	0.3583288364	-185.4476616376
91	0.1204008450	0.3583288364	-38.6972252137
92	0.7987807842	0.3583288364	-139.0424026518
93	3.0338152658	0.3583288364	-189.1173383255
94	0.7082192210	0.3583288364	-128.5757321950
95	0.7698673160	0.3583288364	-135.8349756333
96	1.6885796293	0.3583288364	-178.9427235155
97	1.8083383289	0.3583288364	-180.9179119485
98	1.2953235607	0.3583288364	-171.9640119143
99	1.9646982333	0.3583288364	-183.5834230909
100	0.2773703050	0.3583288364	-68.2524905049
101	0.2481570866	0.3583288364	-64.9893257669
102	1.8747187392	0.3583288364	-182.4377902104
103	1.3109187591	0.3583288364	-174.1208951861
104	0.2487016343	0.3583288364	-63.0210304709
105	2.3983000802	0.3583288364	-187.9267061330
106	1.6918319480	0.3583288364	-175.3649861769
107	0.5944192563	0.3583288364	-118.7846275303
108	6.0129383639	0.3583288364	-191.6767481542
109	2.4052346419	0.3583288364	-185.9606235135
110	1.9322218949	0.3583288364	-182.7381132597
111	0.0000000000	0.3583288364	-2.9957322736
112	4.1154453066	0.3583288364	-191.1466643409
113	2.0620998736	0.3583288364	-183.6888999832
114	1.0993225212	0.3583288364	-159.6844306140
115	1.1470355911	0.3583288364	-160.0764457618
116	1.7794929766	0.3583288364	-175.7518937450
117	2.1380191881	0.3583288364	-185.6934856849
118	1.4240858881	0.3583288364	-177.8173258507
119	0.9842934289	0.3583288364	-150.6539521818
120	3.2033327297	0.3583288364	-190.0602513236
121	0.5952760131	0.3583288364	-115.9517459086
122	0.1451376468	0.3583288364	-44.0252445603
123	2.4528599229	0.3583288364	-187.0710591728
124	1.3929561220	0.3583288364	-174.0461261537
