site	rate	t	lnL
1	12.6075446485	0.0052086135	-41.7349963836
2	0.0000000000	0.0052086135	-2.5673463813
3	3.8846310863	0.0052086135	-24.3189504639
4	0.0000000000	0.0052086135	-3.2297716631
5	0.0000000000	0.0052086135	-2.1879431862
6	1.4048696512	0.0052086135	-11.5350616308
7	0.0000000000	0.0052086135	-2.2553322081
8	1.0233093686	0.0052086135	-11.0407373396
9	4.4211424605	0.0052086135	-15.2002615781
10	2.7947643650	0.0052086135	-13.8808245670
11	0.0000000000	0.0052086135	-2.5350333923
12	2.6220516635	0.0052086135	-22.2272573981
13	2.1526691756	0.0052086135	-20.8897822174
14	0.0000000000	0.0052086135	-3.6610446551
15	0.0000000000	0.0052086135	-2.2553322081
16	0.0000000000	0.0052086135	-2.2553322081
17	0.0000000000	0.0052086135	-2.8544812581
18	0.0000000000	0.0052086135	-3.0233272795
19	0.0000000000	0.0052086135	-3.0104570890
20	0.0000000000	0.0052086135	-3.2425923515
21	2.9502178200	0.0052086135	-12.2791310318
22	1.4335582017	0.0052086135	-13.3223792601
23	1.4089769173	0.0052086135	-10.1179186300
24	0.0000000000	0.0052086135	-3.1922672676
25	3.0175968084	0.0052086135	-19.2844979694
26	2.9314007454	0.0052086135	-12.7338193159
27	1.2232452558	0.0052086135	-11.7803725044
28	0.0000000000	0.0052086135	-2.1879431862
29	1.0756583436	0.0052086135	-13.8522770332
30	1.2932386782	0.0052086135	-8.6027521558
31	1.3243886621	0.0052086135	-12.3836702572
32	2.1348472929	0.0052086135	-18.5458037082
33	1.5738299667	0.0052086135	-14.5569926347
34	1.3343962964	0.0052086135	-10.4020772384
35	0.0000000000	0.0052086135	-2.5673463813
36	8.3717336558	0.0052086135	-29.6263696334
37	1.2997710984	0.0052086135	-12.6018997866
38	1.3293269966	0.0052086135	-14.6772013094
39	0.0000000000	0.0052086135	-2.7291894067
40	1.3869875232	0.0052086135	-10.5872567390
41	2.1119246177	0.0052086135	-13.6260748674
42	0.0000000000	0.0052086135	-2.5350333923
43	0.0000000000	0.0052086135	-2.8588672300
44	0.0000000000	0.0052086135	-3.1922672676
45	1.3282573851	0.0052086135	-10.4066777470
46	2.8917857955	0.0052086135	-20.8552681716
47	0.0000000000	0.0052086135	-2.2553322081
48	1.2997710897	0.0052086135	-12.6018997866
49	0.0000000000	0.0052086135	-3.0104570890
50	1.3524598099	0.0052086135	-13.8071073077
51	0.0000000000	0.0052086135	-2.8544812581
52	2.5891461559	0.0052086135	-10.9713952211
53	1.2246902605	0.0052086135	-13.2178986320
54	1.2838325195	0.0052086135	-13.3765651110
55	0.0000000000	0.0052086135	-2.7291894067
56	0.0000000000	0.0052086135	-3.1922672676
57	0.0000000000	0.0052086135	-4.0304047586
58	1.8012662827	0.0052086135	-12.8319725258
59	1.3593507747	0.0052086135	-14.6198628547
60	0.0000000000	0.0052086135	-3.0233272795
61	0.0000000000	0.0052086135	-2.1879431862
62	3.1799933556	0.0052086135	-19.5871577769
63	0.0000000000	0.0052086135	-3.2297716631
64	1.6580052724	0.0052086135	-13.6157822846
65	1.6853751658	0.0052086135	-13.1748863953
66	0.0000000000	0.0052086135	-4.0024309065
67	0.0000000000	0.0052086135	-2.1879431862
68	2.6814481786	0.0052086135	-13.8059154588
69	0.0000000000	0.0052086135	-4.0304047586
70	0.0000000000	0.0052086135	-2.5350333923
71	0.0000000000	0.0052086135	-3.7164744601
72	1.4089768895	0.0052086135	-10.1179186300
73	0.0000000000	0.0052086135	-2.1879431862
74	0.0000000000	0.0052086135	-2.8544812581
75	0.0000000000	0.0052086135	-2.2553322081
76	2.6228565900	0.0052086135	-12.6654054290
77	0.0000000000	0.0052086135	-2.1879431862
78	6.9750743359	0.0052086135	-18.9949748967
79	4.2188195185	0.0052086135	-13.9147577365
80	0.0000000000	0.0052086135	-2.7291894067
81	0.0000000000	0.0052086135	-2.9153794403
82	3.0044628294	0.0052086135	-21.1039071382
83	0.0000000000	0.0052086135	-2.1879431862
84	0.0000000000	0.0052086135	-3.7164744601
85	0.0000000000	0.0052086135	-3.0259213147
86	0.0000000000	0.0052086135	-4.0024309065
87	1.0683982103	0.0052086135	-13.8590419724
88	2.6937780358	0.0052086135	-19.4558788128
89	0.0000000000	0.0052086135	-2.2553322081
90	0.0000000000	0.0052086135	-3.7113064899
91	0.0000000000	0.0052086135	-2.1879431862
92	0.0000000000	0.0052086135	-2.2553322081
93	0.0000000000	0.0052086135	-2.5350333923
94	0.0000000000	0.0052086135	-3.0259213147
95	0.0000000000	0.0052086135	-3.0259213147
96	1.2635391540	0.0052086135	-11.6410109241
97	1.7364641518	0.0052086135	-16.1367835130
98	0.0000000000	0.0052086135	-2.5350333923
99	0.0000000000	0.0052086135	-3.1922672676
100	1.4789500259	0.0052086135	-12.3788093095
101	0.0000000000	0.0052086135	-2.7291894067
102	0.0000000000	0.0052086135	-3.0104570890
103	2.9716054910	0.0052086135	-13.8004580264
104	0.0000000000	0.0052086135	-3.0233272795
105	1.4245156731	0.0052086135	-13.2825030764
106	1.4931733746	0.0052086135	-12.9897215692
107	0.0000000000	0.0052086135	-2.5350333923
108	0.0000000000	0.0052086135	-2.8588672300
109	3.2644319367	0.0052086135	-23.0304387548
110	1.4023693051	0.0052086135	-11.8496050960
111	0.0000000000	0.0052086135	-2.1879431862
112	2.4806131010	0.0052086135	-21.7586272528
113	0.0000000000	0.0052086135	-2.1879431862
114	0.0000000000	0.0052086135	-2.5673463813
115	0.0000000000	0.0052086135	-2.5673463813
116	2.6881793968	0.0052086135	-22.5293441973
117	1.4106827455	0.0052086135	-12.6522372612
118	0.0000000000	0.0052086135	-2.5350333923
119	3.6339364093	0.0052086135	-19.5022727115
120	0.0000000000	0.0052086135	-2.2553322081
121	0.0000000000	0.0052086135	-2.5673463813
122	0.0000000000	0.0052086135	-2.1879431862
123	2.8202139443	0.0052086135	-19.3944886604
124	4.1071236130	0.0052086135	-27.7806047051
