site	rate	t	lnL
1	1.4063290376	0.0639549328	-78.9845691225
2	3.7798044787	0.0639549328	-93.9562525165
3	2.1458287240	0.0639549328	-63.6275658441
4	2.2665330377	0.0639549328	-110.8076015928
5	0.0000000000	0.0639549328	-2.4526697894
6	1.4015625941	0.0639549328	-81.7688255416
7	0.4575523458	0.0639549328	-32.2448761790
8	1.9506656026	0.0639549328	-35.6957623934
9	1.5094338926	0.0639549328	-72.6028407444
10	1.4087477668	0.0639549328	-55.1524666717
11	2.1794274526	0.0639549328	-96.5296607973
12	2.1066334467	0.0639549328	-91.2879105597
13	0.9879318751	0.0639549328	-50.7882099731
14	0.1346300611	0.0639549328	-12.6812491726
15	0.5399162489	0.0639549328	-36.9784602815
16	1.8154164025	0.0639549328	-81.9018846488
17	0.8281779919	0.0639549328	-48.6005058827
18	0.9608100481	0.0639549328	-53.3751769356
19	1.2207667451	0.0639549328	-60.8700496726
20	0.9309434342	0.0639549328	-53.7668506729
21	0.8208345245	0.0639549328	-42.1904037095
22	0.8950784691	0.0639549328	-36.2817761935
23	1.2432904189	0.0639549328	-75.3004860974
24	0.2169039516	0.0639549328	-12.6343460992
25	2.0199655901	0.0639549328	-89.8255634506
26	0.2168407249	0.0639549328	-23.3796068524
27	0.1978094499	0.0639549328	-14.4140820673
28	0.0000000000	0.0639549328	-2.4526697894
29	0.0000000000	0.0639549328	-2.2747502940
30	0.2720272042	0.0639549328	-25.3185328943
31	0.8335493320	0.0639549328	-58.9445892159
32	0.8345890335	0.0639549328	-46.6391807720
33	0.0000000000	0.0639549328	-2.6802154021
34	1.0420383068	0.0639549328	-55.2944541381
35	2.2899226106	0.0639549328	-35.4566075562
36	1.9546774330	0.0639549328	-59.5439500554
37	0.6581912613	0.0639549328	-25.5687813364
38	0.9993630043	0.0639549328	-56.4634868968
39	1.5439221430	0.0639549328	-72.0160573852
40	1.4109943660	0.0639549328	-63.9976352965
41	0.4975750183	0.0639549328	-44.6955587986
42	3.3979502342	0.0639549328	-56.1101159904
43	1.0594103787	0.0639549328	-66.8568372899
44	2.0355270465	0.0639549328	-70.0120915472
45	2.6859181761	0.0639549328	-100.1351212196
46	0.9917057843	0.0639549328	-64.7196817258
47	0.5600014466	0.0639549328	-35.5760755113
48	0.7770190203	0.0639549328	-64.9827285473
49	0.3338920410	0.0639549328	-29.9797799503
50	0.6331591712	0.0639549328	-51.6742291825
51	0.0000000000	0.0639549328	-2.6802154021
52	0.2889269014	0.0639549328	-17.6832736517
53	0.1486829854	0.0639549328	-14.7011270367
54	0.0938645990	0.0639549328	-14.5366502495
55	1.0091319721	0.0639549328	-44.7567704755
56	2.7030898722	0.0639549328	-118.2885861072
57	0.1641800310	0.0639549328	-12.4826467176
58	0.4917503137	0.0639549328	-33.4213785107
59	0.8024699886	0.0639549328	-54.3114682022
60	0.4423446840	0.0639549328	-37.8909919412
61	0.0000000000	0.0639549328	-2.4526697894
62	1.7996562487	0.0639549328	-77.4135608931
63	2.0129628602	0.0639549328	-76.9275824697
64	1.9368352321	0.0639549328	-85.2750313880
65	0.8602417854	0.0639549328	-65.8772869992
66	0.5458157433	0.0639549328	-34.4075161703
67	1.2068579847	0.0639549328	-59.7573557936
68	1.0372140924	0.0639549328	-68.7973671406
69	1.8625570269	0.0639549328	-71.9113877065
70	0.5335649289	0.0639549328	-36.0652361082
71	0.3866448918	0.0639549328	-34.1560460241
72	1.1508935396	0.0639549328	-43.0895065829
73	0.0000000000	0.0639549328	-2.4526697894
74	0.2689182701	0.0639549328	-20.7239069293
75	1.0429358581	0.0639549328	-73.6438736960
76	3.6256141448	0.0639549328	-109.5581619349
77	0.5429822128	0.0639549328	-32.8042979343
78	3.4014329292	0.0639549328	-59.5262626933
79	3.5464435267	0.0639549328	-56.9904929077
80	2.5311113952	0.0639549328	-76.1546774615
81	0.9949514855	0.0639549328	-46.5339773941
82	1.0772389137	0.0639549328	-51.2189709222
83	1.5988036239	0.0639549328	-80.9353143390
84	2.7413230792	0.0639549328	-110.9717658111
85	1.4984681383	0.0639549328	-66.5599259005
86	1.5466177053	0.0639549328	-68.9973529368
87	0.8924949903	0.0639549328	-56.4384369424
88	0.6744159050	0.0639549328	-40.8935248989
89	0.2702889617	0.0639549328	-20.9686388026
90	1.4750420633	0.0639549328	-63.5956674067
91	0.0000000000	0.0639549328	-2.4526697894
92	0.2935669382	0.0639549328	-21.5419890274
93	0.7211114735	0.0639549328	-53.5338443393
94	0.7980428819	0.0639549328	-45.6035207758
95	0.2945240987	0.0639549328	-22.9151410692
96	1.0410266070	0.0639549328	-58.7420899589
97	2.5085570304	0.0639549328	-89.8362363322
98	3.9649568219	0.0639549328	-111.9658566991
99	2.4156711792	0.0639549328	-91.7766613384
100	0.1347509775	0.0639549328	-12.0979685250
101	0.0000000000	0.0639549328	-2.2747502940
102	0.8946594589	0.0639549328	-55.2944507150
103	1.5789327838	0.0639549328	-70.9047021776
104	0.2162905048	0.0639549328	-19.9319314214
105	2.5733682040	0.0639549328	-119.4519403160
106	0.2577219791	0.0639549328	-18.1429467793
107	0.5160373879	0.0639549328	-41.2119131795
108	0.9165239636	0.0639549328	-63.9560089017
109	1.3566039388	0.0639549328	-98.7766180687
110	0.9667277706	0.0639549328	-61.8811699051
111	0.0000000000	0.0639549328	-2.4526697894
112	0.9072118127	0.0639549328	-65.0999258465
113	0.8261859320	0.0639549328	-52.7093306172
114	0.2413100150	0.0639549328	-21.6464792601
115	1.0846278929	0.0639549328	-44.0267847651
116	0.7015019405	0.0639549328	-54.8347549446
117	1.3575248326	0.0639549328	-70.0336533908
118	1.1117265382	0.0639549328	-64.7919358376
119	1.7365452110	0.0639549328	-79.7841125256
120	0.6540388563	0.0639549328	-49.0281296732
121	1.3478459527	0.0639549328	-71.2310792934
122	0.0000000000	0.0639549328	-2.4526697894
123	1.9289574013	0.0639549328	-108.6276110322
124	2.6243419548	0.0639549328	-96.5428764850
