site	rate	t	lnL
1	4.0547424749	0.5643347346	-197.2686228037
2	0.4248821019	0.5643347346	-143.0792338223
3	1.8784646220	0.5643347346	-189.8984156207
4	4.7415829346	0.5643347346	-191.4834033851
5	0.0832757807	0.5643347346	-36.5106747717
6	188.9053346327	0.5643347346	-201.5586450330
7	0.5546736705	0.5643347346	-130.8008406467
8	0.4417364581	0.5643347346	-121.5803872025
9	9.8083579406	0.5643347346	-199.1372781194
10	4.2086484659	0.5643347346	-191.8547539103
11	0.4647000899	0.5643347346	-103.0938169590
12	3.2206218093	0.5643347346	-201.3583656098
13	3.0397192099	0.5643347346	-179.9644099498
14	0.2883548714	0.5643347346	-98.7259808842
15	1.6433289915	0.5643347346	-149.1849093794
16	141.9234075380	0.5643347346	-190.3729747138
17	1.2441978893	0.5643347346	-181.5988756127
18	0.9997803311	0.5643347346	-165.2440100091
19	4.0679439039	0.5643347346	-183.7785844964
20	0.1387201383	0.5643347346	-53.4244694298
21	3.0728989596	0.5643347346	-181.7216679851
22	0.8789609365	0.5643347346	-146.5542183955
23	1.0774405188	0.5643347346	-146.7731771602
24	0.2579325057	0.5643347346	-74.9832947482
25	2.6169612376	0.5643347346	-190.8709789037
26	0.1395262434	0.5643347346	-70.2794125271
27	0.4986598552	0.5643347346	-119.4680573272
28	0.0000000000	0.5643347346	-2.4869248139
29	0.1361284896	0.5643347346	-52.4158194000
30	0.4862168458	0.5643347346	-146.0996796102
31	7.4609127602	0.5643347346	-191.8488500681
32	2.3048144157	0.5643347346	-175.1571656167
33	0.2203157913	0.5643347346	-81.0487796002
34	1.0360552104	0.5643347346	-176.1397567639
35	5.3791148647	0.5643347346	-178.8371784923
36	2.9408776168	0.5643347346	-186.7436008598
37	1.0990734887	0.5643347346	-163.6416968398
38	2.0054107411	0.5643347346	-193.5897030825
39	2.5021680666	0.5643347346	-181.3960808167
40	1.0904195737	0.5643347346	-182.4189679065
41	28.7637627713	0.5643347346	-196.5049703970
42	2.3531226597	0.5643347346	-193.0729893116
43	3.6581834320	0.5643347346	-183.1504658816
44	5.4226542436	0.5643347346	-198.9610154464
45	1.3153819572	0.5643347346	-176.3667871700
46	0.2928898675	0.5643347346	-101.4842833414
47	0.8188756400	0.5643347346	-145.9737961078
48	4.6803487517	0.5643347346	-187.5463802431
49	0.4094962968	0.5643347346	-145.7028401863
50	1.3578016480	0.5643347346	-156.2922907238
51	0.0000000000	0.5643347346	-2.5956580141
52	0.6431011759	0.5643347346	-126.3065472835
53	0.6290425360	0.5643347346	-128.5134653766
54	0.9115117559	0.5643347346	-176.0492455962
55	0.9335812057	0.5643347346	-138.6246500365
56	0.7235227208	0.5643347346	-163.3217530760
57	0.1544885003	0.5643347346	-67.2550792337
58	0.6478362107	0.5643347346	-154.0555796736
59	3.6461363169	0.5643347346	-193.3926084480
60	0.3425441764	0.5643347346	-131.1968011040
61	0.1202151892	0.5643347346	-58.1630098733
62	3.3831256770	0.5643347346	-193.4999625883
63	0.3909528046	0.5643347346	-123.2509542369
64	1.0593338867	0.5643347346	-181.7353943015
65	2.1750130604	0.5643347346	-194.7580238356
66	0.6655743743	0.5643347346	-181.1346792971
67	341.0187937346	0.5643347346	-200.6940290101
68	0.5412410832	0.5643347346	-125.8785101090
69	6.0602013104	0.5643347346	-194.3663541357
70	3.7106982657	0.5643347346	-187.1272239828
71	1.5276169512	0.5643347346	-173.2988700180
72	1.7415853278	0.5643347346	-183.7561886842
73	0.0680907271	0.5643347346	-31.5013357359
74	0.4090979829	0.5643347346	-123.9275476424
75	1.6150742397	0.5643347346	-161.5423489197
76	2.3665076072	0.5643347346	-191.4996142864
77	0.1146848671	0.5643347346	-51.6652181953
78	1.6605644295	0.5643347346	-180.5758317533
79	3.0572257183	0.5643347346	-189.0228702291
80	1.4999284154	0.5643347346	-155.6592768546
81	2.5420813106	0.5643347346	-174.5768632918
82	3.9848492261	0.5643347346	-187.8841342729
83	3.3615886235	0.5643347346	-193.5843755913
84	0.3636171910	0.5643347346	-108.0752107749
85	1.0735168232	0.5643347346	-141.6068286115
86	2.7928855365	0.5643347346	-191.9566275217
87	2.3449629454	0.5643347346	-175.7333036050
88	1.4982992731	0.5643347346	-170.7860540755
89	0.1708237118	0.5643347346	-70.2095154412
90	716.4115935746	0.5643347346	-190.2417591362
91	0.2177110142	0.5643347346	-77.6483259403
92	0.9246142196	0.5643347346	-157.1259227513
93	2.7341637338	0.5643347346	-182.5270507243
94	0.8601816085	0.5643347346	-136.0058534343
95	0.2765196632	0.5643347346	-124.9378602902
96	1.5499078736	0.5643347346	-190.4730538835
97	4.5168253076	0.5643347346	-181.7156833592
98	4.3012578801	0.5643347346	-185.3995935784
99	2.2524454608	0.5643347346	-183.9730883074
100	0.1099238968	0.5643347346	-50.1153398667
101	0.2251700178	0.5643347346	-83.0551187282
102	1.1686377818	0.5643347346	-184.0183284408
103	2.5144036315	0.5643347346	-177.4530989977
104	0.1174997138	0.5643347346	-70.8662651634
105	1.2442022807	0.5643347346	-174.6703248606
106	5.7439785950	0.5643347346	-190.7464155623
107	0.3497234093	0.5643347346	-122.2091700065
108	1.5339548011	0.5643347346	-181.6988167606
109	162.4027924149	0.5643347346	-191.0410606789
110	2.9521976267	0.5643347346	-182.4192182013
111	0.0000000000	0.5643347346	-2.4869248139
112	101.5690190180	0.5643347346	-189.4868164342
113	2.2464160225	0.5643347346	-193.6962042094
114	0.3625734486	0.5643347346	-114.6337058111
115	2.6771815678	0.5643347346	-182.0699546682
116	7.0918244537	0.5643347346	-196.3222457514
117	6.0229299631	0.5643347346	-183.3862878466
118	2.8588832037	0.5643347346	-187.5422369162
119	2.7863875129	0.5643347346	-193.4673330302
120	120.9903255046	0.5643347346	-193.3713853871
121	2.4409184704	0.5643347346	-188.2734308472
122	0.3018953531	0.5643347346	-87.7073109975
123	3.8909017670	0.5643347346	-198.8614783495
124	3.8766027125	0.5643347346	-192.9735326973
