site	rate	t	lnL
1	2.8920572767	1.7478050440	-599109.1939438293
100001	0.7793349697	1.7478050440	-568162.6713581469
200001	2.1473913786	1.7478050440	-598684.8191898983
300001	2.0741808621	1.7478050440	-598558.8139473215
400001	0.1160013321	1.7478050440	-397176.7300640460
500001	2.1809864475	1.7478050440	-598733.4074553759
600001	0.6082561001	1.7478050440	-548998.0724979644
700001	0.9265839359	1.7478050440	-578798.0255016764
800001	2.2464379073	1.7478050440	-598814.1355354751
900001	2.0603335053	1.7478050440	-598531.4698546389
