site	rate	t	lnL
1	2.6693226417	1.9081417642	-599111.9222708858
100001	0.8630735038	1.9081417642	-579695.7852295565
200001	2.1121764738	1.9081417642	-598873.9834132757
300001	2.0546059090	1.9081417642	-598810.4072572290
400001	0.1153042604	1.9081417642	-403092.1393196663
500001	2.1947247126	1.9081417642	-598945.0447586658
600001	0.7547340263	1.9081417642	-571852.0552613375
700001	0.9737755115	1.9081417642	-585452.6795705137
800001	2.2068571236	1.9081417642	-598953.8212546449
900001	2.0052641507	1.9081417642	-598744.5294457615
