site	rate	t	lnL
1	2.8007527439	1.9055411937	-599125.0775568211
100001	0.8610212134	1.9055411937	-579497.3278119612
200001	2.1411922531	1.9055411937	-598898.7646569427
300001	2.0294763128	1.9055411937	-598774.5848678312
400001	0.1169230013	1.9055411937	-404025.5867777313
500001	2.2024724728	1.9055411937	-598948.5237836955
600001	0.7495285702	1.9055411937	-571318.8916266239
700001	0.9660453641	1.9055411937	-585051.5515793897
800001	2.2043123794	1.9055411937	-598949.8543926802
900001	1.9974596438	1.9055411937	-598728.9204237695
