site	rate	t	lnL
1	2.7640077242	1.9131066023	-599122.9038385949
100001	0.8668370406	1.9131066023	-580060.9590642148
200001	2.1176473032	1.9131066023	-598884.6932878117
300001	2.0596415586	1.9131066023	-598822.8726297644
400001	0.1167907090	1.9131066023	-404236.5265872867
500001	2.1825438851	1.9131066023	-598940.1813665541
600001	0.7539844799	1.9131066023	-571954.7024684867
700001	0.9712836644	1.9131066023	-585454.2262066616
800001	2.2026163440	1.9131066023	-598954.8727526901
900001	2.0038611796	1.9131066023	-598750.0391057293
