site	rate	t	lnL
1	2.7909388058	1.9299185598	-599127.0608259286
100001	0.8785406587	1.9299185598	-581197.9178224431
200001	2.1369010106	1.9299185598	-598918.7732829623
300001	2.0289535040	1.9299185598	-598807.3428061606
400001	0.1142615253	1.9299185598	-403259.6715396088
500001	2.1867581421	1.9299185598	-598957.2288624014
600001	0.7771704863	1.9299185598	-574386.6716620405
700001	0.9767166494	1.9299185598	-586055.6355082681
800001	2.2173376052	1.9299185598	-598977.5753663068
900001	1.9831381002	1.9299185598	-598745.2660472037
