site	rate	t	lnL
1	2.6688668436	1.9344100763	-599116.3190019684
100001	0.8829460240	1.9344100763	-581564.6013820822
200001	2.1082726856	1.9344100763	-598897.8771570541
300001	2.0448560112	1.9344100763	-598832.1632682496
400001	0.1148109767	1.9344100763	-403788.1003422589
500001	2.1967098283	1.9344100763	-598967.5365235033
600001	0.7869058423	1.9344100763	-575274.3228868314
700001	0.9730528456	1.9344100763	-585996.2387873650
800001	2.2141562753	1.9344100763	-598978.8112415506
900001	1.9577102448	1.9344100763	-598713.4254713584
