site	rate	t	lnL
1	2.8141447338	1.9222685272	-599127.9312026411
100001	0.8685170445	1.9222685272	-580409.8350325204
200001	2.0814684214	1.9222685272	-598858.3433201801
300001	2.0213276598	1.9222685272	-598787.2920342565
400001	0.1155156256	1.9222685272	-403774.9010816948
500001	2.1587757692	1.9222685272	-598929.7382931863
600001	0.7740191228	1.9222685272	-573896.3175510501
700001	0.9732621129	1.9222685272	-585742.3382647430
800001	2.1910082417	1.9222685272	-598954.0843792892
900001	2.0403355078	1.9222685272	-598811.4259336065
