site	rate	t	lnL
1	2.8396885241	1.8456398847	-599120.6279905402
100001	0.8313004665	1.8456398847	-575741.9363345199
200001	2.1654004112	1.8456398847	-598855.8039146449
300001	2.0824112776	1.8456398847	-598757.3319314409
400001	0.1161545256	1.8456398847	-401185.3041508200
500001	2.2380153332	1.8456398847	-598921.6086122171
600001	0.6830145369	1.8456398847	-562633.0702914863
700001	0.9493478076	1.8456398847	-582806.8376829606
800001	2.2769973209	1.8456398847	-598950.6507620306
900001	2.0304074206	1.8456398847	-598679.7091983191
