site	rate	t	lnL
1	2.7958361815	1.9248986269	-599126.8844146974
100001	0.8714992820	1.9248986269	-580656.6477219531
200001	2.1462053451	1.9248986269	-598921.8912440327
300001	2.0459011616	1.9248986269	-598821.5353506096
400001	0.1149550839	1.9248986269	-403515.1962908469
500001	2.1698864211	1.9248986269	-598940.7243938326
600001	0.7753884678	1.9248986269	-574088.2641725426
700001	0.9665974323	1.9248986269	-585509.8631741831
800001	2.1988264502	1.9248986269	-598961.6423636313
900001	2.0274282815	1.9248986269	-598798.7642680273
