site	rate	t	lnL
1	2.8368522813	1.9353721412	-599130.6649755454
100001	0.8778762498	1.9353721412	-581301.7444612255
200001	2.1149896938	1.9353721412	-598904.9362762381
300001	2.0081720544	1.9353721412	-598787.9921215599
400001	0.1163727962	1.9353721412	-404833.3780592293
500001	2.1681632335	1.9353721412	-598948.2571631053
600001	0.7814799527	1.9353721412	-574890.6942476769
700001	0.9759743063	1.9353721412	-586140.7531134353
800001	2.2110889741	1.9353721412	-598977.5753663066
900001	2.0044742777	1.9353721412	-598783.0785288439
