site	rate	t	lnL
1	2.7833838220	1.6853020272	-599070.4730596838
100001	0.7550662357	1.6853020272	-563328.5359036807
200001	2.1025118658	1.6853020272	-598461.1889059211
300001	2.0209077133	1.6853020272	-598260.6720651172
400001	0.1163844747	1.6853020272	-394854.6789314327
500001	2.1784518337	1.6853020272	-598607.6481265737
600001	0.5771134588	1.6853020272	-541189.8645202632
700001	0.9118399597	1.6853020272	-575835.4416419049
800001	2.1740496829	1.6853020272	-598600.0626067688
900001	1.9669605795	1.6853020272	-598097.9577974295
