site	rate	t	lnL
1	2.6885274559	1.6893813343	-599044.9160451124
100001	0.7573499237	1.6893813343	-563727.5432880360
200001	2.1261322675	1.6893813343	-598520.7377355646
300001	2.0516318869	1.6893813343	-598354.5479076942
400001	0.1163309079	1.6893813343	-394990.7193329945
500001	2.1953997547	1.6893813343	-598644.4588588441
600001	0.5783791303	1.6893813343	-541604.2451790301
700001	0.9154897919	1.6893813343	-576210.0010998831
800001	2.1380124909	1.6893813343	-598543.8868873382
900001	1.9635846408	1.6893813343	-598102.4494898495
