site	rate	t	lnL
1	2.6364074610	1.6908078193	-599026.8607435761
100001	0.7534971484	1.6908078193	-563415.4100266304
200001	2.1019425312	1.6908078193	-598474.6790869446
300001	2.0272259600	1.6908078193	-598295.8970682354
400001	0.1171275920	1.6908078193	-395525.1921264204
500001	2.1594882536	1.6908078193	-598586.8883578918
600001	0.5814745627	1.6908078193	-542158.4979540512
700001	0.9241763288	1.6908078193	-576803.7324360980
800001	2.1506810051	1.6908078193	-598570.9822064517
900001	1.9830810471	1.6908078193	-598169.3727111856
