site	rate	t	lnL
1	2.7610683642	1.8166564411	-599106.2404180743
100001	0.8144437825	1.8166564411	-573551.4505292156
200001	2.1648356424	1.8166564411	-598818.1811867133
300001	2.1175311068	1.8166564411	-598759.8699793058
400001	0.1162657815	1.8166564411	-400104.7648728046
500001	2.2573846214	1.8166564411	-598908.4307415190
600001	0.6578761069	1.8166564411	-558571.8295390374
700001	0.9448654064	1.8166564411	-581810.9242494608
800001	2.2432206318	1.8166564411	-598896.3947505483
900001	2.0333753662	1.8166564411	-598630.1211648962
