site	rate	t	lnL
1	2.7813016157	1.9366050192	-599127.0608259294
100001	0.8814955723	1.9366050192	-581539.2242654685
200001	2.1123420074	1.9366050192	-598903.7662504324
300001	2.0010973391	1.9366050192	-598780.2571738705
400001	0.1157135173	1.9366050192	-404456.0965063320
500001	2.1103958604	1.9366050192	-598902.0063379759
600001	0.7852919786	1.9366050192	-575219.6505581395
700001	0.9858450836	1.9366050192	-586576.8187116620
800001	2.1847874424	1.9366050192	-598961.1256375574
900001	1.9904665119	1.9366050192	-598765.6430603571
