site	rate	t	lnL
1	2.8982244546	1.8616646333	-599127.4113133138
100001	0.8373930224	1.8616646333	-576669.1916541713
200001	2.1636367491	1.8616646333	-598872.7469110541
300001	2.1039086696	1.8616646333	-598808.0248865291
400001	0.1148115111	1.8616646333	-400967.7364326362
500001	2.1997447570	1.8616646333	-598905.8120887401
600001	0.6969222828	1.8616646333	-564741.7458744906
700001	0.9624614756	1.8616646333	-583849.1903570862
800001	2.2373625016	1.8616646333	-598936.0875752288
900001	2.0527380851	1.8616646333	-598740.8373095251
