site	rate	t	lnL
1	1.5653716703	0.4917542583	-519045.9494297848
100001	0.6517092203	0.4917542583	-433629.8001253984
200001	1.4231563854	0.4917542583	-509586.8439952368
300001	1.3646168944	0.4917542583	-505370.9179078033
400001	0.1653525392	0.4917542583	-347852.4952753686
500001	1.4217346029	0.4917542583	-509486.7722938705
600001	0.4301744457	0.4917542583	-400216.1146822675
700001	0.8039968842	0.4917542583	-452850.7580884969
800001	1.4001006494	0.4917542583	-507949.9259115348
900001	1.3503454826	0.4917542583	-504312.7706884214
