site	rate	t	lnL
1	2.9190342542	1.9197099326	-599133.8354113774
100001	0.8687439208	1.9197099326	-580354.4454137757
200001	2.0923988862	1.9197099326	-598866.8385571048
300001	2.0272355571	1.9197099326	-598791.4832756419
400001	0.1154231404	1.9197099326	-403616.4641671850
500001	2.1292956989	1.9197099326	-598902.3000626938
600001	0.7745652189	1.9197099326	-573857.8665117614
700001	0.9727818534	1.9197099326	-585665.5193999005
800001	2.1700659160	1.9197099326	-598936.3616514642
900001	1.9979838375	1.9197099326	-598751.5025560731
