site	rate	t	lnL
1	2.8178526333	1.8795214071	-599123.2892242600
100001	0.8508138882	1.8795214071	-578104.5441043805
200001	2.1411971150	1.8795214071	-598870.8873536870
300001	2.0482820063	1.8795214071	-598762.0394804514
400001	0.1160560522	1.8795214071	-402456.4193933319
500001	2.2128695169	1.8795214071	-598933.6134609850
600001	0.7151408426	1.8795214071	-567245.2084784058
700001	0.9683816536	1.8795214071	-584554.5990713488
800001	2.1935073268	1.8795214071	-598918.2042522695
900001	2.0363131996	1.8795214071	-598745.2660472027
