site	rate	t	lnL
1	2.7396035431	1.9278758609	-599122.6127720845
100001	0.8684320328	1.9278758609	-580554.9566248566
200001	2.1115642502	1.9278758609	-598894.3125821629
300001	2.0503624002	1.9278758609	-598830.5132615621
400001	0.1153909903	1.9278758609	-403911.2651590082
500001	2.1415327207	1.9278758609	-598920.7597334125
600001	0.7879242287	1.9278758609	-575149.8323679293
700001	0.9714605373	1.9278758609	-585786.8206156869
800001	2.1442519231	1.9278758609	-598923.0201317507
900001	2.0167797114	1.9278758609	-598789.0410925735
