site	rate	t	lnL
1	2.1261473597	1.3659717447	-596925.5331806100
100001	0.6801819893	1.3659717447	-537021.6497631497
200001	1.8113005616	1.3659717447	-594376.0020344765
300001	1.7264783808	1.3659717447	-593308.2559586458
400001	0.1242631827	1.3659717447	-385218.8395339798
500001	1.8398448454	1.3659717447	-594691.1941524359
600001	0.4895498431	1.3659717447	-505018.7248916740
700001	0.8592409479	1.3659717447	-557148.8928311463
800001	1.8325568673	1.3659717447	-594612.6697727891
900001	1.7269670518	1.3659717447	-593315.0218777442
