site	rate	t	lnL
1	1.5489874596	0.4905604268	-517770.0395750782
100001	0.6535908895	0.4905604268	-433669.6761531425
200001	1.4222176543	0.4905604268	-509277.3904236673
300001	1.3760557227	0.4905604268	-505965.9835313862
400001	0.1669423336	0.4905604268	-348131.1987433448
500001	1.4216575110	0.4905604268	-509237.9203016178
600001	0.4365838285	0.4905604268	-401114.2792811802
700001	0.7966387820	0.4905604268	-451751.9217965326
800001	1.3910300457	0.4905604268	-507053.5611761138
900001	1.3560508118	0.4905604268	-504492.5538800902
