site	rate	t	lnL
1	2.7284007396	1.9335218019	-599122.3199689147
100001	0.8748308919	1.9335218019	-581078.5090274145
200001	2.0962275274	1.9335218019	-598885.6021125000
300001	2.0208191161	1.9335218019	-598801.8637398885
400001	0.1167638326	1.9335218019	-405013.0766442736
500001	2.1486328037	1.9335218019	-598931.6799135503
600001	0.7865194667	1.9335218019	-575217.7645209157
700001	0.9740723380	1.9335218019	-586020.6184197593
800001	2.2003965810	1.9335218019	-598969.3127709228
900001	1.9946699656	1.9335218019	-598767.0801991821
