site	rate	t	lnL
1	2.9860953816	1.9118810012	-599136.2114426895
100001	0.8633324764	1.9118810012	-579814.8667514108
200001	2.0967047888	1.9118810012	-598862.4481273250
300001	2.0882831976	1.9118810012	-598853.5735890503
400001	0.1165558486	1.9118810012	-404038.7749033849
500001	2.2237537775	1.9118810012	-598968.2987809519
600001	0.7506844308	1.9118810012	-571632.4894626308
700001	0.9674420206	1.9118810012	-585257.3006820579
800001	2.2354811768	1.9118810012	-598975.8380435660
900001	1.9871343246	1.9118810012	-598723.2809851769
