site	rate	t	lnL
1	2.6861731815	1.9351824968	-599118.3558975221
100001	0.8853622710	1.9351824968	-581719.9626410105
200001	2.0953690114	1.9351824968	-598886.5094873924
300001	2.0134312301	1.9351824968	-598794.6120744876
400001	0.1146089327	1.9351824968	-403686.8910128205
500001	2.1548222014	1.9351824968	-598938.0026397699
600001	0.7902435460	1.9351824968	-575548.9006428381
700001	0.9694588681	1.9351824968	-585858.7993390159
800001	2.2008108540	1.9351824968	-598970.8287098927
900001	2.0220702874	1.9351824968	-598805.6348788391
