site	rate	t	lnL
1	2.3696688808	1.5114280316	-598508.5662706346
100001	0.7098880611	1.5114280316	-549781.3213692434
200001	1.9387881080	1.5114280316	-597027.7011284800
300001	1.8805020151	1.5114280316	-596663.2008062507
400001	0.1215290963	1.5114280316	-390379.5519753094
500001	1.9686792103	1.5114280316	-597194.0501812518
600001	0.5127882201	1.5114280316	-519715.7689064795
700001	0.8788137934	1.5114280316	-566415.2899566236
800001	1.9632414609	1.5114280316	-597164.7562692029
900001	1.8170948759	1.5114280316	-596198.2691225799
