site	rate	t	lnL
1	2.9528046227	1.9238962073	-599135.6236517116
100001	0.8709001795	1.9238962073	-580594.6224516059
200001	2.1188258052	1.9238962073	-598896.9881990182
300001	2.0574614171	1.9238962073	-598833.8093404155
400001	0.1167106991	1.9238962073	-404605.3115119657
500001	2.1493706753	1.9238962073	-598923.5835915542
600001	0.7641916167	1.9238962073	-573158.3605093284
700001	0.9691451500	1.9238962073	-585599.3286650794
800001	2.1995954320	1.9238962073	-598961.3840843047
900001	2.0483721695	1.9238962073	-598823.2065576451
