site	rate	t	lnL
1	2.6975514533	1.9363130419	-599119.7097277250
100001	0.8800724355	1.9363130419	-581451.1495455900
200001	2.0601686449	1.9363130419	-598851.6556876573
300001	2.0468362949	1.9363130419	-598836.7623467738
400001	0.1163911541	1.9363130419	-404881.6005209897
500001	2.1434621927	1.9363130419	-598930.0161614781
600001	0.7934832935	1.9363130419	-575824.2279619810
700001	0.9740283912	1.9363130419	-586078.4545321960
800001	2.1372894873	1.9363130419	-598924.9893693962
900001	2.0011374717	1.9363130419	-598779.9038103827
