site	rate	t	lnL
1	3.0855639547	1.9161990838	-599139.6122129509
100001	0.8652363001	1.9161990838	-580048.7680834739
200001	2.0785405787	1.9161990838	-598848.1247023075
300001	2.0660139131	1.9161990838	-598834.1380824703
400001	0.1159981291	1.9161990838	-403849.6891353991
500001	2.2072978853	1.9161990838	-598960.6082418954
600001	0.7583993115	1.9161990838	-572428.6575092551
700001	0.9747420205	1.9161990838	-585673.2084087814
800001	2.1649179782	1.9161990838	-598929.1820628609
900001	2.0065014186	1.9161990838	-598758.4205840611
