site	rate	t	lnL
1	1.5562841866	0.4918712994	-518496.3270494140
100001	0.6494028531	0.4918712994	-433338.5477742393
200001	1.4415178357	0.4918712994	-510892.8491572264
300001	1.3519374244	0.4918712994	-504455.3684641558
400001	0.1622049760	0.4918712994	-347118.4047215832
500001	1.4309343653	0.4918712994	-510156.1169720189
600001	0.4296225446	0.4918712994	-400140.4013992199
700001	0.8056175904	0.4918712994	-453064.0580801122
800001	1.4075356886	0.4918712994	-508504.9779142031
900001	1.3452488635	0.4918712994	-503955.9036517036
