site	rate	t	lnL
1	2.9567592265	1.9010646049	-599134.2599534362
100001	0.8605693804	1.9010646049	-579344.0478811598
200001	2.1040799129	1.9010646049	-598857.7094231659
300001	2.0414522707	1.9010646049	-598784.1339905066
400001	0.1155748622	1.9010646049	-402990.6922240629
500001	2.2639404039	1.9010646049	-598985.4118256074
600001	0.7361535273	1.9010646049	-569985.4108654478
700001	0.9697177875	1.9010646049	-585114.0147163817
800001	2.2340786519	1.9010646049	-598966.7727539574
900001	2.0268943950	1.9010646049	-598764.5635958168
