site	rate	t	lnL
1	2.9280495660	1.9032299690	-599133.0386251986
100001	0.8660765975	1.9032299690	-579743.0985978233
200001	2.1376130056	1.9032299690	-598893.1192127991
300001	2.0862137782	1.9032299690	-598841.0052479198
400001	0.1157534971	1.9032299690	-403189.1431952103
500001	2.2125528050	1.9032299690	-598953.8212546455
600001	0.7336151837	1.9032299690	-569831.6236192726
700001	0.9672882126	1.9032299690	-585054.6771058249
800001	2.2303774745	1.9032299690	-598966.0074729852
900001	2.0274646523	1.9032299690	-598768.5148828442
