site	rate	t	lnL
1	2.6922103506	1.9379857803	-599119.4001828356
100001	0.8868005750	1.9379857803	-581871.4711524189
200001	2.0870393597	1.9379857803	-598881.3485366303
300001	2.0362830760	1.9379857803	-598826.5372086418
400001	0.1154136967	1.9379857803	-404315.5904380116
500001	2.1177019782	1.9379857803	-598909.8798502543
600001	0.7950501991	1.9379857803	-575990.3693270438
700001	0.9754487122	1.9379857803	-586174.1372561741
800001	2.1392048847	1.9379857803	-598928.0676279014
900001	1.9880235694	1.9379857803	-598764.2034676637
