site	rate	t	lnL
1	2.9088874033	1.9054493108	-599132.2179900471
100001	0.8609203443	1.9054493108	-579488.5300419980
200001	2.0890820780	1.9054493108	-598846.8359530149
300001	2.0808633794	1.9054493108	-598837.7438447427
400001	0.1154396611	1.9054493108	-403074.4988405688
500001	2.2347624571	1.9054493108	-598970.5764740825
600001	0.7449303659	1.9054493108	-570916.1507688051
700001	0.9750806051	1.9054493108	-585449.5861094286
800001	2.2114676620	1.9054493108	-598954.8727526903
900001	1.9847912189	1.9054493108	-598709.2251697057
