site	rate	t	lnL
1	2.7828664219	1.9201550601	-599125.3535346737
100001	0.8715730812	1.9201550601	-580534.2494817616
200001	2.1057941789	1.9201550601	-598880.7383091147
300001	2.0378959417	1.9201550601	-598805.6348788392
400001	0.1143165229	1.9201550601	-402920.0998441812
500001	2.1868044587	1.9201550601	-598949.3226479758
600001	0.7657044788	1.9201550601	-573160.3020654768
700001	0.9745113372	1.9201550601	-585750.0114404962
800001	2.2061501791	1.9201550601	-598962.9312480848
900001	2.0431355371	1.9201550601	-598812.1042708935
