site	rate	t	lnL
1	2.7830031614	1.9216498398	-599125.5365503223
100001	0.8685351171	1.9216498398	-580394.2625632907
200001	2.1098090410	1.9216498398	-598886.2071902198
300001	2.0590067452	1.9216498398	-598832.8221694088
400001	0.1154092024	1.9216498398	-403682.4898244463
500001	2.1696430495	1.9216498398	-598937.7295548262
600001	0.7749964417	1.9216498398	-573953.9555599379
700001	0.9662635396	1.9216498398	-585423.2815291766
800001	2.2040555298	1.9216498398	-598962.6738062321
900001	2.0041499742	1.9216498398	-598763.1221635720
