site	rate	t	lnL
1	2.7392963729	1.7461745317	-599083.0228599180
100001	0.7821377227	1.7461745317	-568344.2112192897
200001	2.1208063376	1.7461745317	-598639.1544447028
300001	2.0896246375	1.7461745317	-598584.3224197906
400001	0.1155783105	1.7461745317	-396852.5775466393
500001	2.2109640414	1.7461745317	-598769.9471100470
600001	0.6137321279	1.7461745317	-549681.5248560052
700001	0.9219046562	1.7461745317	-578471.1235537378
800001	2.2397365743	1.7461745317	-598804.2657340693
900001	2.0176602530	1.7461745317	-598434.8062392580
