site	rate	t	lnL
1	2.8770085516	1.9331652579	-599132.7429693751
100001	0.8786402636	1.9331652579	-581288.1400510473
200001	2.0934887265	1.9331652579	-598882.5670621926
300001	2.0484520487	1.9331652579	-598834.7950940310
400001	0.1155993009	1.9331652579	-404249.7053560249
500001	2.1699153246	1.9331652579	-598947.7234233257
600001	0.7827675806	1.9331652579	-574921.0090119746
700001	0.9713242732	1.9331652579	-585895.5002831236
800001	2.1916793588	1.9331652579	-598963.1885223690
900001	1.9942655492	1.9331652579	-598766.0025751642
