site	rate	t	lnL
1	2.8028761486	1.7889926278	-599106.1149987759
100001	0.8021758328	1.7889926278	-571626.5466904773
200001	2.1724854616	1.7889926278	-598787.9921215605
300001	2.0549704586	1.7889926278	-598612.6789334884
400001	0.1159599625	1.7889926278	-398810.0124856140
500001	2.2222453040	1.7889926278	-598843.9270057491
600001	0.6318618283	1.7889926278	-554124.4406093997
700001	0.9474262480	1.7889926278	-581180.8766493925
800001	2.2213050800	1.7889926278	-598842.9545090899
900001	2.0852959010	1.7889926278	-598664.6281664057
