site	rate	t	lnL
1	2.8159583411	1.8999448790	-599125.6277671688
100001	0.8642726400	1.8999448790	-579541.2957457403
200001	2.1234761989	1.8999448790	-598876.1411221321
300001	2.0343955184	1.8999448790	-598773.1606330966
400001	0.1167829627	1.8999448790	-403717.6975046454
500001	2.1944301928	1.8999448790	-598937.7295548269
600001	0.7359592107	1.8999448790	-569928.7854022315
700001	0.9698692099	1.8999448790	-585095.2862547378
800001	2.1689031021	1.8999448790	-598917.3494790752
900001	2.0415815259	1.8999448790	-598782.7263995340
