site	rate	t	lnL
1	2.3593871753	1.5133910082	-598495.3782055008
100001	0.7095164658	1.5133910082	-549847.0018540700
200001	1.9364037578	1.5133910082	-597028.4561517877
300001	1.8799751323	1.5133910082	-596676.0770276421
400001	0.1205028104	1.5133910082	-389900.0130702942
500001	1.9838098507	1.5133910082	-597286.5762914815
600001	0.5185558144	1.5133910082	-520939.6629116343
700001	0.8734866296	1.5133910082	-566077.8548524285
800001	1.9545046934	1.5133910082	-597130.8462987853
900001	1.8316476429	1.5133910082	-596330.0203053443
