site	rate	t	lnL
1	2.6764630408	1.9180890468	-599114.5502429445
100001	0.8714597285	1.9180890468	-580472.0790084461
200001	2.1188119273	1.9180890468	-598891.0245936444
300001	2.0387193906	1.9180890468	-598803.9230587578
400001	0.1163158075	1.9180890468	-404126.6807858658
500001	2.2021152414	1.9180890468	-598958.5319672890
600001	0.7594625805	1.9180890468	-572579.4697881745
700001	0.9678817847	1.9180890468	-585415.5414285711
800001	2.2039934348	1.9180890468	-598959.8308933562
900001	2.0574058474	1.9180890468	-598826.5372086414
