site	rate	t	lnL
1	2.6994250652	1.9313702252	-599119.1928599839
100001	0.8766639117	1.9313702252	-581128.0125108648
200001	2.0969960136	1.9313702252	-598884.0865995445
300001	2.0707670187	1.9313702252	-598857.3922360108
400001	0.1138767037	1.9313702252	-403065.6782073149
500001	2.1513745912	1.9313702252	-598931.9566290628
600001	0.7866729404	1.9313702252	-575163.0467019017
700001	0.9825207706	1.9313702252	-586330.0227312403
800001	2.1573161598	1.9313702252	-598936.6355625443
900001	1.9801473249	1.9313702252	-598743.0544165950
