site	rate	t	lnL
1	2.8719169511	1.8827810242	-599127.8450414867
100001	0.8572853842	1.8827810242	-578616.0449554409
200001	2.1337495528	1.8827810242	-598867.1509619856
300001	2.1020984330	1.8827810242	-598833.4804408721
400001	0.1155909999	1.8827810242	-402288.4320756614
500001	2.1825119350	1.8827810242	-598912.1899493011
600001	0.7112295192	1.8827810242	-566984.0466215815
700001	0.9631968208	1.8827810242	-584392.8736544676
800001	2.2773083786	1.8827810242	-598980.2887103755
900001	2.0455245291	1.8827810242	-598763.1221635715
