time	r
1.e-6	1.0000060363173038
0.020001	1.0450821628860036
0.040001	1.0804299898750374
0.060001	1.118926606730012
0.080001	1.1601776334990201
0.100001	1.2033116368113903
0.120001	1.247380929967318
0.14000100000000001	1.2914444128520906
0.160001	1.334616595036268
0.180001	1.376107167892015
0.200001	1.4152513294703486
0.220001	1.4515294818830493
0.240001	1.4845758954165114
0.260001	1.5141768815514207
0.280001	1.5402597817728871
0.30000099999999996	1.5628747284669968
0.320001	1.582171615717812
0.340001	1.598374912330534
0.36000099999999996	1.611758786182045
0.380001	1.622624525431728
0.400001	1.6312815676570291
0.42000099999999996	1.638032743913314
0.440001	1.6431637441828832
0.460001	1.6469363866011033
0.48000099999999996	1.6495850374419434
0.500001	1.6513154525135147
0.520001	1.652305345373625
0.5400010000000001	1.6527060855106157
0.5600010000000001	1.6526450520658835
0.580001	1.6522282902876895
0.600001	1.6515432246391186
0.620001	1.6506612686914237
0.640001	1.6496402372497403
0.6600010000000001	1.6485265129841686
0.6800010000000001	1.6473569516564788
0.7000010000000001	1.6461605303960025
0.720001	1.6449597555292483
0.740001	1.6437718527474234
0.760001	1.6426097648460773
0.780001	1.6414829823066828
0.8000010000000001	1.6403982306034968
0.8200010000000001	1.6393600359830416
0.840001	1.6383711890145045
0.860001	1.637433122719892
0.880001	1.6365462197222653
0.900001	1.6357100606821398
0.9200010000000001	1.6349236243644847
0.9400010000000001	1.6341854479956741
0.960001	1.6334937551236333
0.980001	1.6328465569629773
1.000001	1.6322417321691018
1.020001	1.6316770891142827
1.040001	1.6311504140133364
1.060001	1.630659507643148
1.080001	1.6302022129015659
1.100001	1.6297764350389186
1.120001	1.629380156056302
1.140001	1.6290114444853185
1.1600009999999998	1.6286684615353493
1.1800009999999999	1.6283494644064236
1.2000009999999999	1.6280528074123257
1.220001	1.6277769414329513
1.240001	1.6275204121123612
1.260001	1.6272818571356455
1.280001	1.6270600028495763
1.300001	1.6268536604367894
1.320001	1.6266617218084995
1.340001	1.6264831553447394
1.360001	1.6263170015811435
1.380001	1.6261623689182592
1.400001	1.626018429410954
1.4200009999999998	1.625884414678954
1.4400009999999999	1.6257596119687008
1.4600009999999999	1.625643360386943
1.480001	1.625535047318523