time	r
1.e-6	1.0001001154972335
0.020001	1.4058652995539822
0.040001	1.5088701672891285
0.060001	1.5967166881389239
0.080001	1.683192076463273
0.100001	1.7705300674962174
0.120001	1.8584832807849865
0.14000100000000001	1.9459081575062418
0.160001	2.031253871623946
0.180001	2.112800590796257
0.200001	2.1888333985654618
0.220001	2.257802857320905
0.240001	2.318477848510425
0.260001	2.3700728465771226
0.280001	2.412322005443271
0.30000099999999996	2.4454787180603232
0.320001	2.4702392541491838
0.340001	2.487612054683876
0.36000099999999996	2.4987676871015
0.380001	2.5049028180615447
0.400001	2.5071389395498587
0.42000099999999996	2.5064615596615494
0.440001	2.503694662232515
0.460001	2.4995003734323182
0.48000099999999996	2.494393584625425
0.500001	2.488763453067999
0.520001	2.4828964237889353
0.5400010000000001	2.476997741766301
0.5600010000000001	2.471210064531359
0.580001	2.4656287935662
0.600001	2.4603142847302695
0.620001	2.455301340064201
0.640001	2.4506064527139872
0.6600010000000001	2.4462332574198418
0.6800010000000001	2.442176581333759
0.7000010000000001	2.4384254214310914
0.720001	2.4349651090915425
0.740001	2.431778865240848
0.760001	2.4288489022922786
0.780001	2.4261571915320483
0.8000010000000001	2.4236859852737305
0.8200010000000001	2.4214181605867817
0.840001	2.4193374342885403
0.860001	2.4174284859814943
0.880001	2.4156770162375794
0.900001	2.4140697598038017
0.9200010000000001	2.412594468327313
0.9400010000000001	2.4112398731092175
0.960001	2.4099956354482397
0.980001	2.4088522899604525
1.000001	2.4078011846644247
1.020001	2.4068344204516228
1.040001	2.4059447917109362
1.060001	2.405125729259337
1.080001	2.4043712462883224
1.100001	2.4036758877208304
1.120001	2.403034683152335
1.140001	2.402443103397379
1.1600009999999998	2.4018970205608507
1.1800009999999999	2.4013926714867555
1.2000009999999999	2.400926624397326
1.220001	2.400495748513385
1.240001	2.4000971864378617
1.260001	2.3997283290844473
1.280001	2.399386792939126
1.300001	2.399070399451687
1.320001	2.3987771563665654
1.340001	2.3985052408153367
1.360001	2.398252984006011
1.380001	2.398018857358202
1.400001	2.397801459946967
1.4200009999999998	2.397599507128378
1.4400009999999999	2.3974118202332795
1.4600009999999999	2.3972373172258763
1.480001	2.397075004233217