time	r
1.e-6	0.9999933988156662
0.020001	0.9704408800494795
0.040001	0.9602167900037446
0.060001	0.9512264001686841
0.080001	0.9429935911231986
0.100001	0.9356705058508088
0.120001	0.9294127038993764
0.14000100000000001	0.924284416788628
0.160001	0.9202587091916956
0.180001	0.917242281776574
0.200001	0.9151034096538342
0.220001	0.9136951651422184
0.240001	0.9128718550191962
0.260001	0.9124991731872807
0.280001	0.9124594761949317
0.30000099999999996	0.9126536739864789
0.320001	0.9130009814999647
0.340001	0.9134374523432887
0.36000099999999996	0.9139139233895743
0.380001	0.9143937721847164
0.400001	0.9148507270448066
0.42000099999999996	0.9152668604345673
0.440001	0.9156308258097848
0.460001	0.9159363547751601
0.48000099999999996	0.9161810062142
0.500001	0.9163651456277166
0.520001	0.9164911269129504
0.5400010000000001	0.9165626473144265
0.5600010000000001	0.9165842473737215
0.580001	0.9165609301751464
0.600001	0.9164978772599758
0.620001	0.916400241798024
0.640001	0.9162730026927315
0.6600010000000001	0.9161208661118215
0.6800010000000001	0.9159482034181008
0.7000010000000001	0.9157590166087944
0.720001	0.9155569241726323
0.740001	0.9153451617693319
0.760001	0.9151265933632831
0.780001	0.9149037294387322
0.8000010000000001	0.9146787497232637
0.8200010000000001	0.9144535284833247
0.840001	0.9142296609578151
0.860001	0.91400848988908
0.880001	0.9137911314155788
0.900001	0.9135784998245773
0.9200010000000001	0.9133713308416948
0.9400010000000001	0.9131702032674689
0.960001	0.9129755588705306
0.980001	0.9127877205185956
1.000001	0.9126069085799241
1.020001	0.9124332556626767
1.040001	0.9122668197828779
1.060001	0.9121075960652077
1.080001	0.9119555270882117
1.100001	0.9118105119874675
1.120001	0.9116724144290925
1.140001	0.9115410695619427
1.1600009999999998	0.9114162900516973
1.1800009999999999	0.9112978712933908
1.2000009999999999	0.9111855958921935
1.220001	0.9110792374949367
1.240001	0.9109785640477824
1.260001	0.9108833405485844
1.280001	0.9107933313557419
1.300001	0.9107083021091776
1.320001	0.9106280213132102
1.340001	0.9105522616259324
1.360001	0.9104808008943097
1.380001	0.9104134229701261
1.400001	0.9103499183379682
1.4200009999999998	0.9102900845821335
1.4400009999999999	0.9102337267165843
1.4600009999999999	0.910180657399065
1.480001	0.9101306970475234