time	r
1.e-6	1.0000052659846803
0.020001	1.0221863043994486
0.040001	1.0291339434656828
0.060001	1.0353067817395787
0.080001	1.041134500318949
0.100001	1.0466369375161804
0.120001	1.0518132153715456
0.14000100000000001	1.0566728091335462
0.160001	1.0612296179188252
0.180001	1.0654953173351986
0.200001	1.069476542950446
0.220001	1.0731751270347538
0.240001	1.0765898993965013
0.260001	1.079718883375496
0.280001	1.082561202271618
0.30000099999999996	1.0851184056230923
0.320001	1.08739517660843
0.340001	1.0893995122289706
0.36000099999999996	1.0911425159560602
0.380001	1.0926379433091697
0.400001	1.093901619196023
0.42000099999999996	1.094950816931485
0.440001	1.0958036607345523
0.460001	1.0964785897801983
0.48000099999999996	1.0969939036018024
0.500001	1.0973673955474132
0.520001	1.0976160722801633
0.5400010000000001	1.0977559520210596
0.5600010000000001	1.0978019314566385
0.580001	1.0977677102075412
0.600001	1.0976657618717063
0.620001	1.0975073414633219
0.640001	1.097302520241272
0.6600010000000001	1.097060240236155
0.6800010000000001	1.0967883821006637
0.7000010000000001	1.0964938411373197
0.720001	1.09618260745543
0.740001	1.0958598471562735
0.760001	1.0955299822413747
0.780001	1.095196767591827
0.8000010000000001	1.094863363891553
0.8200010000000001	1.094532405781469
0.840001	1.0942060648509393
0.860001	1.093886107314737
0.880001	1.0935739464018024
0.900001	1.0932706896090771
0.9200010000000001	1.0929771810613447
0.9400010000000001	1.0926940392734783
0.960001	1.0924216906444406
0.980001	1.0921603990262923
1.000001	1.0919102917135401
1.020001	1.0916713821899025
1.040001	1.0914435899557906
1.060001	1.091226757741123
1.080001	1.0910206663875204
1.100001	1.0908250476618928
1.120001	1.0906395952411385
1.140001	1.0904639740857505
1.1600009999999998	1.090297828399117
1.1800009999999999	1.0901407883493064
1.2000009999999999	1.089992475711528
1.220001	1.0898525085721917
1.240001	1.0897205052196126
1.260001	1.0895960873321437
1.280001	1.0894788825612784
1.300001	1.0893685265956161
1.320001	1.0892646647810418
1.340001	1.0891669533630637
1.360001	1.089075060408667
1.380001	1.0889886664576793
1.400001	1.0889074649475372
1.4200009999999998	1.088831162448562
1.4400009999999999	1.0887594787424522
1.4600009999999999	1.0886921467721187
1.480001	1.0886289124867177