time	r
1.e-6	1.000022271898262
0.020001	1.096929150283373
0.040001	1.131162509450108
0.060001	1.1648846977512952
0.080001	1.2002349344487537
0.100001	1.2369041767951134
0.120001	1.2741270577288044
0.14000100000000001	1.311052092545821
0.160001	1.3468728970262447
0.180001	1.3808937159611734
0.200001	1.4125639636884864
0.220001	1.4414919332557776
0.240001	1.4674427860487598
0.260001	1.4903249288358573
0.280001	1.5101686590942967
0.30000099999999996	1.5271007142166686
0.320001	1.5413178962150755
0.340001	1.5530622612750031
0.36000099999999996	1.5625995582473091
0.380001	1.5702018014502683
0.400001	1.576134184002804
0.42000099999999996	1.5806460439905454
0.440001	1.583965299964775
0.460001	1.5862956478827375
0.48000099999999996	1.587815812235723
0.500001	1.5886802210045183
0.520001	1.5890205865829379
0.5400010000000001	1.5889479943408247
0.5600010000000001	1.588555210060559
0.580001	1.587919009074578
0.600001	1.5871024015343789
0.620001	1.586156681236986
0.640001	1.585123262762267
0.6600010000000001	1.5840352966743767
0.6800010000000001	1.582919068332812
0.7000010000000001	1.581795195065375
0.720001	1.5806796411430133
0.740001	1.5795845717097303
0.760001	1.5785190666742934
0.780001	1.5774897143384246
0.8000010000000001	1.5765011027387588
0.8200010000000001	1.5755562246556125
0.840001	1.5746568101986913
0.860001	1.5738035989410146
0.880001	1.5729965618013841
0.900001	1.5722350812992993
0.9200010000000001	1.5715180974300962
0.9400010000000001	1.5708442252212518
0.960001	1.5702118490198123
0.980001	1.5696191977042513
1.000001	1.5690644042948345
1.020001	1.568545552833455
1.040001	1.5680607149020243
1.060001	1.5676079777301983
1.080001	1.5671854654971276
1.100001	1.5667913551448793
1.120001	1.5664238877840553
1.140001	1.566081376576342
1.1600009999999998	1.5657622118172692
1.1800009999999999	1.565464863809372
1.2000009999999999	1.5651878840065385
1.220001	1.564929904820093
1.240001	1.5646896384031532
1.260001	1.5644658746690974
1.280001	1.5642574787500148
1.300001	1.5640633880600208
1.320001	1.5638826090951268
1.340001	1.5637142140740121
1.360001	1.563557337501242
1.380001	1.5634111727167903
1.400001	1.5632749684814076
1.4200009999999998	1.5631480256341495
1.4400009999999999	1.5630296938498573
1.4600009999999999	1.5629193685163787
1.480001	1.5628164877447441