site	rate	t	lnL
1	0.7749202387	0.0006644295	-14.5630540203
2	1.5502798901	0.0006644295	-24.7435405424
3	1.5503203311	0.0006644295	-24.7434889635
4	1.5503203443	0.0006644295	-24.7434889635
5	0.0000000000	0.0006644295	-2.9957322736
6	2.3260801730	0.0006644295	-34.4002376641
7	0.0000000000	0.0006644295	-2.9957322736
8	1.5503202545	0.0006644295	-24.7434889635
9	2.3264198038	0.0006644295	-33.3011872085
10	0.0000000000	0.0006644295	-2.9957322736
11	0.7749404875	0.0006644295	-14.5630282571
12	3.1024813245	0.0006644295	-43.7163883437
13	0.7749207080	0.0006644295	-14.5630540203
14	1.5503202080	0.0006644295	-24.7434889635
15	0.0000000000	0.0006644295	-2.9957322736
16	3.8794049289	0.0006644295	-52.7792215193
17	1.5502807541	0.0006644295	-24.7435405424
18	0.0000000000	0.0006644295	-2.9957322736
19	0.0000000000	0.0006644295	-2.9957322736
20	0.0000000000	0.0006644295	-2.9957322736
21	0.0000000000	0.0006644295	-2.9957322736
22	1.5503203169	0.0006644295	-24.7434889635
23	0.7749404426	0.0006644295	-14.5630282571
24	0.0000000000	0.0006644295	-2.9957322736
25	0.7749403627	0.0006644295	-14.5630282571
26	0.0000000000	0.0006644295	-2.9957322736
27	0.0000000000	0.0006644295	-2.9957322736
28	0.0000000000	0.0006644295	-2.9957322736
29	0.7749207401	0.0006644295	-14.5630540203
30	0.0000000000	0.0006644295	-2.9957322736
31	2.3260800573	0.0006644295	-34.4002376641
32	2.3262008540	0.0006644295	-34.4000827796
33	0.0000000000	0.0006644295	-2.9957322736
34	0.7749403582	0.0006644295	-14.5630282584
35	0.7749404405	0.0006644295	-14.5630282584
36	1.5503203127	0.0006644295	-24.7434889688
37	1.5503203360	0.0006644295	-24.7434889635
38	1.5503606399	0.0006644295	-24.7434373939
39	0.7749205003	0.0006644295	-14.5630540203
40	0.7749201851	0.0006644295	-14.5630540203
41	0.7749204625	0.0006644295	-14.5630540203
42	0.0000000000	0.0006644295	-2.9957322736
43	0.0000000000	0.0006644295	-2.9957322736
44	0.7749401468	0.0006644295	-14.5630282584
45	1.5503597990	0.0006644295	-24.7434373833
46	0.0000000000	0.0006644295	-2.9957322736
47	0.0000000000	0.0006644295	-2.9957322736
48	0.0000000000	0.0006644295	-2.9957322736
49	1.5503203602	0.0006644295	-24.7434889688
50	0.7749202595	0.0006644295	-14.5630540203
51	0.0000000000	0.0006644295	-2.9957322736
52	0.0000000000	0.0006644295	-2.9957322736
53	0.7749401032	0.0006644295	-14.5630282584
54	1.5503203580	0.0006644295	-24.7434889688
55	0.7749405830	0.0006644295	-14.5630282571
56	1.5503203426	0.0006644295	-24.7434889635
57	0.7749404406	0.0006644295	-14.5630282584
58	1.5503199241	0.0006644295	-24.7434889688
59	1.5503201355	0.0006644295	-24.7434889635
60	2.3262004100	0.0006644295	-34.4000827796
61	0.0000000000	0.0006644295	-2.9957322736
62	0.0000000000	0.0006644295	-2.9957322736
63	0.0000000000	0.0006644295	-2.9957322736
64	1.5503199323	0.0006644295	-24.7434889635
65	1.5503599682	0.0006644295	-24.7434373886
66	0.0000000000	0.0006644295	-2.9957322736
67	0.0000000000	0.0006644295	-2.9957322736
68	5.4342581875	0.0006644295	-70.3335157123
69	0.7749400898	0.0006644295	-14.5630282571
70	1.5503203563	0.0006644295	-24.7434889635
71	0.7749404407	0.0006644295	-14.5630282584
72	0.7749404778	0.0006644295	-14.5630282571
73	0.0000000000	0.0006644295	-2.9957322736
74	0.7749404427	0.0006644295	-14.5630282571
75	0.0000000000	0.0006644295	-2.9957322736
76	0.7749403643	0.0006644295	-14.5630282571
77	0.0000000000	0.0006644295	-2.9957322736
78	0.7749404428	0.0006644295	-14.5630282571
79	0.7749202729	0.0006644295	-14.5630540203
80	0.7749207238	0.0006644295	-14.5630540203
81	0.7749404406	0.0006644295	-14.5630282584
82	0.7749404893	0.0006644295	-14.5630282571
83	3.8793041463	0.0006644295	-52.7793508715
84	0.0000000000	0.0006644295	-2.9957322736
85	0.7749402213	0.0006644295	-14.5630282571
86	2.3261401336	0.0006644295	-34.4001602169
87	0.0000000000	0.0006644295	-2.9957322736
88	2.3262604860	0.0006644295	-34.4000053284
89	0.0000000000	0.0006644295	-2.9957322736
90	0.7749202405	0.0006644295	-14.5630540203
91	0.0000000000	0.0006644295	-2.9957322736
92	0.0000000000	0.0006644295	-2.9957322736
93	0.0000000000	0.0006644295	-2.9957322736
94	0.7749405080	0.0006644295	-14.5630282584
95	0.0000000000	0.0006644295	-2.9957322736
96	2.3261403332	0.0006644295	-34.4001602289
97	0.7749204627	0.0006644295	-14.5630540203
98	1.5503603348	0.0006644295	-24.7434373886
99	0.0000000000	0.0006644295	-2.9957322736
100	0.0000000000	0.0006644295	-2.9957322736
101	0.7749402303	0.0006644295	-14.5630282571
102	1.5503599681	0.0006644295	-24.7434373886
103	3.1025617303	0.0006644295	-43.7162849915
104	0.0000000000	0.0006644295	-2.9957322736
105	0.7749403917	0.0006644295	-14.5630282584
106	0.0000000000	0.0006644295	-2.9957322736
107	1.5503597705	0.0006644295	-24.7434373833
108	1.5503603699	0.0006644295	-24.7434373939
109	1.5503203313	0.0006644295	-24.7434889635
110	0.7749404405	0.0006644295	-14.5630282584
111	0.0000000000	0.0006644295	-2.9957322736
112	0.7749404426	0.0006644295	-14.5630282571
113	3.8794057210	0.0006644295	-52.7792215862
114	1.5502801250	0.0006644295	-24.7435405424
115	2.3261398316	0.0006644295	-34.4001602169
116	3.1024811347	0.0006644295	-43.7163883437
117	1.5503199241	0.0006644295	-24.7434889688
118	1.5503203381	0.0006644295	-24.7434889635
119	1.5503199323	0.0006644295	-24.7434889635
120	3.1024812194	0.0006644295	-43.7163883224
121	0.7749204628	0.0006644295	-14.5630540203
122	0.0000000000	0.0006644295	-2.9957322736
123	0.7749203128	0.0006644295	-14.5630540203
124	2.3262003728	0.0006644295	-34.4000827916
