site	rate	t	lnL
1	1.5263035130	0.0623385815	-1087.2363936697
2	0.4875667742	0.0623385815	-434.1278852501
3	1.0219920955	0.0623385815	-796.9044888639
4	1.1941819258	0.0623385815	-893.7515664551
5	0.0579224441	0.0623385815	-69.2346655396
6	1.2028863781	0.0623385815	-894.8868477764
7	0.3938748540	0.0623385815	-359.3898095284
8	0.3599305405	0.0623385815	-331.7712382206
9	1.2302034297	0.0623385815	-906.0619267795
10	1.7928930090	0.0623385815	-1215.5230158576
11	0.3344175827	0.0623385815	-314.0867483105
12	1.7653644393	0.0623385815	-1202.4284648367
13	1.3308865251	0.0623385815	-977.4031761956
14	0.2500380080	0.0623385815	-242.4782093811
15	0.3939325154	0.0623385815	-360.6516924714
16	1.7015367527	0.0623385815	-1169.2186418416
17	1.2124717630	0.0623385815	-912.4056172234
18	1.1671319577	0.0623385815	-872.3218514028
19	1.5501988111	0.0623385815	-1100.4490247080
20	0.1661967210	0.0623385815	-173.2133030778
21	1.1949500493	0.0623385815	-901.9044162250
22	1.2147096185	0.0623385815	-901.9020890932
23	0.4192804534	0.0623385815	-381.7440287359
24	0.0579245121	0.0623385815	-70.3336972732
25	1.4881490620	0.0623385815	-1065.2375597819
26	0.2164383673	0.0623385815	-216.6433428032
27	0.2583800086	0.0623385815	-253.4743353388
28	0.0000000000	0.0623385815	-2.9957322736
29	0.0911376390	0.0623385815	-101.7471087069
30	0.6605094512	0.0623385815	-557.7999258899
31	1.4161967590	0.0623385815	-1020.9923621682
32	1.6405411574	0.0623385815	-1137.5643614492
33	0.0994355074	0.0623385815	-111.9470537626
34	1.7771823996	0.0623385815	-1205.0323789430
35	1.4807148800	0.0623385815	-1055.5644211089
36	1.7050692896	0.0623385815	-1183.8985421125
37	0.4963391879	0.0623385815	-443.8645215296
38	1.6240158448	0.0623385815	-1136.1868357734
39	1.3449353674	0.0623385815	-980.8352585561
40	0.9709547611	0.0623385815	-754.4184082470
41	1.3666207406	0.0623385815	-1001.0022968873
42	1.4051966904	0.0623385815	-1010.3916418632
43	1.1209664569	0.0623385815	-854.1241626371
44	1.6702058418	0.0623385815	-1160.7508827067
45	1.4346438739	0.0623385815	-1030.5917982080
46	0.3174782590	0.0623385815	-300.7324301687
47	0.2415479134	0.0623385815	-240.5639154203
48	1.0306237100	0.0623385815	-797.0821992907
49	1.0676972280	0.0623385815	-817.3128086971
50	0.7492094905	0.0623385815	-603.4445336681
51	0.0000000000	0.0623385815	-2.9957322736
52	0.5306302998	0.0623385815	-464.1732786303
53	1.0319050690	0.0623385815	-802.2604291383
54	1.3693635445	0.0623385815	-998.1227967563
55	0.2080566827	0.0623385815	-209.3285903170
56	1.3717401594	0.0623385815	-1001.3656835573
57	0.4363352788	0.0623385815	-397.5576510668
58	1.3232370610	0.0623385815	-966.9451561497
59	1.1499616233	0.0623385815	-858.4027402472
60	0.2920885615	0.0623385815	-281.9710453550
61	0.0413439504	0.0623385815	-52.7797388745
62	1.3407999364	0.0623385815	-980.9384811695
63	0.2838525030	0.0623385815	-269.3651398393
64	1.4425544760	0.0623385815	-1037.0754328529
65	1.5258442001	0.0623385815	-1078.2172161193
66	0.2079706019	0.0623385815	-210.8429699535
67	1.4767422072	0.0623385815	-1066.9060175501
68	0.8440943448	0.0623385815	-680.0977765438
69	1.6406889573	0.0623385815	-1142.5712211744
70	1.4715297094	0.0623385815	-1053.7587129367
71	1.4722306946	0.0623385815	-1054.1750125348
72	1.4322568087	0.0623385815	-1032.0150792913
73	0.0330657729	0.0623385815	-43.7165950615
74	1.2760530517	0.0623385815	-945.4047962945
75	1.4505361515	0.0623385815	-1055.1181282190
76	1.5820539172	0.0623385815	-1117.3522486967
77	0.0247989261	0.0623385815	-34.4001603045
78	1.5775421412	0.0623385815	-1115.6702551063
79	2.0225277265	0.0623385815	-1334.3278714604
80	1.1212234336	0.0623385815	-850.2412927495
81	1.3519245874	0.0623385815	-986.2963821251
82	1.5851831237	0.0623385815	-1114.6006288571
83	1.7615032818	0.0623385815	-1212.0371427333
84	0.1912209426	0.0623385815	-195.6847892536
85	1.0672976069	0.0623385815	-823.9556931057
86	1.7117500152	0.0623385815	-1176.8374503332
87	1.5160049587	0.0623385815	-1081.7198322941
88	0.4191344723	0.0623385815	-383.9584396878
89	0.4531715358	0.0623385815	-410.0233201162
90	1.4980929682	0.0623385815	-1076.3127614701
91	0.0413513127	0.0623385815	-52.0864619764
92	0.7740194181	0.0623385815	-630.6376176363
93	1.1487122162	0.0623385815	-867.8239069853
94	0.4024941022	0.0623385815	-370.6200472644
95	0.5222003126	0.0623385815	-459.8399041435
96	1.2211728970	0.0623385815	-907.7594178427
97	1.2401036599	0.0623385815	-926.7292141229
98	1.2941624478	0.0623385815	-950.3877392812
99	1.5553074698	0.0623385815	-1103.4640337589
100	0.0745116818	0.0623385815	-86.6130191091
101	0.1077686632	0.0623385815	-118.8821715862
102	1.5075451086	0.0623385815	-1075.9520664109
103	1.7010420454	0.0623385815	-1165.9021841492
104	0.5396879269	0.0623385815	-468.7075639118
105	1.4600226166	0.0623385815	-1050.5082695857
106	1.6716851688	0.0623385815	-1156.9413102616
107	0.6778161732	0.0623385815	-570.1080675121
108	1.0401993122	0.0623385815	-807.6224275445
109	1.4714068695	0.0623385815	-1045.0542681569
110	1.0402008832	0.0623385815	-800.4334577500
111	0.0000000000	0.0623385815	-2.9957322736
112	1.3412573272	0.0623385815	-988.0946917414
113	1.5844548855	0.0623385815	-1104.5624069323
114	1.3877298697	0.0623385815	-1004.3060906444
115	1.2045914038	0.0623385815	-905.8820751176
116	2.0170620713	0.0623385815	-1332.5207403227
117	0.9862001612	0.0623385815	-773.8668179006
118	0.5308061569	0.0623385815	-462.0734618233
119	1.4618741749	0.0623385815	-1045.5083545345
120	1.2667293829	0.0623385815	-937.5388871331
121	1.5931622888	0.0623385815	-1121.5824111217
122	0.6606925224	0.0623385815	-558.1843068265
123	1.5265516104	0.0623385815	-1085.5573443390
124	1.4520230347	0.0623385815	-1047.2632918583
