site	rate	t	lnL
1	1.0769824944	0.0057559535	-111.9467410556
2	0.3581393739	0.0057559535	-43.7162849915
3	2.4344674653	0.0057559535	-226.1212555078
4	0.8970105224	0.0057559535	-94.5178552381
5	0.0000000000	0.0057559535	-2.9957322736
6	1.3474199996	0.0057559535	-135.8247003110
7	0.4478130689	0.0057559535	-52.7792215193
8	1.0768975479	0.0057559535	-111.9476791304
9	1.7086919860	0.0057559535	-166.7336461897
10	2.2520463444	0.0057559535	-211.5397476167
11	0.2685074365	0.0057559535	-34.4002376641
12	1.9804075796	0.0057559535	-188.6482212941
13	0.6272624267	0.0057559535	-70.3338787657
14	0.2685282739	0.0057559535	-34.4000053524
15	0.0894540939	0.0057559535	-14.5630282571
16	1.7992354765	0.0057559535	-174.3190579918
17	1.1670031016	0.0057559535	-119.9825785810
18	1.2572977558	0.0057559535	-127.9384194872
19	1.0770842684	0.0057559535	-110.8469944640
20	0.0000000000	0.0057559535	-2.9957322736
21	0.5375285132	0.0057559535	-61.6403637076
22	1.7993808213	0.0057559535	-174.3174742799
23	0.2685213219	0.0057559535	-34.4000827796
24	0.1789588139	0.0057559535	-24.7434889688
25	0.9870296154	0.0057559535	-103.8267483286
26	0.2685374001	0.0057559535	-33.3012904894
27	0.3581300947	0.0057559535	-43.7163883437
28	0.0000000000	0.0057559535	-2.9957322736
29	0.0894571735	0.0057559535	-14.5630540222
30	0.5375284775	0.0057559535	-61.6403637076
31	1.8899931579	0.0057559535	-181.8521339000
32	1.2571322596	0.0057559535	-127.9402443242
33	0.0894540596	0.0057559535	-14.5630282584
34	0.3581115322	0.0057559535	-43.7165950615
35	0.4478282181	0.0057559535	-51.6804387965
36	1.3476275444	0.0057559535	-133.6251584279
37	0.9869520058	0.0057559535	-103.8276067637
38	1.5279114889	0.0057559535	-151.3986331276
39	1.3476422348	0.0057559535	-134.7236229550
40	0.9869933318	0.0057559535	-102.7285270193
41	0.4478130557	0.0057559535	-52.7792215862
42	1.7088733021	0.0057559535	-166.7316554296
43	0.5374865872	0.0057559535	-61.6408297424
44	2.6162423177	0.0057559535	-240.5616169946
45	0.5375564765	0.0057559535	-61.6400529813
46	0.0000000000	0.0057559535	-2.9957322736
47	0.2685212632	0.0057559535	-34.4000827796
48	1.0768976039	0.0057559535	-111.9476793258
49	0.3581208148	0.0057559535	-43.7164916933
50	1.4378123837	0.0057559535	-143.6413118250
51	0.0000000000	0.0057559535	-2.9957322736
52	0.4478014354	0.0057559535	-52.7793508715
53	0.6272460876	0.0057559535	-70.3340600878
54	0.8969962923	0.0057559535	-95.6166328945
55	0.3581115257	0.0057559535	-43.7165950615
56	1.3474200071	0.0057559535	-135.8246996999
57	0.2685282712	0.0057559535	-34.4000053284
58	0.6272624328	0.0057559535	-70.3338786341
59	1.8899545429	0.0057559535	-180.7539168765
60	0.2685466808	0.0057559535	-33.3011872085
61	0.0894594943	0.0057559535	-14.5630282589
62	1.1670955550	0.0057559535	-119.9815612618
63	2.5254449885	0.0057559535	-232.2596414109
64	1.7088287145	0.0057559535	-166.7321490364
65	1.7086922099	0.0057559535	-166.7336451977
66	0.1789541926	0.0057559535	-24.7435405424
67	1.1670032709	0.0057559535	-119.9825783515
68	1.7090093580	0.0057559535	-166.7301618322
69	1.6186813514	0.0057559535	-159.0897452216
70	1.4376981639	0.0057559535	-143.6425693036
71	1.1671478155	0.0057559535	-118.5946808221
72	2.4346978113	0.0057559535	-225.0200822206
73	0.0000000000	0.0057559535	-2.9957322736
74	1.7994279292	0.0057559535	-174.3169535979
75	0.4477780958	0.0057559535	-52.7796095658
76	1.1671750417	0.0057559535	-118.8820581987
77	0.0000000000	0.0057559535	-2.9957322736
78	1.2571324931	0.0057559535	-127.9402445886
79	1.6182531013	0.0057559535	-159.0944544148
80	1.2571657730	0.0057559535	-127.9398791673
81	1.0769257955	0.0057559535	-111.9473668374
82	2.0711327929	0.0057559535	-196.7817378615
83	1.6182959396	0.0057559535	-159.0939835621
84	2.2523490099	0.0057559535	-211.5364488506
85	0.3581300941	0.0057559535	-43.7163883437
86	1.4377959467	0.0057559535	-142.5428599708
87	1.3473488760	0.0057559535	-135.8254832544
88	1.3474204105	0.0057559535	-135.8246978581
89	0.1789542088	0.0057559535	-24.7435405424
90	1.7086466943	0.0057559535	-166.7341438934
91	0.0000000000	0.0057559535	-2.9957322736
92	0.9869002232	0.0057559535	-103.8281792905
93	0.7170941466	0.0057559535	-78.8829850759
94	0.2685213225	0.0057559535	-34.4000827796
95	1.4379861188	0.0057559535	-142.5407688644
96	1.2572320626	0.0057559535	-127.9391473574
97	1.0770390835	0.0057559535	-111.9461160200
98	1.7086470343	0.0057559535	-166.7341424135
99	1.6186489677	0.0057559535	-157.9914683142
100	0.1789588157	0.0057559535	-24.7434889688
101	0.2685213185	0.0057559535	-34.4000827796
102	0.9868742713	0.0057559535	-103.8284659505
103	0.9869520401	0.0057559535	-103.8276067648
104	0.0894572193	0.0057559535	-14.5630540222
105	1.8903734579	0.0057559535	-180.7493246032
106	1.4376219376	0.0057559535	-143.6434066368
107	0.1789634431	0.0057559535	-24.7434373886
108	0.8070872148	0.0057559535	-87.3050000841
109	2.5252971948	0.0057559535	-233.3599216290
110	1.7089446870	0.0057559535	-165.6322367257
111	0.0000000000	0.0057559535	-2.9957322736
112	2.3434321080	0.0057559535	-218.8477990300
113	0.9869259822	0.0057559535	-103.8278937676
114	1.1670340406	0.0057559535	-119.9822390242
115	0.6272624482	0.0057559535	-70.3338786999
116	1.8897926640	0.0057559535	-181.8543348009
117	2.3437488715	0.0057559535	-218.8443565381
118	0.7170941621	0.0057559535	-78.8829849898
119	0.3581300723	0.0057559535	-43.7163883224
120	0.8069819224	0.0057559535	-87.3061676991
121	0.2685421556	0.0057559535	-34.3998505337
122	0.2685213882	0.0057559535	-34.4000827796
123	2.0717502553	0.0057559535	-195.6763219315
124	1.2571655004	0.0057559535	-127.9398795659
