site	rate	t	lnL
1	1.6811371369	0.0064706953	-181.8532432410
2	0.2388547507	0.0064706953	-34.4001602169
3	1.6006242264	0.0064706953	-174.3174748334
4	1.0382891454	0.0064706953	-119.9802073337
5	0.1591954512	0.0064706953	-24.7434373886
6	1.1986494800	0.0064706953	-135.8239157898
7	2.2462338608	0.0064706953	-233.3614163782
8	0.6379184189	0.0064706953	-78.8825697014
9	1.1183012076	0.0064706953	-127.9398792989
10	1.1185616807	0.0064706953	-125.7393959341
11	0.5580052319	0.0064706953	-70.3335157781
12	2.8136632030	0.0064706953	-283.0735785291
13	0.9579706406	0.0064706953	-111.9473662511
14	0.3983277878	0.0064706953	-52.7794802538
15	0.1591935658	0.0064706953	-24.7435405440
16	1.9231963515	0.0064706953	-203.0783406296
17	0.6378852370	0.0064706953	-78.8829850759
18	1.3590689230	0.0064706953	-151.3995236619
19	1.3592483152	0.0064706953	-151.3973013282
20	0.0000000000	0.0064706953	-2.9957322736
21	0.5580051683	0.0064706953	-70.3335158439
22	1.9233751277	0.0064706953	-204.1748020972
23	0.7978529833	0.0064706953	-95.6174127083
24	0.2388608709	0.0064706953	-34.4000827796
25	0.7978111839	0.0064706953	-95.6179329767
26	0.0795778507	0.0064706953	-14.5630282589
27	0.6378685380	0.0064706953	-78.8831925829
28	0.0000000000	0.0064706953	-2.9957322736
29	0.5579761160	0.0064706953	-70.3338785685
30	0.3983277529	0.0064706953	-52.7794802204
31	2.0038369943	0.0064706953	-210.4343710891
32	1.7623831918	0.0064706953	-188.2337490420
33	0.3983070454	0.0064706953	-52.7797388745
34	1.1183011629	0.0064706953	-127.9398798333
35	0.3185716528	0.0064706953	-43.7163883437
36	2.1655117245	0.0064706953	-225.0231796690
37	0.3185716652	0.0064706953	-43.7163883651
38	1.0380981295	0.0064706953	-119.9825778918
39	2.1656023889	0.0064706953	-223.9234186120
40	2.0037207007	0.0064706953	-211.5344651947
41	1.1985547358	0.0064706953	-135.8250911744
42	1.2789600998	0.0064706953	-143.6417312288
43	1.1183011939	0.0064706953	-127.9398792994
44	2.1657918079	0.0064706953	-226.1184128691
45	2.1657926485	0.0064706953	-226.1184077764
46	0.9580609995	0.0064706953	-110.8476194602
47	0.7978739092	0.0064706953	-95.6171528670
48	1.3594136897	0.0064706953	-150.2966298777
49	0.7178441639	0.0064706953	-87.3061678083
50	0.3185881717	0.0064706953	-43.7161816152
51	0.0000000000	0.0064706953	-2.9957322736
52	0.3185551811	0.0064706953	-43.7165950615
53	0.1591954192	0.0064706953	-24.7434373939
54	2.0850148801	0.0064706953	-216.6451709784
55	0.3984825035	0.0064706953	-52.7775421543
56	0.5580197114	0.0064706953	-70.3333343759
57	0.0000000000	0.0064706953	-2.9957322736
58	0.7978321354	0.0064706953	-95.6176728119
59	2.4078138851	0.0064706953	-247.7330309402
60	0.0000000000	0.0064706953	-2.9957322736
61	0.0000000000	0.0064706953	-2.9957322736
62	1.3593212522	0.0064706953	-151.3964073808
63	0.4781664977	0.0064706953	-61.6402082743
64	0.1591913330	0.0064706953	-24.7434889688
65	0.6379351224	0.0064706953	-78.8823625222
66	0.8779118383	0.0064706953	-103.8278934401
67	1.0381526915	0.0064706953	-119.9819003772
68	1.6004528862	0.0064706953	-174.3195802649
69	1.3593057851	0.0064706953	-150.2979653395
70	0.8779948540	0.0064706953	-102.7282404873
71	0.5579762309	0.0064706953	-69.6407306687
72	0.7179190955	0.0064706953	-87.3052335746
73	0.0000000000	0.0064706953	-2.9957322736
74	0.2388609558	0.0064706953	-34.4000827796
75	0.3185716878	0.0064706953	-43.7163883437
76	2.0848730213	0.0064706953	-217.7455668034
77	0.0000000000	0.0064706953	-2.9957322736
78	2.0040283957	0.0064706953	-209.4511603735
79	1.1183896519	0.0064706953	-127.9387831045
80	0.0000000000	0.0064706953	-2.9957322736
81	1.2788329323	0.0064706953	-142.5446745411
82	1.7618424099	0.0064706953	-189.3390607292
83	1.6006659079	0.0064706953	-174.3169555225
84	0.1591913369	0.0064706953	-24.7434889635
85	0.7979074511	0.0064706953	-94.5181149839
86	0.7178816785	0.0064706953	-87.3056999971
87	2.0033964532	0.0064706953	-211.5384305876
88	1.2789596474	0.0064706953	-143.6417352151
89	0.0000000000	0.0064706953	-2.9957322736
90	0.7178816617	0.0064706953	-87.3057003243
91	0.0000000000	0.0064706953	-2.9957322736
92	0.2388671082	0.0064706953	-34.4000053404
93	0.7978739368	0.0064706953	-95.6171528666
94	0.3185634162	0.0064706953	-43.7164916933
95	0.5579760067	0.0064706953	-70.3338786999
96	0.8779577613	0.0064706953	-103.8273223631
97	1.2789602889	0.0064706953	-143.6417312285
98	1.6813628551	0.0064706953	-181.8504743908
99	0.5580051625	0.0064706953	-70.3335159098
100	2.1656301043	0.0064706953	-225.0217406135
101	0.1591976889	0.0064706953	-24.7434889704
102	2.0843588560	0.0064706953	-218.8505314144
103	2.1651525425	0.0064706953	-226.1262479633
104	0.0000000000	0.0064706953	-2.9957322736
105	2.4081084285	0.0064706953	-246.6307675792
106	1.1985863248	0.0064706953	-135.8246993899
107	0.1591913368	0.0064706953	-24.7434889688
108	2.0845837191	0.0064706953	-218.8477804660
109	1.0381254860	0.0064706953	-119.9822390241
110	0.8779641010	0.0064706953	-102.7286226078
111	0.0000000000	0.0064706953	-2.9957322736
112	1.4395418169	0.0064706953	-159.0939828913
113	1.1184778367	0.0064706953	-127.9376881340
114	1.9230671828	0.0064706953	-204.1785888756
115	0.6379018059	0.0064706953	-78.8827776496
116	1.5201546590	0.0064706953	-166.7311564784
117	1.1182716949	0.0064706953	-127.9402448558
118	1.7615593383	0.0064706953	-189.3425365983
119	0.3185798878	0.0064706953	-43.7162849915
120	1.7617012851	0.0064706953	-189.3407960635
121	2.0038819908	0.0064706953	-211.5324873914
122	1.1184193226	0.0064706953	-127.9384169767
123	1.7617470089	0.0064706953	-189.3402220748
124	2.0849181558	0.0064706953	-218.8436744195
