site	rate	t	lnL
1	1.0877389986	0.0637962100	-109.6563819326
2	0.3303673062	0.0637962100	-41.1768234125
3	0.9469216169	0.0637962100	-98.2589764585
4	1.5402986352	0.0637962100	-137.7689631773
5	0.0000000000	0.0637962100	-2.9957322736
6	0.9471207613	0.0637962100	-97.1568741115
7	0.2634107582	0.0637962100	-35.3249244240
8	0.8079391507	0.0637962100	-84.3520257948
9	0.9467963950	0.0637962100	-96.0616220316
10	1.5222967513	0.0637962100	-140.0952256313
11	0.6017734602	0.0637962100	-67.2094625523
12	1.5230839349	0.0637962100	-140.2025295735
13	0.8080977178	0.0637962100	-84.3497024018
14	1.1617801792	0.0637962100	-114.1112289362
15	0.1310914979	0.0637962100	-20.5554807093
16	0.3976415210	0.0637962100	-46.9406659811
17	1.0176855105	0.0637962100	-102.1936813315
18	0.9450711652	0.0637962100	-98.2846596740
19	1.7524758851	0.0637962100	-154.5029064439
20	0.0653668662	0.0637962100	-12.4713721414
21	0.6683709581	0.0637962100	-74.5162420030
22	2.5515762518	0.0637962100	-196.4548567062
23	0.4651094241	0.0637962100	-54.4963564519
24	0.0000000000	0.0637962100	-2.9957322736
25	0.9484868352	0.0637962100	-96.0386486198
26	0.2635270122	0.0637962100	-35.3232027834
27	1.2312466751	0.0637962100	-117.9940498228
28	0.0000000000	0.0637962100	-2.9957322736
29	0.7374994124	0.0637962100	-79.4885638912
30	0.2633529013	0.0637962100	-35.3257834721
31	1.4513238760	0.0637962100	-133.6621003194
32	1.0893365030	0.0637962100	-106.4537301577
33	0.0000000000	0.0637962100	-2.9957322736
34	1.6056209162	0.0637962100	-142.1525248739
35	1.3058533942	0.0637962100	-125.5096458041
36	1.6044112732	0.0637962100	-144.1395898925
37	1.8216057264	0.0637962100	-156.9084928494
38	1.9124519794	0.0637962100	-158.4458355585
39	1.3741109966	0.0637962100	-130.5654362011
40	0.8086530927	0.0637962100	-86.5398128749
41	1.0910857378	0.0637962100	-107.4115734579
42	1.7539083675	0.0637962100	-152.3990933504
43	1.3935046434	0.0637962100	-131.4047361561
44	1.3074855642	0.0637962100	-125.0791082986
45	1.5283892637	0.0637962100	-139.0325064276
46	0.1310970862	0.0637962100	-20.5554770136
47	0.4643654580	0.0637962100	-55.6059964199
48	0.9457745363	0.0637962100	-98.2749637860
49	1.6715807318	0.0637962100	-149.4269919789
50	0.9570294923	0.0637962100	-90.6585648400
51	0.0000000000	0.0637962100	-2.9957322736
52	0.5319808196	0.0637962100	-62.0354374669
53	0.1310689760	0.0637962100	-20.5559005007
54	2.1506328895	0.0637962100	-179.4002304724
55	0.3300402475	0.0637962100	-42.2803665357
56	2.2982722986	0.0637962100	-186.9029618770
57	0.1310358411	0.0637962100	-20.5563231793
58	1.0902510926	0.0637962100	-108.5232694374
59	1.0897849466	0.0637962100	-105.3477495300
60	0.2634111847	0.0637962100	-35.3249214621
61	0.0000000000	0.0637962100	-2.9957322736
62	1.0885828529	0.0637962100	-108.5452145184
63	1.2334976895	0.0637962100	-118.5378692463
64	1.5959582796	0.0637962100	-146.8569114595
65	1.9059881712	0.0637962100	-162.4403392920
66	0.4645796032	0.0637962100	-55.6029052767
67	1.3088522371	0.0637962100	-123.9600882734
68	1.0916083965	0.0637962100	-105.4573386113
69	1.2332501683	0.0637962100	-117.8484847961
70	0.9484826202	0.0637962100	-96.0386742261
71	0.8075280961	0.0637962100	-85.4568257698
72	1.2331226469	0.0637962100	-120.7417170212
73	0.0653668688	0.0637962100	-12.4713721414
74	0.3974313620	0.0637962100	-49.0234368419
75	0.1310358419	0.0637962100	-20.5563231793
76	0.8069491258	0.0637962100	-85.4649708851
77	1.3734324568	0.0637962100	-130.5747011177
78	1.7692635667	0.0637962100	-154.2910219811
79	0.8083603174	0.0637962100	-84.3460451936
80	0.0653731258	0.0637962100	-12.4713721460
81	0.6688277195	0.0637962100	-73.4106640339
82	1.4584278769	0.0637962100	-132.8757543168
83	1.7596184439	0.0637962100	-154.1189780833
84	0.4651039159	0.0637962100	-55.5952599804
85	2.3139435246	0.0637962100	-181.4576336910
86	0.6004959558	0.0637962100	-66.5347968989
87	3.1450032887	0.0637962100	-224.5080330455
88	0.8783932134	0.0637962100	-91.3304345411
89	0.1970960596	0.0637962100	-28.1123271755
90	2.2374087137	0.0637962100	-181.5448178939
91	0.0653668688	0.0637962100	-12.4713721414
92	1.0155524805	0.0637962100	-104.0148386018
93	1.5239357181	0.0637962100	-140.0735720214
94	0.6004287276	0.0637962100	-66.9413245664
95	0.5997826336	0.0637962100	-68.3369938804
96	1.8225896294	0.0637962100	-161.8797473472
97	0.4644712076	0.0637962100	-55.6044604437
98	1.6739895764	0.0637962100	-148.5489525045
99	1.9023063183	0.0637962100	-160.6506456711
100	0.1310690099	0.0637962100	-20.5559001425
101	0.1310364429	0.0637962100	-19.8631714148
102	2.3793940117	0.0637962100	-192.9748905900
103	1.6898989699	0.0637962100	-151.3842200553
104	0.0653806526	0.0637962100	-12.4711624560
105	1.0888142494	0.0637962100	-107.4425892714
106	1.2362070727	0.0637962100	-120.7018285953
107	0.3973827939	0.0637962100	-47.9254000870
108	0.8066264826	0.0637962100	-85.4695076826
109	1.0174214905	0.0637962100	-102.8900943624
110	1.6798175216	0.0637962100	-147.9341677587
111	0.0000000000	0.0637962100	-2.9957322736
112	2.3679238252	0.0637962100	-190.8599524654
113	1.5218590721	0.0637962100	-140.5079204807
114	1.9049578754	0.0637962100	-162.2057799574
115	0.9484102871	0.0637962100	-94.6526391091
116	1.6056321009	0.0637962100	-144.1196203298
117	1.6800353308	0.0637962100	-149.3135242317
118	0.6015617526	0.0637962100	-66.1137042916
119	1.0182999477	0.0637962100	-102.8782725836
120	1.4497290176	0.0637962100	-133.9372810480
121	1.2365592132	0.0637962100	-116.4150716261
122	0.0000000000	0.0637962100	-2.9957322736
123	1.8982947479	0.0637962100	-162.5327354829
124	1.8331156764	0.0637962100	-158.5576454900
