site	rate	t	lnL
1	4.8396137148	0.0061283335	-55.5982859446
2	0.0000000000	0.0061283335	-2.9957322736
3	2.7421213775	0.0061283335	-35.3249214677
4	2.0517794427	0.0061283335	-28.1123263556
5	0.0000000000	0.0061283335	-2.9957322736
6	0.6804718098	0.0061283335	-12.4713721414
7	0.6806154496	0.0061283335	-12.4711623680
8	0.6804718098	0.0061283335	-12.4713721414
9	1.3643802740	0.0061283335	-20.5559004992
10	2.7445202101	0.0061283335	-35.3214934014
11	0.0000000000	0.0061283335	-2.9957322736
12	1.3646729898	0.0061283335	-20.5554770120
13	0.6806153497	0.0061283335	-12.4711624560
14	0.0000000000	0.0061283335	-2.9957322736
15	0.0000000000	0.0061283335	-2.9957322736
16	0.6804718098	0.0061283335	-12.4713721414
17	0.6806155395	0.0061283335	-12.4711623680
18	0.6804718098	0.0061283335	-12.4713721414
19	2.7421191754	0.0061283335	-35.3249229415
20	0.0000000000	0.0061283335	-2.9957322736
21	0.0000000000	0.0061283335	-2.9957322736
22	0.0000000000	0.0061283335	-2.9957322736
23	1.3643800046	0.0061283335	-20.5559004992
24	0.0000000000	0.0061283335	-2.9957322736
25	0.6806153504	0.0061283335	-12.4711624560
26	0.0000000000	0.0061283335	-2.9957322736
27	0.0000000000	0.0061283335	-2.9957322736
28	0.0000000000	0.0061283335	-2.9957322736
29	0.6806153594	0.0061283335	-12.4711624560
30	0.6806153291	0.0061283335	-12.4711624560
31	1.3643800046	0.0061283335	-20.5559004992
32	1.3643807709	0.0061283335	-20.5559001417
33	0.0000000000	0.0061283335	-2.9957322736
34	1.3640887747	0.0061283335	-20.5563231793
35	0.6804718532	0.0061283335	-12.4713721414
36	2.0517793984	0.0061283335	-28.1123263569
37	0.0000000000	0.0061283335	-2.9957322736
38	0.6804718098	0.0061283335	-12.4713721414
39	3.4357330840	0.0061283335	-42.2803665357
40	0.6804718364	0.0061283335	-12.4713721414
41	0.0000000000	0.0061283335	-2.9957322736
42	2.0513346446	0.0061283335	-28.1129655473
43	0.6806153291	0.0061283335	-12.4711624560
44	1.3643807569	0.0061283335	-20.5559001414
45	1.3646730304	0.0061283335	-20.5554770124
46	0.6804718098	0.0061283335	-12.4713721414
47	0.6806154495	0.0061283335	-12.4711623680
48	1.3640886381	0.0061283335	-20.5563231793
49	0.0000000000	0.0061283335	-2.9957322736
50	0.6804718098	0.0061283335	-12.4713721414
51	0.0000000000	0.0061283335	-2.9957322736
52	0.6806154495	0.0061283335	-12.4711623680
53	0.6806152827	0.0061283335	-12.4711624560
54	0.6806152601	0.0061283335	-12.4711624560
55	0.0000000000	0.0061283335	-2.9957322736
56	0.0000000000	0.0061283335	-2.9957322736
57	0.0000000000	0.0061283335	-2.9957322736
58	0.0000000000	0.0061283335	-2.9957322736
59	2.7415147171	0.0061283335	-35.3257834690
60	1.3643800046	0.0061283335	-20.5559004992
61	0.0000000000	0.0061283335	-2.9957322736
62	2.7433272123	0.0061283335	-35.3232027891
63	0.6804718098	0.0061283335	-12.4713721414
64	0.0000000000	0.0061283335	-2.9957322736
65	1.3643803207	0.0061283335	-20.5559004992
66	0.0000000000	0.0061283335	-2.9957322736
67	3.4357331046	0.0061283335	-42.2803665408
68	1.3643802013	0.0061283335	-20.5559004992
69	0.6806154880	0.0061283335	-12.4711623680
70	1.3640888262	0.0061283335	-20.5563231793
71	2.0522253761	0.0061283335	-28.1116862098
72	1.3646724782	0.0061283335	-20.5554773700
73	0.0000000000	0.0061283335	-2.9957322736
74	0.6806154427	0.0061283335	-12.4711623680
75	0.0000000000	0.0061283335	-2.9957322736
76	0.0000000000	0.0061283335	-2.9957322736
77	0.0000000000	0.0061283335	-2.9957322736
78	0.6804718442	0.0061283335	-12.4713721414
79	2.0517793565	0.0061283335	-28.1123263580
80	0.6806153086	0.0061283335	-12.4711624560
81	0.0000000000	0.0061283335	-2.9957322736
82	1.3640884424	0.0061283335	-20.5563231793
83	0.0000000000	0.0061283335	-2.9957322736
84	0.6806153669	0.0061283335	-12.4711624560
85	0.6804718235	0.0061283335	-12.4713721414
86	0.6804718098	0.0061283335	-12.4713721414
87	2.0513335544	0.0061283335	-28.1129663645
88	0.0000000000	0.0061283335	-2.9957322736
89	0.6804718098	0.0061283335	-12.4713721414
90	1.3643807690	0.0061283335	-20.5559001414
91	0.0000000000	0.0061283335	-2.9957322736
92	2.7415150004	0.0061283335	-35.3257834721
93	2.0522253594	0.0061283335	-28.1116862214
94	0.6806153787	0.0061283335	-12.4711624560
95	0.6804718098	0.0061283335	-12.4713721414
96	2.7409124691	0.0061283335	-35.3266423273
97	2.7421193169	0.0061283335	-35.3249229446
98	0.6804718098	0.0061283335	-12.4713721414
99	0.6804718368	0.0061283335	-12.4713721414
100	0.0000000000	0.0061283335	-2.9957322736
101	0.0000000000	0.0061283335	-2.9957322736
102	2.7415167122	0.0061283335	-35.3257819934
103	2.0513347087	0.0061283335	-28.1129655473
104	0.0000000000	0.0061283335	-2.9957322736
105	0.6806154442	0.0061283335	-12.4711624560
106	0.6806154426	0.0061283335	-12.4711623680
107	0.0000000000	0.0061283335	-2.9957322736
108	0.0000000000	0.0061283335	-2.9957322736
109	2.0517805044	0.0061283335	-28.1123255394
110	3.4357296443	0.0061283335	-42.2803688858
111	0.0000000000	0.0061283335	-2.9957322736
112	2.7415147128	0.0061283335	-35.3257834721
113	0.0000000000	0.0061283335	-2.9957322736
114	0.6804718345	0.0061283335	-12.4713721414
115	0.0000000000	0.0061283335	-2.9957322736
116	2.0513346643	0.0061283335	-28.1129655463
117	2.7409125112	0.0061283335	-35.3266423273
118	3.4395448162	0.0061283335	-42.2749654153
119	2.0508890297	0.0061283335	-28.1136054127
120	0.6804718364	0.0061283335	-12.4713721414
121	2.0517783055	0.0061283335	-28.1123271755
122	0.0000000000	0.0061283335	-2.9957322736
123	1.3643800046	0.0061283335	-20.5559004992
124	2.7421193186	0.0061283335	-35.3249229446
