site	rate	t	lnL
1	2.4321909576	0.3644066050	-371.7099549320
2	0.8131679868	0.3644066050	-288.3334977055
3	1.7139102760	0.3644066050	-364.6555493153
4	1.8262195485	0.3644066050	-362.3876147319
5	0.0578122489	0.3644066050	-41.1793585769
6	2.8624319797	0.3644066050	-376.3055022665
7	0.4743404224	0.3644066050	-210.6907851045
8	0.8539178799	0.3644066050	-282.4679098277
9	2.0486023111	0.3644066050	-366.9699189256
10	1.7475422832	0.3644066050	-364.4639844099
11	0.6312787219	0.3644066050	-247.5916917569
12	2.1884835600	0.3644066050	-368.2685579570
13	1.2746998407	0.3644066050	-343.4303989243
14	0.5453980326	0.3644066050	-224.5598774886
15	0.7273744653	0.3644066050	-272.1839587826
16	1.7230071172	0.3644066050	-359.7399363024
17	1.2347779542	0.3644066050	-339.9602880851
18	1.2856672345	0.3644066050	-334.9013792754
19	1.9694920846	0.3644066050	-367.5673233619
20	0.4615258818	0.3644066050	-202.7242712488
21	1.1820825854	0.3644066050	-337.4323760065
22	2.2482612626	0.3644066050	-371.6991062419
23	0.7438948649	0.3644066050	-272.3794909297
24	0.2935196086	0.3644066050	-149.7691244493
25	1.5119221724	0.3644066050	-357.8758439526
26	0.1662025727	0.3644066050	-97.1255835586
27	0.6088631989	0.3644066050	-242.7409641580
28	0.0000000000	0.3644066050	-2.9957322736
29	0.2941425923	0.3644066050	-140.4792021315
30	0.6790296326	0.3644066050	-261.1376673451
31	1.3398194831	0.3644066050	-338.9937579218
32	1.0898855391	0.3644066050	-323.4813294999
33	0.3473534965	0.3644066050	-167.4033954963
34	1.5796295528	0.3644066050	-361.9800538012
35	1.3440005965	0.3644066050	-349.9699770475
36	1.7379741836	0.3644066050	-358.6944711833
37	1.1834039629	0.3644066050	-335.1879250225
38	2.2430183754	0.3644066050	-369.8069430749
39	1.8933338806	0.3644066050	-366.1192783666
40	1.0018239618	0.3644066050	-318.9989790039
41	1.3248359398	0.3644066050	-350.7992715790
42	2.0933134609	0.3644066050	-363.0774661465
43	2.4034924850	0.3644066050	-374.6652308203
44	3.9834778218	0.3644066050	-381.8201638351
45	1.4016922314	0.3644066050	-349.5296684104
46	0.5013808981	0.3644066050	-214.4709509996
47	0.6423846404	0.3644066050	-248.5514951567
48	2.3712225667	0.3644066050	-375.2453274119
49	0.9390247226	0.3644066050	-301.9913250218
50	0.6990731179	0.3644066050	-269.7598893740
51	0.0000000000	0.3644066050	-2.9957322736
52	0.6618879264	0.3644066050	-255.1558139718
53	0.6700433431	0.3644066050	-256.5457954595
54	0.8169246794	0.3644066050	-290.6973157324
55	0.6111221229	0.3644066050	-243.5386741430
56	1.1469361967	0.3644066050	-325.9421614375
57	0.1656089574	0.3644066050	-97.1723940213
58	1.0631555673	0.3644066050	-320.8558709774
59	1.6237146257	0.3644066050	-358.1037965496
60	0.6091431615	0.3644066050	-238.8894170288
61	0.1412532110	0.3644066050	-85.4668410779
62	2.2683542184	0.3644066050	-369.8283660147
63	0.4440166122	0.3644066050	-191.5492875656
64	1.2220042904	0.3644066050	-334.4852813877
65	1.8022055292	0.3644066050	-362.3319613041
66	0.6044479493	0.3644066050	-237.9324181567
67	3.2388083019	0.3644066050	-380.3284095569
68	1.0293925329	0.3644066050	-321.1805714153
69	2.4082414510	0.3644066050	-370.4516457558
70	2.6824695638	0.3644066050	-375.7398882780
71	1.6915349764	0.3644066050	-359.9137941047
72	1.8405196955	0.3644066050	-363.0041697636
73	0.0577539487	0.3644066050	-42.2825334703
74	1.1781301405	0.3644066050	-329.3707775158
75	0.7904068615	0.3644066050	-281.7285796700
76	1.5760065908	0.3644066050	-357.8352745970
77	0.2160126076	0.3644066050	-116.4547731349
78	1.8894584168	0.3644066050	-360.2143711940
79	3.0090050687	0.3644066050	-378.5098581638
80	0.6397934428	0.3644066050	-247.0683637635
81	1.4845067610	0.3644066050	-351.9758351724
82	1.4776917204	0.3644066050	-341.8699475946
83	4.3893322303	0.3644066050	-382.5091478658
84	0.4460289927	0.3644066050	-195.5907840488
85	1.0117572950	0.3644066050	-309.3463658750
86	1.6654488186	0.3644066050	-358.9308870282
87	1.1918526937	0.3644066050	-333.0500292704
88	0.7098264394	0.3644066050	-264.0042063544
89	0.3882631657	0.3644066050	-179.4249284299
90	2.2805911574	0.3644066050	-372.4785303874
91	0.1051892056	0.3644066050	-67.2233759253
92	0.7666580981	0.3644066050	-274.5947025140
93	1.5450113583	0.3644066050	-357.7595897575
94	0.5474847044	0.3644066050	-228.7960877044
95	0.6776629348	0.3644066050	-260.5186657782
96	2.0789355076	0.3644066050	-370.8668379600
97	1.1448706385	0.3644066050	-326.2825838445
98	0.8675225278	0.3644066050	-288.1449627247
99	2.9835161225	0.3644066050	-378.3948826516
100	0.1414038313	0.3644066050	-83.3738027303
101	0.2411331631	0.3644066050	-129.4214409550
102	2.9103700643	0.3644066050	-376.6528349544
103	1.0831905820	0.3644066050	-322.6311408751
104	0.1534953112	0.3644066050	-91.3526302029
105	1.9332306522	0.3644066050	-364.8286321561
106	1.4873547331	0.3644066050	-351.1976406095
107	0.7580860337	0.3644066050	-273.0827392713
108	1.9459121043	0.3644066050	-371.0991413904
109	2.7674841748	0.3644066050	-377.5506635097
110	1.5190613948	0.3644066050	-354.2968091973
111	0.0000000000	0.3644066050	-2.9957322736
112	2.0775111306	0.3644066050	-366.9777060388
113	2.5069668483	0.3644066050	-373.6727916155
114	1.0829216991	0.3644066050	-322.9451908038
115	1.3605607190	0.3644066050	-343.0829209021
116	2.2257236565	0.3644066050	-371.7491757216
117	2.8652272782	0.3644066050	-378.2346756406
118	1.1823625707	0.3644066050	-337.1171223121
119	1.2435541217	0.3644066050	-336.0610259184
120	2.1465474024	0.3644066050	-369.6291319664
121	0.5204958026	0.3644066050	-219.4486929613
122	0.4886988767	0.3644066050	-209.0209303928
123	2.3941560051	0.3644066050	-373.8492919260
124	2.6221879156	0.3644066050	-375.8816905563
