site	rate	t	lnL
1	2.3601334435	0.0599642254	-181.6537867298
2	1.3884187660	0.0599642254	-122.9112852397
3	1.2381758163	0.0599642254	-111.8838097613
4	1.0081144238	0.0599642254	-97.1506092427
5	0.0695508003	0.0599642254	-12.4713721460
6	1.2376309385	0.0599642254	-112.0088434276
7	0.0000000000	0.0599642254	-2.9957322736
8	1.8597513345	0.0599642254	-155.6607240958
9	1.2371596468	0.0599642254	-112.9967974424
10	0.9324689260	0.0599642254	-91.7636945004
11	0.9333391638	0.0599642254	-90.2465541905
12	1.7018595501	0.0599642254	-144.3150107158
13	1.3162385775	0.0599642254	-116.4077334314
14	0.6396945502	0.0599642254	-66.1177924890
15	0.8593603784	0.0599642254	-85.4539629597
16	1.1595785702	0.0599642254	-107.4275340103
17	2.1097180400	0.0599642254	-168.5529548198
18	0.9356312326	0.0599642254	-89.3691951119
19	1.3886660100	0.0599642254	-124.0090309601
20	0.0000000000	0.0599642254	-2.9957322736
21	0.3511323397	0.0599642254	-42.2803595573
22	1.4683633622	0.0599642254	-127.5740670726
23	0.4948690025	0.0599642254	-54.4958478497
24	0.0000000000	0.0599642254	-2.9957322736
25	0.6388552776	0.0599642254	-67.2280476201
26	0.0695441066	0.0599642254	-12.4713721414
27	0.2096904474	0.0599642254	-28.1123339257
28	0.0000000000	0.0599642254	-2.9957322736
29	0.0695654799	0.0599642254	-12.4711624607
30	1.0819174944	0.0599642254	-103.3035133464
31	1.7022158945	0.0599642254	-146.3955621404
32	0.6390601088	0.0599642254	-67.2253340443
33	0.0695441066	0.0599642254	-12.4713721414
34	0.9322236055	0.0599642254	-91.7667856384
35	0.7114275107	0.0599642254	-74.5116985671
36	1.0097150276	0.0599642254	-95.0491449602
37	1.6364315200	0.0599642254	-137.8046574681
38	1.3079016988	0.0599642254	-119.6934412092
39	2.4488377626	0.0599642254	-186.0359169558
40	1.6304244882	0.0599642254	-133.7307078450
41	1.5428431636	0.0599642254	-133.1031570406
42	1.4619284943	0.0599642254	-129.4652616461
43	1.5462607749	0.0599642254	-133.6358909155
44	1.6214345518	0.0599642254	-140.4820570916
45	1.3912346627	0.0599642254	-122.1842054932
46	0.2096459338	0.0599642254	-28.1129663645
47	0.9322197740	0.0599642254	-92.4599613818
48	0.8593921845	0.0599642254	-86.5527977738
49	0.9322169172	0.0599642254	-92.4599796841
50	0.7118064252	0.0599642254	-73.4075822305
51	0.0000000000	0.0599642254	-2.9957322736
52	0.2803659234	0.0599642254	-35.3232143304
53	0.8594087155	0.0599642254	-85.4531924491
54	1.1596238349	0.0599642254	-106.2570365851
55	0.3511313182	0.0599642254	-42.2803665295
56	0.5666780982	0.0599642254	-60.9270726253
57	0.2097813885	0.0599642254	-28.1110551290
58	0.7131698699	0.0599642254	-74.4888629218
59	1.7758097641	0.0599642254	-151.6602950209
60	0.1394394295	0.0599642254	-20.5559004992
61	0.0000000000	0.0599642254	-2.9957322736
62	1.3090903853	0.0599642254	-118.2915090122
63	0.3511313172	0.0599642254	-42.2803665408
64	0.4943806651	0.0599642254	-54.5025082336
65	1.7070180860	0.0599642254	-145.6417071537
66	0.4940418650	0.0599642254	-55.6059869975
67	2.2853057212	0.0599642254	-176.3691890705
68	2.3624281031	0.0599642254	-180.9219462846
69	2.0487779763	0.0599642254	-165.4006197954
70	1.2394298566	0.0599642254	-111.9855896251
71	0.7109076591	0.0599642254	-74.5185330589
72	1.6370001486	0.0599642254	-140.9678942392
73	0.0000000000	0.0599642254	-2.9957322736
74	1.2399894117	0.0599642254	-111.9799675567
75	0.6393514098	0.0599642254	-67.2213722839
76	1.7815610964	0.0599642254	-150.4925131923
77	0.0000000000	0.0599642254	-2.9957322736
78	1.2324076791	0.0599642254	-114.1562084536
79	1.0826896420	0.0599642254	-103.9864699710
80	1.7131331248	0.0599642254	-144.1784077338
81	1.6992207252	0.0599642254	-145.3303681249
82	1.2347962501	0.0599642254	-113.0264751374
83	1.5436861509	0.0599642254	-136.9692790679
84	0.7852156810	0.0599642254	-79.4809490752
85	0.5659777301	0.0599642254	-62.0354311610
86	1.7079946679	0.0599642254	-141.7872653323
87	0.7852393341	0.0599642254	-80.5797949568
88	0.3511323389	0.0599642254	-42.2803595611
89	0.1395286277	0.0599642254	-20.5546340229
90	1.3904181639	0.0599642254	-122.8873934679
91	0.0000000000	0.0599642254	-2.9957322736
92	0.9338003991	0.0599642254	-92.4392297047
93	1.4690239618	0.0599642254	-129.3794708873
94	0.6382666079	0.0599642254	-68.3349485720
95	0.3519402103	0.0599642254	-40.1895142233
96	1.4680202807	0.0599642254	-129.3913709683
97	1.0088473305	0.0599642254	-94.9422475087
98	0.3514797598	0.0599642254	-41.1768199377
99	1.4665757576	0.0599642254	-126.5145375298
100	1.4720663154	0.0599642254	-127.0016617142
101	0.5662333016	0.0599642254	-62.0319331335
102	1.0071942062	0.0599642254	-98.2621439444
103	1.3927947942	0.0599642254	-122.9744066235
104	0.0695587836	0.0599642254	-12.4711623680
105	2.0287042844	0.0599642254	-164.6348847326
106	1.2360437002	0.0599642254	-114.1104682929
107	0.2096459283	0.0599642254	-28.1129663645
108	1.6262565024	0.0599642254	-137.9310507987
109	1.4670090402	0.0599642254	-127.4542408226
110	1.6243740106	0.0599642254	-138.9352453656
111	0.0000000000	0.0599642254	-2.9957322736
112	1.5454731770	0.0599642254	-132.3760593929
113	1.4642837720	0.0599642254	-128.7442199147
114	1.7002590187	0.0599642254	-143.1152335297
115	2.6213603026	0.0599642254	-194.5026249114
116	1.0091925994	0.0599642254	-96.0375082248
117	1.5401086571	0.0599642254	-133.7102945645
118	1.2399232579	0.0599642254	-113.3666981748
119	0.9315167443	0.0599642254	-92.4690226230
120	1.5462990821	0.0599642254	-131.6861291405
121	0.3512102880	0.0599642254	-42.2792791834
122	0.5670155530	0.0599642254	-62.0213294916
123	1.4648526712	0.0599642254	-129.5479886850
124	1.0815181702	0.0599642254	-102.9018341532
