site	rate	t	lnL
1	2.5651384893	0.3736946453	-376.3699862416
2	0.8923999116	0.3736946453	-301.7459035957
3	3.1028324619	0.3736946453	-378.8646314223
4	2.8144468139	0.3736946453	-377.2035267271
5	0.0678195222	0.3736946453	-47.9271571343
6	1.7365520869	0.3736946453	-363.8710889330
7	0.5062200449	0.3736946453	-220.0337885590
8	1.0063954804	0.3736946453	-318.4978707147
9	1.9003625738	0.3736946453	-363.7979126040
10	1.5594848199	0.3736946453	-352.9936090711
11	0.5965108713	0.3736946453	-241.9518933655
12	3.7387949827	0.3736946453	-381.6843923060
13	1.1749592171	0.3736946453	-334.2472538529
14	0.8934147217	0.3736946453	-297.2761283323
15	0.4812183467	0.3736946453	-213.9935832948
16	1.4966616302	0.3736946453	-356.2214086500
17	1.3080186616	0.3736946453	-349.4961450120
18	0.8266464295	0.3736946453	-280.9707126855
19	2.1785836238	0.3736946453	-371.1429597182
20	0.1617845869	0.3736946453	-93.9685104702
21	1.1283311623	0.3736946453	-329.5713930013
22	1.2817968701	0.3736946453	-339.2013626004
23	1.1284694717	0.3736946453	-333.5230925738
24	0.2224173876	0.3736946453	-123.7543625615
25	1.3862609566	0.3736946453	-347.0010540578
26	0.2474801839	0.3736946453	-134.2111927355
27	0.7632156115	0.3736946453	-278.6436596082
28	0.0000000000	0.3736946453	-2.9957322736
29	0.1985068683	0.3736946453	-110.7974925154
30	0.8603170574	0.3736946453	-290.8263566046
31	2.5782057146	0.3736946453	-375.1628261683
32	0.8665730553	0.3736946453	-300.1556640490
33	0.5466533549	0.3736946453	-236.5984819903
34	1.4854394024	0.3736946453	-360.3189678911
35	1.0719255032	0.3736946453	-324.3210197239
36	2.1109557496	0.3736946453	-368.1024092991
37	0.8151955623	0.3736946453	-288.7478097245
38	2.2499856392	0.3736946453	-372.0631988456
39	2.1054464387	0.3736946453	-366.9820685557
40	1.2742537113	0.3736946453	-342.8875767722
41	1.2008103397	0.3736946453	-338.6815019636
42	3.1276990917	0.3736946453	-379.5676539702
43	1.6729195854	0.3736946453	-363.4885888044
44	2.0500285338	0.3736946453	-370.5253090626
45	1.2496796281	0.3736946453	-348.8070088320
46	0.3248022578	0.3736946453	-159.8204618833
47	0.3795985720	0.3736946453	-178.8636775281
48	1.5862584763	0.3736946453	-356.5695557225
49	0.8019561692	0.3736946453	-280.6505831048
50	0.6617238426	0.3736946453	-260.7917066723
51	0.0336688191	0.3736946453	-27.0122684610
52	0.6263226416	0.3736946453	-250.4878485118
53	0.6935282072	0.3736946453	-259.0494530742
54	1.0986307308	0.3736946453	-335.4584727540
55	0.8652287067	0.3736946453	-299.4272546785
56	1.0741391898	0.3736946453	-329.8608137527
57	0.3111668982	0.3736946453	-156.3829941654
58	1.1293315883	0.3736946453	-331.7821263993
59	2.0141526717	0.3736946453	-365.3980578060
60	0.4924200835	0.3736946453	-215.5286921452
61	0.1261929891	0.3736946453	-78.7714767259
62	1.8661319088	0.3736946453	-360.7164678551
63	0.5893759364	0.3736946453	-235.0382988643
64	0.9365891528	0.3736946453	-302.8682690047
65	1.8185349683	0.3736946453	-366.7162078928
66	0.7883903157	0.3736946453	-287.5919576910
67	2.1763622718	0.3736946453	-374.4026756598
68	1.2821776509	0.3736946453	-344.7660972452
69	1.9782813206	0.3736946453	-368.7705552990
70	2.5821332684	0.3736946453	-374.5978482279
71	1.2617380506	0.3736946453	-337.2319693391
72	1.5346753616	0.3736946453	-357.4707523273
73	0.0223701093	0.3736946453	-20.5563231793
74	1.2093317245	0.3736946453	-343.2677557431
75	1.1198559610	0.3736946453	-333.8854236551
76	3.1232742857	0.3736946453	-379.5618478059
77	0.0336477440	0.3736946453	-28.1123271755
78	2.6380336321	0.3736946453	-375.9669889810
79	1.6134568310	0.3736946453	-356.7786006534
80	1.1156644716	0.3736946453	-331.3157499739
81	1.1347611629	0.3736946453	-330.8377228678
82	2.5041581083	0.3736946453	-373.8463671029
83	2.4520058068	0.3736946453	-371.7941859285
84	0.4767051641	0.3736946453	-216.1450499928
85	0.6872763637	0.3736946453	-267.0828103038
86	1.3200565952	0.3736946453	-347.0200862370
87	1.6187836614	0.3736946453	-354.6160839072
88	0.9373757731	0.3736946453	-311.1808359190
89	0.5544663338	0.3736946453	-231.2159206469
90	2.3168924393	0.3736946453	-375.0400434282
91	0.0793178604	0.3736946453	-53.8108423565
92	0.6860823894	0.3736946453	-262.8598182969
93	1.6214712210	0.3736946453	-365.3234576765
94	0.5442045644	0.3736946453	-225.1264441378
95	0.8767873801	0.3736946453	-295.5997057944
96	1.4985177441	0.3736946453	-359.3689209128
97	1.9535171116	0.3736946453	-372.8228214040
98	0.9463156076	0.3736946453	-304.2743639919
99	1.9374416161	0.3736946453	-362.9035090212
100	0.3652577591	0.3736946453	-169.8669388840
101	0.3925020515	0.3736946453	-185.0691027251
102	2.1742627482	0.3736946453	-371.1076771637
103	1.0732913874	0.3736946453	-320.2929393125
104	0.5022959302	0.3736946453	-223.3291661103
105	1.5789269451	0.3736946453	-363.7790423820
106	1.7595349471	0.3736946453	-364.6827402260
107	0.7172574813	0.3736946453	-277.3565092541
108	2.0778975960	0.3736946453	-370.8202260405
109	2.2113723130	0.3736946453	-373.5108144616
110	3.3069970567	0.3736946453	-381.1054473361
111	0.0000000000	0.3736946453	-2.9957322736
112	1.9419452762	0.3736946453	-362.9778585559
113	2.0847958239	0.3736946453	-367.6437866755
114	1.1350374998	0.3736946453	-330.6216458803
115	1.1796098969	0.3736946453	-336.5494920796
116	2.4483808858	0.3736946453	-375.4498164869
117	1.8671517509	0.3736946453	-360.7780476752
118	1.4184412539	0.3736946453	-354.6674331418
119	1.1321383012	0.3736946453	-329.8815823439
120	1.8877839459	0.3736946453	-366.7318743781
121	0.4478259656	0.3736946453	-199.9634966495
122	0.1984540199	0.3736946453	-108.7200727951
123	2.6512607873	0.3736946453	-377.0855453936
124	2.1864086871	0.3736946453	-370.7222565176
