site	rate	t	lnL
1	1.4234698666	0.0617719587	-129.4108620103
2	0.2719829087	0.0617719587	-35.3257834690
3	1.3493191468	0.0617719587	-123.9946220238
4	1.0510345393	0.0617719587	-102.8865442471
5	0.8339636714	0.0617719587	-84.3579649658
6	1.1954383550	0.0617719587	-115.2680023641
7	0.2034666244	0.0617719587	-28.1136054127
8	1.3519221066	0.0617719587	-122.0618621849
9	1.2722249656	0.0617719587	-118.9673906659
10	0.8340113057	0.0617719587	-85.4566857474
11	0.0000000000	0.0617719587	-2.9957322736
12	1.4236692141	0.0617719587	-129.5269949587
13	0.4101840173	0.0617719587	-49.0273161440
14	0.8334269191	0.0617719587	-86.5637816294
15	0.6204421830	0.0617719587	-67.2240858274
16	0.6929663595	0.0617719587	-70.4888519948
17	1.5006969407	0.0617719587	-133.6403983179
18	0.6917334586	0.0617719587	-73.3971401452
19	1.7293211606	0.0617719587	-148.5424921569
20	0.0000000000	0.0617719587	-2.9957322736
21	0.9775229201	0.0617719587	-97.1654187388
22	1.7279377089	0.0617719587	-151.6111384036
23	0.5504705721	0.0617719587	-60.9217962994
24	0.6203174651	0.0617719587	-66.5328014452
25	0.8329956438	0.0617719587	-86.5694440596
26	0.2719231821	0.0617719587	-35.3266423273
27	0.1353588351	0.0617719587	-20.5559001414
28	0.0000000000	0.0617719587	-2.9957322736
29	0.9044869632	0.0617719587	-92.4659800992
30	0.4794795947	0.0617719587	-54.9143401573
31	1.1254117409	0.0617719587	-109.6299251613
32	0.5499265376	0.0617719587	-62.0283218741
33	0.0675154208	0.0617719587	-12.4713721460
34	1.5049925127	0.0617719587	-135.7847202539
35	1.4227365354	0.0617719587	-128.3189104142
36	0.6198717729	0.0617719587	-68.3309793855
37	1.8884352166	0.0617719587	-157.7694575920
38	1.5811265042	0.0617719587	-138.8813875530
39	1.5012386712	0.0617719587	-135.8356664684
40	0.4099041682	0.0617719587	-49.0312587893
41	1.1250779251	0.0617719587	-106.2298870991
42	1.4988296345	0.0617719587	-136.9672840364
43	1.8863646675	0.0617719587	-159.6274117715
44	2.0655544294	0.0617719587	-165.9447854981
45	0.6208741949	0.0617719587	-67.2180888136
46	0.0675154122	0.0617719587	-12.4713721460
47	0.4101820928	0.0617719587	-49.0273297847
48	0.7626468866	0.0617719587	-80.5746656552
49	1.2771090037	0.0617719587	-119.5957677377
50	0.4796921625	0.0617719587	-54.5055954676
51	0.0000000000	0.0617719587	-2.9957322736
52	0.4105876621	0.0617719587	-47.9227994080
53	0.6912552332	0.0617719587	-74.5027629374
54	0.9057604543	0.0617719587	-91.3494026643
55	0.3412340860	0.0617719587	-42.2749630572
56	0.9082161978	0.0617719587	-91.7231707600
57	0.0000000000	0.0617719587	-2.9957322736
58	0.6915184609	0.0617719587	-73.4001135327
59	1.8933919765	0.0617719587	-158.1601094106
60	0.2719831140	0.0617719587	-35.3257819934
61	0.0000000000	0.0617719587	-2.9957322736
62	0.7617091239	0.0617719587	-80.5872797849
63	0.1353588344	0.0617719587	-20.5559001417
64	1.3481165624	0.0617719587	-123.3160341050
65	1.4229622304	0.0617719587	-128.3166676541
66	0.6899420760	0.0617719587	-74.5207626293
67	1.1289638356	0.0617719587	-107.3838594389
68	2.0430854116	0.0617719587	-169.4293718200
69	2.0470664192	0.0617719587	-168.3637285135
70	1.8848238125	0.0617719587	-158.7953395966
71	0.8339404519	0.0617719587	-82.5659298222
72	1.5758620201	0.0617719587	-140.0497755692
73	0.0000000000	0.0617719587	-2.9957322736
74	1.5819535399	0.0617719587	-139.9684096126
75	1.8864965514	0.0617719587	-157.6586681606
76	1.9643400906	0.0617719587	-164.6906103578
77	0.2723990249	0.0617719587	-35.3197869325
78	1.4972115266	0.0617719587	-133.6829095787
79	2.5518435522	0.0617719587	-192.3375763657
80	0.2719231620	0.0617719587	-35.3266423273
81	0.9788101456	0.0617719587	-96.0485582333
82	1.5083781639	0.0617719587	-134.7587176078
83	1.6568747951	0.0617719587	-139.8186694441
84	1.0547299534	0.0617719587	-102.8365178956
85	0.6902724528	0.0617719587	-74.5162474084
86	1.3502279498	0.0617719587	-121.8996700071
87	1.0544123255	0.0617719587	-100.6420474055
88	0.4800610377	0.0617719587	-54.5004417972
89	0.2722311559	0.0617719587	-34.2235271695
90	1.6595692845	0.0617719587	-143.0044376579
91	1.2816325105	0.0617719587	-117.3368358187
92	0.5500531497	0.0617719587	-62.0265552609
93	1.5788871810	0.0617719587	-135.9782446921
94	0.9795187945	0.0617719587	-96.0393409270
95	0.6206028555	0.0617719587	-68.3209057842
96	0.9066649532	0.0617719587	-89.2564846971
97	1.2707986145	0.0617719587	-119.6787091013
98	1.6552995863	0.0617719587	-145.2581916740
99	1.4975553549	0.0617719587	-135.1883618548
100	0.0675154195	0.0617719587	-12.4713721460
101	0.1353351443	0.0617719587	-20.5563231808
102	2.2078278716	0.0617719587	-177.3508448673
103	2.3651016692	0.0617719587	-189.1738364468
104	1.1247126852	0.0617719587	-107.4392960123
105	1.4940943118	0.0617719587	-135.9234479164
106	1.5785735172	0.0617719587	-140.4236018279
107	0.3410079054	0.0617719587	-42.2781986089
108	1.6511902306	0.0617719587	-144.2081054121
109	1.3463540363	0.0617719587	-125.1304143315
110	1.5790484118	0.0617719587	-139.3145617659
111	0.0000000000	0.0617719587	-2.9957322736
112	1.1986537710	0.0617719587	-113.0265164508
113	2.2086982219	0.0617719587	-178.1620207245
114	1.2002544805	0.0617719587	-115.2064794477
115	0.7617001461	0.0617719587	-80.5873409565
116	1.7366182765	0.0617719587	-145.4301793853
117	1.5789345272	0.0617719587	-139.7235740181
118	1.6500826513	0.0617719587	-146.4233031679
119	0.5497883822	0.0617719587	-62.0301711625
120	0.8345929048	0.0617719587	-84.3496062136
121	1.7269907789	0.0617719587	-150.5204514812
122	0.1354578891	0.0617719587	-19.4558986895
123	1.2718935925	0.0617719587	-119.6637740888
124	1.1997589734	0.0617719587	-114.1118406527
