site	rate	t	lnL
1	1.2285144117	0.0068046334	-20.5563231793
2	0.6129702493	0.0068046334	-12.4711624560
3	1.2290402828	0.0068046334	-20.5554771936
4	1.2285144325	0.0068046334	-20.5563231793
5	0.0000000000	0.0068046334	-2.9957322736
6	0.0000000000	0.0068046334	-2.9957322736
7	0.0000000000	0.0068046334	-2.9957322736
8	0.6128409948	0.0068046334	-12.4713721414
9	1.8474563187	0.0068046334	-28.1129655463
10	1.2290395814	0.0068046334	-20.5554777277
11	0.6129702390	0.0068046334	-12.4711624560
12	1.2285146245	0.0068046334	-20.5563231793
13	1.2287770024	0.0068046334	-20.5559004992
14	1.8500683733	0.0068046334	-27.0101387632
15	0.0000000000	0.0068046334	-2.9957322736
16	0.0000000000	0.0068046334	-2.9957322736
17	1.2287768524	0.0068046334	-20.5559004992
18	0.6129702390	0.0068046334	-12.4711624560
19	1.2285143946	0.0068046334	-20.5563231793
20	0.0000000000	0.0068046334	-2.9957322736
21	2.4701298769	0.0068046334	-35.3240622278
22	3.0928807138	0.0068046334	-42.2825334703
23	1.2285143975	0.0068046334	-20.5563231793
24	0.0000000000	0.0068046334	-2.9957322736
25	0.0000000000	0.0068046334	-2.9957322736
26	0.0000000000	0.0068046334	-2.9957322736
27	0.0000000000	0.0068046334	-2.9957322736
28	0.0000000000	0.0068046334	-2.9957322736
29	0.0000000000	0.0068046334	-2.9957322736
30	0.6128409987	0.0068046334	-12.4713721414
31	0.0000000000	0.0068046334	-2.9957322736
32	0.6128410463	0.0068046334	-12.4713721414
33	0.0000000000	0.0068046334	-2.9957322736
34	1.8482574746	0.0068046334	-28.1116870277
35	2.4701280006	0.0068046334	-35.3240637028
36	0.6128409839	0.0068046334	-12.4713721414
37	1.8478568047	0.0068046334	-28.1123263569
38	1.2287775258	0.0068046334	-20.5559001417
39	1.2287770166	0.0068046334	-20.5559004992
40	3.7244488871	0.0068046334	-49.0260160680
41	2.4706692823	0.0068046334	-35.3232057487
42	4.3546067486	0.0068046334	-55.6044604437
43	1.8474552348	0.0068046334	-28.1129663645
44	1.2285143940	0.0068046334	-20.5563231793
45	1.8478568043	0.0068046334	-28.1123263580
46	1.8478557464	0.0068046334	-28.1123271755
47	0.0000000000	0.0068046334	-2.9957322736
48	0.6129702612	0.0068046334	-12.4711624560
49	0.6128410047	0.0068046334	-12.4713721414
50	1.8470549686	0.0068046334	-28.1136054127
51	0.0000000000	0.0068046334	-2.9957322736
52	0.0000000000	0.0068046334	-2.9957322736
53	0.0000000000	0.0068046334	-2.9957322736
54	0.0000000000	0.0068046334	-2.9957322736
55	0.6128410262	0.0068046334	-12.4713721414
56	1.2287768524	0.0068046334	-20.5559004992
57	0.0000000000	0.0068046334	-2.9957322736
58	0.6129703216	0.0068046334	-12.4711624560
59	1.8482572954	0.0068046334	-28.1116870267
60	0.6129703674	0.0068046334	-12.4711623680
61	0.0000000000	0.0068046334	-2.9957322736
62	1.2287775409	0.0068046334	-20.5559001417
63	0.0000000000	0.0068046334	-2.9957322736
64	0.6128409672	0.0068046334	-12.4713721414
65	2.4690425451	0.0068046334	-35.3257819933
66	0.0000000000	0.0068046334	-2.9957322736
67	1.2287769157	0.0068046334	-20.5559004992
68	1.2285143933	0.0068046334	-20.5563231793
69	0.0000000000	0.0068046334	-2.9957322736
70	2.4690424420	0.0068046334	-35.3257819959
71	3.0977008093	0.0068046334	-42.2749607080
72	1.2287769909	0.0068046334	-20.5559004992
73	0.0000000000	0.0068046334	-2.9957322736
74	3.0942649308	0.0068046334	-42.2803641906
75	0.6129702741	0.0068046334	-12.4711624560
76	0.6129703010	0.0068046334	-12.4711624560
77	0.0000000000	0.0068046334	-2.9957322736
78	1.2287774056	0.0068046334	-20.5559001417
79	1.8482573752	0.0068046334	-28.1116870277
80	0.6129703475	0.0068046334	-12.4711623680
81	0.0000000000	0.0068046334	-2.9957322736
82	1.8482585842	0.0068046334	-28.1116862087
83	0.6128409685	0.0068046334	-12.4713721414
84	1.8474563013	0.0068046334	-28.1129655463
85	0.6128409839	0.0068046334	-12.4713721414
86	1.8478568213	0.0068046334	-28.1123263556
87	1.2287768524	0.0068046334	-20.5559004992
88	0.6129703311	0.0068046334	-12.4711623680
89	0.6128410263	0.0068046334	-12.4713721414
90	0.6128409278	0.0068046334	-12.4713721414
91	0.6128409839	0.0068046334	-12.4713721414
92	0.0000000000	0.0068046334	-2.9957322736
93	0.0000000000	0.0068046334	-2.9957322736
94	0.0000000000	0.0068046334	-2.9957322736
95	0.0000000000	0.0068046334	-2.9957322736
96	0.6129702469	0.0068046334	-12.4711624560
97	0.6128409943	0.0068046334	-12.4713721414
98	2.4690425219	0.0068046334	-35.3257819959
99	0.0000000000	0.0068046334	-2.9957322736
100	0.0000000000	0.0068046334	-2.9957322736
101	0.0000000000	0.0068046334	-2.9957322736
102	1.8490524257	0.0068046334	-28.1104135513
103	3.7264639103	0.0068046334	-47.9240925116
104	1.2287775408	0.0068046334	-20.5559001417
105	0.6128410474	0.0068046334	-12.4713721414
106	0.0000000000	0.0068046334	-2.9957322736
107	0.6129703475	0.0068046334	-12.4711623680
108	1.8482564647	0.0068046334	-28.1116878456
109	3.0949574123	0.0068046334	-42.2792792389
110	1.2285143812	0.0068046334	-20.5563231793
111	0.0000000000	0.0068046334	-2.9957322736
112	1.2287774418	0.0068046334	-20.5559001417
113	1.2287771266	0.0068046334	-20.5559004992
114	0.0000000000	0.0068046334	-2.9957322736
115	1.2285144142	0.0068046334	-20.5563231793
116	3.7227698829	0.0068046334	-49.0286328738
117	1.2290397170	0.0068046334	-20.5554777277
118	0.0000000000	0.0068046334	-2.9957322736
119	2.4712921330	0.0068046334	-34.2235288880
120	1.2287775055	0.0068046334	-20.5559001414
121	0.6128409948	0.0068046334	-12.4713721414
122	0.6129702390	0.0068046334	-12.4711624560
123	1.2287768524	0.0068046334	-20.5559004992
124	1.2290402492	0.0068046334	-20.5554773697
