site	rate	t	lnL
1	6.2133659089	0.0006713010	-12.4711623680
2	0.0000000000	0.0006713010	-2.9957322736
3	0.0000000000	0.0006713010	-2.9957322736
4	6.2120543273	0.0006713010	-12.4713721414
5	0.0000000000	0.0006713010	-2.9957322736
6	0.0000000000	0.0006713010	-2.9957322736
7	0.0000000000	0.0006713010	-2.9957322736
8	0.0000000000	0.0006713010	-2.9957322736
9	0.0000000000	0.0006713010	-2.9957322736
10	0.0000000000	0.0006713010	-2.9957322736
11	0.0000000000	0.0006713010	-2.9957322736
12	0.0000000000	0.0006713010	-2.9957322736
13	0.0000000000	0.0006713010	-2.9957322736
14	0.0000000000	0.0006713010	-2.9957322736
15	0.0000000000	0.0006713010	-2.9957322736
16	0.0000000000	0.0006713010	-2.9957322736
17	0.0000000000	0.0006713010	-2.9957322736
18	0.0000000000	0.0006713010	-2.9957322736
19	6.2120545645	0.0006713010	-12.4713721414
20	0.0000000000	0.0006713010	-2.9957322736
21	0.0000000000	0.0006713010	-2.9957322736
22	0.0000000000	0.0006713010	-2.9957322736
23	0.0000000000	0.0006713010	-2.9957322736
24	0.0000000000	0.0006713010	-2.9957322736
25	0.0000000000	0.0006713010	-2.9957322736
26	0.0000000000	0.0006713010	-2.9957322736
27	6.2120545425	0.0006713010	-12.4713721414
28	0.0000000000	0.0006713010	-2.9957322736
29	0.0000000000	0.0006713010	-2.9957322736
30	0.0000000000	0.0006713010	-2.9957322736
31	6.2133656281	0.0006713010	-12.4711623680
32	0.0000000000	0.0006713010	-2.9957322736
33	0.0000000000	0.0006713010	-2.9957322736
34	0.0000000000	0.0006713010	-2.9957322736
35	0.0000000000	0.0006713010	-2.9957322736
36	0.0000000000	0.0006713010	-2.9957322736
37	0.0000000000	0.0006713010	-2.9957322736
38	12.4554827222	0.0006713010	-20.5559004992
39	0.0000000000	0.0006713010	-2.9957322736
40	0.0000000000	0.0006713010	-2.9957322736
41	0.0000000000	0.0006713010	-2.9957322736
42	0.0000000000	0.0006713010	-2.9957322736
43	0.0000000000	0.0006713010	-2.9957322736
44	0.0000000000	0.0006713010	-2.9957322736
45	0.0000000000	0.0006713010	-2.9957322736
46	0.0000000000	0.0006713010	-2.9957322736
47	0.0000000000	0.0006713010	-2.9957322736
48	0.0000000000	0.0006713010	-2.9957322736
49	0.0000000000	0.0006713010	-2.9957322736
50	0.0000000000	0.0006713010	-2.9957322736
51	0.0000000000	0.0006713010	-2.9957322736
52	0.0000000000	0.0006713010	-2.9957322736
53	0.0000000000	0.0006713010	-2.9957322736
54	0.0000000000	0.0006713010	-2.9957322736
55	0.0000000000	0.0006713010	-2.9957322736
56	0.0000000000	0.0006713010	-2.9957322736
57	0.0000000000	0.0006713010	-2.9957322736
58	0.0000000000	0.0006713010	-2.9957322736
59	6.2133657486	0.0006713010	-12.4711623680
60	0.0000000000	0.0006713010	-2.9957322736
61	0.0000000000	0.0006713010	-2.9957322736
62	0.0000000000	0.0006713010	-2.9957322736
63	0.0000000000	0.0006713010	-2.9957322736
64	0.0000000000	0.0006713010	-2.9957322736
65	0.0000000000	0.0006713010	-2.9957322736
66	0.0000000000	0.0006713010	-2.9957322736
67	0.0000000000	0.0006713010	-2.9957322736
68	6.2120546195	0.0006713010	-12.4713721414
69	6.2133658715	0.0006713010	-12.4711623680
70	0.0000000000	0.0006713010	-2.9957322736
71	0.0000000000	0.0006713010	-2.9957322736
72	0.0000000000	0.0006713010	-2.9957322736
73	0.0000000000	0.0006713010	-2.9957322736
74	0.0000000000	0.0006713010	-2.9957322736
75	6.2120546798	0.0006713010	-12.4713721414
76	0.0000000000	0.0006713010	-2.9957322736
77	0.0000000000	0.0006713010	-2.9957322736
78	0.0000000000	0.0006713010	-2.9957322736
79	0.0000000000	0.0006713010	-2.9957322736
80	0.0000000000	0.0006713010	-2.9957322736
81	0.0000000000	0.0006713010	-2.9957322736
82	0.0000000000	0.0006713010	-2.9957322736
83	0.0000000000	0.0006713010	-2.9957322736
84	0.0000000000	0.0006713010	-2.9957322736
85	0.0000000000	0.0006713010	-2.9957322736
86	0.0000000000	0.0006713010	-2.9957322736
87	0.0000000000	0.0006713010	-2.9957322736
88	0.0000000000	0.0006713010	-2.9957322736
89	0.0000000000	0.0006713010	-2.9957322736
90	0.0000000000	0.0006713010	-2.9957322736
91	0.0000000000	0.0006713010	-2.9957322736
92	0.0000000000	0.0006713010	-2.9957322736
93	0.0000000000	0.0006713010	-2.9957322736
94	0.0000000000	0.0006713010	-2.9957322736
95	0.0000000000	0.0006713010	-2.9957322736
96	0.0000000000	0.0006713010	-2.9957322736
97	6.2133648543	0.0006713010	-12.4711624560
98	0.0000000000	0.0006713010	-2.9957322736
99	0.0000000000	0.0006713010	-2.9957322736
100	0.0000000000	0.0006713010	-2.9957322736
101	0.0000000000	0.0006713010	-2.9957322736
102	6.2133648151	0.0006713010	-12.4711624560
103	0.0000000000	0.0006713010	-2.9957322736
104	6.2120544421	0.0006713010	-12.4713721414
105	0.0000000000	0.0006713010	-2.9957322736
106	6.2133657022	0.0006713010	-12.4711623680
107	0.0000000000	0.0006713010	-2.9957322736
108	0.0000000000	0.0006713010	-2.9957322736
109	0.0000000000	0.0006713010	-2.9957322736
110	6.2133657933	0.0006713010	-12.4711623680
111	0.0000000000	0.0006713010	-2.9957322736
112	6.2120545953	0.0006713010	-12.4713721414
113	0.0000000000	0.0006713010	-2.9957322736
114	0.0000000000	0.0006713010	-2.9957322736
115	0.0000000000	0.0006713010	-2.9957322736
116	6.2120545548	0.0006713010	-12.4713721414
117	0.0000000000	0.0006713010	-2.9957322736
118	6.2133648267	0.0006713010	-12.4711624560
119	0.0000000000	0.0006713010	-2.9957322736
120	0.0000000000	0.0006713010	-2.9957322736
121	6.2120552691	0.0006713010	-12.4713721414
122	0.0000000000	0.0006713010	-2.9957322736
123	0.0000000000	0.0006713010	-2.9957322736
124	0.0000000000	0.0006713010	-2.9957322736
