site	rate	t	lnL
1	1.3494526212	0.0061961252	-20.5559004992
2	0.0000000000	0.0061961252	-2.9957322736
3	2.7121178257	0.0061961252	-35.3249229446
4	1.3494524918	0.0061961252	-20.5559004992
5	0.0000000000	0.0061961252	-2.9957322736
6	0.6730267127	0.0061961252	-12.4713721414
7	0.0000000000	0.0061961252	-2.9957322736
8	0.0000000000	0.0061961252	-2.9957322736
9	0.6731687277	0.0061961252	-12.4711624560
10	2.7115219177	0.0061961252	-35.3257819933
11	0.0000000000	0.0061961252	-2.9957322736
12	4.0883802332	0.0061961252	-49.0286294495
13	1.3497416788	0.0061961252	-20.5554773700
14	0.0000000000	0.0061961252	-2.9957322736
15	0.0000000000	0.0061961252	-2.9957322736
16	0.6730267787	0.0061961252	-12.4713721414
17	3.3973858491	0.0061961252	-42.2814489529
18	2.0284503116	0.0061961252	-28.1136054127
19	2.0288899277	0.0061961252	-28.1129663645
20	0.0000000000	0.0061961252	-2.9957322736
21	1.3494539945	0.0061961252	-20.5558994299
22	0.6730267962	0.0061961252	-12.4713721414
23	0.0000000000	0.0061961252	-2.9957322736
24	0.0000000000	0.0061961252	-2.9957322736
25	2.7145894528	0.0061961252	-34.2226690390
26	0.0000000000	0.0061961252	-2.9957322736
27	0.0000000000	0.0061961252	-2.9957322736
28	0.0000000000	0.0061961252	-2.9957322736
29	0.6730268232	0.0061961252	-12.4713721414
30	0.0000000000	0.0061961252	-2.9957322736
31	0.6730267977	0.0061961252	-12.4713721414
32	0.0000000000	0.0061961252	-2.9957322736
33	0.0000000000	0.0061961252	-2.9957322736
34	0.6730267902	0.0061961252	-12.4713721414
35	1.3497422689	0.0061961252	-20.5554770117
36	0.6730267972	0.0061961252	-12.4713721414
37	3.4012209842	0.0061961252	-41.1772109520
38	0.6730268044	0.0061961252	-12.4713721414
39	1.3497416746	0.0061961252	-20.5554773700
40	2.0288932842	0.0061961252	-28.1129639248
41	0.6731688597	0.0061961252	-12.4711624560
42	1.3494531004	0.0061961252	-20.5559001417
43	1.3497412783	0.0061961252	-20.5554777277
44	0.6731687795	0.0061961252	-12.4711624560
45	3.3989000156	0.0061961252	-42.2792838756
46	0.0000000000	0.0061961252	-2.9957322736
47	2.0284502669	0.0061961252	-28.1136054127
48	1.3491641072	0.0061961252	-20.5563231793
49	4.0874612658	0.0061961252	-49.0299357899
50	0.6731688468	0.0061961252	-12.4711623680
51	0.0000000000	0.0061961252	-2.9957322736
52	0.6731688626	0.0061961252	-12.4711623680
53	0.6731687748	0.0061961252	-12.4711624560
54	1.3497418663	0.0061961252	-20.5554773700
55	0.0000000000	0.0061961252	-2.9957322736
56	1.3494525083	0.0061961252	-20.5559004992
57	0.0000000000	0.0061961252	-2.9957322736
58	2.0293308664	0.0061961252	-28.1123263580
59	0.0000000000	0.0061961252	-2.9957322736
60	0.0000000000	0.0061961252	-2.9957322736
61	0.0000000000	0.0061961252	-2.9957322736
62	1.3491641107	0.0061961252	-20.5563231793
63	1.3494530917	0.0061961252	-20.5559001413
64	1.3497416522	0.0061961252	-20.5554773697
65	1.3494525037	0.0061961252	-20.5559004992
66	0.6730267894	0.0061961252	-12.4713721414
67	0.0000000000	0.0061961252	-2.9957322736
68	0.6731687820	0.0061961252	-12.4711624560
69	0.6730267620	0.0061961252	-12.4713721414
70	2.0288898987	0.0061961252	-28.1129663632
71	0.6731687827	0.0061961252	-12.4711623680
72	0.0000000000	0.0061961252	-2.9957322736
73	0.0000000000	0.0061961252	-2.9957322736
74	0.0000000000	0.0061961252	-2.9957322736
75	3.3973986881	0.0061961252	-42.2814396917
76	2.0293308689	0.0061961252	-28.1123263569
77	0.0000000000	0.0061961252	-2.9957322736
78	1.3497416744	0.0061961252	-20.5554773694
79	2.0306438858	0.0061961252	-28.1104135523
80	2.7138907508	0.0061961252	-35.3223567269
81	0.0000000000	0.0061961252	-2.9957322736
82	0.6731687671	0.0061961252	-12.4711624560
83	2.7121157652	0.0061961252	-35.3249244209
84	1.3497422694	0.0061961252	-20.5554770121
85	1.3494525286	0.0061961252	-20.5559004992
86	0.6731688469	0.0061961252	-12.4711623680
87	0.6730267990	0.0061961252	-12.4713721414
88	0.6731687563	0.0061961252	-12.4711623680
89	0.0000000000	0.0061961252	-2.9957322736
90	0.6731688108	0.0061961252	-12.4711623680
91	0.0000000000	0.0061961252	-2.9957322736
92	0.0000000000	0.0061961252	-2.9957322736
93	0.0000000000	0.0061961252	-2.9957322736
94	0.6730267787	0.0061961252	-12.4713721414
95	3.3973824541	0.0061961252	-42.2814513019
96	2.7121220407	0.0061961252	-35.3249200201
97	1.3494533174	0.0061961252	-20.5559001414
98	1.3497416790	0.0061961252	-20.5554773697
99	1.3494526090	0.0061961252	-20.5559004992
100	0.0000000000	0.0061961252	-2.9957322736
101	0.0000000000	0.0061961252	-2.9957322736
102	0.6731688728	0.0061961252	-12.4711623680
103	4.7789711224	0.0061961252	-55.6090862018
104	0.0000000000	0.0061961252	-2.9957322736
105	0.6731687277	0.0061961252	-12.4711624560
106	1.3497420313	0.0061961252	-20.5554770121
107	0.6731687908	0.0061961252	-12.4711624560
108	0.0000000000	0.0061961252	-2.9957322736
109	0.0000000000	0.0061961252	-2.9957322736
110	2.0288897969	0.0061961252	-28.1129663645
111	0.0000000000	0.0061961252	-2.9957322736
112	0.6731687625	0.0061961252	-12.4711624560
113	0.6731688109	0.0061961252	-12.4711623680
114	0.0000000000	0.0061961252	-2.9957322736
115	2.0288899131	0.0061961252	-28.1129663645
116	1.3494524639	0.0061961252	-20.5559004992
117	2.7115220341	0.0061961252	-35.3257819959
118	0.6731687480	0.0061961252	-12.4711624560
119	0.6731687276	0.0061961252	-12.4711624560
120	0.6730268169	0.0061961252	-12.4713721414
121	0.6730267994	0.0061961252	-12.4713721414
122	0.0000000000	0.0061961252	-2.9957322736
123	0.6731688683	0.0061961252	-12.4711623680
124	1.3494525667	0.0061961252	-20.5559004992
