site	rate	t	lnL
1	1.9339632724	0.0578250868	-155.5951784227
2	0.1445977480	0.0578250868	-20.5559004992
3	1.2037498579	0.0578250868	-105.3304264348
4	1.5185516624	0.0578250868	-128.3346813905
5	0.0000000000	0.0578250868	-2.9957322736
6	1.7622422515	0.0578250868	-145.3276048256
7	0.4378828408	0.0578250868	-49.0312553570
8	0.2905471864	0.0578250868	-35.3257834721
9	1.1251645968	0.0578250868	-102.8566109235
10	1.2807207291	0.0578250868	-115.2234000815
11	1.0509835659	0.0578250868	-94.7124728841
12	1.7667606790	0.0578250868	-141.5173276109
13	1.8508751281	0.0578250868	-144.3627005994
14	0.4393068842	0.0578250868	-45.8338856451
15	0.3642023223	0.0578250868	-42.2792815295
16	1.2812968155	0.0578250868	-114.1160160037
17	1.7686935662	0.0578250868	-142.7645904614
18	0.5130649106	0.0578250868	-53.3984825390
19	1.6838611010	0.0578250868	-137.9596318758
20	0.0000000000	0.0578250868	-2.9957322736
21	1.5183412667	0.0578250868	-131.6386881717
22	0.7386532198	0.0578250868	-73.4009054968
23	0.2906110444	0.0578250868	-35.3249244240
24	0.2908123558	0.0578250868	-34.2235274065
25	1.0448934894	0.0578250868	-97.1570526919
26	0.2174106570	0.0578250868	-28.1129655489
27	0.5121989203	0.0578250868	-55.6075392284
28	0.0000000000	0.0578250868	-2.9957322736
29	0.0000000000	0.0578250868	-2.9957322736
30	0.2173543117	0.0578250868	-28.1136054127
31	1.6150589601	0.0578250868	-135.6857610962
32	0.2908123563	0.0578250868	-34.2235274065
33	0.2174014045	0.0578250868	-28.1129663645
34	1.7627666679	0.0578250868	-143.9351680406
35	1.2829343861	0.0578250868	-113.4034885189
36	1.8460351595	0.0578250868	-149.4063724448
37	1.7632675707	0.0578250868	-146.4180823054
38	1.8535622322	0.0578250868	-146.8318304500
39	1.4408829501	0.0578250868	-125.0993946963
40	1.7682895803	0.0578250868	-143.9904028943
41	1.3583880825	0.0578250868	-119.6678594562
42	1.9355032813	0.0578250868	-155.5821228658
43	0.9687752297	0.0578250868	-91.3344524496
44	1.8472773354	0.0578250868	-148.8199660268
45	1.6039281729	0.0578250868	-132.6488563066
46	1.9314771760	0.0578250868	-151.5505260394
47	0.7380852777	0.0578250868	-74.5072704473
48	0.5874534140	0.0578250868	-62.0283788562
49	0.5873152552	0.0578250868	-62.0301663067
50	0.5125511684	0.0578250868	-54.5040544190
51	0.0000000000	0.0578250868	-2.9957322736
52	0.7380709764	0.0578250868	-73.4083911108
53	0.3641208077	0.0578250868	-42.2803665408
54	0.8900250153	0.0578250868	-85.8745014755
55	0.2174015396	0.0578250868	-28.1129655471
56	0.5123173457	0.0578250868	-55.6059918161
57	0.0721389528	0.0578250868	-12.4711624607
58	1.0447653398	0.0578250868	-97.1589263001
59	2.1853619399	0.0578250868	-171.1919804946
60	1.2013127515	0.0578250868	-108.5413640685
61	0.0000000000	0.0578250868	-2.9957322736
62	1.2780872645	0.0578250868	-112.7684010923
63	0.2908978276	0.0578250868	-34.2223797340
64	1.5990497670	0.0578250868	-135.8879840861
65	1.6834232546	0.0578250868	-140.0479723853
66	1.3611791888	0.0578250868	-116.1653066352
67	1.2022651805	0.0578250868	-106.3302754880
68	1.2804982050	0.0578250868	-115.2247773589
69	1.3588569623	0.0578250868	-118.5636125489
70	1.4411523153	0.0578250868	-121.9139036280
71	1.3635857347	0.0578250868	-116.4244268842
72	1.0484015593	0.0578250868	-95.0324620049
73	0.0000000000	0.0578250868	-2.9957322736
74	2.5725792776	0.0578250868	-190.8596880393
75	1.1233272498	0.0578250868	-102.8796413773
76	1.1250464688	0.0578250868	-101.7587716143
77	0.0000000000	0.0578250868	-2.9957322736
78	1.2819738728	0.0578250868	-113.0086237157
79	1.6820583715	0.0578250868	-140.0649376344
80	0.2905471987	0.0578250868	-35.3257834690
81	0.7377337725	0.0578250868	-74.5117758543
82	1.5242046363	0.0578250868	-129.0793411311
83	1.6787121341	0.0578250868	-142.3048996653
84	0.2175421778	0.0578250868	-28.1110531647
85	1.2003388108	0.0578250868	-107.5715846176
86	0.8910051766	0.0578250868	-84.3567542961
87	1.6846565773	0.0578250868	-136.8500947144
88	0.5867885094	0.0578250868	-61.3439935168
89	0.0721167648	0.0578250868	-12.4713721414
90	1.2795613337	0.0578250868	-112.3446989135
91	0.0721167700	0.0578250868	-12.4713721414
92	0.8146094551	0.0578250868	-79.4766629693
93	0.6621864233	0.0578250868	-68.3309455678
94	0.0721237327	0.0578250868	-12.4713721460
95	0.1445977538	0.0578250868	-20.5559004992
96	1.5183332312	0.0578250868	-129.8454530530
97	2.0958418015	0.0578250868	-165.8218502215
98	0.8918797093	0.0578250868	-85.4447929518
99	1.3647774858	0.0578250868	-118.8967398931
100	0.1446035009	0.0578250868	-20.5559001432
101	0.0721319771	0.0578250868	-12.4711624560
102	1.8507595640	0.0578250868	-148.2507785927
103	2.5350745411	0.0578250868	-189.2812985228
104	0.0721389541	0.0578250868	-12.4711623727
105	1.5311014431	0.0578250868	-126.1028052070
106	1.5217947429	0.0578250868	-128.4135987844
107	0.2908123678	0.0578250868	-34.2235274090
108	2.3629528598	0.0578250868	-177.3069171440
109	1.6016553166	0.0578250868	-134.0655155949
110	1.2774264764	0.0578250868	-115.2635828479
111	0.0000000000	0.0578250868	-2.9957322736
112	1.2048665790	0.0578250868	-107.3984518734
113	1.3590809325	0.0578250868	-118.5594150928
114	0.2176151018	0.0578250868	-27.0114140703
115	1.7678482156	0.0578250868	-145.2607649507
116	1.8447062226	0.0578250868	-150.5224300733
117	0.8899151350	0.0578250868	-85.8758793601
118	1.9340195971	0.0578250868	-153.1371232210
119	0.8136923278	0.0578250868	-80.5873282090
120	1.4445059058	0.0578250868	-125.0556139616
121	0.0721237387	0.0578250868	-12.4713721461
122	0.1445725424	0.0578250868	-20.5563231808
123	1.6846842130	0.0578250868	-136.9837241587
124	1.7656640878	0.0578250868	-144.3057976865
