site	rate	t	lnL
1	3.1726793621	0.3596321019	-378.6697436679
2	0.5425230828	0.3596321019	-218.4691615685
3	2.1955951443	0.3596321019	-368.6032107856
4	2.0001041654	0.3596321019	-362.7650882551
5	0.1562503950	0.3596321019	-89.2152433012
6	2.1760614351	0.3596321019	-373.5343540144
7	0.5878363565	0.3596321019	-232.0210022162
8	0.5284499025	0.3596321019	-215.3885208965
9	2.4865729016	0.3596321019	-374.5651959163
10	1.6417854992	0.3596321019	-361.6972428642
11	0.4922011176	0.3596321019	-211.9329254147
12	1.9303096758	0.3596321019	-364.3492591090
13	1.2502660944	0.3596321019	-337.1116494744
14	0.7407713317	0.3596321019	-267.1760421342
15	0.3834047655	0.3596321019	-177.0602463360
16	1.8077177805	0.3596321019	-369.0192022290
17	1.4520104083	0.3596321019	-352.2692490039
18	1.2370133811	0.3596321019	-335.3355538626
19	2.1156059710	0.3596321019	-370.5551969385
20	0.5125302244	0.3596321019	-211.5684750357
21	1.1879736677	0.3596321019	-331.5647323444
22	1.4667217800	0.3596321019	-360.4841902730
23	0.7762500982	0.3596321019	-269.8317151167
24	0.1065713332	0.3596321019	-68.3229605753
25	1.9944124935	0.3596321019	-368.1856891248
26	0.2188440865	0.3596321019	-116.4538703047
27	0.4678953769	0.3596321019	-203.4197940771
28	0.0000000000	0.3596321019	-2.9957322736
29	0.2310149844	0.3596321019	-125.1477922755
30	0.6258130921	0.3596321019	-246.8587843467
31	1.8177152734	0.3596321019	-358.4948575635
32	0.7515685822	0.3596321019	-273.0483458581
33	0.5441090381	0.3596321019	-229.5927389025
34	1.3887014534	0.3596321019	-346.8653626402
35	1.0231415748	0.3596321019	-310.8984020493
36	3.3901788379	0.3596321019	-381.1839342225
37	0.7163994725	0.3596321019	-265.9013902381
38	2.3187794790	0.3596321019	-369.7472286267
39	2.9835874742	0.3596321019	-378.2772845526
40	0.9848293990	0.3596321019	-310.0778046170
41	1.9516427474	0.3596321019	-372.3731603225
42	3.4115892238	0.3596321019	-380.5287623852
43	1.4943540658	0.3596321019	-352.8516520017
44	2.4107227680	0.3596321019	-374.6245904854
45	1.8830652900	0.3596321019	-366.3685318456
46	0.4797181003	0.3596321019	-206.4578615678
47	0.6405791909	0.3596321019	-246.7801744455
48	1.6342026705	0.3596321019	-352.1688650740
49	0.9299324107	0.3596321019	-301.9877525703
50	0.7298744777	0.3596321019	-271.0444467788
51	0.0115998722	0.3596321019	-12.4713722085
52	0.4631099079	0.3596321019	-203.7655947314
53	0.7137690902	0.3596321019	-261.2477725602
54	1.0631204611	0.3596321019	-317.0781109685
55	0.4518874893	0.3596321019	-200.6053926437
56	1.4660494828	0.3596321019	-352.6402466563
57	0.0704069045	0.3596321019	-49.0312587893
58	1.3377211214	0.3596321019	-337.5781096069
59	1.7588635537	0.3596321019	-358.8575772593
60	0.7251902383	0.3596321019	-263.8627052315
61	0.0823989624	0.3596321019	-54.5055954934
62	2.0994388543	0.3596321019	-370.4623449137
63	0.7407407545	0.3596321019	-261.7184280542
64	0.9505710174	0.3596321019	-299.7899337149
65	1.6688180535	0.3596321019	-360.1801193815
66	0.6769811944	0.3596321019	-254.9436422372
67	2.4091653799	0.3596321019	-371.0457650291
68	1.2029388670	0.3596321019	-328.6450042571
69	1.7359174591	0.3596321019	-356.0213722914
70	1.5953182497	0.3596321019	-355.1458731729
71	1.0835928653	0.3596321019	-316.6839916314
72	1.6300209288	0.3596321019	-357.2581107549
73	0.0704768228	0.3596321019	-49.0260425700
74	0.5094824138	0.3596321019	-211.6236245339
75	1.0576129237	0.3596321019	-319.9684959730
76	2.0768514689	0.3596321019	-370.1191330706
77	0.0232448383	0.3596321019	-20.5563231793
78	2.5845059455	0.3596321019	-375.8239060477
79	2.6452914647	0.3596321019	-374.4896915485
80	0.6065856893	0.3596321019	-235.6193970439
81	1.0314573517	0.3596321019	-319.5429123645
82	2.2750207614	0.3596321019	-368.5094480895
83	2.4591848671	0.3596321019	-370.5112641535
84	0.4955206236	0.3596321019	-205.4605705010
85	0.4215638111	0.3596321019	-190.3540838873
86	1.1528478817	0.3596321019	-328.8617404097
87	1.7828922701	0.3596321019	-365.6554887764
88	1.0522325498	0.3596321019	-312.9024528634
89	0.3953639607	0.3596321019	-178.6940137398
90	3.0591201103	0.3596321019	-379.1668524147
91	0.0704533082	0.3596321019	-49.0273863722
92	0.7337254382	0.3596321019	-266.2583544370
93	1.5074925998	0.3596321019	-360.9122650000
94	0.5129062821	0.3596321019	-214.7529840830
95	0.7516638981	0.3596321019	-273.7805066496
96	2.0352750122	0.3596321019	-365.4784573870
97	1.6565939460	0.3596321019	-359.4913662675
98	1.0402711812	0.3596321019	-316.5999883551
99	1.9840841089	0.3596321019	-365.5594921554
100	0.3273024403	0.3596321019	-158.6897711356
101	0.3781281225	0.3596321019	-176.4843528876
102	2.2538131490	0.3596321019	-373.6092194562
103	1.3804071004	0.3596321019	-351.0935621906
104	0.5423333241	0.3596321019	-224.8429849867
105	1.9483951036	0.3596321019	-368.3921396731
106	1.6696346081	0.3596321019	-358.4262369789
107	0.6995236832	0.3596321019	-261.3141305083
108	2.5793415679	0.3596321019	-374.9619899565
109	2.5453580946	0.3596321019	-374.7675334432
110	2.0981857999	0.3596321019	-364.5538458338
111	0.0000000000	0.3596321019	-2.9957322736
112	2.0703060619	0.3596321019	-368.8497601760
113	1.8650963638	0.3596321019	-362.5464510695
114	0.7923508724	0.3596321019	-274.0253938202
115	1.7993189837	0.3596321019	-368.0944594188
116	3.5140004634	0.3596321019	-380.7354669918
117	1.7185874658	0.3596321019	-362.2891829390
118	1.3453310524	0.3596321019	-340.8675635357
119	1.4861629810	0.3596321019	-362.3343916282
120	2.2930615962	0.3596321019	-376.6299815203
121	0.7912045950	0.3596321019	-270.8169536012
122	0.3796723009	0.3596321019	-176.2231472161
123	2.3217722746	0.3596321019	-373.0659034626
124	2.7093363185	0.3596321019	-374.5510213251
