site	rate	t	lnL
1	1.6553669321	0.0590598872	-134.5780812881
2	0.1415745918	0.0590598872	-20.5559001417
3	1.8918557851	0.0590598872	-154.5170003065
4	1.7333729234	0.0590598872	-145.2336884323
5	0.2130034732	0.0590598872	-27.0122684269
6	1.5712592658	0.0590598872	-133.6211098893
7	0.2845352620	0.0590598872	-35.3249229471
8	0.3565075813	0.0590598872	-42.2803688796
9	1.2601358228	0.0590598872	-114.0461343809
10	1.8069207248	0.0590598872	-148.4294651543
11	0.5014918410	0.0590598872	-55.6075273666
12	1.8869772211	0.0590598872	-153.3041081839
13	1.0995639177	0.0590598872	-102.8831255410
14	0.3563488196	0.0590598872	-42.2825334703
15	0.3564281636	0.0590598872	-42.2814513019
16	1.4940645610	0.0590598872	-127.2250924497
17	1.0215957304	0.0590598872	-98.2751275872
18	1.7233860203	0.0590598872	-145.0676862705
19	1.5684358982	0.0590598872	-131.9786935242
20	0.0706157979	0.0590598872	-12.4713721460
21	0.7968727656	0.0590598872	-80.5848302660
22	0.5745069023	0.0590598872	-62.0372308484
23	1.0216140520	0.0590598872	-97.5818575508
24	0.0000000000	0.0590598872	-2.9957322736
25	1.8969581673	0.0590598872	-152.3748409763
26	0.6487926607	0.0590598872	-68.3249542468
27	0.0706089772	0.0590598872	-12.4713721414
28	0.0000000000	0.0590598872	-2.9957322736
29	0.5024338369	0.0590598872	-53.5150435398
30	0.4293153690	0.0590598872	-47.9245287212
31	1.5660952131	0.0590598872	-134.7823088208
32	1.0981709447	0.0590598872	-104.0003952703
33	0.1415442951	0.0590598872	-20.5563231793
34	1.3310204153	0.0590598872	-118.5550636353
35	0.7219665671	0.0590598872	-74.5162720800
36	1.0233343853	0.0590598872	-96.0539496227
37	1.2552888548	0.0590598872	-113.4126163392
38	2.2382784944	0.0590598872	-170.5532449180
39	1.8103248504	0.0590598872	-147.2886549429
40	0.5013776640	0.0590598872	-55.6090627987
41	1.9700152130	0.0590598872	-160.7641943254
42	1.1759216263	0.0590598872	-105.2100669657
43	1.9775762876	0.0590598872	-154.1823621339
44	1.5627842104	0.0590598872	-133.7209025062
45	0.5753523582	0.0590598872	-60.9270913434
46	0.0706306896	0.0590598872	-12.4711624607
47	0.0706089815	0.0590598872	-12.4713721414
48	0.9492754180	0.0590598872	-91.3246375762
49	0.5752599617	0.0590598872	-60.9282979360
50	0.5018359814	0.0590598872	-55.6029100489
51	0.0000000000	0.0590598872	-2.9957322736
52	0.5747790346	0.0590598872	-62.0336467152
53	1.4117838150	0.0590598872	-121.7859016121
54	0.9552344632	0.0590598872	-90.1458061881
55	0.5747771334	0.0590598872	-62.0336593548
56	1.2592960746	0.0590598872	-109.8933667056
57	0.2129475496	0.0590598872	-28.1116937809
58	1.1805993109	0.0590598872	-109.5854021261
59	1.4102804776	0.0590598872	-120.9557220563
60	0.4294452601	0.0590598872	-47.9227777388
61	0.0000000000	0.0590598872	-2.9957322736
62	1.0218315706	0.0590598872	-98.2720051887
63	0.7228086854	0.0590598872	-73.4061581515
64	1.7310731741	0.0590598872	-142.1969087741
65	1.6517448663	0.0590598872	-139.0232966174
66	0.5749033205	0.0590598872	-62.0319345733
67	1.7484406542	0.0590598872	-142.8419054722
68	1.1779546234	0.0590598872	-107.4198962422
69	1.4864557596	0.0590598872	-130.9475855469
70	1.2534967856	0.0590598872	-113.0290986609
71	0.9469589679	0.0590598872	-91.7608448215
72	1.4081033452	0.0590598872	-125.1316535252
73	0.0000000000	0.0590598872	-2.9957322736
74	0.6486339584	0.0590598872	-67.2280716975
75	0.2845982659	0.0590598872	-35.3240607452
76	1.4887766909	0.0590598872	-128.3113742890
77	0.0706238833	0.0590598872	-12.4711623680
78	1.7288102232	0.0590598872	-145.2883254260
79	1.4112480335	0.0590598872	-122.8925166374
80	0.2847842965	0.0590598872	-35.3214941379
81	0.9455530116	0.0590598872	-92.4719754476
82	2.1268539284	0.0590598872	-169.8265766079
83	2.3138063755	0.0590598872	-178.4066197922
84	0.9500667349	0.0590598872	-91.3140907909
85	1.1784824513	0.0590598872	-108.5126427628
86	0.5018299734	0.0590598872	-55.6029510927
87	1.1001712359	0.0590598872	-102.8757964061
88	1.5751680503	0.0590598872	-136.8734193478
89	0.7224515369	0.0590598872	-73.4107527309
90	1.4850967362	0.0590598872	-129.4556697851
91	0.2130260203	0.0590598872	-26.7242968109
92	0.9467431438	0.0590598872	-92.4568728922
93	1.2538893963	0.0590598872	-112.7371150326
94	0.2130652996	0.0590598872	-27.0114140703
95	0.5754407511	0.0590598872	-62.0248120473
96	1.7346356634	0.0590598872	-142.0975201890
97	2.1313025667	0.0590598872	-167.5708949170
98	0.5751706774	0.0590598872	-62.0283821208
99	1.3310652626	0.0590598872	-119.6547440944
100	0.1416103993	0.0590598872	-20.5554777292
101	0.1416103965	0.0590598872	-20.5554777292
102	0.9473491276	0.0590598872	-91.3494308244
103	1.2528064431	0.0590598872	-112.0558053394
104	0.0706089815	0.0590598872	-12.4713721414
105	1.8188842085	0.0590598872	-144.0335917282
106	1.1817797059	0.0590598872	-108.4724837092
107	0.0706089837	0.0590598872	-12.4713721414
108	2.0588975812	0.0590598872	-163.2512656078
109	1.9016311946	0.0590598872	-151.9142979273
110	1.1800801963	0.0590598872	-103.4022323586
111	0.0000000000	0.0590598872	-2.9957322736
112	1.6484855200	0.0590598872	-138.0965699332
113	1.7336943090	0.0590598872	-144.3329665036
114	1.3356217359	0.0590598872	-118.4966393154
115	1.0223756427	0.0590598872	-98.2653023356
116	1.7350378297	0.0590598872	-145.2151854917
117	1.4942813588	0.0590598872	-130.4434719845
118	0.4293148649	0.0590598872	-47.9245321648
119	0.9469223115	0.0590598872	-92.4542345064
120	1.4201405648	0.0590598872	-117.7870733357
121	1.6476670350	0.0590598872	-137.8534302983
122	0.8712293691	0.0590598872	-85.4705098845
123	1.3348085306	0.0590598872	-117.4114596105
124	2.0574934244	0.0590598872	-162.5751085909
