site	rate	t	lnL
1	1.3518782415	0.0616165830	-125.1038527478
2	0.1357292046	0.0616165830	-20.5554773700
3	1.8334331265	0.0616165830	-149.3926956214
4	0.9825078964	0.0616165830	-93.9511621498
5	0.0000000000	0.0616165830	-2.9957322736
6	1.3519462914	0.0616165830	-123.7156569763
7	0.4110311239	0.0616165830	-49.0299459860
8	0.4117062418	0.0616165830	-46.9406762117
9	2.0928937261	0.0616165830	-167.0466822616
10	1.8132426811	0.0616165830	-152.5516220323
11	0.2040240184	0.0616165830	-28.1129655473
12	1.9682804522	0.0616165830	-163.6030379934
13	1.0555859707	0.0616165830	-99.8145369597
14	1.2740707845	0.0616165830	-119.6768654815
15	0.3417909536	0.0616165830	-42.2792862155
16	1.5046832820	0.0616165830	-133.7626463819
17	0.4812728381	0.0616165830	-54.5004330882
18	0.2729173893	0.0616165830	-34.2235288880
19	1.4242561881	0.0616165830	-129.4458849514
20	0.9085039662	0.0616165830	-91.3433395721
21	0.3421712336	0.0616165830	-42.2738768085
22	1.5799579863	0.0616165830	-139.0643994015
23	0.9078546139	0.0616165830	-89.6775831200
24	0.1357001684	0.0616165830	-20.5559001417
25	0.9798842300	0.0616165830	-97.1666478672
26	0.1357001137	0.0616165830	-20.5559004992
27	0.2727888371	0.0616165830	-35.3240637054
28	0.0000000000	0.0616165830	-2.9957322736
29	0.2040685854	0.0616165830	-28.1123239172
30	0.9065443446	0.0616165830	-92.4689696264
31	1.5015964238	0.0616165830	-133.7941260107
32	1.5842562458	0.0616165830	-137.9130444950
33	0.0676934307	0.0616165830	-12.4711623680
34	1.0574044110	0.0616165830	-102.8392535870
35	2.1310832660	0.0616165830	-173.3807122667
36	0.8351618924	0.0616165830	-86.5689871567
37	0.6226531290	0.0616165830	-66.1162325041
38	1.8082236410	0.0616165830	-153.8865272403
39	1.5929208634	0.0616165830	-137.7897101656
40	1.3571204598	0.0616165830	-126.1339305833
41	0.6938346977	0.0616165830	-72.2931080126
42	2.0512667212	0.0616165830	-170.4972611907
43	0.9803908158	0.0616165830	-96.4668890522
44	1.2002952259	0.0616165830	-113.1626290151
45	1.0542024710	0.0616165830	-100.5111239972
46	1.6496110144	0.0616165830	-146.4813774648
47	0.9819837399	0.0616165830	-94.9398991656
48	0.7636301069	0.0616165830	-80.5872787129
49	0.2726088582	0.0616165830	-35.3266423273
50	0.9787333394	0.0616165830	-97.5883575100
51	0.0000000000	0.0616165830	-2.9957322736
52	0.2041129527	0.0616165830	-28.1116837744
53	1.8117044574	0.0616165830	-154.5386052504
54	0.8367178989	0.0616165830	-84.4671303938
55	1.5747860870	0.0616165830	-140.2296296588
56	0.9100353381	0.0616165830	-89.1239890794
57	0.0000000000	0.0616165830	-2.9957322736
58	1.8118617615	0.0616165830	-150.0520510117
59	1.3509156551	0.0616165830	-122.9152802949
60	0.1357001630	0.0616165830	-20.5559001417
61	0.5515678775	0.0616165830	-60.2327353849
62	0.6939706342	0.0616165830	-73.3900292745
63	1.4282056280	0.0616165830	-128.7034187617
64	0.6217221707	0.0616165830	-67.2280552590
65	1.2758356958	0.0616165830	-117.3845532804
66	1.6490762063	0.0616165830	-146.4875902967
67	1.5075169860	0.0616165830	-132.7532487747
68	0.9105222700	0.0616165830	-89.1177385728
69	1.2004889067	0.0616165830	-114.1414926167
70	1.5204343294	0.0616165830	-131.4848213275
71	1.3532789848	0.0616165830	-123.9873150661
72	0.8378351350	0.0616165830	-83.3529134623
73	0.0676934308	0.0616165830	-12.4711623680
74	0.0676791555	0.0616165830	-12.4713721414
75	2.2228270983	0.0616165830	-178.0670129448
76	1.8337554831	0.0616165830	-154.2476142188
77	0.0000000000	0.0616165830	-2.9957322736
78	1.3511504786	0.0616165830	-121.8122144308
79	2.4920500186	0.0616165830	-186.3818085375
80	0.2040240260	0.0616165830	-28.1129655473
81	0.5513908160	0.0616165830	-60.9282946779
82	1.2780445306	0.0616165830	-117.2266091458
83	1.3566783166	0.0616165830	-125.0412690940
84	0.2040239059	0.0616165830	-28.1129663645
85	0.5507973710	0.0616165830	-62.0354498365
86	1.6553291425	0.0616165830	-143.9212915441
87	1.4270170472	0.0616165830	-128.0239742357
88	0.6938191373	0.0616165830	-72.4112704263
89	0.0676999516	0.0616165830	-12.4711624606
90	0.9814525335	0.0616165830	-96.0463201186
91	0.0676856614	0.0616165830	-12.4713721460
92	0.6921749731	0.0616165830	-74.5140159885
93	0.8392373177	0.0616165830	-84.3150021859
94	1.4270377203	0.0616165830	-129.4120524655
95	0.6217378559	0.0616165830	-68.3268820758
96	1.6576285574	0.0616165830	-146.3795192611
97	1.6622616288	0.0616165830	-146.3235310461
98	0.8369463983	0.0616165830	-86.5446468769
99	1.6560240021	0.0616165830	-144.2001671370
100	2.0488748248	0.0616165830	-167.4984036928
101	0.2040240262	0.0616165830	-28.1129655463
102	1.5820766241	0.0616165830	-138.9174617151
103	1.2034708538	0.0616165830	-111.6163752616
104	0.4109382492	0.0616165830	-49.0312553591
105	0.4806817559	0.0616165830	-55.6075369125
106	1.6608612156	0.0616165830	-145.2439416985
107	0.1357054096	0.0616165830	-20.5559005007
108	0.9076505508	0.0616165830	-92.4541029253
109	1.2782299120	0.0616165830	-116.5756951745
110	0.7643422098	0.0616165830	-79.4784543606
111	0.0000000000	0.0616165830	-2.9957322736
112	1.7370427601	0.0616165830	-147.3845223741
113	1.5013438581	0.0616165830	-133.7973269646
114	1.4238944771	0.0616165830	-130.5514957185
115	2.1379319333	0.0616165830	-174.5630506823
116	1.5080906300	0.0616165830	-131.5117936074
117	1.5007885962	0.0616165830	-135.8870762874
118	0.6931286017	0.0616165830	-72.3028059724
119	0.9837037743	0.0616165830	-96.0162519209
120	1.2791632851	0.0616165830	-118.5111926617
121	1.1274108053	0.0616165830	-107.4432338731
122	0.0000000000	0.0616165830	-2.9957322736
123	2.3715846303	0.0616165830	-188.2630301317
124	2.1588458976	0.0616165830	-170.8455777081
