site	rate	t	lnL
1	2.8037798474	0.0059935595	-35.3249229446
2	0.0000000000	0.0059935595	-2.9957322736
3	0.6957732106	0.0059935595	-12.4713721414
4	0.6959199787	0.0059935595	-12.4711623680
5	0.0000000000	0.0059935595	-2.9957322736
6	0.6957732106	0.0059935595	-12.4713721414
7	0.6959200272	0.0059935595	-12.4711623680
8	2.0974607617	0.0059935595	-28.1129663632
9	0.6957732106	0.0059935595	-12.4713721414
10	3.5137700818	0.0059935595	-42.2792862155
11	0.0000000000	0.0059935595	-2.9957322736
12	0.0000000000	0.0059935595	-2.9957322736
13	1.3950608830	0.0059935595	-20.5559001417
14	0.0000000000	0.0059935595	-2.9957322736
15	0.0000000000	0.0059935595	-2.9957322736
16	1.3950603124	0.0059935595	-20.5559004992
17	2.0979166417	0.0059935595	-28.1123263569
18	1.3953589709	0.0059935595	-20.5554773697
19	0.6957732352	0.0059935595	-12.4713721414
20	0.0000000000	0.0059935595	-2.9957322736
21	0.0000000000	0.0059935595	-2.9957322736
22	0.0000000000	0.0059935595	-2.9957322736
23	0.0000000000	0.0059935595	-2.9957322736
24	0.0000000000	0.0059935595	-2.9957322736
25	1.3947621614	0.0059935595	-20.5563231793
26	1.3953595822	0.0059935595	-20.5554770124
27	0.0000000000	0.0059935595	-2.9957322736
28	0.0000000000	0.0059935595	-2.9957322736
29	0.0000000000	0.0059935595	-2.9957322736
30	0.0000000000	0.0059935595	-2.9957322736
31	4.2303369459	0.0059935595	-49.0234176444
32	1.3953591989	0.0059935595	-20.5554773697
33	0.0000000000	0.0059935595	-2.9957322736
34	2.0970062657	0.0059935595	-28.1136054127
35	0.6959200803	0.0059935595	-12.4711623680
36	1.3950609442	0.0059935595	-20.5559001417
37	0.6959200205	0.0059935595	-12.4711624560
38	1.3950603405	0.0059935595	-20.5559004992
39	0.6959201265	0.0059935595	-12.4711623680
40	0.0000000000	0.0059935595	-2.9957322736
41	2.0979154484	0.0059935595	-28.1123271755
42	2.8031638002	0.0059935595	-35.3257819959
43	2.8050127681	0.0059935595	-35.3232042705
44	1.3950608638	0.0059935595	-20.5559001414
45	0.6959201124	0.0059935595	-12.4711623680
46	1.3950603341	0.0059935595	-20.5559004992
47	0.6959200802	0.0059935595	-12.4711623680
48	0.6959200234	0.0059935595	-12.4711624560
49	2.0974609665	0.0059935595	-28.1129663645
50	2.0979177801	0.0059935595	-28.1123255404
51	0.0000000000	0.0059935595	-2.9957322736
52	0.6959201047	0.0059935595	-12.4711623680
53	0.6957732316	0.0059935595	-12.4713721414
54	0.6959201065	0.0059935595	-12.4711623680
55	0.6957732326	0.0059935595	-12.4713721414
56	2.0979166361	0.0059935595	-28.1123263569
57	0.0000000000	0.0059935595	-2.9957322736
58	0.0000000000	0.0059935595	-2.9957322736
59	2.8031616746	0.0059935595	-35.3257834721
60	0.0000000000	0.0059935595	-2.9957322736
61	0.0000000000	0.0059935595	-2.9957322736
62	0.6957732106	0.0059935595	-12.4713721414
63	1.3950608561	0.0059935595	-20.5559001417
64	0.0000000000	0.0059935595	-2.9957322736
65	2.0979165760	0.0059935595	-28.1123263569
66	0.0000000000	0.0059935595	-2.9957322736
67	0.0000000000	0.0059935595	-2.9957322736
68	3.5161119085	0.0059935595	-42.2760432833
69	0.0000000000	0.0059935595	-2.9957322736
70	0.6957732106	0.0059935595	-12.4713721414
71	0.6959199287	0.0059935595	-12.4711624560
72	2.0979177307	0.0059935595	-28.1123255404
73	0.0000000000	0.0059935595	-2.9957322736
74	0.6959199742	0.0059935595	-12.4711624560
75	0.0000000000	0.0059935595	-2.9957322736
76	1.3950603583	0.0059935595	-20.5559004992
77	0.0000000000	0.0059935595	-2.9957322736
78	2.8043961797	0.0059935595	-35.3240637054
79	3.5122080339	0.0059935595	-42.2814489580
80	1.3950602629	0.0059935595	-20.5559004992
81	0.0000000000	0.0059935595	-2.9957322736
82	0.6957732106	0.0059935595	-12.4713721414
83	2.8051008524	0.0059935595	-34.2243885437
84	2.0974619279	0.0059935595	-28.1129655463
85	0.0000000000	0.0059935595	-2.9957322736
86	1.3947621970	0.0059935595	-20.5563231793
87	0.6959201080	0.0059935595	-12.4711623680
88	1.3950608846	0.0059935595	-20.5559001417
89	0.6959200803	0.0059935595	-12.4711623680
90	1.3953594053	0.0059935595	-20.5554770121
91	0.0000000000	0.0059935595	-2.9957322736
92	0.6957732106	0.0059935595	-12.4713721414
93	2.8056154675	0.0059935595	-35.3223547004
94	0.6959201243	0.0059935595	-12.4711623680
95	0.0000000000	0.0059935595	-2.9957322736
96	2.0979166100	0.0059935595	-28.1123263569
97	0.6959200092	0.0059935595	-12.4711624560
98	0.6959200802	0.0059935595	-12.4711623680
99	0.6959199833	0.0059935595	-12.4711624560
100	0.0000000000	0.0059935595	-2.9957322736
101	0.0000000000	0.0059935595	-2.9957322736
102	2.0974619239	0.0059935595	-28.1129655463
103	0.6957731225	0.0059935595	-12.4713721414
104	0.0000000000	0.0059935595	-2.9957322736
105	2.8031616805	0.0059935595	-35.3257834721
106	1.3953591917	0.0059935595	-20.5554773697
107	2.0974619177	0.0059935595	-28.1129655463
108	1.3950603575	0.0059935595	-20.5559004992
109	2.0983738252	0.0059935595	-28.1116853908
110	2.0983738337	0.0059935595	-28.1116853906
111	0.0000000000	0.0059935595	-2.9957322736
112	0.6959199809	0.0059935595	-12.4711624560
113	0.0000000000	0.0059935595	-2.9957322736
114	0.6957732706	0.0059935595	-12.4713721414
115	0.0000000000	0.0059935595	-2.9957322736
116	2.0970063368	0.0059935595	-28.1136054127
117	0.0000000000	0.0059935595	-2.9957322736
118	0.0000000000	0.0059935595	-2.9957322736
119	0.6959199583	0.0059935595	-12.4711624560
120	1.3950608634	0.0059935595	-20.5559001417
121	0.0000000000	0.0059935595	-2.9957322736
122	0.6959200803	0.0059935595	-12.4711623680
123	1.3950605510	0.0059935595	-20.5559001414
124	2.8043983609	0.0059935595	-35.3240622196
