site	rate	t	lnL
1	1.6246395838	0.0607438244	-2208.2914347468
2	0.4695036276	0.0607438244	-813.1345501131
3	1.4784206907	0.0607438244	-2073.7534487198
4	1.5481144075	0.0607438244	-2135.6987253703
5	0.2739368080	0.0607438244	-507.9456642154
6	1.2379500108	0.0607438244	-1801.5103949101
7	0.2953341482	0.0607438244	-547.2080109125
8	1.2363587848	0.0607438244	-1800.1097858697
9	1.1173840962	0.0607438244	-1665.5722558592
10	1.4780193449	0.0607438244	-2088.7046904534
11	0.4037248337	0.0607438244	-722.3716950843
12	1.5098309548	0.0607438244	-2091.5351786752
13	1.1179863336	0.0607438244	-1668.4902975960
14	0.3647042772	0.0607438244	-661.1416375524
15	0.5099763450	0.0607438244	-863.4558482192
16	1.6070363351	0.0607438244	-2203.9146082031
17	0.6867863559	0.0607438244	-1115.9544019585
18	1.4166123946	0.0607438244	-2019.5045643389
19	1.8823445155	0.0607438244	-2489.2328407368
20	0.4786013094	0.0607438244	-824.1151687412
21	1.1628509261	0.0607438244	-1717.2975029977
22	1.3718911655	0.0607438244	-1940.8225127868
23	0.3907871762	0.0607438244	-700.7159943791
24	0.0764106696	0.0607438244	-171.6300685547
25	1.7649921598	0.0607438244	-2373.9302966971
26	0.9380780920	0.0607438244	-1448.6478865492
27	0.3646295746	0.0607438244	-662.9502103941
28	0.0042345090	0.0607438244	-15.2570696944
29	0.1105013809	0.0607438244	-236.2954075290
30	0.7400029635	0.0607438244	-1190.3354586282
31	1.6479217549	0.0607438244	-2233.1563451158
32	0.7492142935	0.0607438244	-1200.3512506037
33	0.4691993301	0.0607438244	-824.6325977547
34	0.7400855597	0.0607438244	-1187.1379906467
35	0.6285049578	0.0607438244	-1037.1663674868
36	1.4258930071	0.0607438244	-2020.4293329923
37	0.8301797638	0.0607438244	-1307.7507925612
38	1.9160662510	0.0607438244	-2513.6729482073
39	1.5865450239	0.0607438244	-2188.0941399615
40	0.7591630020	0.0607438244	-1214.6053596517
41	1.6878112473	0.0607438244	-2279.0795697066
42	1.5356362156	0.0607438244	-2132.6657741753
43	1.3948107895	0.0607438244	-1983.1595599530
44	1.3974861963	0.0607438244	-1990.2253131673
45	1.2388246404	0.0607438244	-1796.5357328253
46	0.1704276681	0.0607438244	-338.8958657193
47	0.6635137854	0.0607438244	-1097.4832320066
48	1.1370607241	0.0607438244	-1677.9479390413
49	0.8476476332	0.0607438244	-1332.2118032712
50	1.0663963941	0.0607438244	-1608.8273738245
51	0.0000000000	0.0607438244	-2.9957322736
52	0.2822409251	0.0607438244	-530.3446263846
53	0.4828682435	0.0607438244	-825.9771310715
54	1.0972795363	0.0607438244	-1635.3900554764
55	0.3473182800	0.0607438244	-633.7526396769
56	1.6421623657	0.0607438244	-2255.3797070122
57	0.1918047877	0.0607438244	-383.1742471576
58	1.2955472870	0.0607438244	-1867.5919490843
59	1.2387484141	0.0607438244	-1807.0654494976
60	0.2693058137	0.0607438244	-507.8338364573
61	0.0084701818	0.0607438244	-26.1318168755
62	1.7232456139	0.0607438244	-2313.9139777728
63	0.2090433048	0.0607438244	-408.0702393555
64	1.4067702998	0.0607438244	-1997.7617333688
65	1.3640709094	0.0607438244	-1953.8693518411
66	1.0169174588	0.0607438244	-1549.6003494131
67	1.4266178203	0.0607438244	-2010.3685101823
68	0.3560297329	0.0607438244	-640.2320972119
69	1.7396156737	0.0607438244	-2343.1652631785
70	1.2204560503	0.0607438244	-1791.7242502629
71	1.2239174489	0.0607438244	-1789.9208496427
72	1.1454057590	0.0607438244	-1705.8974368363
73	0.4298261432	0.0607438244	-764.7062847064
74	1.7125819094	0.0607438244	-2303.7632284444
75	0.5315025630	0.0607438244	-900.0498595160
76	1.4176783987	0.0607438244	-2001.4258653413
77	0.0423993535	0.0607438244	-101.8776816044
78	1.4897720649	0.0607438244	-2075.9181977113
79	1.4219547967	0.0607438244	-2009.3759148688
80	0.2996320305	0.0607438244	-556.8170744007
81	0.9306947556	0.0607438244	-1431.3163314677
82	1.5429680275	0.0607438244	-2143.3222748402
83	1.5002370601	0.0607438244	-2091.6163926937
84	0.4653081747	0.0607438244	-806.9557091586
85	1.1224488164	0.0607438244	-1652.0671893826
86	1.6188511580	0.0607438244	-2218.1749628043
87	1.3692523875	0.0607438244	-1958.1023117338
88	0.8382963159	0.0607438244	-1324.6676776571
89	0.3168797921	0.0607438244	-585.7861498277
90	1.7190922292	0.0607438244	-2298.1838090363
91	0.0339111609	0.0607438244	-84.4428135915
92	0.4693103422	0.0607438244	-818.6718994252
93	1.8921092029	0.0607438244	-2494.2902255845
94	0.3212345899	0.0607438244	-591.0516173438
95	0.6328462155	0.0607438244	-1054.3297670769
96	1.6813599630	0.0607438244	-2287.3037231211
97	1.6280834719	0.0607438244	-2235.1567506827
98	0.5444704347	0.0607438244	-920.7077388110
99	1.3220058477	0.0607438244	-1899.9953547333
100	0.1875684985	0.0607438244	-370.3329620286
101	0.1575341926	0.0607438244	-318.4368829148
102	1.5848020775	0.0607438244	-2188.9334112065
103	1.3733654824	0.0607438244	-1962.0538940100
104	0.7844059297	0.0607438244	-1247.1739682515
105	1.8231143509	0.0607438244	-2427.6151066344
106	1.3462053259	0.0607438244	-1927.7224570091
107	0.3780179873	0.0607438244	-678.2287391476
108	1.6884693974	0.0607438244	-2293.6263064994
109	1.2565182337	0.0607438244	-1823.8308522940
110	1.4004116791	0.0607438244	-1976.0462940024
111	0.0042344746	0.0607438244	-15.2570568290
112	1.7579150949	0.0607438244	-2364.7266858621
113	1.4332218530	0.0607438244	-2009.7068566106
114	1.6287470494	0.0607438244	-2240.4033344623
115	1.7731616576	0.0607438244	-2368.4646411460
116	1.3195094192	0.0607438244	-1900.0543491287
117	1.6402242757	0.0607438244	-2243.8260503452
118	0.5620450567	0.0607438244	-948.3873005803
119	1.0076531547	0.0607438244	-1526.3182898343
120	1.4910733763	0.0607438244	-2073.5775309636
121	1.4088934072	0.0607438244	-1993.5254713962
122	0.0764284418	0.0607438244	-169.4297438741
123	1.5994644187	0.0607438244	-2194.4652909549
124	1.4366338006	0.0607438244	-2033.1747976845
