site	rate	t	lnL
1	1.3494730400	0.0061275037	-284.3142318002
2	0.1679819285	0.0061275037	-46.4942317719
3	1.9440311264	0.0061275037	-390.6035296554
4	1.9867529846	0.0061275037	-396.9098699132
5	0.0419776475	0.0061275037	-15.2570568286
6	1.2646852714	0.0061275037	-268.6781068332
7	0.9264370558	0.0061275037	-204.6753776067
8	0.3361718244	0.0061275037	-84.4428135702
9	1.6888680305	0.0061275037	-345.6723990406
10	1.3495085170	0.0061275037	-284.3133954419
11	0.1679840948	0.0061275037	-46.4941802305
12	1.2648616346	0.0061275037	-267.5753374261
13	0.9686095957	0.0061275037	-212.8189163075
14	1.7740100015	0.0061275037	-360.7411738793
15	0.4203232325	0.0061275037	-102.5707000348
16	1.0532064786	0.0061275037	-228.9714478744
17	1.0109071151	0.0061275037	-220.9160355738
18	0.7152888514	0.0061275037	-163.2357135224
19	1.5191486029	0.0061275037	-315.2164105966
20	0.1259767459	0.0061275037	-36.4829812615
21	0.8841884108	0.0061275037	-196.4881677307
22	1.7740109954	0.0061275037	-360.7411621832
23	1.2225153124	0.0061275037	-260.8053360252
24	0.1679862382	0.0061275037	-46.4941286938
25	0.6731611294	0.0061275037	-154.7809587287
26	0.3782519641	0.0061275037	-93.5623172309
27	0.1679862575	0.0061275037	-46.4941286991
28	0.0000000000	0.0061275037	-2.9957322736
29	0.0000000000	0.0061275037	-2.9957322736
30	1.3070627544	0.0061275037	-276.5126753403
31	1.9867173094	0.0061275037	-396.9106975975
32	0.7575022823	0.0061275037	-171.6296012105
33	0.7997414030	0.0061275037	-179.9673080083
34	1.5190481051	0.0061275037	-315.2187634879
35	1.1377881262	0.0061275037	-244.9642163484
36	0.9264127454	0.0061275037	-204.6759502118
37	0.5045442070	0.0061275037	-120.2942747904
38	0.8419200481	0.0061275037	-188.2537996927
39	1.0955239083	0.0061275037	-235.8878135271
40	1.3918616093	0.0061275037	-292.0850468401
41	1.3072007150	0.0061275037	-276.5094362010
42	1.9865529159	0.0061275037	-398.0131806502
43	1.1801995266	0.0061275037	-251.8028785616
44	1.8163653969	0.0061275037	-368.2446144107
45	1.3494728890	0.0061275037	-284.3142324989
46	0.1259702287	0.0061275037	-36.4830198931
47	0.2941010144	0.0061275037	-75.1977759089
48	1.0110001514	0.0061275037	-220.9138483181
49	1.2647852452	0.0061275037	-268.6757593144
50	0.2940934120	0.0061275037	-75.1979565805
51	0.0000000000	0.0061275037	-2.9957322736
52	0.3782501750	0.0061275037	-92.4637452541
53	2.1572107343	0.0061275037	-427.4301537184
54	3.4426420768	0.0061275037	-635.9600221164
55	0.8418870521	0.0061275037	-188.2545784113
56	0.7996996447	0.0061275037	-179.9682942749
57	0.0419834725	0.0061275037	-15.2570697057
58	0.5888253287	0.0061275037	-137.6815851470
59	1.5190927175	0.0061275037	-314.1190806256
60	0.6309493757	0.0061275037	-146.2656600137
61	0.0000000000	0.0061275037	-2.9957322736
62	0.6731347406	0.0061275037	-154.7815812568
63	1.3918618892	0.0061275037	-292.0850439018
64	1.2648228858	0.0061275037	-267.5762485858
65	1.1800974404	0.0061275037	-252.9039075366
66	1.5615299069	0.0061275037	-322.8713679754
67	1.4767426785	0.0061275037	-306.4356242520
68	1.0955199252	0.0061275037	-236.9865276095
69	0.9686224321	0.0061275037	-212.8186170277
70	2.1145849792	0.0061275037	-418.7190970310
71	0.5045508043	0.0061275037	-120.2941196233
72	1.7314236413	0.0061275037	-351.8330265458
73	0.0839671976	0.0061275037	-26.1318168755
74	1.2225309165	0.0061275037	-260.8049607188
75	1.7739394365	0.0061275037	-360.7428238491
76	1.1801532961	0.0061275037	-251.8039706198
77	0.0000000000	0.0061275037	-2.9957322736
78	1.2225730285	0.0061275037	-259.7053522907
79	1.6891599484	0.0061275037	-342.3696566386
80	0.2100098813	0.0061275037	-56.2523985704
81	0.8841652876	0.0061275037	-196.4887130498
82	1.8592012867	0.0061275037	-374.6149439320
83	2.0292257197	0.0061275037	-404.2993815806
84	0.2941048186	0.0061275037	-75.1976855876
85	0.3782535135	0.0061275037	-92.4636677404
86	1.6465385889	0.0061275037	-336.9965481274
87	1.2647852133	0.0061275037	-268.6757586996
88	0.5045836546	0.0061275037	-120.2933436351
89	0.4203449676	0.0061275037	-102.5701830539
90	1.3918617618	0.0061275037	-292.0850453909
91	0.0419771072	0.0061275037	-15.2570696942
92	0.7575022213	0.0061275037	-171.6296012106
93	1.1377584363	0.0061275037	-244.9649180323
94	0.2940971047	0.0061275037	-75.1978662453
95	0.4203450140	0.0061275037	-102.5701830205
96	1.5191081173	0.0061275037	-315.2173543257
97	1.7314309038	0.0061275037	-353.2191694922
98	0.5466886354	0.0061275037	-129.0263322751
99	0.7574625941	0.0061275037	-171.6305356684
100	0.0000000000	0.0061275037	-2.9957322736
101	0.1259718260	0.0061275037	-36.4829812592
102	1.1803122769	0.0061275037	-250.7016028575
103	1.4767774435	0.0061275037	-307.5334478570
104	0.1679840811	0.0061275037	-46.4941802358
105	1.3918615611	0.0061275037	-292.0850475915
106	1.2224188468	0.0061275037	-260.8076052327
107	0.1679863145	0.0061275037	-46.4941286938
108	1.0954915745	0.0061275037	-236.9872023723
109	1.4765621561	0.0061275037	-307.5384865317
110	2.2423520401	0.0061275037	-440.9251601507
111	0.0000000000	0.0061275037	-2.9957322736
112	1.6465968075	0.0061275037	-336.9951859800
113	0.9686480262	0.0061275037	-212.8180166735
114	0.4624512428	0.0061275037	-111.4775847591
115	0.9263884128	0.0061275037	-204.6765226401
116	1.5616129174	0.0061275037	-322.8694284499
117	1.0954769992	0.0061275037	-236.9875421471
118	0.5466815089	0.0061275037	-129.0265007371
119	1.6463663102	0.0061275037	-338.0992163668
120	1.9867499940	0.0061275037	-395.1181457809
121	1.7740000583	0.0061275037	-359.6427696891
122	0.1679840952	0.0061275037	-46.4941802305
123	1.3918435375	0.0061275037	-292.0854759171
124	1.6039258177	0.0061275037	-329.4003266387
