site	rate	t	lnL
1	1.6717198138	0.0586647902	-2217.4332518271
2	0.4590232257	0.0586647902	-777.8625281521
3	1.5510159264	0.0586647902	-2093.7175569594
4	1.2443485544	0.0586647902	-1767.8012673618
5	0.4273442880	0.0586647902	-730.7508943304
6	1.8490471818	0.0586647902	-2390.7027031466
7	0.6056494879	0.0586647902	-980.3746891318
8	1.4823248710	0.0586647902	-2013.3670162326
9	1.5302976289	0.0586647902	-2067.3950375780
10	1.5889232322	0.0586647902	-2130.7919059211
11	0.3191318489	0.0586647902	-574.3138418156
12	1.5709566748	0.0586647902	-2111.7171752119
13	1.0619131073	0.0586647902	-1552.2295029543
14	0.3506578734	0.0586647902	-618.0749569583
15	0.4228063117	0.0586647902	-724.6046711292
16	1.2023619030	0.0586647902	-1711.8830423103
17	1.5176880799	0.0586647902	-2055.7110157975
18	1.7709613050	0.0586647902	-2320.5017339222
19	1.1521199623	0.0586647902	-1661.3145917133
20	0.1011872792	0.0586647902	-209.5193189612
21	0.6009057047	0.0586647902	-974.0093818703
22	0.7532230566	0.0586647902	-1168.8360797895
23	1.2437996634	0.0586647902	-1761.7413646669
24	0.1100217159	0.0586647902	-227.8710029022
25	1.2925542938	0.0586647902	-1809.6487676092
26	0.1453956075	0.0586647902	-290.9827196880
27	1.0239782036	0.0586647902	-1503.2458044875
28	0.0043844817	0.0586647902	-15.2570696942
29	0.0967691136	0.0586647902	-203.5760124283
30	0.7808278378	0.0586647902	-1214.9853397242
31	1.4232196999	0.0586647902	-1961.3888656012
32	0.5725515403	0.0586647902	-938.1247473462
33	0.1100068225	0.0586647902	-228.9714480879
34	1.4776982950	0.0586647902	-2015.5633223625
35	1.3398256057	0.0586647902	-1869.6272379033
36	1.3501814948	0.0586647902	-1881.9142163360
37	1.6145507744	0.0586647902	-2162.4222176364
38	1.6109912281	0.0586647902	-2151.1873520677
39	1.4835200210	0.0586647902	-2017.2877351750
40	1.6758806316	0.0586647902	-2210.3344636180
41	0.8925707183	0.0586647902	-1340.5102312143
42	1.8276190239	0.0586647902	-2363.3859890339
43	1.4977993496	0.0586647902	-2041.2281993868
44	1.2529098668	0.0586647902	-1769.8081725335
45	0.7796713705	0.0586647902	-1212.5534425088
46	1.3612788850	0.0586647902	-1898.9178547437
47	0.2520857475	0.0586647902	-468.4831385248
48	1.2394924693	0.0586647902	-1761.3845562905
49	0.7846427229	0.0586647902	-1207.3247106212
50	1.6681929785	0.0586647902	-2199.7976530208
51	0.0043844875	0.0586647902	-15.2570696942
52	0.5089235889	0.0586647902	-852.5685438437
53	0.5088405078	0.0586647902	-851.1313374264
54	0.3596153056	0.0586647902	-635.9525824391
55	0.4729016539	0.0586647902	-800.1458080905
56	1.1427223398	0.0586647902	-1653.5585180781
57	0.0791261244	0.0586647902	-170.5297496969
58	1.0468895611	0.0586647902	-1543.5883984338
59	1.8151792377	0.0586647902	-2357.6326742429
60	0.2164136591	0.0586647902	-410.9691395705
61	0.1365370493	0.0586647902	-273.7366731015
62	1.6395554117	0.0586647902	-2190.8121602968
63	0.1897263749	0.0586647902	-367.1441633558
64	1.6259963464	0.0586647902	-2170.1545043837
65	1.4195742139	0.0586647902	-1962.7179948542
66	0.8817326317	0.0586647902	-1345.4687109042
67	1.8000413456	0.0586647902	-2339.9050036739
68	0.4817254888	0.0586647902	-805.3340560451
69	1.6295616361	0.0586647902	-2182.5775322941
70	1.4736838026	0.0586647902	-2014.4102110446
71	1.0519781410	0.0586647902	-1548.2660499552
72	1.2377514206	0.0586647902	-1765.6657130087
73	0.0307182852	0.0586647902	-75.1978662616
74	0.3641878638	0.0586647902	-639.5943098214
75	0.8175790029	0.0586647902	-1254.9359948583
76	1.5373612464	0.0586647902	-2074.5240672929
77	0.0395076791	0.0586647902	-93.5624335006
78	1.6779829667	0.0586647902	-2210.1451506202
79	1.6636980134	0.0586647902	-2189.0358834770
80	1.3223903435	0.0586647902	-1858.7091262056
81	1.1775263067	0.0586647902	-1684.7326171709
82	1.5112468729	0.0586647902	-2060.0233016488
83	1.5472145797	0.0586647902	-2081.5217437675
84	0.8499679274	0.0586647902	-1293.2387455588
85	1.2098440003	0.0586647902	-1722.0135537568
86	1.1916346150	0.0586647902	-1701.7809636900
87	1.5822991894	0.0586647902	-2122.8161295907
88	0.4860749954	0.0586647902	-820.8767352793
89	0.6139141188	0.0586647902	-999.4551535835
90	1.5755976392	0.0586647902	-2120.0441934188
91	0.0703155911	0.0586647902	-153.6829043956
92	0.8543123598	0.0586647902	-1306.5023848383
93	1.4217263814	0.0586647902	-1956.7689280280
94	0.4047059252	0.0586647902	-701.6833652358
95	0.6505146421	0.0586647902	-1043.7731112948
96	1.2935276877	0.0586647902	-1816.2712395897
97	1.4721387813	0.0586647902	-2005.5941352849
98	0.6375212326	0.0586647902	-1021.1915602571
99	1.9510503619	0.0586647902	-2500.1164640957
100	0.0879471968	0.0586647902	-188.2517306321
101	0.1764509088	0.0586647902	-340.5736186408
102	1.7387551202	0.0586647902	-2291.5260291211
103	0.6967102534	0.0586647902	-1101.3531074721
104	0.2253898164	0.0586647902	-419.2820957697
105	1.6151535605	0.0586647902	-2162.5640535673
106	1.0576835012	0.0586647902	-1544.8221345353
107	0.2699173309	0.0586647902	-497.8492000278
108	1.6812536613	0.0586647902	-2216.7428412403
109	1.4149842181	0.0586647902	-1946.2704634945
110	1.2536254797	0.0586647902	-1782.4883415611
111	0.0043846040	0.0586647902	-15.2570568287
112	1.6388134991	0.0586647902	-2176.2034969235
113	1.5620120399	0.0586647902	-2109.9621899463
114	0.4997140738	0.0586647902	-833.7979167386
115	1.2965172595	0.0586647902	-1832.9325988119
116	1.7184011005	0.0586647902	-2258.5791552718
117	1.6624673878	0.0586647902	-2189.2460932865
118	1.4081705410	0.0586647902	-1945.0147634443
119	0.7103936332	0.0586647902	-1118.9524016874
120	1.3610974233	0.0586647902	-1888.2394778011
121	0.1764082586	0.0586647902	-345.6708316815
122	0.1986375571	0.0586647902	-379.2950610696
123	1.6642190777	0.0586647902	-2210.4998786909
124	1.7225199808	0.0586647902	-2267.6147781055
