site	rate	t	lnL
1	1.8098072419	0.0062948491	-374.6141772013
2	1.7682555473	0.0062948491	-367.1417139084
3	0.9017964040	0.0062948491	-204.6756639112
4	1.3549670158	0.0062948491	-292.0824585170
5	0.1226197927	0.0062948491	-36.4830585324
6	1.1075409810	0.0062948491	-244.9642141424
7	0.4091650447	0.0062948491	-102.5703121764
8	0.3272418342	0.0062948491	-83.3440303808
9	0.9017492601	0.0062948491	-204.6768076238
10	0.9839941962	0.0062948491	-220.9169702300
11	0.2453501856	0.0062948491	-65.8089138295
12	1.7681144791	0.0062948491	-367.1450976117
13	2.0166369608	0.0062948491	-412.7664227327
14	1.4374838576	0.0062948491	-306.4356267885
15	1.7681016151	0.0062948491	-368.2440521885
16	0.8195165643	0.0062948491	-188.2543189759
17	1.7267801200	0.0062948491	-360.7428238568
18	0.8194950409	0.0062948491	-188.2548390551
19	1.7267341169	0.0062948491	-360.7439257529
20	1.8511398397	0.0062948491	-382.0691693150
21	0.6142449846	0.0062948491	-145.1653674517
22	1.3962634453	0.0062948491	-299.8221461693
23	0.0817398809	0.0062948491	-26.1318168791
24	0.5321621108	0.0062948491	-129.0261641502
25	1.3961899381	0.0062948491	-299.8239197028
26	2.9738026055	0.0062948491	-577.1553420720
27	0.3681867077	0.0062948491	-93.5625497147
28	0.0408673788	0.0062948491	-15.2570697057
29	0.0408678864	0.0062948491	-15.2570568405
30	0.3272390619	0.0062948491	-84.4427103147
31	1.6027464740	0.0062948491	-338.0956517767
32	1.7681063719	0.0062948491	-367.1452894882
33	0.1635204412	0.0062948491	-46.4941286778
34	1.3136671043	0.0062948491	-284.3125633978
35	0.3681962267	0.0062948491	-93.5623174599
36	1.0663545016	0.0062948491	-236.9875407743
37	0.4091597013	0.0062948491	-102.5704415310
38	1.0665082561	0.0062948491	-236.9838194827
39	1.4373084321	0.0062948491	-307.5384869524
40	1.6027683174	0.0062948491	-338.0951340619
41	0.5321551787	0.0062948491	-129.0263324447
42	1.8512693708	0.0062948491	-380.9674323138
43	1.3136842583	0.0062948491	-284.3121441543
44	0.6963005191	0.0062948491	-163.2350522403
45	0.6141759733	0.0062948491	-146.2656599382
46	0.2453533618	0.0062948491	-65.8088364726
47	0.2862824861	0.0062948491	-75.1977758926
48	0.9841941116	0.0062948491	-217.7340528357
49	2.8075073429	0.0062948491	-546.9712784922
50	0.5731867229	0.0062948491	-137.6812224790
51	0.0000000000	0.0062948491	-2.9957322736
52	0.2862898833	0.0062948491	-75.1975952652
53	0.3272349016	0.0062948491	-84.4428135702
54	0.3681914770	0.0062948491	-93.5624335547
55	0.4091719494	0.0062948491	-101.4715296838
56	0.3681771336	0.0062948491	-93.5627822466
57	0.1226182583	0.0062948491	-36.4830971653
58	0.7784298367	0.0062948491	-179.9685411206
59	1.5612194620	0.0062948491	-330.5005691960
60	0.4911311917	0.0062948491	-120.2942748386
61	0.0408673719	0.0062948491	-15.2570697057
62	0.5731717123	0.0062948491	-137.6815850811
63	0.1226197722	0.0062948491	-36.4830585295
64	1.7683470159	0.0062948491	-366.0408774158
65	1.4787040946	0.0062948491	-315.2178224491
66	1.2312101904	0.0062948491	-268.6745856898
67	1.5613027365	0.0062948491	-330.4985736461
68	1.9750908996	0.0062948491	-405.4025666405
69	2.2242060485	0.0062948491	-448.1928804248
70	1.1898741115	0.0062948491	-260.8087402612
71	1.6852671241	0.0062948491	-353.2223960669
72	0.9840071865	0.0062948491	-220.9166585563
73	0.0408673741	0.0062948491	-15.2570697057
74	0.2862824861	0.0062948491	-75.1977758926
75	1.6853841685	0.0062948491	-352.1209464498
76	1.1899367891	0.0062948491	-260.8072292440
77	0.1226213757	0.0062948491	-36.4830198961
78	1.2724369874	0.0062948491	-275.4111116870
79	1.6857322046	0.0062948491	-351.0139480746
80	2.6401971688	0.0062948491	-520.9709421276
81	1.0251268858	0.0062948491	-228.2802514210
82	1.4374224360	0.0062948491	-307.5357422879
83	1.3961343672	0.0062948491	-299.8252536337
84	0.6552227514	0.0062948491	-154.7819954595
85	0.7784806666	0.0062948491	-179.9673077117
86	0.7373932492	0.0062948491	-171.6289013648
87	1.4786645332	0.0062948491	-315.2187652532
88	1.6853114546	0.0062948491	-353.2213267225
89	0.2453501846	0.0062948491	-65.8089138414
90	1.3135978860	0.0062948491	-284.3142321500
91	0.1226274723	0.0062948491	-36.4830585354
92	0.9017845187	0.0062948491	-204.6759500477
93	1.3550743851	0.0062948491	-292.0798749255
94	0.4091438159	0.0062948491	-102.5708291839
95	0.4501630202	0.0062948491	-111.4774420787
96	0.9017846815	0.0062948491	-204.6759493946
97	1.1075550560	0.0062948491	-244.9638648795
98	0.2453501457	0.0062948491	-65.8089138534
99	1.7269839929	0.0062948491	-357.6933388878
100	0.1635183196	0.0062948491	-46.4941802305
101	0.9840976707	0.0062948491	-220.9144727142
102	1.3549535547	0.0062948491	-290.9841544723
103	0.9017253131	0.0062948491	-204.6773810089
104	0.4911438984	0.0062948491	-120.2939642613
105	1.6439485143	0.0062948491	-345.6729227817
106	0.7373739831	0.0062948491	-171.6293679157
107	0.0408678974	0.0062948491	-15.2570568405
108	0.7784399733	0.0062948491	-179.9682947617
109	2.0999123744	0.0062948491	-425.2316633682
110	1.6026840671	0.0062948491	-337.4040205480
111	0.0000000000	0.0062948491	-2.9957322736
112	1.8924008802	0.0062948491	-390.6023183912
113	1.4787043201	0.0062948491	-315.2178206893
114	0.5321966725	0.0062948491	-129.0253232365
115	0.9018466440	0.0062948491	-203.5758223921
116	1.7681718292	0.0062948491	-368.2423644156
117	1.1899525618	0.0062948491	-260.8068494331
118	0.6962550560	0.0062948491	-163.2361546544
119	1.5614639452	0.0062948491	-328.2974228659
120	1.1900088013	0.0062948491	-259.7068655554
121	1.2312561242	0.0062948491	-266.4762199872
122	0.1635183230	0.0062948491	-46.4941802358
123	0.9429092996	0.0062948491	-212.8177180959
124	1.0664100394	0.0062948491	-236.9861896571
