site	rate	t	lnL
1	0.9017900286	0.0005705421	-26.1318168742
2	0.9017900287	0.0005705421	-26.1318168742
3	1.8041374656	0.0005705421	-46.4941286885
4	0.4508312295	0.0005705421	-15.2570568290
5	0.0000000000	0.0005705421	-2.9957322736
6	1.8041369863	0.0005705421	-46.4941286938
7	0.0000000000	0.0005705421	-2.9957322736
8	1.8041375493	0.0005705421	-46.4941286885
9	3.1585429284	0.0005705421	-75.1978662616
10	0.9017902715	0.0005705421	-26.1318168742
11	0.9018022796	0.0005705421	-26.1317911310
12	2.7069736636	0.0005705421	-65.8089138534
13	0.4508253622	0.0005705421	-15.2570696942
14	1.8041382396	0.0005705421	-46.4941286885
15	0.4508312375	0.0005705421	-15.2570568286
16	1.8040907730	0.0005705421	-46.4942317719
17	1.8041382475	0.0005705421	-46.4941286885
18	0.4508312773	0.0005705421	-15.2570568286
19	3.1585024038	0.0005705421	-75.1979565805
20	0.0000000000	0.0005705421	-2.9957322736
21	0.0000000000	0.0005705421	-2.9957322736
22	1.3529112153	0.0005705421	-36.4829812592
23	1.8041371391	0.0005705421	-46.4941286885
24	0.0000000000	0.0005705421	-2.9957322736
25	0.4508254361	0.0005705421	-15.2570696942
26	0.0000000000	0.0005705421	-2.9957322736
27	0.0000000000	0.0005705421	-2.9957322736
28	0.0000000000	0.0005705421	-2.9957322736
29	0.0000000000	0.0005705421	-2.9957322736
30	0.4508312835	0.0005705421	-15.2570568290
31	1.3528763738	0.0005705421	-36.4830585324
32	0.9017898139	0.0005705421	-26.1318168755
33	0.0000000000	0.0005705421	-2.9957322736
34	0.9017900273	0.0005705421	-26.1318168755
35	1.3528597317	0.0005705421	-36.4830971653
36	0.0000000000	0.0005705421	-2.9957322736
37	0.0000000000	0.0005705421	-2.9957322736
38	0.9017900886	0.0005705421	-26.1318168742
39	5.4187004722	0.0005705421	-120.2942747904
40	0.4508254361	0.0005705421	-15.2570696942
41	0.0000000000	0.0005705421	-2.9957322736
42	3.1585019108	0.0005705421	-75.1979565642
43	0.4508254361	0.0005705421	-15.2570696942
44	0.4508254360	0.0005705421	-15.2570696942
45	0.4508254383	0.0005705421	-15.2570696942
46	0.0000000000	0.0005705421	-2.9957322736
47	0.0000000000	0.0005705421	-2.9957322736
48	0.9017780342	0.0005705421	-26.1318426183
49	0.0000000000	0.0005705421	-2.9957322736
50	0.0000000000	0.0005705421	-2.9957322736
51	0.0000000000	0.0005705421	-2.9957322736
52	0.9017899497	0.0005705421	-26.1318168755
53	0.0000000000	0.0005705421	-2.9957322736
54	0.0000000000	0.0005705421	-2.9957322736
55	1.8040671507	0.0005705421	-46.4942833073
56	2.7069384221	0.0005705421	-65.8089912093
57	0.0000000000	0.0005705421	-2.9957322736
58	0.9017785397	0.0005705421	-26.1318426183
59	0.4508311768	0.0005705421	-15.2570568286
60	0.9017900389	0.0005705421	-26.1318168742
61	0.0000000000	0.0005705421	-2.9957322736
62	0.4508254362	0.0005705421	-15.2570696942
63	4.0622425044	0.0005705421	-93.5625497147
64	0.0000000000	0.0005705421	-2.9957322736
65	2.7069037745	0.0005705421	-65.8090686120
66	0.0000000000	0.0005705421	-2.9957322736
67	1.8041146098	0.0005705421	-46.4941802358
68	0.0000000000	0.0005705421	-2.9957322736
69	0.9017900274	0.0005705421	-26.1318168755
70	3.1585840622	0.0005705421	-75.1977759089
71	3.1586239164	0.0005705421	-75.1976855550
72	0.4508312349	0.0005705421	-15.2570568290
73	0.0000000000	0.0005705421	-2.9957322736
74	0.0000000000	0.0005705421	-2.9957322736
75	1.3528764102	0.0005705421	-36.4830585324
76	1.3528764101	0.0005705421	-36.4830585324
77	0.0000000000	0.0005705421	-2.9957322736
78	1.3529112999	0.0005705421	-36.4829812562
79	2.7069731486	0.0005705421	-65.8089138415
80	0.9017784118	0.0005705421	-26.1318426183
81	0.0000000000	0.0005705421	-2.9957322736
82	3.1586247426	0.0005705421	-75.1976855713
83	1.8041143229	0.0005705421	-46.4941802252
84	0.0000000000	0.0005705421	-2.9957322736
85	0.9017900273	0.0005705421	-26.1318168755
86	0.9018017102	0.0005705421	-26.1317911310
87	1.8040914444	0.0005705421	-46.4942317719
88	1.3529112999	0.0005705421	-36.4829812562
89	0.0000000000	0.0005705421	-2.9957322736
90	1.3529115038	0.0005705421	-36.4829812592
91	0.0000000000	0.0005705421	-2.9957322736
92	0.0000000000	0.0005705421	-2.9957322736
93	3.1586250154	0.0005705421	-75.1976855550
94	0.4508313345	0.0005705421	-15.2570568286
95	0.4508255379	0.0005705421	-15.2570696942
96	1.8041379336	0.0005705421	-46.4941286885
97	0.9017899513	0.0005705421	-26.1318168742
98	0.0000000000	0.0005705421	-2.9957322736
99	0.9017900285	0.0005705421	-26.1318168742
100	0.0000000000	0.0005705421	-2.9957322736
101	0.4508254310	0.0005705421	-15.2570696942
102	0.4508254326	0.0005705421	-15.2570696942
103	0.4508254362	0.0005705421	-15.2570696942
104	0.0000000000	0.0005705421	-2.9957322736
105	1.3528938535	0.0005705421	-36.4830198961
106	0.9017784119	0.0005705421	-26.1318426183
107	0.4508254360	0.0005705421	-15.2570696942
108	0.9018016594	0.0005705421	-26.1317911297
109	2.2554920268	0.0005705421	-56.2523341267
110	0.9017784752	0.0005705421	-26.1318426183
111	0.0000000000	0.0005705421	-2.9957322736
112	1.3528589978	0.0005705421	-36.4830971653
113	0.9018012021	0.0005705421	-26.1317911323
114	0.0000000000	0.0005705421	-2.9957322736
115	0.4508254119	0.0005705421	-15.2570696942
116	3.6103222179	0.0005705421	-84.4430201625
117	1.3528768560	0.0005705421	-36.4830585295
118	3.6103222110	0.0005705421	-84.4430201626
119	0.0000000000	0.0005705421	-2.9957322736
120	1.3528591692	0.0005705421	-36.4830971653
121	3.1586648975	0.0005705421	-75.1975952489
122	0.0000000000	0.0005705421	-2.9957322736
123	0.9017782036	0.0005705421	-26.1318426183
124	2.2554916374	0.0005705421	-56.2523341184
