site	rate	t	lnL
1	0.3408124118	0.0060755157	-13.1714286827
2	0.3408123897	0.0060755157	-13.1714286611
3	1.7122718270	0.0060755157	-45.8041186581
4	0.6824757897	0.0060755157	-21.9584436734
5	0.3408123999	0.0060755157	-13.1714286611
6	0.0000000000	0.0060755157	-2.9957322736
7	1.0247803830	0.0060755157	-30.2204424083
8	0.3408123741	0.0060755157	-13.1714286827
9	0.3408123929	0.0060755157	-13.1714286611
10	2.4041812755	0.0060755157	-59.4540003611
11	0.6824042837	0.0060755157	-21.9586521241
12	1.7128186128	0.0060755157	-45.8025406904
13	1.7120890080	0.0060755157	-45.8046454445
14	2.0573282871	0.0060755157	-53.2646384600
15	0.0000000000	0.0060755157	-2.9957322736
16	0.3407769507	0.0060755157	-13.1715324922
17	0.0000000000	0.0060755157	-2.9957322736
18	2.0568845618	0.0060755157	-53.2659099299
19	1.3680910384	0.0060755157	-38.1398229792
20	0.3408123999	0.0060755157	-13.1714286611
21	1.7119058017	0.0060755157	-45.8051727242
22	1.3680915446	0.0060755157	-38.1398222725
23	1.0247803830	0.0060755157	-30.2204424083
24	0.0000000000	0.0060755157	-2.9957322736
25	0.0000000000	0.0060755157	-2.9957322736
26	0.0000000000	0.0060755157	-2.9957322736
27	1.3683819628	0.0060755157	-38.1389821459
28	0.0000000000	0.0060755157	-2.9957322736
29	0.0000000000	0.0060755157	-2.9957322736
30	0.3407769004	0.0060755157	-13.1715324922
31	1.7119050930	0.0060755157	-45.8051738285
32	0.3407768996	0.0060755157	-13.1715324922
33	0.6823327891	0.0060755157	-21.9588605529
34	1.0249968439	0.0060755157	-30.2198143803
35	0.3408123850	0.0060755157	-13.1714286611
36	2.0568862327	0.0060755157	-53.2659075183
37	2.0568839993	0.0060755157	-53.2659107383
38	1.7122725512	0.0060755157	-45.8041175507
39	2.7494964184	0.0060755157	-67.7018438626
40	1.3680909919	0.0060755157	-38.1398229792
41	1.3682365530	0.0060755157	-38.1394024084
42	1.7120886121	0.0060755157	-45.8046459945
43	0.3408123947	0.0060755157	-13.1714286611
44	1.0247803830	0.0060755157	-30.2204424083
45	2.0568851296	0.0060755157	-53.2659091226
46	0.0000000000	0.0060755157	-2.9957322736
47	1.0246722553	0.0060755157	-30.2207562736
48	1.0247804346	0.0060755157	-30.2204424083
49	2.7491940874	0.0060755157	-67.7027006536
50	0.3408124204	0.0060755157	-13.1714286827
51	0.0000000000	0.0060755157	-2.9957322736
52	0.3408124526	0.0060755157	-13.1714286611
53	0.3408123999	0.0060755157	-13.1714286611
54	1.3680911860	0.0060755157	-38.1398226257
55	1.0247805189	0.0060755157	-30.2204422111
56	1.0247803830	0.0060755157	-30.2204424083
57	0.0000000000	0.0060755157	-2.9957322736
58	0.0000000000	0.0060755157	-2.9957322736
59	0.6823327653	0.0060755157	-21.9588605529
60	0.3407768983	0.0060755157	-13.1715324922
61	0.0000000000	0.0060755157	-2.9957322736
62	4.1441126737	0.0060755157	-95.1347956334
63	0.0000000000	0.0060755157	-2.9957322736
64	0.3408124251	0.0060755157	-13.1714286611
65	2.4032687421	0.0060755157	-60.5552795307
66	0.3407768984	0.0060755157	-13.1715324922
67	1.3679456958	0.0060755157	-38.1402431514
68	2.0571061183	0.0060755157	-53.2652746341
69	1.7124550437	0.0060755157	-45.8035912633
70	1.7119051260	0.0060755157	-45.8051738298
71	1.0247803830	0.0060755157	-30.2204424083
72	2.0566629825	0.0060755157	-53.2665451560
73	0.0000000000	0.0060755157	-2.9957322736
74	0.0000000000	0.0060755157	-2.9957322736
75	0.3407768908	0.0060755157	-13.1715324922
76	0.6824043433	0.0060755157	-21.9586520372
77	0.0000000000	0.0060755157	-2.9957322736
78	2.0571066763	0.0060755157	-53.2652738245
79	1.3682368742	0.0060755157	-38.1394020554
80	1.3679459394	0.0060755157	-38.1402427980
81	1.3679460446	0.0060755157	-38.1402427983
82	2.4027457333	0.0060755157	-60.5567702084
83	0.3408123919	0.0060755157	-13.1714286611
84	0.3407769000	0.0060755157	-13.1715324922
85	2.7509952358	0.0060755157	-67.6975779176
86	0.0000000000	0.0060755157	-2.9957322736
87	2.7515865626	0.0060755157	-67.6958832395
88	0.6824759596	0.0060755157	-21.9584434995
89	0.0000000000	0.0060755157	-2.9957322736
90	1.0248889734	0.0060755157	-30.2201283124
91	2.0571060919	0.0060755157	-53.2652746341
92	0.6824043966	0.0060755157	-21.9586519940
93	1.3680910271	0.0060755157	-38.1398229792
94	0.6824758769	0.0060755157	-21.9584435865
95	0.6824043104	0.0060755157	-21.9586521241
96	1.0252125103	0.0060755157	-30.2191876830
97	0.6824758980	0.0060755157	-21.9584435865
98	2.4027465111	0.0060755157	-60.5567691025
99	1.3680910317	0.0060755157	-38.1398229792
100	0.0000000000	0.0060755157	-2.9957322736
101	0.0000000000	0.0060755157	-2.9957322736
102	0.6823328644	0.0060755157	-21.9588605529
103	0.3408123998	0.0060755157	-13.1714286611
104	0.0000000000	0.0060755157	-2.9957322736
105	0.6823327653	0.0060755157	-21.9588605529
106	1.0247805188	0.0060755157	-30.2204422112
107	0.0000000000	0.0060755157	-2.9957322736
108	1.0248888051	0.0060755157	-30.2201283125
109	1.0248888059	0.0060755157	-30.2201281151
110	1.0248886392	0.0060755157	-30.2201283124
111	0.0000000000	0.0060755157	-2.9957322736
112	1.0246722553	0.0060755157	-30.2207562736
113	1.3682368667	0.0060755157	-38.1394017052
114	2.4024851184	0.0060755157	-60.5575143189
115	0.3407769000	0.0060755157	-13.1715324922
116	1.7122717512	0.0060755157	-45.8041186581
117	1.0246722553	0.0060755157	-30.2207562736
118	1.3680912828	0.0060755157	-38.1398226260
119	0.3407769449	0.0060755157	-13.1715324922
120	1.0248888218	0.0060755157	-30.2201283125
121	1.3682370700	0.0060755157	-38.1394020548
122	1.3682366643	0.0060755157	-38.1394024087
123	3.0981635078	0.0060755157	-74.7162500034
124	2.0568845515	0.0060755157	-53.2659099300
