site	rate	t	lnL
1	2.5965243227	0.3628365698	-750.2852751192
2	0.6797738129	0.3628365698	-513.7646984333
3	2.2213225421	0.3628365698	-741.6829268355
4	1.7878947606	0.3628365698	-723.9947792808
5	0.2035964814	0.3628365698	-215.5292166441
6	2.1811436931	0.3628365698	-740.8581075113
7	0.6284910694	0.3628365698	-489.4574582983
8	0.7734460310	0.3628365698	-552.0496099588
9	2.0302139972	0.3628365698	-728.5991366260
10	1.8600637134	0.3628365698	-729.9167004301
11	0.5621660486	0.3628365698	-460.9690701527
12	2.2800687212	0.3628365698	-744.5247533263
13	1.1026207533	0.3628365698	-645.5763290458
14	1.0368673392	0.3628365698	-638.5492264076
15	0.4359529840	0.3628365698	-387.8836007012
16	2.2429029999	0.3628365698	-739.6934101305
17	1.4412240015	0.3628365698	-712.2642006042
18	1.2105875401	0.3628365698	-674.9361376589
19	1.9274757026	0.3628365698	-731.4929734678
20	0.2214690206	0.3628365698	-234.5949947890
21	1.1787084531	0.3628365698	-659.9495346779
22	1.1972061573	0.3628365698	-669.7878849001
23	0.7389204862	0.3628365698	-542.4897285801
24	0.1049631619	0.3628365698	-132.3786195924
25	1.4460609121	0.3628365698	-704.8397025730
26	0.3335076550	0.3628365698	-324.1812992807
27	0.6336625504	0.3628365698	-492.2535665765
28	0.0344713697	0.3628365698	-51.4689989115
29	0.4689770603	0.3628365698	-401.0034424030
30	0.7229099879	0.3628365698	-531.2489233079
31	2.3614325701	0.3628365698	-748.1946988265
32	1.0190191386	0.3628365698	-630.1441991678
33	0.1901528997	0.3628365698	-212.7151640855
34	1.4640705444	0.3628365698	-703.2691570500
35	0.9406660962	0.3628365698	-602.4898757370
36	2.1013518286	0.3628365698	-735.5623521528
37	0.7452052267	0.3628365698	-525.1360822956
38	2.3375424498	0.3628365698	-742.8293227611
39	2.2223525148	0.3628365698	-742.6005020081
40	1.1131596885	0.3628365698	-649.8942327723
41	1.4747979159	0.3628365698	-711.3945431195
42	2.2275218983	0.3628365698	-737.4576809519
43	2.1722391380	0.3628365698	-745.4288637248
44	2.1742790367	0.3628365698	-743.8184162970
45	1.6618971208	0.3628365698	-728.6144191542
46	0.8944011623	0.3628365698	-587.9415367354
47	0.5474093112	0.3628365698	-455.4098866313
48	1.4146818327	0.3628365698	-700.7272421681
49	0.9534196375	0.3628365698	-618.9585582922
50	0.7854661487	0.3628365698	-559.9684728256
51	0.0171576236	0.3628365698	-30.2207562736
52	0.6078443116	0.3628365698	-486.3756757445
53	0.6997811876	0.3628365698	-518.3002728659
54	1.0718330677	0.3628365698	-640.1190123248
55	0.5940576076	0.3628365698	-476.1782645817
56	1.3204825917	0.3628365698	-687.7099055181
57	0.1838637221	0.3628365698	-207.2832105742
58	1.2097889935	0.3628365698	-669.1463971276
59	1.7611864405	0.3628365698	-728.8383153991
60	0.5928138449	0.3628365698	-467.7076454509
61	0.0635773658	0.3628365698	-85.9334113017
62	2.0618417195	0.3628365698	-733.8158767264
63	0.3932830629	0.3628365698	-359.5051002207
64	0.7158889342	0.3628365698	-523.9018848952
65	1.8030997331	0.3628365698	-734.3462216419
66	0.6796431177	0.3628365698	-513.5643334873
67	1.7831054611	0.3628365698	-736.6886178341
68	0.9844963816	0.3628365698	-619.4865034501
69	2.6109159950	0.3628365698	-752.2276671010
70	2.5887764730	0.3628365698	-752.1505508699
71	1.3288674608	0.3628365698	-683.0111049958
72	1.4321302214	0.3628365698	-691.8089019829
73	0.0402196706	0.3628365698	-60.5590033938
74	1.2316731693	0.3628365698	-674.7158883360
75	1.1933545436	0.3628365698	-663.9691492427
76	1.8526964415	0.3628365698	-733.6589491009
77	0.0344548241	0.3628365698	-52.1658609963
78	2.1968612175	0.3628365698	-738.0775022255
79	2.6293861446	0.3628365698	-750.7994565465
80	0.4503083174	0.3628365698	-395.1778276888
81	1.2256577273	0.3628365698	-672.1781581497
82	2.2832920562	0.3628365698	-743.9663924624
83	2.6459057949	0.3628365698	-750.8823701368
84	0.8217097883	0.3628365698	-567.0035067544
85	0.6993217878	0.3628365698	-531.2101497599
86	0.9671860551	0.3628365698	-612.3733328778
87	1.7488037024	0.3628365698	-726.1609657657
88	0.8427578291	0.3628365698	-567.0999561396
89	0.2467825884	0.3628365698	-259.5619374251
90	2.6250218016	0.3628365698	-750.0883386275
91	0.5082518714	0.3628365698	-430.9069482007
92	0.8278071788	0.3628365698	-582.4408043137
93	1.7734415436	0.3628365698	-725.6528655972
94	0.5643700749	0.3628365698	-466.2926314246
95	0.8253436814	0.3628365698	-564.7366152337
96	2.3038677878	0.3628365698	-744.0530304715
97	1.6100852690	0.3628365698	-712.8085060704
98	1.1560961598	0.3628365698	-681.1460591868
99	1.9979833383	0.3628365698	-740.8010278695
100	0.1472857238	0.3628365698	-168.1838137246
101	0.3939091257	0.3628365698	-366.1104528238
102	2.1870576956	0.3628365698	-739.9926981292
103	1.3238423170	0.3628365698	-690.5183285504
104	0.2799000799	0.3628365698	-278.9430322681
105	1.4505680728	0.3628365698	-706.1499230043
106	1.5476919547	0.3628365698	-714.4216971275
107	0.6495003376	0.3628365698	-500.8879447483
108	1.4694722616	0.3628365698	-706.5521748713
109	2.7836659797	0.3628365698	-753.8305837052
110	2.3213766615	0.3628365698	-742.9278631058
111	0.0057061378	0.3628365698	-13.1715324922
112	2.2093370823	0.3628365698	-741.4773660920
113	2.5582377861	0.3628365698	-747.6699283517
114	0.8701141219	0.3628365698	-590.2648040356
115	1.5459999014	0.3628365698	-712.0693383522
116	2.0348871332	0.3628365698	-734.7048156498
117	2.4171193899	0.3628365698	-750.2126151301
118	1.2905562067	0.3628365698	-688.2769673999
119	1.4049133079	0.3628365698	-705.5675995346
120	2.0915495607	0.3628365698	-737.9727941635
121	0.4951556833	0.3628365698	-414.8820800684
122	0.1412634295	0.3628365698	-163.5068460384
123	3.2399477417	0.3628365698	-758.4806774824
124	2.1886725987	0.3628365698	-739.2275332436
