site	rate	t	lnL
1	1.5950030124	0.0620824662	-278.4969277570
2	0.3031587153	0.0620824662	-74.7172221570
3	1.0753906582	0.0620824662	-208.6467168397
4	1.3388284083	0.0620824662	-238.2672388035
5	0.0333541494	0.0620824662	-13.1715325036
6	1.5931056704	0.0620824662	-284.9139149489
7	0.2351377778	0.0620824662	-60.5567669017
8	0.9676876232	0.0620824662	-188.2988620267
9	1.6341807342	0.0620824662	-285.7879898146
10	1.5237600889	0.0620824662	-267.6007638049
11	0.2690712766	0.0620824662	-67.7018438620
12	1.1841230706	0.0620824662	-225.4977013784
13	0.9322587417	0.0620824662	-187.8721529928
14	0.3714000072	0.0620824662	-88.4235255094
15	0.1338699610	0.0620824662	-38.1402427980
16	1.8359606863	0.0620824662	-310.2722007962
17	1.0759093066	0.0620824662	-206.5534715122
18	0.5787795478	0.0620824662	-125.4068159661
19	1.1132181698	0.0620824662	-212.4598673062
20	1.2970207076	0.0620824662	-241.2814130994
21	0.2690710752	0.0620824662	-67.7018467824
22	1.7543918858	0.0620824662	-297.4562288062
23	0.4056038123	0.0620824662	-93.3414198191
24	0.1002826450	0.0620824662	-30.2207562792
25	1.5198303782	0.0620824662	-271.4090875233
26	0.1339036118	0.0620824662	-38.1394027650
27	0.4745902571	0.0620824662	-107.1938935033
28	0.0000000000	0.0620824662	-2.9957322736
29	0.1676145930	0.0620824662	-44.4163903070
30	0.3371645281	0.0620824662	-81.6237261324
31	1.0770707174	0.0620824662	-204.3217328135
32	1.5593632843	0.0620824662	-277.4618767277
33	0.0333541437	0.0620824662	-13.1715325036
34	2.4800948902	0.0620824662	-383.9243730074
35	1.9013848445	0.0620824662	-322.9406392909
36	1.7158967204	0.0620824662	-293.9244852976
37	1.7852506887	0.0620824662	-303.6533467250
38	1.9862368319	0.0620824662	-326.3623988207
39	1.6808337532	0.0620824662	-286.2342001283
40	0.5088669472	0.0620824662	-114.7687951763
41	0.4056434801	0.0620824662	-95.1321754269
42	1.3742522883	0.0620824662	-251.7910046150
43	1.5593756573	0.0620824662	-277.4605872467
44	1.6768498940	0.0620824662	-286.8310202996
45	1.3335475275	0.0620824662	-245.2421469115
46	0.1003038503	0.0620824662	-30.2201283181
47	0.7536816300	0.0620824662	-153.6178866017
48	1.0402417286	0.0620824662	-202.2452410891
49	0.8265317384	0.0620824662	-166.5241910573
50	1.5230853209	0.0620824662	-274.0159277315
51	0.0000000000	0.0620824662	-2.9957322736
52	0.4055981112	0.0620824662	-95.1334745067
53	0.4745930032	0.0620824662	-107.1938529900
54	1.2593493643	0.0620824662	-235.8202323451
55	1.2962837503	0.0620824662	-239.1604850790
56	1.6405178328	0.0620824662	-283.8348542378
57	0.0667878890	0.0620824662	-21.9586521334
58	0.6476671680	0.0620824662	-139.9980022857
59	1.5201712292	0.0620824662	-268.2202488236
60	0.5088632402	0.0620824662	-114.7688489280
61	0.0000000000	0.0620824662	-2.9957322736
62	1.2956833148	0.0620824662	-238.4224201502
63	0.3044085727	0.0620824662	-74.6803401840
64	2.0972354851	0.0620824662	-344.6956747864
65	1.6005582696	0.0620824662	-279.0531670282
66	0.4751651312	0.0620824662	-108.2761876814
67	1.7906813892	0.0620824662	-302.2114190483
68	0.2013125643	0.0620824662	-53.2652746341
69	1.5991605324	0.0620824662	-279.3755882911
70	1.5248596794	0.0620824662	-269.7709650829
71	1.6768314021	0.0620824662	-288.3184191551
72	1.2212443374	0.0620824662	-229.9316539991
73	0.0667744690	0.0620824662	-21.9588605529
74	0.2690711834	0.0620824662	-67.7018453240
75	0.4398693587	0.0620824662	-101.7579722824
76	1.1862003901	0.0620824662	-222.5509818675
77	0.0333525908	0.0620824662	-13.1714286611
78	1.8670460483	0.0620824662	-318.4497980281
79	1.4096887802	0.0620824662	-251.4507145570
80	0.1339036870	0.0620824662	-38.1394017083
81	0.3714872330	0.0620824662	-87.3222775146
82	1.7105929136	0.0620824662	-295.2191264887
83	1.2208635800	0.0620824662	-226.7617917259
84	0.4745358553	0.0620824662	-108.2942901996
85	1.1860751973	0.0620824662	-223.3658323091
86	0.7903603901	0.0620824662	-160.9747337776
87	1.1846485883	0.0620824662	-226.5839842505
88	0.6829076677	0.0620824662	-146.1511360610
89	0.3717030758	0.0620824662	-86.2173997565
90	1.4461647698	0.0620824662	-261.5292029547
91	0.0333541446	0.0620824662	-13.1715325036
92	0.5437544460	0.0620824662	-120.4677860955
93	0.7540295636	0.0620824662	-155.2465808450
94	0.5784346459	0.0620824662	-127.4964792765
95	1.4439938093	0.0620824662	-260.4844963711
96	1.1142750060	0.0620824662	-210.0620705635
97	1.9839916446	0.0620824662	-332.5095911197
98	1.5727557479	0.0620824662	-275.0347485274
99	1.7879818734	0.0620824662	-308.5608573510
100	0.9000223914	0.0620824662	-178.3538118243
101	0.6487733455	0.0620824662	-137.7691889211
102	1.1884716065	0.0620824662	-221.1019047841
103	1.5539368980	0.0620824662	-276.7890502812
104	0.7191610149	0.0620824662	-148.0814847606
105	1.1531644900	0.0620824662	-213.8816597999
106	0.9305748228	0.0620824662	-186.8190163936
107	0.3031635229	0.0620824662	-73.6183808700
108	1.3907851313	0.0620824662	-251.0654773178
109	1.6348230169	0.0620824662	-283.6909206137
110	1.5206697399	0.0620824662	-267.2384424937
111	0.0333541707	0.0620824662	-13.1715325037
112	1.7114609128	0.0620824662	-294.2363583992
113	2.0334492417	0.0620824662	-330.6994979288
114	1.2220203311	0.0620824662	-232.1103205994
115	1.4084612771	0.0620824662	-257.1515628531
116	1.2978264048	0.0620824662	-239.8727609139
117	1.9052558742	0.0620824662	-323.2530109353
118	1.7480857988	0.0620824662	-301.5071480735
119	1.2559142144	0.0620824662	-238.8018784696
120	2.1823843947	0.0620824662	-351.2228663357
121	0.2691293814	0.0620824662	-67.7001457692
122	0.2014539177	0.0620824662	-52.1624743401
123	1.7154566313	0.0620824662	-291.7813696567
124	1.3708760246	0.0620824662	-249.6838362632
