site	rate	t	lnL
1	1.3795846421	0.0060249013	-38.1398222722
2	0.3436397283	0.0060249013	-13.1715324922
3	0.6880649522	0.0060249013	-21.9588605529
4	1.0336078609	0.0060249013	-30.2198143801
5	2.0743891963	0.0060249013	-53.2652722224
6	0.0000000000	0.0060249013	-2.9957322736
7	2.4231936393	0.0060249013	-60.5560260226
8	0.0000000000	0.0060249013	-2.9957322736
9	1.3798776250	0.0060249013	-38.1389821462
10	2.0746127571	0.0060249013	-53.2646368560
11	0.0000000000	0.0060249013	-2.9957322736
12	0.6880649247	0.0060249013	-21.9588605529
13	1.3798793741	0.0060249013	-38.1389796766
14	1.0334987947	0.0060249013	-30.2201281152
15	0.3436397130	0.0060249013	-13.1715324922
16	1.7262862351	0.0060249013	-45.8051743859
17	1.0334988947	0.0060249013	-30.2201279196
18	0.6881370989	0.0060249013	-21.9586520372
19	2.0748355333	0.0060249013	-53.2640022136
20	0.0000000000	0.0060249013	-2.9957322736
21	0.3436755274	0.0060249013	-13.1714286827
22	0.6880649522	0.0060249013	-21.9588605529
23	0.3436397110	0.0060249013	-13.1715324922
24	0.0000000000	0.0060249013	-2.9957322736
25	2.0746105048	0.0060249013	-53.2646400754
26	1.0332805012	0.0060249013	-30.2207562736
27	0.3436397095	0.0060249013	-13.1715324922
28	0.0000000000	0.0060249013	-2.9957322736
29	0.0000000000	0.0060249013	-2.9957322736
30	0.3436755020	0.0060249013	-13.1714286611
31	1.0333896710	0.0060249013	-30.2204422112
32	0.6883531901	0.0060249013	-21.9580272235
33	1.0332803729	0.0060249013	-30.2207562736
34	0.6880649783	0.0060249013	-21.9588605529
35	3.4750589394	0.0060249013	-80.5227274540
36	1.7262866428	0.0060249013	-45.8051738298
37	0.6882091745	0.0060249013	-21.9584436734
38	0.3436397131	0.0060249013	-13.1715324922
39	0.6882093526	0.0060249013	-21.9584435865
40	1.3795839138	0.0060249013	-38.1398229792
41	2.0741641804	0.0060249013	-53.2659099297
42	1.0332803695	0.0060249013	-30.2207562736
43	0.3436397284	0.0060249013	-13.1715324922
44	1.3794376023	0.0060249013	-38.1402431514
45	2.4229308768	0.0060249013	-60.5567702121
46	0.3436397293	0.0060249013	-13.1715324922
47	1.3792907843	0.0060249013	-38.1406632784
48	1.7266568121	0.0060249013	-45.8041180998
49	0.0000000000	0.0060249013	-2.9957322736
50	1.0333895669	0.0060249013	-30.2204424083
51	0.0000000000	0.0060249013	-2.9957322736
52	0.6880650573	0.0060249013	-21.9588605529
53	0.0000000000	0.0060249013	-2.9957322736
54	0.0000000000	0.0060249013	-2.9957322736
55	0.0000000000	0.0060249013	-2.9957322736
56	1.0333895336	0.0060249013	-30.2204424083
57	0.0000000000	0.0060249013	-2.9957322736
58	0.3436397463	0.0060249013	-13.1715324922
59	1.0334986221	0.0060249013	-30.2201283125
60	0.0000000000	0.0060249013	-2.9957322736
61	0.0000000000	0.0060249013	-2.9957322736
62	0.6881370714	0.0060249013	-21.9586521241
63	0.3436755167	0.0060249013	-13.1714286827
64	3.1250415795	0.0060249013	-73.6151583664
65	2.4226676955	0.0060249013	-60.5575148872
66	0.6881370714	0.0060249013	-21.9586521241
67	3.4742535389	0.0060249013	-81.6237192399
68	2.0743892920	0.0060249013	-53.2652722211
69	2.4229324020	0.0060249013	-60.5567679946
70	2.4224046528	0.0060249013	-60.5582594517
71	3.1238686733	0.0060249013	-74.0240369930
72	0.0000000000	0.0060249013	-2.9957322736
73	0.0000000000	0.0060249013	-2.9957322736
74	0.0000000000	0.0060249013	-2.9957322736
75	1.3795844321	0.0060249013	-38.1398226254
76	2.4237240711	0.0060249013	-60.5545307615
77	0.0000000000	0.0060249013	-2.9957322736
78	2.4226610292	0.0060249013	-60.5575245306
79	1.3792910697	0.0060249013	-38.1406632784
80	0.3436397020	0.0060249013	-13.1715324922
81	0.3436397560	0.0060249013	-13.1715324922
82	1.7264712795	0.0060249013	-45.8046465501
83	1.0336079465	0.0060249013	-30.2198141830
84	0.6881371316	0.0060249013	-21.9586520372
85	0.0000000000	0.0060249013	-2.9957322736
86	0.6881371936	0.0060249013	-21.9586520372
87	0.3436397568	0.0060249013	-13.1715324922
88	0.6881370898	0.0060249013	-21.9586521241
89	0.3436397213	0.0060249013	-13.1715324922
90	2.0743883340	0.0060249013	-53.2652738266
91	0.0000000000	0.0060249013	-2.9957322736
92	0.0000000000	0.0060249013	-2.9957322736
93	1.0334987523	0.0060249013	-30.2201283123
94	0.3436755198	0.0060249013	-13.1714286611
95	0.0000000000	0.0060249013	-2.9957322736
96	2.4237642065	0.0060249013	-59.4557384227
97	1.7272507754	0.0060249013	-44.7037792668
98	0.3436397284	0.0060249013	-13.1715324922
99	0.0000000000	0.0060249013	-2.9957322736
100	0.6880649165	0.0060249013	-21.9588605529
101	0.3436754776	0.0060249013	-13.1714286611
102	1.7268410622	0.0060249013	-45.8035912626
103	0.3436397283	0.0060249013	-13.1715324922
104	0.0000000000	0.0060249013	-2.9957322736
105	1.7266568107	0.0060249013	-45.8041181005
106	1.3797312826	0.0060249013	-38.1394020548
107	0.6880648587	0.0060249013	-21.9588605529
108	1.3795840782	0.0060249013	-38.1398229792
109	1.3795841901	0.0060249013	-38.1398229792
110	0.6881371544	0.0060249013	-21.9586521241
111	0.0000000000	0.0060249013	-2.9957322736
112	1.3795844402	0.0060249013	-38.1398226257
113	1.3797312752	0.0060249013	-38.1394020551
114	1.7266564508	0.0060249013	-45.8041186575
115	2.7735476582	0.0060249013	-66.6004652526
116	0.0000000000	0.0060249013	-2.9957322736
117	1.7264708883	0.0060249013	-45.8046471070
118	0.0000000000	0.0060249013	-2.9957322736
119	1.0334987903	0.0060249013	-30.2201281154
120	2.0739402443	0.0060249013	-53.2665459655
121	2.0746139196	0.0060249013	-53.2646352436
122	0.0000000000	0.0060249013	-2.9957322736
123	2.7725976272	0.0060249013	-67.7018395107
124	2.4226680926	0.0060249013	-60.5575143193
