site	rate	t	lnL
1	1.1847877782	0.0640352055	-231.0106291823
2	0.3268472069	0.0640352055	-81.6247928374
3	1.4730795793	0.0640352055	-271.4209351744
4	1.2196292673	0.0640352055	-235.4464838165
5	0.0972347930	0.0640352055	-30.2204424139
6	1.9017786885	0.0640352055	-322.7240451509
7	0.3600350834	0.0640352055	-88.4246992183
8	0.3269954595	0.0640352055	-80.5216476730
9	1.8830860039	0.0640352055	-328.6431040937
10	1.6649340483	0.0640352055	-291.1209692319
11	0.3268831061	0.0640352055	-81.6237214998
12	0.7987195365	0.0640352055	-169.5952954627
13	1.4020235919	0.0640352055	-260.7170289771
14	0.5623083581	0.0640352055	-125.2545350058
15	0.2607531312	0.0640352055	-67.0120960589
16	1.2903601263	0.0640352055	-248.6122133237
17	1.3304694904	0.0640352055	-249.6439816090
18	1.0432319338	0.0640352055	-206.4300539421
19	1.4000594160	0.0640352055	-258.5690462311
20	0.0972698520	0.0640352055	-30.2191875848
21	0.9734986596	0.0640352055	-197.2214901663
22	0.6973107275	0.0640352055	-150.0258334698
23	0.4268861360	0.0640352055	-101.7452810089
24	0.0323403810	0.0640352055	-13.1714286940
25	1.0796867628	0.0640352055	-213.1405015307
26	0.0647511957	0.0640352055	-21.9586521333
27	0.1952158042	0.0640352055	-53.2640014187
28	0.0000000000	0.0640352055	-2.9957322736
29	0.0647511951	0.0640352055	-21.9586521333
30	0.1298014051	0.0640352055	-38.1398226257
31	1.2191148352	0.0640352055	-234.4795496854
32	1.2563514331	0.0640352055	-238.8234535464
33	0.3267748460	0.0640352055	-81.6269445166
34	1.5842616013	0.0640352055	-288.9763594108
35	2.1604624064	0.0640352055	-359.2969192422
36	1.3687751801	0.0640352055	-254.8631563913
37	0.6295298817	0.0640352055	-137.7536701139
38	1.5118152495	0.0640352055	-274.9731235554
39	1.3276597118	0.0640352055	-249.5994418273
40	1.2551884841	0.0640352055	-239.8374116134
41	1.4401545678	0.0640352055	-262.3921661303
42	1.5093496987	0.0640352055	-277.5282519369
43	0.9392581746	0.0640352055	-188.2684395834
44	1.3292341498	0.0640352055	-249.9647156923
45	1.1505363555	0.0640352055	-223.3481337664
46	1.4776761881	0.0640352055	-268.8094335191
47	0.7650308827	0.0640352055	-162.1097331847
48	0.9713904412	0.0640352055	-196.9924333091
49	0.8685012280	0.0640352055	-180.9582262216
50	1.5123858995	0.0640352055	-272.0648598666
51	0.0000000000	0.0640352055	-2.9957322736
52	0.3602824152	0.0640352055	-86.2198573232
53	0.3600736794	0.0640352055	-88.4235339100
54	1.0430613056	0.0640352055	-208.6337355481
55	0.5269849068	0.0640352055	-121.1663065396
56	1.0076230028	0.0640352055	-199.4944212710
57	0.0972245435	0.0640352055	-30.2207562792
58	0.3932738469	0.0640352055	-95.1321694488
59	2.7073204971	0.0640352055	-410.8995927600
60	0.7309238225	0.0640352055	-156.0972883039
61	0.1952715664	0.0640352055	-51.8759912608
62	1.4742393315	0.0640352055	-272.0789609681
63	0.3932307326	0.0640352055	-95.1334560636
64	0.3273196781	0.0640352055	-80.5119863746
65	1.0463892831	0.0640352055	-207.4426190012
66	0.3269552992	0.0640352055	-81.6215721762
67	1.8589858650	0.0640352055	-312.7581781215
68	1.0450439817	0.0640352055	-204.1109633878
69	1.7707102871	0.0640352055	-309.8111384975
70	1.6615866149	0.0640352055	-292.9210816824
71	0.5607274705	0.0640352055	-126.3994858741
72	1.9635689280	0.0640352055	-333.4673264046
73	0.0000000000	0.0640352055	-2.9957322736
74	1.2911550859	0.0640352055	-244.1878777780
75	0.6624868522	0.0640352055	-143.6539541921
76	1.4001022230	0.0640352055	-263.0866019844
77	0.0000000000	0.0640352055	-2.9957322736
78	1.3673373425	0.0640352055	-255.6087540140
79	1.7374651546	0.0640352055	-305.6309765304
80	1.4025178843	0.0640352055	-264.7040925759
81	1.2566031636	0.0640352055	-240.8993831543
82	1.4751482117	0.0640352055	-267.7745631115
83	1.7001808758	0.0640352055	-299.0279610977
84	0.8354785202	0.0640352055	-169.9507362901
85	0.6627994556	0.0640352055	-143.9325145033
86	0.9721764083	0.0640352055	-198.3575225197
87	1.4721724078	0.0640352055	-269.0881831677
88	1.0094819302	0.0640352055	-204.4167045023
89	0.1951735854	0.0640352055	-53.2652746331
90	1.3634493420	0.0640352055	-256.2230021316
91	0.0323321425	0.0640352055	-13.1715324922
92	0.4934103281	0.0640352055	-112.9750532631
93	1.7045897110	0.0640352055	-297.5695404668
94	0.4605399378	0.0640352055	-106.2004535458
95	0.1297876236	0.0640352055	-38.1402427980
96	1.2932096029	0.0640352055	-245.2340182728
97	1.0794528461	0.0640352055	-213.2650411508
98	1.1891266898	0.0640352055	-230.8882649585
99	1.0117300885	0.0640352055	-196.7417705422
100	1.6198669248	0.0640352055	-293.1214272813
101	0.1624390652	0.0640352055	-45.8046465507
102	1.2940214673	0.0640352055	-243.9439453901
103	1.5520220833	0.0640352055	-282.6365285088
104	0.2941590657	0.0640352055	-70.8384678753
105	1.2584735766	0.0640352055	-237.9205721076
106	1.1124237232	0.0640352055	-221.0238495172
107	1.6331998342	0.0640352055	-290.9920274081
108	1.4353120106	0.0640352055	-267.9330056885
109	1.5495432335	0.0640352055	-277.1324755785
110	1.7298457532	0.0640352055	-308.7753561733
111	0.0000000000	0.0640352055	-2.9957322736
112	1.5110277672	0.0640352055	-276.3841035633
113	1.8868189403	0.0640352055	-326.6303670804
114	1.2211895544	0.0640352055	-234.7120522550
115	0.9748718116	0.0640352055	-197.1831564192
116	1.8100448272	0.0640352055	-309.1445812586
117	1.2955360310	0.0640352055	-244.4811763283
118	1.0443908703	0.0640352055	-206.5168841716
119	1.9592104196	0.0640352055	-335.7781009810
120	1.3667484459	0.0640352055	-256.1349067623
121	1.3645357603	0.0640352055	-252.4523262484
122	1.0823600414	0.0640352055	-206.8250939888
123	1.6661940457	0.0640352055	-296.1175623277
124	1.8922692929	0.0640352055	-319.5661612363
