site	rate	t	lnL
1	3.2656957781	0.0006339830	-13.1715324922
2	3.2660357960	0.0006339830	-13.1714286611
3	3.2656956655	0.0006339830	-13.1715324922
4	0.0000000000	0.0006339830	-2.9957322736
5	0.0000000000	0.0006339830	-2.9957322736
6	0.0000000000	0.0006339830	-2.9957322736
7	0.0000000000	0.0006339830	-2.9957322736
8	0.0000000000	0.0006339830	-2.9957322736
9	3.2656956562	0.0006339830	-13.1715324922
10	3.2656956517	0.0006339830	-13.1715324922
11	0.0000000000	0.0006339830	-2.9957322736
12	0.0000000000	0.0006339830	-2.9957322736
13	0.0000000000	0.0006339830	-2.9957322736
14	0.0000000000	0.0006339830	-2.9957322736
15	0.0000000000	0.0006339830	-2.9957322736
16	0.0000000000	0.0006339830	-2.9957322736
17	0.0000000000	0.0006339830	-2.9957322736
18	0.0000000000	0.0006339830	-2.9957322736
19	0.0000000000	0.0006339830	-2.9957322736
20	0.0000000000	0.0006339830	-2.9957322736
21	3.2660352900	0.0006339830	-13.1714286827
22	0.0000000000	0.0006339830	-2.9957322736
23	0.0000000000	0.0006339830	-2.9957322736
24	0.0000000000	0.0006339830	-2.9957322736
25	0.0000000000	0.0006339830	-2.9957322736
26	0.0000000000	0.0006339830	-2.9957322736
27	0.0000000000	0.0006339830	-2.9957322736
28	0.0000000000	0.0006339830	-2.9957322736
29	0.0000000000	0.0006339830	-2.9957322736
30	0.0000000000	0.0006339830	-2.9957322736
31	0.0000000000	0.0006339830	-2.9957322736
32	0.0000000000	0.0006339830	-2.9957322736
33	0.0000000000	0.0006339830	-2.9957322736
34	0.0000000000	0.0006339830	-2.9957322736
35	0.0000000000	0.0006339830	-2.9957322736
36	0.0000000000	0.0006339830	-2.9957322736
37	0.0000000000	0.0006339830	-2.9957322736
38	0.0000000000	0.0006339830	-2.9957322736
39	0.0000000000	0.0006339830	-2.9957322736
40	0.0000000000	0.0006339830	-2.9957322736
41	0.0000000000	0.0006339830	-2.9957322736
42	0.0000000000	0.0006339830	-2.9957322736
43	9.8221366331	0.0006339830	-30.2201283169
44	0.0000000000	0.0006339830	-2.9957322736
45	0.0000000000	0.0006339830	-2.9957322736
46	0.0000000000	0.0006339830	-2.9957322736
47	0.0000000000	0.0006339830	-2.9957322736
48	0.0000000000	0.0006339830	-2.9957322736
49	3.2656956034	0.0006339830	-13.1715324922
50	3.2660356090	0.0006339830	-13.1714286827
51	0.0000000000	0.0006339830	-2.9957322736
52	0.0000000000	0.0006339830	-2.9957322736
53	0.0000000000	0.0006339830	-2.9957322736
54	0.0000000000	0.0006339830	-2.9957322736
55	0.0000000000	0.0006339830	-2.9957322736
56	0.0000000000	0.0006339830	-2.9957322736
57	3.2660357841	0.0006339830	-13.1714286611
58	6.5395424087	0.0006339830	-21.9586520372
59	3.2656956618	0.0006339830	-13.1715324922
60	0.0000000000	0.0006339830	-2.9957322736
61	0.0000000000	0.0006339830	-2.9957322736
62	0.0000000000	0.0006339830	-2.9957322736
63	0.0000000000	0.0006339830	-2.9957322736
64	0.0000000000	0.0006339830	-2.9957322736
65	3.2660355527	0.0006339830	-13.1714286827
66	0.0000000000	0.0006339830	-2.9957322736
67	3.2656956314	0.0006339830	-13.1715324922
68	3.2660353002	0.0006339830	-13.1714286827
69	0.0000000000	0.0006339830	-2.9957322736
70	0.0000000000	0.0006339830	-2.9957322736
71	3.2660355943	0.0006339830	-13.1714286827
72	0.0000000000	0.0006339830	-2.9957322736
73	0.0000000000	0.0006339830	-2.9957322736
74	0.0000000000	0.0006339830	-2.9957322736
75	0.0000000000	0.0006339830	-2.9957322736
76	0.0000000000	0.0006339830	-2.9957322736
77	0.0000000000	0.0006339830	-2.9957322736
78	0.0000000000	0.0006339830	-2.9957322736
79	0.0000000000	0.0006339830	-2.9957322736
80	3.2660357790	0.0006339830	-13.1714286611
81	0.0000000000	0.0006339830	-2.9957322736
82	3.2660354576	0.0006339830	-13.1714286827
83	0.0000000000	0.0006339830	-2.9957322736
84	0.0000000000	0.0006339830	-2.9957322736
85	3.2656961807	0.0006339830	-13.1715324922
86	3.2660358731	0.0006339830	-13.1714286611
87	0.0000000000	0.0006339830	-2.9957322736
88	0.0000000000	0.0006339830	-2.9957322736
89	0.0000000000	0.0006339830	-2.9957322736
90	0.0000000000	0.0006339830	-2.9957322736
91	0.0000000000	0.0006339830	-2.9957322736
92	0.0000000000	0.0006339830	-2.9957322736
93	0.0000000000	0.0006339830	-2.9957322736
94	0.0000000000	0.0006339830	-2.9957322736
95	0.0000000000	0.0006339830	-2.9957322736
96	0.0000000000	0.0006339830	-2.9957322736
97	6.5388564443	0.0006339830	-21.9588605529
98	0.0000000000	0.0006339830	-2.9957322736
99	3.2656956904	0.0006339830	-13.1715324922
100	0.0000000000	0.0006339830	-2.9957322736
101	0.0000000000	0.0006339830	-2.9957322736
102	0.0000000000	0.0006339830	-2.9957322736
103	6.5388560541	0.0006339830	-21.9588605529
104	0.0000000000	0.0006339830	-2.9957322736
105	3.2660358364	0.0006339830	-13.1714286611
106	0.0000000000	0.0006339830	-2.9957322736
107	0.0000000000	0.0006339830	-2.9957322736
108	0.0000000000	0.0006339830	-2.9957322736
109	3.2660357843	0.0006339830	-13.1714286611
110	0.0000000000	0.0006339830	-2.9957322736
111	0.0000000000	0.0006339830	-2.9957322736
112	3.2656956742	0.0006339830	-13.1715324922
113	3.2660356563	0.0006339830	-13.1714286827
114	0.0000000000	0.0006339830	-2.9957322736
115	3.2660357082	0.0006339830	-13.1714286827
116	0.0000000000	0.0006339830	-2.9957322736
117	3.2656956863	0.0006339830	-13.1715324922
118	3.2660359474	0.0006339830	-13.1714286611
119	3.2656956543	0.0006339830	-13.1715324922
120	0.0000000000	0.0006339830	-2.9957322736
121	0.0000000000	0.0006339830	-2.9957322736
122	0.0000000000	0.0006339830	-2.9957322736
123	0.0000000000	0.0006339830	-2.9957322736
124	6.5402272891	0.0006339830	-21.9584436734
