site	rate	t	lnL
1	0.0000000000	0.0006506739	-2.9957322736
2	0.0000000000	0.0006506739	-2.9957322736
3	0.0000000000	0.0006506739	-2.9957322736
4	0.0000000000	0.0006506739	-2.9957322736
5	0.0000000000	0.0006506739	-2.9957322736
6	3.1822560607	0.0006506739	-13.1714286611
7	3.1819251716	0.0006506739	-13.1715324922
8	0.0000000000	0.0006506739	-2.9957322736
9	0.0000000000	0.0006506739	-2.9957322736
10	0.0000000000	0.0006506739	-2.9957322736
11	3.1822562196	0.0006506739	-13.1714286611
12	0.0000000000	0.0006506739	-2.9957322736
13	0.0000000000	0.0006506739	-2.9957322736
14	0.0000000000	0.0006506739	-2.9957322736
15	0.0000000000	0.0006506739	-2.9957322736
16	0.0000000000	0.0006506739	-2.9957322736
17	6.3711233241	0.0006506739	-21.9588605529
18	0.0000000000	0.0006506739	-2.9957322736
19	0.0000000000	0.0006506739	-2.9957322736
20	0.0000000000	0.0006506739	-2.9957322736
21	3.1819249194	0.0006506739	-13.1715324922
22	0.0000000000	0.0006506739	-2.9957322736
23	0.0000000000	0.0006506739	-2.9957322736
24	0.0000000000	0.0006506739	-2.9957322736
25	3.1819255111	0.0006506739	-13.1715324922
26	0.0000000000	0.0006506739	-2.9957322736
27	3.1819255188	0.0006506739	-13.1715324922
28	0.0000000000	0.0006506739	-2.9957322736
29	0.0000000000	0.0006506739	-2.9957322736
30	3.1819248484	0.0006506739	-13.1715324922
31	0.0000000000	0.0006506739	-2.9957322736
32	0.0000000000	0.0006506739	-2.9957322736
33	0.0000000000	0.0006506739	-2.9957322736
34	3.1822561795	0.0006506739	-13.1714286827
35	0.0000000000	0.0006506739	-2.9957322736
36	0.0000000000	0.0006506739	-2.9957322736
37	0.0000000000	0.0006506739	-2.9957322736
38	6.3717905909	0.0006506739	-21.9586521241
39	0.0000000000	0.0006506739	-2.9957322736
40	0.0000000000	0.0006506739	-2.9957322736
41	0.0000000000	0.0006506739	-2.9957322736
42	0.0000000000	0.0006506739	-2.9957322736
43	0.0000000000	0.0006506739	-2.9957322736
44	0.0000000000	0.0006506739	-2.9957322736
45	0.0000000000	0.0006506739	-2.9957322736
46	0.0000000000	0.0006506739	-2.9957322736
47	0.0000000000	0.0006506739	-2.9957322736
48	3.1822565814	0.0006506739	-13.1714286611
49	0.0000000000	0.0006506739	-2.9957322736
50	0.0000000000	0.0006506739	-2.9957322736
51	0.0000000000	0.0006506739	-2.9957322736
52	0.0000000000	0.0006506739	-2.9957322736
53	0.0000000000	0.0006506739	-2.9957322736
54	0.0000000000	0.0006506739	-2.9957322736
55	0.0000000000	0.0006506739	-2.9957322736
56	0.0000000000	0.0006506739	-2.9957322736
57	0.0000000000	0.0006506739	-2.9957322736
58	0.0000000000	0.0006506739	-2.9957322736
59	0.0000000000	0.0006506739	-2.9957322736
60	0.0000000000	0.0006506739	-2.9957322736
61	0.0000000000	0.0006506739	-2.9957322736
62	3.1819248473	0.0006506739	-13.1715324922
63	0.0000000000	0.0006506739	-2.9957322736
64	0.0000000000	0.0006506739	-2.9957322736
65	0.0000000000	0.0006506739	-2.9957322736
66	3.1822554068	0.0006506739	-13.1714286827
67	0.0000000000	0.0006506739	-2.9957322736
68	3.1819249539	0.0006506739	-13.1715324922
69	0.0000000000	0.0006506739	-2.9957322736
70	6.3717916859	0.0006506739	-21.9586520372
71	3.1819251685	0.0006506739	-13.1715324922
72	0.0000000000	0.0006506739	-2.9957322736
73	0.0000000000	0.0006506739	-2.9957322736
74	6.3724585376	0.0006506739	-21.9584436734
75	3.1819248201	0.0006506739	-13.1715324922
76	9.5736933473	0.0006506739	-30.2188736507
77	0.0000000000	0.0006506739	-2.9957322736
78	0.0000000000	0.0006506739	-2.9957322736
79	0.0000000000	0.0006506739	-2.9957322736
80	0.0000000000	0.0006506739	-2.9957322736
81	6.3711232607	0.0006506739	-21.9588605529
82	0.0000000000	0.0006506739	-2.9957322736
83	3.1819249352	0.0006506739	-13.1715324922
84	0.0000000000	0.0006506739	-2.9957322736
85	3.1819248257	0.0006506739	-13.1715324922
86	3.1819249931	0.0006506739	-13.1715324922
87	6.3717910217	0.0006506739	-21.9586521241
88	0.0000000000	0.0006506739	-2.9957322736
89	0.0000000000	0.0006506739	-2.9957322736
90	3.1822562333	0.0006506739	-13.1714286611
91	0.0000000000	0.0006506739	-2.9957322736
92	0.0000000000	0.0006506739	-2.9957322736
93	0.0000000000	0.0006506739	-2.9957322736
94	0.0000000000	0.0006506739	-2.9957322736
95	3.1819248369	0.0006506739	-13.1715324922
96	0.0000000000	0.0006506739	-2.9957322736
97	0.0000000000	0.0006506739	-2.9957322736
98	0.0000000000	0.0006506739	-2.9957322736
99	0.0000000000	0.0006506739	-2.9957322736
100	0.0000000000	0.0006506739	-2.9957322736
101	0.0000000000	0.0006506739	-2.9957322736
102	0.0000000000	0.0006506739	-2.9957322736
103	0.0000000000	0.0006506739	-2.9957322736
104	0.0000000000	0.0006506739	-2.9957322736
105	0.0000000000	0.0006506739	-2.9957322736
106	0.0000000000	0.0006506739	-2.9957322736
107	0.0000000000	0.0006506739	-2.9957322736
108	0.0000000000	0.0006506739	-2.9957322736
109	3.1822561242	0.0006506739	-13.1714286611
110	3.1819248247	0.0006506739	-13.1715324922
111	0.0000000000	0.0006506739	-2.9957322736
112	3.1819248495	0.0006506739	-13.1715324922
113	0.0000000000	0.0006506739	-2.9957322736
114	3.1819247930	0.0006506739	-13.1715324922
115	0.0000000000	0.0006506739	-2.9957322736
116	0.0000000000	0.0006506739	-2.9957322736
117	0.0000000000	0.0006506739	-2.9957322736
118	0.0000000000	0.0006506739	-2.9957322736
119	3.1819248438	0.0006506739	-13.1715324922
120	0.0000000000	0.0006506739	-2.9957322736
121	0.0000000000	0.0006506739	-2.9957322736
122	0.0000000000	0.0006506739	-2.9957322736
123	0.0000000000	0.0006506739	-2.9957322736
124	0.0000000000	0.0006506739	-2.9957322736
