site	rate	t	lnL
1	0.0000000000	0.0007341257	-2.9957322736
2	8.4809313965	0.0007341257	-30.2204424083
3	2.8205124597	0.0007341257	-13.1714286827
4	2.8205127425	0.0007341257	-13.1714286827
5	0.0000000000	0.0007341257	-2.9957322736
6	2.8202185794	0.0007341257	-13.1715324922
7	0.0000000000	0.0007341257	-2.9957322736
8	2.8202184780	0.0007341257	-13.1715324922
9	0.0000000000	0.0007341257	-2.9957322736
10	5.6480692654	0.0007341257	-21.9584435864
11	0.0000000000	0.0007341257	-2.9957322736
12	0.0000000000	0.0007341257	-2.9957322736
13	0.0000000000	0.0007341257	-2.9957322736
14	0.0000000000	0.0007341257	-2.9957322736
15	0.0000000000	0.0007341257	-2.9957322736
16	2.8202190287	0.0007341257	-13.1715324922
17	0.0000000000	0.0007341257	-2.9957322736
18	0.0000000000	0.0007341257	-2.9957322736
19	0.0000000000	0.0007341257	-2.9957322736
20	0.0000000000	0.0007341257	-2.9957322736
21	0.0000000000	0.0007341257	-2.9957322736
22	0.0000000000	0.0007341257	-2.9957322736
23	0.0000000000	0.0007341257	-2.9957322736
24	0.0000000000	0.0007341257	-2.9957322736
25	0.0000000000	0.0007341257	-2.9957322736
26	2.8202190530	0.0007341257	-13.1715324922
27	0.0000000000	0.0007341257	-2.9957322736
28	0.0000000000	0.0007341257	-2.9957322736
29	0.0000000000	0.0007341257	-2.9957322736
30	0.0000000000	0.0007341257	-2.9957322736
31	2.8205126977	0.0007341257	-13.1714286827
32	2.8205124510	0.0007341257	-13.1714286827
33	0.0000000000	0.0007341257	-2.9957322736
34	0.0000000000	0.0007341257	-2.9957322736
35	0.0000000000	0.0007341257	-2.9957322736
36	0.0000000000	0.0007341257	-2.9957322736
37	2.8202190321	0.0007341257	-13.1715324922
38	0.0000000000	0.0007341257	-2.9957322736
39	0.0000000000	0.0007341257	-2.9957322736
40	0.0000000000	0.0007341257	-2.9957322736
41	0.0000000000	0.0007341257	-2.9957322736
42	2.8205128516	0.0007341257	-13.1714286611
43	0.0000000000	0.0007341257	-2.9957322736
44	2.8205127917	0.0007341257	-13.1714286827
45	2.8202190340	0.0007341257	-13.1715324922
46	2.8205127931	0.0007341257	-13.1714286611
47	0.0000000000	0.0007341257	-2.9957322736
48	0.0000000000	0.0007341257	-2.9957322736
49	0.0000000000	0.0007341257	-2.9957322736
50	8.4800351003	0.0007341257	-30.2207562736
51	0.0000000000	0.0007341257	-2.9957322736
52	0.0000000000	0.0007341257	-2.9957322736
53	0.0000000000	0.0007341257	-2.9957322736
54	0.0000000000	0.0007341257	-2.9957322736
55	0.0000000000	0.0007341257	-2.9957322736
56	0.0000000000	0.0007341257	-2.9957322736
57	0.0000000000	0.0007341257	-2.9957322736
58	0.0000000000	0.0007341257	-2.9957322736
59	2.8205126468	0.0007341257	-13.1714286827
60	0.0000000000	0.0007341257	-2.9957322736
61	0.0000000000	0.0007341257	-2.9957322736
62	0.0000000000	0.0007341257	-2.9957322736
63	0.0000000000	0.0007341257	-2.9957322736
64	2.8202194666	0.0007341257	-13.1715324922
65	0.0000000000	0.0007341257	-2.9957322736
66	0.0000000000	0.0007341257	-2.9957322736
67	0.0000000000	0.0007341257	-2.9957322736
68	0.0000000000	0.0007341257	-2.9957322736
69	0.0000000000	0.0007341257	-2.9957322736
70	0.0000000000	0.0007341257	-2.9957322736
71	2.8202187176	0.0007341257	-13.1715324922
72	2.8202190560	0.0007341257	-13.1715324922
73	0.0000000000	0.0007341257	-2.9957322736
74	0.0000000000	0.0007341257	-2.9957322736
75	0.0000000000	0.0007341257	-2.9957322736
76	0.0000000000	0.0007341257	-2.9957322736
77	0.0000000000	0.0007341257	-2.9957322736
78	0.0000000000	0.0007341257	-2.9957322736
79	0.0000000000	0.0007341257	-2.9957322736
80	0.0000000000	0.0007341257	-2.9957322736
81	2.8202188482	0.0007341257	-13.1715324922
82	0.0000000000	0.0007341257	-2.9957322736
83	2.8202195862	0.0007341257	-13.1715324922
84	2.8202187709	0.0007341257	-13.1715324922
85	2.8205127704	0.0007341257	-13.1714286611
86	0.0000000000	0.0007341257	-2.9957322736
87	0.0000000000	0.0007341257	-2.9957322736
88	0.0000000000	0.0007341257	-2.9957322736
89	0.0000000000	0.0007341257	-2.9957322736
90	2.8202189844	0.0007341257	-13.1715324922
91	0.0000000000	0.0007341257	-2.9957322736
92	0.0000000000	0.0007341257	-2.9957322736
93	2.8202189153	0.0007341257	-13.1715324922
94	0.0000000000	0.0007341257	-2.9957322736
95	2.8205127887	0.0007341257	-13.1714286611
96	0.0000000000	0.0007341257	-2.9957322736
97	2.8205129180	0.0007341257	-13.1714286611
98	2.8205127981	0.0007341257	-13.1714286611
99	0.0000000000	0.0007341257	-2.9957322736
100	0.0000000000	0.0007341257	-2.9957322736
101	0.0000000000	0.0007341257	-2.9957322736
102	0.0000000000	0.0007341257	-2.9957322736
103	0.0000000000	0.0007341257	-2.9957322736
104	0.0000000000	0.0007341257	-2.9957322736
105	0.0000000000	0.0007341257	-2.9957322736
106	0.0000000000	0.0007341257	-2.9957322736
107	0.0000000000	0.0007341257	-2.9957322736
108	0.0000000000	0.0007341257	-2.9957322736
109	0.0000000000	0.0007341257	-2.9957322736
110	5.6468848358	0.0007341257	-21.9588605529
111	0.0000000000	0.0007341257	-2.9957322736
112	2.8205126357	0.0007341257	-13.1714286611
113	5.6474759238	0.0007341257	-21.9586521241
114	2.8202187685	0.0007341257	-13.1715324922
115	0.0000000000	0.0007341257	-2.9957322736
116	2.8202192211	0.0007341257	-13.1715324922
117	0.0000000000	0.0007341257	-2.9957322736
118	0.0000000000	0.0007341257	-2.9957322736
119	5.6474767955	0.0007341257	-21.9586521241
120	0.0000000000	0.0007341257	-2.9957322736
121	0.0000000000	0.0007341257	-2.9957322736
122	0.0000000000	0.0007341257	-2.9957322736
123	2.8205135105	0.0007341257	-13.1714286827
124	0.0000000000	0.0007341257	-2.9957322736
