site	rate	t	lnL
1	2.9098373106	0.0057394807	-67.7035529706
2	0.7222819587	0.0057394807	-21.9588605529
3	1.8123283664	0.0057394807	-45.8046454442
4	3.2784746004	0.0057394807	-74.7191416857
5	0.0000000000	0.0057394807	-2.9957322736
6	2.9111107701	0.0057394807	-67.7001343689
7	0.0000000000	0.0057394807	-2.9957322736
8	0.7226065602	0.0057394807	-20.8593498285
9	1.4481905010	0.0057394807	-38.1398224520
10	0.7223579011	0.0057394807	-21.9586518638
11	0.3607287443	0.0057394807	-13.1715324922
12	1.8121334999	0.0057394807	-45.8051743859
13	0.7224334128	0.0057394807	-21.9584436734
14	1.0847793220	0.0057394807	-30.2204422112
15	0.0000000000	0.0057394807	-2.9957322736
16	1.0847791938	0.0057394807	-30.2204424083
17	0.7223575846	0.0057394807	-21.9586521241
18	1.0848942348	0.0057394807	-30.2201277225
19	0.7223577539	0.0057394807	-21.9586520372
20	0.0000000000	0.0057394807	-2.9957322736
21	0.7223576643	0.0057394807	-21.9586521241
22	1.8121336188	0.0057394807	-45.8051738298
23	2.1777806599	0.0057394807	-53.2646384590
24	0.0000000000	0.0057394807	-2.9957322736
25	0.7224333213	0.0057394807	-21.9584436734
26	0.0000000000	0.0057394807	-2.9957322736
27	0.7224334914	0.0057394807	-21.9584435864
28	0.0000000000	0.0057394807	-2.9957322736
29	0.7224333860	0.0057394807	-21.9584436734
30	0.0000000000	0.0057394807	-2.9957322736
31	1.8134901247	0.0057394807	-45.8014835530
32	0.0000000000	0.0057394807	-2.9957322736
33	0.3607662181	0.0057394807	-13.1714286827
34	1.4481902175	0.0057394807	-38.1398226257
35	0.3607662512	0.0057394807	-13.1714286827
36	1.4481905565	0.0057394807	-38.1398222725
37	0.0000000000	0.0057394807	-2.9957322736
38	1.0847793441	0.0057394807	-30.2204424083
39	2.1775454744	0.0057394807	-53.2652746331
40	1.0848939192	0.0057394807	-30.2201283125
41	2.1773116270	0.0057394807	-53.2659091236
42	1.4478824609	0.0057394807	-38.1406632784
43	1.4481901386	0.0057394807	-38.1398226260
44	1.8129101097	0.0057394807	-45.8030632559
45	0.3607286949	0.0057394807	-13.1715324922
46	0.3607286219	0.0057394807	-13.1715324922
47	0.3607662578	0.0057394807	-13.1714286827
48	1.8125214226	0.0057394807	-45.8041192139
49	1.4481899942	0.0057394807	-38.1398229792
50	0.3607662203	0.0057394807	-13.1714286827
51	0.0000000000	0.0057394807	-2.9957322736
52	1.0848941884	0.0057394807	-30.2201281151
53	1.4481904593	0.0057394807	-38.1398222728
54	0.0000000000	0.0057394807	-2.9957322736
55	1.0847791930	0.0057394807	-30.2204422111
56	0.7223577329	0.0057394807	-21.9586520372
57	0.0000000000	0.0057394807	-2.9957322736
58	1.4480363398	0.0057394807	-38.1402431514
59	0.3607662734	0.0057394807	-13.1714286611
60	0.0000000000	0.0057394807	-2.9957322736
61	0.0000000000	0.0057394807	-2.9957322736
62	1.4481902150	0.0057394807	-38.1398226260
63	0.0000000000	0.0057394807	-2.9957322736
64	0.0000000000	0.0057394807	-2.9957322736
65	1.8119395420	0.0057394807	-45.8057016077
66	0.7223576643	0.0057394807	-21.9586521241
67	2.1777830599	0.0057394807	-53.2646352512
68	0.0000000000	0.0057394807	-2.9957322736
69	1.4488949085	0.0057394807	-37.0392681210
70	2.1777812583	0.0057394807	-53.2646376487
71	0.0000000000	0.0057394807	-2.9957322736
72	1.0847791782	0.0057394807	-30.2204424083
73	0.0000000000	0.0057394807	-2.9957322736
74	1.0848940108	0.0057394807	-30.2201283124
75	0.3607662095	0.0057394807	-13.1714286827
76	3.2784814806	0.0057394807	-74.7191324497
77	0.0000000000	0.0057394807	-2.9957322736
78	1.8129100995	0.0057394807	-45.8030632559
79	0.7222819908	0.0057394807	-21.9588605529
80	1.0848940501	0.0057394807	-30.2201281152
81	0.7223578071	0.0057394807	-21.9586521241
82	0.7223577274	0.0057394807	-21.9586520372
83	2.9112639329	0.0057394807	-66.6010330741
84	2.1777818651	0.0057394807	-53.2646368425
85	0.3607287021	0.0057394807	-13.1715324922
86	1.0850084568	0.0057394807	-30.2198141828
87	1.4483441557	0.0057394807	-38.1394024084
88	1.8127153477	0.0057394807	-45.8035918203
89	0.0000000000	0.0057394807	-2.9957322736
90	1.4478822879	0.0057394807	-38.1406632784
91	0.0000000000	0.0057394807	-2.9957322736
92	0.3607286664	0.0057394807	-13.1715324922
93	1.4484980653	0.0057394807	-38.1389821455
94	0.0000000000	0.0057394807	-2.9957322736
95	0.3607662578	0.0057394807	-13.1714286827
96	2.5436974367	0.0057394807	-60.5560260226
97	2.5436982535	0.0057394807	-60.5560249128
98	0.7223577606	0.0057394807	-21.9586520372
99	1.8123271002	0.0057394807	-45.8046471070
100	0.0000000000	0.0057394807	-2.9957322736
101	0.0000000000	0.0057394807	-2.9957322736
102	3.6490738325	0.0057394807	-80.5195113998
103	0.0000000000	0.0057394807	-2.9957322736
104	0.0000000000	0.0057394807	-2.9957322736
105	0.7223576643	0.0057394807	-21.9586521241
106	0.7222819960	0.0057394807	-21.9588605529
107	0.7223577275	0.0057394807	-21.9586520372
108	1.4480361468	0.0057394807	-38.1402431514
109	2.5434216151	0.0057394807	-60.5567702104
110	2.9101560122	0.0057394807	-67.7026977651
111	0.0000000000	0.0057394807	-2.9957322736
112	0.3607286755	0.0057394807	-13.1715324922
113	1.8125214398	0.0057394807	-45.8041192144
114	0.3607662958	0.0057394807	-13.1714286827
115	0.7223576606	0.0057394807	-21.9586521241
116	1.0847793409	0.0057394807	-30.2204424083
117	1.4481903862	0.0057394807	-38.1398226254
118	0.7224333512	0.0057394807	-21.9584436734
119	1.0848939820	0.0057394807	-30.2201283124
120	1.0847794501	0.0057394807	-30.2204422111
121	1.4483446671	0.0057394807	-38.1394017015
122	0.0000000000	0.0057394807	-2.9957322736
123	2.5431457079	0.0057394807	-60.5575143177
124	0.7224335234	0.0057394807	-21.9584434995
