site	rate	t	lnL
1	2.0672664286	8.1388139110	-621397.4324434185
100001	0.7236721758	8.1388139110	-527312.6901512252
200001	1.2036673024	8.1388139110	-626398.1470724534
300001	1.3930787882	8.1388139110	-595066.0702480123
400001	0.0248317773	8.1388139110	-350437.6305032757
500001	1.3583294106	8.1388139110	-605599.3688062021
600001	1.2339578544	8.1388139110	-483080.3423784383
700001	0.9777802314	8.1388139110	-538276.2731690136
800001	1.5089141298	8.1388139110	-612623.3831543478
900001	1.6235426929	8.1388139110	-590451.7345632309
