site	rate	t	lnL
1	1.6317185370	0.6647649838	-557378.6767835692
100001	0.5724346225	0.6647649838	-482081.2237610033
200001	1.5026194076	0.6647649838	-544879.6512421601
300001	1.4021657839	0.6647649838	-558157.8795717001
400001	0.1860400235	0.6647649838	-298803.5529129042
500001	1.5554506330	0.6647649838	-553452.8431057386
600001	0.3730552931	0.6647649838	-476083.8923578687
700001	0.6844132970	0.6647649838	-528086.1297801727
800001	1.3728015236	0.6647649838	-561358.2778802285
900001	1.3762763412	0.6647649838	-557330.2050619388
