site	rate	t	lnL
1	2.1258060343	6.2861041693	-621249.5681048289
100001	0.7414186925	6.2861041693	-527137.7224756918
200001	1.1881263163	6.2861041693	-625909.9173311625
300001	1.3800589025	6.2861041693	-595217.8776320012
400001	0.0330755856	6.2861041693	-345816.5851424829
500001	1.4288193842	6.2861041693	-605124.5040350658
600001	1.0995795111	6.2861041693	-482833.1754344566
700001	1.0749674542	6.2861041693	-537821.2172682375
800001	1.4682656303	6.2861041693	-612510.5793257379
900001	1.5498700626	6.2861041693	-590208.1176919794
