site	rate	t	lnL
1	1.5493715810	0.4930150025	-518286.5711448564
100001	0.6597735820	0.4930150025	-434942.9757720792
200001	1.4297742976	0.4930150025	-510307.2809619737
300001	1.3551214253	0.4930150025	-504925.9556568465
400001	0.1678035158	0.4930150025	-348529.4730159674
500001	1.4270972930	0.4930150025	-510119.8227110022
600001	0.4291270930	0.4930150025	-400225.0208460591
700001	0.8058761188	0.4930150025	-453314.5852097709
800001	1.4098677139	0.4930150025	-508903.6711566604
900001	1.3384901604	0.4930150025	-503682.4631968121
