site	rate	t	lnL
1	2.7951633984	1.9319728510	-599127.5853889262
100001	0.8756801944	1.9319728510	-581087.0475525341
200001	2.0689337559	1.9319728510	-598856.1218969249
300001	2.0162398273	1.9319728510	-598793.9178706367
400001	0.1189306112	1.9319728510	-406337.7450591589
500001	2.1840626852	1.9319728510	-598956.9677402333
600001	0.7787423640	1.9319728510	-574573.4893981980
700001	0.9725298085	1.9319728510	-585921.4746111938
800001	2.1417493885	1.9319728510	-598924.7085421121
900001	2.0009298169	1.9319728510	-598773.5169225222
