site	rate	t	lnL
1	2.8121967195	1.7476902059	-599097.4227445768
100001	0.7799273086	1.7476902059	-568210.1553655283
200001	2.1375989331	1.7476902059	-598669.4137633654
300001	2.0662350005	1.7476902059	-598543.0036700860
400001	0.1163040456	1.7476902059	-397356.6591061715
500001	2.2176944683	1.7476902059	-598780.6103831605
600001	0.6084007099	1.7476902059	-549012.7528979138
700001	0.9323310544	1.7476902059	-579128.3947298375
800001	2.2241209451	1.7476902059	-598788.3419332439
900001	2.0255856670	1.7476902059	-598456.9783524569
