site	rate	t	lnL
1	2.1169091544	6.3404067158	-62172.4736338481
10001	51.8889060403	6.3404067158	-62142.9883082742
20001	3.3114350090	6.3404067158	-62140.3245202064
30001	2.5939717500	6.3404067158	-62144.3217411226
40001	2.6003802085	6.3404067158	-62166.4974844605
50001	3.0101319445	6.3404067158	-62095.2368412667
60001	2.3027670092	6.3404067158	-62144.6200846425
70001	2.2838591604	6.3404067158	-62187.0643992099
80001	2.1128596472	6.3404067158	-62095.3022074388
90001	2.4219002214	6.3404067158	-62043.7045857711
100001	0.5324622593	6.3404067158	-52336.1125313235
110001	0.5495192744	6.3404067158	-52357.2876223028
120001	0.5293882774	6.3404067158	-52342.7419094852
130001	0.5439895022	6.3404067158	-52189.1415240927
140001	0.5662061818	6.3404067158	-52237.6172747208
150001	0.5318309108	6.3404067158	-52093.9001291369
160001	0.5448317323	6.3404067158	-52276.8452490811
170001	0.5397747882	6.3404067158	-52202.8032317168
180001	0.5633690802	6.3404067158	-52346.8164988971
190001	0.5344584025	6.3404067158	-52211.3911478368
200001	1.3227244764	6.3404067158	-62556.0352377973
210001	1.2593352310	6.3404067158	-62484.2329500371
220001	1.3156921758	6.3404067158	-62650.5257694458
230001	1.3754123001	6.3404067158	-62621.5489495085
240001	1.4080920448	6.3404067158	-62473.1566152092
250001	1.3509137951	6.3404067158	-62550.1601023403
260001	1.3640838216	6.3404067158	-62575.2149001233
270001	1.3354346456	6.3404067158	-62647.4224892188
280001	1.3600804423	6.3404067158	-62539.2894855025
290001	1.3901642009	6.3404067158	-62604.6112655459
300001	1.5358818042	6.3404067158	-59582.9447611269
310001	1.6973806735	6.3404067158	-59524.6121319217
320001	1.6703957999	6.3404067158	-59358.1962143536
330001	1.6612972630	6.3404067158	-59568.6828387807
340001	1.6395879664	6.3404067158	-59470.5158342485
350001	1.6046364465	6.3404067158	-59417.5400580100
360001	1.6276230226	6.3404067158	-59331.2501078932
370001	1.6453304430	6.3404067158	-59501.9431368949
380001	1.5571284521	6.3404067158	-59444.5739133441
390001	1.7120807412	6.3404067158	-59440.4730083878
400001	0.0293667462	6.3404067158	-34516.0687754385
410001	0.0280949501	6.3404067158	-34275.5171094856
420001	0.0287967800	6.3404067158	-34419.6470494701
430001	0.0255624616	6.3404067158	-33584.0095185684
440001	0.0293481195	6.3404067158	-34583.1846159500
450001	0.0284609784	6.3404067158	-34409.5083760141
460001	0.0281897641	6.3404067158	-34244.6208586458
470001	0.0270299516	6.3404067158	-33928.3620993072
480001	0.0285250178	6.3404067158	-34414.9978240780
490001	0.0284605034	6.3404067158	-34242.6355148871
500001	1.4733608879	6.3404067158	-60513.2935413294
510001	1.4958350132	6.3404067158	-60399.0563054560
520001	1.5718303239	6.3404067158	-60495.9373392297
530001	1.5785857612	6.3404067158	-60502.8319488935
540001	1.5359076644	6.3404067158	-60479.3857735656
550001	1.4681995534	6.3404067158	-60517.6717999742
560001	1.6059797823	6.3404067158	-60410.1705686600
570001	1.5598159245	6.3404067158	-60495.8288950749
580001	1.6112249722	6.3404067158	-60457.3693573912
590001	1.5766440576	6.3404067158	-60606.0085467679
600001	0.7480241667	6.3404067158	-47493.1305403054
610001	0.7304439431	6.3404067158	-47509.9834471535
620001	0.7311033830	6.3404067158	-47522.4887351124
630001	0.7582003615	6.3404067158	-47662.9801368857
640001	0.7431550220	6.3404067158	-47404.2388604058
650001	0.7324460517	6.3404067158	-47666.4920941773
660001	0.7223761139	6.3404067158	-47540.3830053914
670001	0.7346158062	6.3404067158	-47505.5861459929
680001	0.7760106113	6.3404067158	-47662.3100321826
690001	0.7192860730	6.3404067158	-47454.8806339853
700001	0.9767209953	6.3404067158	-53719.1250953312
710001	0.9559550419	6.3404067158	-53722.5082598261
720001	0.8731487285	6.3404067158	-53741.9042985953
730001	0.8888466448	6.3404067158	-53727.2440605040
740001	0.9028029706	6.3404067158	-53679.7360804291
750001	0.9446370405	6.3404067158	-53532.0850835587
760001	1.0015134103	6.3404067158	-53812.2914073088
770001	0.8696434774	6.3404067158	-53719.1042117939
780001	0.9043419225	6.3404067158	-53776.4835975648
790001	0.9475047594	6.3404067158	-53930.1112636426
800001	1.7433865755	6.3404067158	-61361.1299430801
810001	1.7989637764	6.3404067158	-61334.0274046847
820001	1.9497210348	6.3404067158	-61294.7139626524
830001	1.8363704668	6.3404067158	-61103.5086840746
840001	1.6598167923	6.3404067158	-61469.3687738861
850001	1.6866738477	6.3404067158	-61330.5596840602
860001	1.9918917237	6.3404067158	-61243.3229864810
870001	1.7477983787	6.3404067158	-61234.1055710723
880001	2.1707670393	6.3404067158	-61241.3262135231
890001	2.1153126118	6.3404067158	-61316.4464804479
900001	1.5927702315	6.3404067158	-58889.1998089192
910001	1.8421420461	6.3404067158	-58977.0204169210
920001	1.7761891038	6.3404067158	-59028.3954992282
930001	1.6897061340	6.3404067158	-59159.3437956442
940001	1.7744511228	6.3404067158	-58978.1101873261
950001	1.6472424484	6.3404067158	-59009.1709169810
960001	1.7470177451	6.3404067158	-58955.4831032584
970001	1.7124901660	6.3404067158	-58970.1415794409
980001	1.7017513425	6.3404067158	-58876.0178633557
990001	1.8552153602	6.3404067158	-59089.9207710200
