site	rate	t	lnL
1	1.9413981700	6.4297765841	-621337.7960365884
100001	0.7556636313	6.4297765841	-527891.6786114491
200001	1.1650436995	6.4297765841	-626323.8372215114
300001	1.3690806967	6.4297765841	-595501.4050213551
400001	0.0328428722	6.4297765841	-346498.7793701608
500001	1.3930697124	6.4297765841	-605118.3623085304
600001	1.2940795488	6.4297765841	-483399.9920798814
700001	1.0397048931	6.4297765841	-538109.8876208900
800001	1.4202239728	6.4297765841	-612482.1781662663
900001	1.5408316261	6.4297765841	-590510.6708286104
