site	rate	t	lnL
1	2.1771596616	8.2951031456	-62038.0909124648
10001	2.2068351124	8.2951031456	-62051.8367762148
20001	46.9627009733	8.2951031456	-62234.0708783217
30001	1.8962357790	8.2951031456	-62226.6970395348
40001	2.2855477297	8.2951031456	-62025.0819297721
50001	2.0457949969	8.2951031456	-62167.8280064439
60001	2.3507951050	8.2951031456	-62064.2791162785
70001	1.9650052754	8.2951031456	-62147.9812226817
80001	1.9261294020	8.2951031456	-62222.7364981658
90001	1.7787145281	8.2951031456	-62126.1723013829
100001	0.6849166165	8.2951031456	-52580.7339217862
110001	0.7535564592	8.2951031456	-52825.7104880867
120001	0.7289171899	8.2951031456	-52712.3272923174
130001	0.7285680553	8.2951031456	-52726.6443905536
140001	0.7263639381	8.2951031456	-52780.1970898962
150001	0.7735489699	8.2951031456	-52732.9815645251
160001	0.7439617824	8.2951031456	-52685.6081098257
170001	0.6846922744	8.2951031456	-52476.1059330808
180001	0.7033033029	8.2951031456	-52674.4879433053
190001	0.7133603426	8.2951031456	-52558.3442077714
200001	1.1929170369	8.2951031456	-62580.0256430053
210001	1.2182988948	8.2951031456	-62580.1547485140
220001	1.2096346331	8.2951031456	-62600.7080448015
230001	1.2052460778	8.2951031456	-62573.7819678315
240001	1.1130845582	8.2951031456	-62610.7231499391
250001	1.0718310102	8.2951031456	-62502.9486877697
260001	1.1976711804	8.2951031456	-62550.0399591998
270001	1.0987741320	8.2951031456	-62603.4101096399
280001	1.2955767453	8.2951031456	-62506.3509587131
290001	1.1180596073	8.2951031456	-62510.6174219420
300001	1.2633079343	8.2951031456	-59529.0547451272
310001	1.3013577012	8.2951031456	-59407.8772870390
320001	1.3960164754	8.2951031456	-59634.4955663613
330001	1.3417950322	8.2951031456	-59644.1840345338
340001	1.3781237270	8.2951031456	-59544.8739948150
350001	1.3992628848	8.2951031456	-59558.7365261762
360001	1.4491460037	8.2951031456	-59515.2596907495
370001	1.4728745775	8.2951031456	-59500.9056043144
380001	1.3514644411	8.2951031456	-59597.3347193893
390001	1.3741496722	8.2951031456	-59450.0975229671
400001	0.0250024907	8.2951031456	-35246.3218193549
410001	0.0252173510	8.2951031456	-35294.6551002278
420001	0.0245384402	8.2951031456	-35055.0370240669
430001	0.0244489762	8.2951031456	-35108.2308246243
440001	0.0249478316	8.2951031456	-35220.0029280252
450001	0.0245226308	8.2951031456	-35200.0393854525
460001	0.0248547807	8.2951031456	-35107.9301414724
470001	0.0246406981	8.2951031456	-35073.5245622459
480001	0.0251714202	8.2951031456	-35320.0895048366
490001	0.0245409113	8.2951031456	-35134.3758451196
500001	1.3795053574	8.2951031456	-60532.8464243208
510001	1.2778274995	8.2951031456	-60644.0202084913
520001	1.3088410510	8.2951031456	-60487.1817700298
530001	1.3508408745	8.2951031456	-60477.3546608880
540001	1.3274227986	8.2951031456	-60574.8179682536
550001	1.2928129483	8.2951031456	-60350.2187632123
560001	1.3344350689	8.2951031456	-60484.0122161810
570001	1.2770716653	8.2951031456	-60561.2923979334
580001	1.4998493426	8.2951031456	-60592.2492010093
590001	1.2454834033	8.2951031456	-60542.6299035176
600001	1.2726476909	8.2951031456	-48309.3424416593
610001	1.4196917035	8.2951031456	-48473.3946358915
620001	1.4171729996	8.2951031456	-48318.0946722463
630001	1.2909556964	8.2951031456	-48369.7117630580
640001	1.3552190531	8.2951031456	-48332.7648951332
650001	1.3058707410	8.2951031456	-48342.0040499891
660001	1.3864331931	8.2951031456	-48427.8211073391
670001	1.3235265031	8.2951031456	-48384.6294292855
680001	1.3355694546	8.2951031456	-48414.5302725589
690001	1.2788316346	8.2951031456	-48381.9314749303
700001	0.9645977191	8.2951031456	-53837.0495072560
710001	1.0203633285	8.2951031456	-53870.6852646654
720001	1.0073571646	8.2951031456	-53882.2872770645
730001	1.0395670148	8.2951031456	-53810.8245059169
740001	0.9143395260	8.2951031456	-53883.4624809645
750001	0.9790834931	8.2951031456	-53815.4852001064
760001	1.0533784387	8.2951031456	-53955.4819524727
770001	1.0033529009	8.2951031456	-53776.0809461173
780001	0.9245362430	8.2951031456	-53897.1250044253
790001	1.0304169366	8.2951031456	-53889.5802446676
800001	1.3476450282	8.2951031456	-61408.6682143280
810001	1.5396730985	8.2951031456	-61353.0458139551
820001	1.5203791238	8.2951031456	-61188.6205750863
830001	1.6403375365	8.2951031456	-61396.4416198622
840001	1.5112022234	8.2951031456	-61294.9119087626
850001	1.6078166954	8.2951031456	-61224.0933868467
860001	1.8937774604	8.2951031456	-61240.0135198197
870001	1.5954524258	8.2951031456	-61270.4328144775
880001	1.7369664594	8.2951031456	-61187.9527753619
890001	1.4412795505	8.2951031456	-61260.0451962170
900001	1.6923627667	8.2951031456	-58893.3440310743
910001	1.8838227849	8.2951031456	-59146.1351738787
920001	1.4728616637	8.2951031456	-58877.1137267319
930001	1.7616344845	8.2951031456	-59022.5541600492
940001	1.5579728863	8.2951031456	-59068.2673274245
950001	1.7138711584	8.2951031456	-58970.0663583586
960001	1.5948453874	8.2951031456	-59068.5181525428
970001	1.7979928275	8.2951031456	-59066.3813288853
980001	1.4646302533	8.2951031456	-58953.5690568747
990001	1.6426122801	8.2951031456	-59025.5350912255
