site	rate	t	lnL
1	2.0131502555	8.4239378668	-621590.7993807084
100001	0.7288285861	8.4239378668	-527752.2725938797
200001	1.1495162897	8.4239378668	-625727.4680377672
300001	1.3679344392	8.4239378668	-595421.4044838125
400001	0.0245001274	8.4239378668	-352222.6359796404
500001	1.3144977839	8.4239378668	-605255.3236900646
600001	1.4522154569	8.4239378668	-483179.9687262878
700001	0.9796790758	8.4239378668	-537429.3337421910
800001	1.6999592665	8.4239378668	-612473.9948985720
900001	1.6064047240	8.4239378668	-590622.0829596868
