site	rate	t	lnL
1	2.2524518496	4.0971557294	-621459.4378015994
100001	0.4534931370	4.0971557294	-506799.0337691086
200001	1.3694834853	4.0971557294	-622439.6924249763
300001	1.7973864257	4.0971557294	-593404.8326235759
400001	0.0355922996	4.0971557294	-329454.2549904801
500001	1.7526649095	4.0971557294	-602465.4540016967
600001	0.5641381101	4.0971557294	-456762.3862446569
700001	0.7845595027	4.0971557294	-531483.8136102004
800001	1.4951194940	4.0971557294	-611787.3073441210
900001	1.8156982989	4.0971557294	-588807.9152032076
