site	rate	t	lnL
1	2.2059018895	1.3565944890	-625630.6291664859
100001	0.9299306757	1.3565944890	-626968.3219166413
200001	1.9677970297	1.3565944890	-626434.8749424672
300001	1.9695291729	1.3565944890	-642927.1161184472
400001	0.0819608897	1.3565944890	-363146.8771477243
500001	2.3979102470	1.3565944890	-634417.6309273187
600001	1.0096246194	1.3565944890	-695457.0538787167
700001	0.5813537968	1.3565944890	-696644.2049251049
800001	1.7840412377	1.3565944890	-648806.9058241708
900001	1.9865770006	1.3565944890	-643043.4694420737
