site	rate	t	lnL
1	2.1886545554	8.4114695835	-621314.4066749748
100001	0.7222515858	8.4114695835	-527300.7449681262
200001	1.1494806079	8.4114695835	-626051.5072753838
300001	1.3463303953	8.4114695835	-595202.4050544574
400001	0.0249277936	8.4114695835	-353207.1133401899
500001	1.3262357114	8.4114695835	-605588.0636343674
600001	1.4645059456	8.4114695835	-483808.1245609004
700001	0.9720887281	8.4114695835	-538064.8288379235
800001	1.6279340826	8.4114695835	-612576.1565931619
900001	1.5544893909	8.4114695835	-590166.0394549588
