site	rate	t	lnL
1	2.1073272256	6.1280154517	-621968.4349333922
100001	0.7172164999	6.1280154517	-527280.9870233876
200001	1.2114200672	6.1280154517	-625876.0820935640
300001	1.4164007983	6.1280154517	-595298.6162775535
400001	0.0330282078	6.1280154517	-343470.9113883760
500001	1.4566230290	6.1280154517	-605038.6375800738
600001	1.0371527797	6.1280154517	-482166.9248578182
700001	1.0602561578	6.1280154517	-537683.4071961832
800001	1.4436251464	6.1280154517	-612661.4560991458
900001	1.5977081093	6.1280154517	-590121.7895246050
