site	rate	t	lnL
1	2.7640163511	1.9364518617	-59912.5718789988
10001	2.7874918911	1.9364518617	-59912.7498448487
20001	2.9400712492	1.9364518617	-59913.5886877582
30001	2.6069197840	1.9364518617	-59910.8709236694
40001	3.2092770850	1.9364518617	-59914.2699461184
50001	3.4915945343	1.9364518617	-59914.5189779020
60001	2.8248420099	1.9364518617	-59913.0021799005
70001	2.9564686237	1.9364518617	-59913.6531040095
80001	3.1575850398	1.9364518617	-59914.1872909566
90001	2.7526661137	1.9364518617	-59912.4799834515
100001	0.8633693102	1.9364518617	-58048.2445860547
110001	0.8662705281	1.9364518617	-58065.4925793197
120001	0.8771490609	1.9364518617	-58128.8140051044
130001	0.8651082320	1.9364518617	-58058.6002002824
140001	0.8846311107	1.9364518617	-58171.1531704597
150001	0.8952916707	1.9364518617	-58229.8180196567
160001	0.8619249209	1.9364518617	-58039.5993064220
170001	0.8807267384	1.9364518617	-58149.1818833574
180001	0.8801287926	1.9364518617	-58145.7930070647
190001	0.8733006188	1.9364518617	-58106.6552683924
200001	2.1286841566	1.9364518617	-59891.7919491468
210001	2.1388434355	1.9364518617	-59892.6391042519
220001	2.0284203774	1.9364518617	-59881.5149058878
230001	2.2043915779	1.9364518617	-59897.4092448266
240001	2.0806860313	1.9364518617	-59887.3365482553
250001	2.1025317425	1.9364518617	-59889.4610520202
260001	1.8826278708	1.9364518617	-59858.0893069781
270001	2.0509996835	1.9364518617	-59884.1655633717
280001	2.1928717864	1.9364518617	-59896.6517828203
290001	2.1286840968	1.9364518617	-59891.7919491467
300001	2.0067882132	1.9364518617	-59878.7642155223
310001	1.8995606748	1.9364518617	-59861.4768906477
320001	2.1422747975	1.9364518617	-59892.9182062860
330001	1.9444941443	1.9364518617	-59869.5351660783
340001	2.0993519617	1.9364518617	-59889.1623864071
350001	2.0568020052	1.9364518617	-59884.8124702307
360001	2.0229270078	1.9364518617	-59880.8365692939
370001	1.9515843132	1.9364518617	-59870.6926426143
380001	1.9963016754	1.9364518617	-59877.3516922521
390001	2.0121114358	1.9364518617	-59879.4612074488
400001	0.1126575999	1.9364518617	-40246.5258189827
410001	0.1133341648	1.9364518617	-40290.6861900442
420001	0.1159131406	1.9364518617	-40457.8984889967
430001	0.1178900144	1.9364518617	-40584.8783673866
440001	0.1161172731	1.9364518617	-40471.0594713019
450001	0.1167983880	1.9364518617	-40514.8874356841
460001	0.1117118978	1.9364518617	-40184.5903681270
470001	0.1157090669	1.9364518617	-40444.7316821632
480001	0.1159811374	1.9364518617	-40462.2861299234
490001	0.1198059161	1.9364518617	-40706.9690000664
500001	2.2241798961	1.9364518617	-59898.6379173969
510001	2.2405749569	1.9364518617	-59899.5902873095
520001	2.1633552947	1.9364518617	-59894.5581819725
530001	2.1742281474	1.9364518617	-59895.3557963286
540001	2.2161731659	1.9364518617	-59898.1515279501
550001	2.1422751716	1.9364518617	-59892.9182062859
560001	2.0806863548	1.9364518617	-59887.3365482553
570001	2.1422747943	1.9364518617	-59892.9182062860
580001	2.1492053524	1.9364518617	-59893.4714717534
590001	2.2082876195	1.9364518617	-59897.6583623919
600001	0.8010366892	1.9364518617	-57638.0727499737
610001	0.7964418530	1.9364518617	-57604.6277756791
620001	0.8056728357	1.9364518617	-57671.3455640531
630001	0.7939066859	1.9364518617	-57585.9731435883
640001	0.7928961214	1.9364518617	-57578.4965137632
650001	0.7959338688	1.9364518617	-57600.9010756487
660001	0.8028347106	1.9364518617	-57651.0326800931
670001	0.7701823376	1.9364518617	-57404.2243923210
680001	0.8000119842	1.9364518617	-57630.6553827090
690001	0.7893745694	1.9364518617	-57552.2619733337
700001	0.9604812014	1.9364518617	-58549.4416649040
710001	0.9891977884	1.9364518617	-58671.0022172798
720001	0.9858864492	1.9364518617	-58657.5319125412
730001	0.9632819199	1.9364518617	-58561.7812254343
740001	0.9689298425	1.9364518617	-58586.3388960295
750001	0.9760771446	1.9364518617	-58616.8069718455
760001	0.9789644137	1.9364518617	-58628.9225458418
770001	0.9668047015	1.9364518617	-58577.1487899491
780001	0.9590864457	1.9364518617	-58543.2567574579
790001	0.9851534347	1.9364518617	-58654.5313802456
800001	2.2122155118	1.9364518617	-59897.9057909317
810001	2.3024412761	1.9364518617	-59902.7071328228
820001	2.2043914615	1.9364518617	-59897.4092448265
830001	2.1597806670	1.9364518617	-59894.2889879552
840001	2.0930557033	1.9364518617	-59888.5602112499
850001	2.2201609119	1.9364518617	-59898.3955709424
860001	2.1562317461	1.9364518617	-59894.0181366553
870001	2.1633551215	1.9364518617	-59894.5581819724
880001	2.1527075398	1.9364518617	-59893.7456304610
890001	2.2043914229	1.9364518617	-59897.4092448265
900001	1.9963017733	1.9364518617	-59877.3516922519
910001	1.9260491109	1.9364518617	-59866.3828491441
920001	1.9515847289	1.9364518617	-59870.6926426139
930001	1.9468468312	1.9364518617	-59869.9224908001
940001	1.9515845393	1.9364518617	-59870.6926426140
950001	2.1320485337	1.9364518617	-59892.0759733413
960001	2.0509996265	1.9364518617	-59884.1655633717
970001	1.9539697420	1.9364518617	-59871.0754658502
980001	2.0993542400	1.9364518617	-59889.1623864071
990001	1.9374996067	1.9364518617	-59868.3642196785
