site	rate	t	lnL
1	2.6707948866	1.9194947508	-599114.1004302280
100001	0.8691318149	1.9194947508	-580371.7608979343
200001	2.0814878521	1.9194947508	-598855.1674732309
300001	2.0544824494	1.9194947508	-598824.8738445414
400001	0.1150734371	1.9194947508	-403383.0557967317
500001	2.1717249710	1.9194947508	-598937.4563046097
600001	0.7747978019	1.9194947508	-573869.4039815845
700001	0.9731749620	1.9194947508	-585677.8210547974
800001	2.1671379566	1.9194947508	-598933.8890225622
900001	2.0076917648	1.9194947508	-598764.9235706627
