site	rate	t	lnL
1	1.9658466905	6.1431724134	-627199.2489762264
100001	0.8562933418	6.1431724134	-637672.5157901542
200001	1.6208786323	6.1431724134	-629253.0111188611
300001	1.7136410563	6.1431724134	-646800.6093758218
400001	0.0563847332	6.1431724134	-359174.1210599341
500001	1.9407342901	6.1431724134	-640409.0925121792
600001	1.1355727244	6.1431724134	-696520.7769264439
700001	0.8438003617	6.1431724134	-689437.5111592395
800001	1.8508321722	6.1431724134	-650691.5627318015
900001	1.9218529828	6.1431724134	-644024.2139239993
