site	rate	t	lnL
1	1.9376700433	2.2561102973	-620801.3293620374
100001	0.8308859518	2.2561102973	-520384.3572879805
200001	1.6103080423	2.2561102973	-626450.7465125399
300001	1.8474688643	2.2561102973	-595595.8010142552
400001	0.1070844126	2.2561102973	-324840.7174611719
500001	1.8231562827	2.2561102973	-604885.9304232521
600001	0.7758167321	2.2561102973	-473821.3162762278
700001	1.0330311313	2.2561102973	-534752.1663438573
800001	1.7618866108	2.2561102973	-612371.5921888851
900001	1.8661764556	2.2561102973	-590100.3490399556
