site	rate	t	lnL
1	2.4039657719	7.3768931274	-62087.1760497543
10001	1.6885053435	7.3768931274	-62061.5565867673
20001	1.6845929863	7.3768931274	-62066.8493499157
30001	2.0750303944	7.3768931274	-62145.1997806293
40001	2.5536314040	7.3768931274	-62246.5169621191
50001	1.9981491133	7.3768931274	-62026.5329273816
60001	1.9416787303	7.3768931274	-62081.2797198803
70001	1.5423898830	7.3768931274	-62052.7911781171
80001	1.8350348105	7.3768931274	-62196.5417969564
90001	2.1422622229	7.3768931274	-62166.8216329936
100001	1.0668589482	7.3768931274	-52822.3409601527
110001	1.1552262252	7.3768931274	-52904.2225008399
120001	1.0819921687	7.3768931274	-52743.6082891059
130001	1.0853008244	7.3768931274	-52866.9564019315
140001	1.0450583850	7.3768931274	-52821.3705318202
150001	1.1803893205	7.3768931274	-52946.6928230280
160001	1.1405755452	7.3768931274	-52936.7680384515
170001	1.1000998794	7.3768931274	-52922.3970471808
180001	1.1085430150	7.3768931274	-52906.1070636566
190001	1.1503972889	7.3768931274	-52929.2875867737
200001	1.0446874213	7.3768931274	-62674.9179277617
210001	1.0037953113	7.3768931274	-62718.6836189608
220001	1.0446944482	7.3768931274	-62637.6106851425
230001	1.1662386028	7.3768931274	-62571.8017115794
240001	1.0303330704	7.3768931274	-62730.0458718180
250001	0.9988853711	7.3768931274	-62660.2662511201
260001	1.0558919524	7.3768931274	-62559.0496088654
270001	1.0861245834	7.3768931274	-62694.5612400386
280001	1.0301043331	7.3768931274	-62592.6755518755
290001	1.0267653802	7.3768931274	-62622.4096420985
300001	1.3536015263	7.3768931274	-59533.9360736604
310001	1.3271367717	7.3768931274	-59524.3069379641
320001	1.3161266066	7.3768931274	-59541.4229045602
330001	1.4642070226	7.3768931274	-59651.5520294927
340001	1.4241191649	7.3768931274	-59484.1577025157
350001	1.4758571683	7.3768931274	-59444.4767994400
360001	1.3083341292	7.3768931274	-59457.1591241367
370001	1.2494355663	7.3768931274	-59581.5818747931
380001	1.5834818521	7.3768931274	-59449.0674387299
390001	1.3057174691	7.3768931274	-59704.5474078739
400001	0.0314555513	7.3768931274	-33737.1507075465
410001	0.0345490368	7.3768931274	-34461.0923303028
420001	0.0354737880	7.3768931274	-34603.0991417115
430001	0.0333255996	7.3768931274	-34235.0786641628
440001	0.0336867143	7.3768931274	-34358.6125398299
450001	0.0338419186	7.3768931274	-34272.9217038546
460001	0.0338089012	7.3768931274	-34275.5212127459
470001	0.0348254018	7.3768931274	-34516.7915648665
480001	0.0335519352	7.3768931274	-34257.6518229011
490001	0.0337499773	7.3768931274	-34306.9214447596
500001	1.1791102515	7.3768931274	-60643.7762363699
510001	1.3787427085	7.3768931274	-60470.7545842341
520001	1.1866063727	7.3768931274	-60478.1582681961
530001	1.2867899186	7.3768931274	-60414.9350000983
540001	1.3549951824	7.3768931274	-60507.6151801911
550001	1.5623468950	7.3768931274	-60486.1559109968
560001	1.4810712167	7.3768931274	-60559.9669065508
570001	1.3374648031	7.3768931274	-60383.9855026147
580001	1.2653053245	7.3768931274	-60652.6825369471
590001	1.2612183814	7.3768931274	-60665.4150250042
600001	1.4960764075	7.3768931274	-48358.8201478015
610001	1.3810780616	7.3768931274	-48260.5234746645
620001	1.3509357465	7.3768931274	-48263.0877454248
630001	1.4026356351	7.3768931274	-48426.5634698870
640001	1.3492922574	7.3768931274	-48409.9732920546
650001	1.5006116078	7.3768931274	-48299.5858544632
660001	1.5607446438	7.3768931274	-48346.6346063722
670001	1.4090428254	7.3768931274	-48236.6544001393
680001	1.5132948762	7.3768931274	-48366.6778366258
690001	1.4411888782	7.3768931274	-48275.3628319109
700001	1.3040060359	7.3768931274	-53855.1293273357
710001	1.1303293593	7.3768931274	-53643.9147916560
720001	1.2605537574	7.3768931274	-53764.4085163496
730001	1.2273573453	7.3768931274	-53718.2352409429
740001	1.1612719742	7.3768931274	-53856.8520611870
750001	1.2741217876	7.3768931274	-53766.8935179662
760001	1.1923701738	7.3768931274	-53779.7799724140
770001	1.3363553490	7.3768931274	-53760.3091177952
780001	1.2054720299	7.3768931274	-53802.3288808473
790001	1.2193589994	7.3768931274	-53971.6274413394
800001	0.9937861007	7.3768931274	-61315.9737278593
810001	1.0684505300	7.3768931274	-61196.6346062243
820001	1.0641813414	7.3768931274	-61263.1789831339
830001	1.0106736036	7.3768931274	-61213.7027681915
840001	1.0688564925	7.3768931274	-61170.7054460638
850001	1.0341522048	7.3768931274	-61209.3337659135
860001	1.1507173901	7.3768931274	-61116.7718243963
870001	1.0338747962	7.3768931274	-61215.5507098886
880001	1.0681403937	7.3768931274	-61274.0464999661
890001	1.0114287447	7.3768931274	-61313.4313754478
900001	1.3736051962	7.3768931274	-59065.1867456354
910001	1.4734534976	7.3768931274	-58974.5813413354
920001	1.7106481245	7.3768931274	-59068.0892365036
930001	1.4129483024	7.3768931274	-59010.8335182751
940001	1.5187380889	7.3768931274	-58976.7398234308
950001	1.4812160865	7.3768931274	-59064.3034939886
960001	1.5236091468	7.3768931274	-58933.8948643078
970001	1.5221628208	7.3768931274	-59064.3096323504
980001	1.4883131269	7.3768931274	-59132.5047748349
990001	1.5218944647	7.3768931274	-59068.3431002103
