site	rate	t	lnL
1	1.9755831258	2.2105345960	-621465.5701224364
100001	0.8094523112	2.2105345960	-518965.6052869983
200001	1.6455766956	2.2105345960	-625478.5883613289
300001	1.8749427555	2.2105345960	-595511.1792431242
400001	0.1087269457	2.2105345960	-325085.0286550695
500001	1.8499637739	2.2105345960	-605533.1227496215
600001	0.7238189617	2.2105345960	-470503.6403792785
700001	1.0173095177	2.2105345960	-533751.4793800138
800001	1.7867416689	2.2105345960	-612027.5111971195
900001	1.9451992807	2.2105345960	-590194.3153594300
