site	rate	t	lnL
1	2.1730633014	1.3566239415	-625734.5838888519
100001	0.9354711280	1.3566239415	-627475.0810895584
200001	1.9521928872	1.3566239415	-626613.2938581564
300001	1.9638357456	1.3566239415	-642171.4396202373
400001	0.0817296092	1.3566239415	-362788.8565017888
500001	2.3432281885	1.3566239415	-634528.5145562539
600001	1.0191881806	1.3566239415	-695404.3365783200
700001	0.5728862271	1.3566239415	-695912.6291322683
800001	1.8283464897	1.3566239415	-649055.5227116412
900001	1.9914440449	1.3566239415	-643085.2841972108
