site	rate	t	lnL
1	2.3986285995	1.2285224446	-625536.0655334733
100001	0.8452137115	1.2285224446	-623018.6639817900
200001	2.1019950657	1.2285224446	-626217.9153570374
300001	2.1536961503	1.2285224446	-643003.6054335916
400001	0.0854664321	1.2285224446	-359270.0862915945
500001	2.5976059102	1.2285224446	-634231.3507025809
600001	0.5869266721	1.2285224446	-683494.2557452541
700001	0.5782486282	1.2285224446	-694010.9326346039
800001	2.0325489498	1.2285224446	-648895.8403991656
900001	2.1979939375	1.2285224446	-642859.5993584816
