site	rate	t	lnL
1	2.7212025276	4.2101266058	-621846.8380260078
100001	0.8807879855	4.2101266058	-626753.3054681505
200001	2.3445109560	4.2101266058	-621107.3287480465
300001	2.5214402786	4.2101266058	-641038.1482022995
400001	0.0801281851	4.2101266058	-349577.5806223350
500001	2.6242922979	4.2101266058	-630208.3905797927
600001	0.5067743313	4.2101266058	-672047.0510124558
700001	0.6038717773	4.2101266058	-677979.2570869864
800001	2.1086312481	4.2101266058	-644558.9677315899
900001	2.6289319708	4.2101266058	-639006.7129375197
