site	rate	t	lnL
1	2.2619661400	8.3126548215	-62123.4237031788
10001	2.2938833575	8.3126548215	-62097.3658724522
20001	2.2613862691	8.3126548215	-62177.2009571338
30001	2.4311982936	8.3126548215	-62229.6146014623
40001	1.7423829828	8.3126548215	-62271.1198528830
50001	2.2339669068	8.3126548215	-62116.2492265433
60001	1.7016540892	8.3126548215	-62194.7276014814
70001	1.9094747120	8.3126548215	-62125.5599493771
80001	2.9734516204	8.3126548215	-62174.4683223586
90001	1.5997726120	8.3126548215	-62279.1121674879
100001	0.7208680766	8.3126548215	-52742.3871667269
110001	0.7347063372	8.3126548215	-52689.2812388676
120001	0.7182190622	8.3126548215	-52699.6621351872
130001	0.6628765857	8.3126548215	-52490.1020326621
140001	0.6958081100	8.3126548215	-52688.0304740373
150001	0.7146687230	8.3126548215	-52685.1272307889
160001	0.7066606686	8.3126548215	-52660.5881109723
170001	0.7566377374	8.3126548215	-52811.1822587654
180001	0.7261674476	8.3126548215	-52828.8383719112
190001	0.7407773044	8.3126548215	-52794.3797717004
200001	1.1354641933	8.3126548215	-62548.0606387056
210001	1.1288435434	8.3126548215	-62555.3824863395
220001	1.1427960355	8.3126548215	-62572.3973441447
230001	1.1455166469	8.3126548215	-62738.2523630288
240001	1.1167667392	8.3126548215	-62459.5413469160
250001	1.1900684490	8.3126548215	-62609.3052978722
260001	1.2399373634	8.3126548215	-62606.6600961687
270001	1.1093639024	8.3126548215	-62627.8497605600
280001	1.1392062512	8.3126548215	-62528.6747392317
290001	1.1818055756	8.3126548215	-62503.0930359293
300001	1.3300777166	8.3126548215	-59533.0971660976
310001	1.6183624328	8.3126548215	-59481.6386082912
320001	1.3776588918	8.3126548215	-59490.0253700812
330001	1.3731389276	8.3126548215	-59448.1738181054
340001	1.3521193082	8.3126548215	-59483.5953669598
350001	1.4190665819	8.3126548215	-59473.5159283833
360001	1.3298579951	8.3126548215	-59618.3063098156
370001	1.3002364474	8.3126548215	-59439.1491605480
380001	1.3677288981	8.3126548215	-59498.5888202938
390001	1.3140821085	8.3126548215	-59642.4275980845
400001	0.0262071185	8.3126548215	-35647.2074519926
410001	0.0237840895	8.3126548215	-34993.3790913447
420001	0.0245828222	8.3126548215	-35064.5216854290
430001	0.0250901461	8.3126548215	-35220.7806897536
440001	0.0248438146	8.3126548215	-35208.7229511305
450001	0.0247962124	8.3126548215	-35162.1788810558
460001	0.0252745350	8.3126548215	-35351.5543295043
470001	0.0250224465	8.3126548215	-35213.3991817416
480001	0.0252335449	8.3126548215	-35322.4207269064
490001	0.0250588917	8.3126548215	-35267.8905496571
500001	1.3107559760	8.3126548215	-60585.4466310705
510001	1.3091286045	8.3126548215	-60444.6129134243
520001	1.3613567140	8.3126548215	-60419.3883702452
530001	1.4078932029	8.3126548215	-60538.5210360096
540001	1.2917225022	8.3126548215	-60544.9960808022
550001	1.3659790213	8.3126548215	-60602.3159266326
560001	1.2668991173	8.3126548215	-60682.5157922090
570001	1.3296413450	8.3126548215	-60543.2711442590
580001	1.3451187895	8.3126548215	-60540.1580121400
590001	1.3371666492	8.3126548215	-60719.0054503831
600001	1.3867652345	8.3126548215	-48333.2130817803
610001	1.5511470969	8.3126548215	-48292.4133928614
620001	1.4817178223	8.3126548215	-48414.4769057450
630001	1.3612009370	8.3126548215	-48419.2024165710
640001	1.5592337049	8.3126548215	-48323.4816766165
650001	1.3597615690	8.3126548215	-48327.9854044122
660001	1.3978378112	8.3126548215	-48446.7016163038
670001	1.5040423430	8.3126548215	-48435.4412619083
680001	1.3322435515	8.3126548215	-48368.8095295797
690001	1.2793748457	8.3126548215	-48372.3171947634
700001	0.8970147061	8.3126548215	-53789.2216761147
710001	0.9312665002	8.3126548215	-53733.0466045132
720001	1.1113882138	8.3126548215	-53796.8177106321
730001	1.0780690835	8.3126548215	-53962.5757230502
740001	1.0060362774	8.3126548215	-53859.9825258036
750001	0.9557977623	8.3126548215	-53911.2812796337
760001	0.9369793351	8.3126548215	-53717.7058253260
770001	1.0272683084	8.3126548215	-53752.4118438236
780001	1.0037841705	8.3126548215	-53930.4391287705
790001	0.9662265829	8.3126548215	-53744.1562881876
800001	1.6932539170	8.3126548215	-61258.9579236581
810001	1.4699819001	8.3126548215	-61378.3074433225
820001	1.7018789210	8.3126548215	-61328.4070329449
830001	1.8100807183	8.3126548215	-61221.9317278165
840001	2.3909800306	8.3126548215	-61206.0640847875
850001	156.4177933927	8.3126548215	-61232.4101854967
860001	1.3432334136	8.3126548215	-61143.1431255680
870001	1.4338287586	8.3126548215	-61194.5059062336
880001	1.4590571860	8.3126548215	-61249.0465714589
890001	2.1045494642	8.3126548215	-61181.1524489011
900001	1.5530336951	8.3126548215	-58996.1892580326
910001	1.4756366240	8.3126548215	-58875.0759151775
920001	1.6666779460	8.3126548215	-59016.2390037012
930001	1.4749547402	8.3126548215	-59074.7293261054
940001	1.5210902172	8.3126548215	-58941.1826896715
950001	1.6664874574	8.3126548215	-59191.7515421840
960001	1.4700689359	8.3126548215	-59147.5422552105
970001	1.6366125998	8.3126548215	-59025.4501897613
980001	1.4474788042	8.3126548215	-59021.9504878097
990001	1.6248029767	8.3126548215	-59090.8967612336
