site	rate	t	lnL
1	1.8143426325	7.3438061502	-62001.7240833119
10001	2.6510252187	7.3438061502	-62093.6515128723
20001	1.7774235098	7.3438061502	-62078.6111254604
30001	1.8714062151	7.3438061502	-62083.0126121206
40001	1.7125016818	7.3438061502	-62202.8818251164
50001	1.6289328427	7.3438061502	-62069.5724274921
60001	2.0361525142	7.3438061502	-62114.6653296984
70001	2.3301548444	7.3438061502	-62035.2049513361
80001	1.7968758835	7.3438061502	-62156.5029138885
90001	1.7094027019	7.3438061502	-62271.3396921192
100001	1.1017977231	7.3438061502	-52870.4843503210
110001	1.0411526449	7.3438061502	-52931.6319453865
120001	1.1134169007	7.3438061502	-52858.8420089447
130001	1.1153050476	7.3438061502	-52921.5658186471
140001	1.1043683366	7.3438061502	-52903.0925371738
150001	1.1119412203	7.3438061502	-52828.8998287026
160001	1.0722884060	7.3438061502	-52812.4722516961
170001	1.0539373203	7.3438061502	-52821.8294822759
180001	1.0770652783	7.3438061502	-52858.1154464974
190001	0.9936813161	7.3438061502	-52839.5074252929
200001	1.0440198163	7.3438061502	-62609.5773722785
210001	1.0939753802	7.3438061502	-62579.6430177210
220001	1.0402683110	7.3438061502	-62579.5576738206
230001	1.0562229216	7.3438061502	-62754.7222862473
240001	1.0538437892	7.3438061502	-62622.0925693562
250001	1.0738120472	7.3438061502	-62732.4299850917
260001	1.0474698979	7.3438061502	-62668.3362576708
270001	1.0212391932	7.3438061502	-62704.7824735484
280001	1.0485253970	7.3438061502	-62503.3777082461
290001	1.1247451709	7.3438061502	-62559.9249808046
300001	1.3633560036	7.3438061502	-59550.3400013815
310001	1.4892484032	7.3438061502	-59485.5035544410
320001	1.4266092434	7.3438061502	-59565.3010749885
330001	1.4339885611	7.3438061502	-59562.4062047397
340001	1.3963305856	7.3438061502	-59523.8068980099
350001	1.3801415642	7.3438061502	-59415.7287180409
360001	1.4446816338	7.3438061502	-59550.7441325802
370001	1.3419935083	7.3438061502	-59409.2543744359
380001	1.4824637026	7.3438061502	-59512.3712879981
390001	1.3475836379	7.3438061502	-59554.0668141163
400001	0.0333365042	7.3438061502	-34188.7504623823
410001	0.0348667919	7.3438061502	-34478.0496712063
420001	0.0335425682	7.3438061502	-34197.8485524988
430001	0.0331991549	7.3438061502	-34091.6965842018
440001	0.0327849958	7.3438061502	-34042.2812686900
450001	0.0333678494	7.3438061502	-34195.1502191495
460001	0.0318277232	7.3438061502	-33763.3767979352
470001	0.0334172799	7.3438061502	-34177.2849511065
480001	0.0333818254	7.3438061502	-34169.5735613909
490001	0.0334222278	7.3438061502	-34193.2553472993
500001	1.2340840533	7.3438061502	-60634.1651786574
510001	1.3673163450	7.3438061502	-60658.8672783259
520001	1.3160158987	7.3438061502	-60526.5317910451
530001	1.2723276408	7.3438061502	-60507.2131434223
540001	1.3581863383	7.3438061502	-60570.4492142844
550001	1.4056731771	7.3438061502	-60521.2231923019
560001	1.2886498875	7.3438061502	-60619.7470640117
570001	1.2776513158	7.3438061502	-60497.3160124231
580001	1.4547037916	7.3438061502	-60508.4355804419
590001	1.2382827399	7.3438061502	-60465.7620596147
600001	1.4394462940	7.3438061502	-48325.7858269966
610001	1.3503078578	7.3438061502	-48259.7926476811
620001	1.3825527504	7.3438061502	-48316.6332223170
630001	1.3355875193	7.3438061502	-48411.6956996792
640001	1.4512755875	7.3438061502	-48327.1200794331
650001	1.3448480185	7.3438061502	-48354.1608823736
660001	1.3804769266	7.3438061502	-48372.3289359717
670001	1.4119624694	7.3438061502	-48320.8075393896
680001	1.4075321048	7.3438061502	-48361.1889290349
690001	1.3536818121	7.3438061502	-48382.4256108019
700001	1.2621816441	7.3438061502	-53991.3226434216
710001	1.2615329941	7.3438061502	-53979.8823801482
720001	1.3084950311	7.3438061502	-54020.2696495079
730001	1.2150334131	7.3438061502	-53824.8686478961
740001	1.3358002805	7.3438061502	-53758.7518602908
750001	1.2084542245	7.3438061502	-53975.5148416165
760001	1.1801280950	7.3438061502	-53946.3969005269
770001	1.2505038136	7.3438061502	-53793.8602623485
780001	1.1941575999	7.3438061502	-53705.9302266095
790001	1.2164110575	7.3438061502	-53788.8640322060
800001	1.0382055842	7.3438061502	-61197.5341132938
810001	0.9864076974	7.3438061502	-61159.9918792873
820001	1.1607885727	7.3438061502	-61132.4489058599
830001	1.0263825309	7.3438061502	-61283.4773402682
840001	1.0885261093	7.3438061502	-61196.4744220095
850001	1.0734194690	7.3438061502	-61276.6641220814
860001	1.0342587321	7.3438061502	-61108.6779773030
870001	1.0425262371	7.3438061502	-61292.8818266524
880001	0.9932891181	7.3438061502	-61218.9516919944
890001	1.1087475932	7.3438061502	-61255.6067656684
900001	1.7898313853	7.3438061502	-59080.5317465065
910001	1.5737438935	7.3438061502	-59025.8420546322
920001	1.4957095819	7.3438061502	-59076.1752708295
930001	1.4442335041	7.3438061502	-58962.6839788152
940001	1.5415967931	7.3438061502	-59136.3770175731
950001	1.5833438114	7.3438061502	-58993.0289918100
960001	1.5007737882	7.3438061502	-59010.5396034492
970001	1.5532046909	7.3438061502	-59105.4815239119
980001	1.4807395265	7.3438061502	-59074.1460288277
990001	1.8712405951	7.3438061502	-59051.5919420690
