site	rate	t	lnL
1	2.8123443289	1.7880797671	-599107.2369940249
100001	0.7999460061	1.7880797671	-571414.2936611582
200001	2.1805236502	1.7880797671	-598796.3448704676
300001	2.0955195230	1.7880797671	-598679.3150791982
400001	0.1162872655	1.7880797671	-398975.5234278179
500001	2.2344666618	1.7880797671	-598855.1674732302
600001	0.6352740866	1.7880797671	-554521.8102350249
700001	0.9368935679	1.7880797671	-580586.0020028251
800001	2.2438227964	1.7880797671	-598864.3335696884
900001	2.0402001548	1.7880797671	-598583.4659497747
