site	rate	t	lnL
1	1.5675749356	0.7030231529	-559040.1942017850
100001	0.6196814424	0.7030231529	-414021.8264942192
200001	1.6701008687	0.7030231529	-546765.8301107141
300001	1.5028029459	0.7030231529	-526044.2883957664
400001	0.0935976897	0.7030231529	-285878.1196583603
500001	1.7513139567	0.7030231529	-536041.0676036936
600001	0.4173741918	0.7030231529	-357811.3167358447
700001	0.6348279179	0.7030231529	-444441.5723185361
800001	1.3653995719	0.7030231529	-540182.2818549693
900001	1.4237463661	0.7030231529	-521730.5382703015
