site	rate	t	lnL
1	1.8780004372	7.4602101174	-621493.2777136907
100001	1.0738635537	7.4602101174	-528217.0754351869
200001	1.0444397532	7.4602101174	-626201.2841120551
300001	1.4519647462	7.4602101174	-595252.1330566540
400001	0.0334786749	7.4602101174	-342474.6110606650
500001	1.3229663103	7.4602101174	-605533.3509609898
600001	1.5407706320	7.4602101174	-483472.1896207255
700001	1.2518839887	7.4602101174	-539301.1039857377
800001	1.0420184154	7.4602101174	-612434.4475247494
900001	1.4607234394	7.4602101174	-591007.5984738227
