site	rate	t	lnL
1	1.9980343766	2.2169103938	-621290.7952920791
100001	0.8130620078	2.2169103938	-519097.2048473171
200001	1.6466999751	2.2169103938	-625699.4499248966
300001	1.9182768249	2.2169103938	-595347.8762980334
400001	0.1072747064	2.2169103938	-324146.1311616249
500001	1.8479102629	2.2169103938	-605537.1678896532
600001	0.7213946583	2.2169103938	-470574.2652569766
700001	1.0239517148	2.2169103938	-534925.7771204363
800001	1.8032388684	2.2169103938	-612139.5479814376
900001	1.9210290931	2.2169103938	-590586.7147474011
