site	rate	t	lnL
1	2.9606861696	1.9085107889	-599134.9517045816
100001	0.8601084605	1.9085107889	-579523.7127562602
200001	2.0866177310	1.9085107889	-598847.8027525856
300001	2.0634683277	1.9085107889	-598821.5353506092
400001	0.1163965442	1.9085107889	-403805.6984437350
500001	2.1708508049	1.9085107889	-598926.9505617878
600001	0.7488916639	1.9085107889	-571364.6194410002
700001	0.9735519391	1.9085107889	-585451.1328714383
800001	2.1968500892	1.9085107889	-598946.9215675142
900001	2.0383218520	1.9085107889	-598790.4375544940
