site	rate	t	lnL
1	1.7090375176	1.7042565515	-60697.9876445781
10001	1.7297305461	1.7042565515	-60855.9265395980
20001	1.6721443196	1.7042565515	-60774.7062476266
30001	1.7525031670	1.7042565515	-60747.8653397992
40001	1.7440260310	1.7042565515	-60750.1461710660
50001	1.6497148543	1.7042565515	-60709.7994768432
60001	1.7789107466	1.7042565515	-60779.3353541956
70001	1.6788287551	1.7042565515	-60698.9037235587
80001	1.7422973332	1.7042565515	-60803.6921265265
90001	1.7297774836	1.7042565515	-60774.8346821507
100001	0.5387504411	1.7042565515	-47282.6972038675
110001	0.5177742051	1.7042565515	-46862.5135804544
120001	0.5389173536	1.7042565515	-47144.8358447993
130001	0.5246644005	1.7042565515	-46764.9204495947
140001	0.5045444440	1.7042565515	-46576.7317272356
150001	0.5175479966	1.7042565515	-46811.9294230048
160001	0.5290130828	1.7042565515	-47009.6602705797
170001	0.5331167564	1.7042565515	-47038.0780330750
180001	0.5131859646	1.7042565515	-46900.2686712218
190001	0.5191206759	1.7042565515	-46706.3384135051
200001	1.3759954857	1.7042565515	-59844.9042680524
210001	1.4371861035	1.7042565515	-60129.8613373561
220001	1.4076872140	1.7042565515	-59934.5603783457
230001	1.3921692974	1.7042565515	-60034.6440041336
240001	1.3873552667	1.7042565515	-60018.2561960111
250001	1.4340997921	1.7042565515	-60040.7783400425
260001	1.3671646756	1.7042565515	-59898.0706332954
270001	1.4161978112	1.7042565515	-59939.1293647971
280001	1.4076822414	1.7042565515	-60072.4742402797
290001	1.4013389026	1.7042565515	-60134.5806967303
300001	1.5855771164	1.7042565515	-57590.9744301484
310001	1.5590430729	1.7042565515	-57530.0507263175
320001	1.5659921562	1.7042565515	-57570.2186536423
330001	1.4588485127	1.7042565515	-57344.9526925403
340001	1.5590697722	1.7042565515	-57585.5835459660
350001	1.5213213017	1.7042565515	-57525.2469421608
360001	1.5514063686	1.7042565515	-57579.9356403831
370001	1.5623746838	1.7042565515	-57665.9109659237
380001	1.5710609863	1.7042565515	-57746.7579283397
390001	1.5457263086	1.7042565515	-57525.7994613541
400001	0.0782087816	1.7042565515	-30546.4919160631
410001	0.0783293343	1.7042565515	-30633.7699317952
420001	0.0795554011	1.7042565515	-30668.6809927672
430001	0.0805732299	1.7042565515	-30805.5689571262
440001	0.0747484395	1.7042565515	-30331.9604904899
450001	0.0767747071	1.7042565515	-30422.7390548422
460001	0.0797980098	1.7042565515	-30670.0994764531
470001	0.0807047464	1.7042565515	-30781.8661001662
480001	0.0786800442	1.7042565515	-30590.6589043535
490001	0.0781611580	1.7042565515	-30515.8503778296
500001	1.6394350411	1.7042565515	-58235.8056924875
510001	1.6347155648	1.7042565515	-58407.5387805971
520001	1.6829609904	1.7042565515	-58331.4561184835
530001	1.7054566571	1.7042565515	-58482.6932311089
540001	1.6916491309	1.7042565515	-58454.3679182307
550001	1.7343227123	1.7042565515	-58696.0332268065
560001	1.7594432480	1.7042565515	-58649.1595260254
570001	1.7248855195	1.7042565515	-58622.4312510617
580001	1.6627766843	1.7042565515	-58249.8866062369
590001	1.6969509326	1.7042565515	-58431.8618961278
600001	0.3926645965	1.7042565515	-40368.1847891619
610001	0.4251889226	1.7042565515	-40993.5396881734
620001	0.4039645562	1.7042565515	-40510.5701042581
630001	0.4060967486	1.7042565515	-40652.4492951283
640001	0.4101766163	1.7042565515	-40673.5656772903
650001	0.4186967468	1.7042565515	-40768.3717397367
660001	0.3977488938	1.7042565515	-40584.3959531069
670001	0.4062715858	1.7042565515	-40710.0346962354
680001	0.4150428109	1.7042565515	-40866.2829494712
690001	0.3845021065	1.7042565515	-40435.6772534273
700001	0.7538411406	1.7042565515	-50371.7150669167
710001	0.7230441658	1.7042565515	-50123.7869562539
720001	0.7429072751	1.7042565515	-50466.1783454362
730001	0.7555874507	1.7042565515	-50444.8414827819
740001	0.7422323614	1.7042565515	-50151.1379749462
750001	0.7144570813	1.7042565515	-49987.5292637710
760001	0.7093679997	1.7042565515	-50056.9553437468
770001	0.7182853264	1.7042565515	-50086.0046847483
780001	0.7174180253	1.7042565515	-49991.1309059533
790001	0.7512313954	1.7042565515	-50415.5206592348
800001	1.4423330392	1.7042565515	-59272.3858397156
810001	1.3546903770	1.7042565515	-58900.6703362322
820001	1.4287807324	1.7042565515	-59045.2645502797
830001	1.3771376769	1.7042565515	-59012.9501921898
840001	1.4102895128	1.7042565515	-58962.3779453148
850001	1.4023330820	1.7042565515	-59105.2834316168
860001	1.4184935019	1.7042565515	-58964.2609749032
870001	1.3813467751	1.7042565515	-59032.6700063117
880001	1.4083657182	1.7042565515	-58914.0875375683
890001	1.3764493217	1.7042565515	-58984.5447198741
900001	1.5355533885	1.7042565515	-57050.6036815217
910001	1.5766679260	1.7042565515	-57107.5616676181
920001	1.4834865133	1.7042565515	-57025.2419713447
930001	1.5475033020	1.7042565515	-56949.3059430764
940001	1.5619454525	1.7042565515	-57105.0931505143
950001	1.5535766835	1.7042565515	-57108.4174557099
960001	1.4763392294	1.7042565515	-57021.8992087851
970001	1.4998393414	1.7042565515	-57073.0985619387
980001	1.5765055007	1.7042565515	-57202.2803569143
990001	1.5506190357	1.7042565515	-57123.3071832799
