site	rate	t	lnL
1	2.0625644689	2.0598923368	-621110.3126769633
100001	0.7507488484	2.0598923368	-512594.3102804194
200001	1.7416216245	2.0598923368	-625624.4697664881
300001	1.9046033604	2.0598923368	-595079.3376491206
400001	0.1096097440	2.0598923368	-321282.8729563822
500001	1.9368343919	2.0598923368	-605791.3510027574
600001	0.6138123569	2.0598923368	-460412.0219695279
700001	0.9782267429	2.0598923368	-532399.5562950767
800001	1.9077031530	2.0598923368	-612593.2443973662
900001	1.9578184040	2.0598923368	-590217.8438617785
