site	rate	t	lnL
1	2.2552204569	1.3203609348	-625290.8128149976
100001	0.9039959621	1.3203609348	-626613.2808759960
200001	2.0350645218	1.3203609348	-626214.4886454314
300001	2.0929259859	1.3203609348	-642446.3178449840
400001	0.0827783514	1.3203609348	-361878.9537737715
500001	2.4898778826	1.3203609348	-634711.9833143783
600001	0.7499323282	1.3203609348	-692154.5111279262
700001	0.5799250654	1.3203609348	-696005.6709547051
800001	1.9224599823	1.3203609348	-649093.8609432412
900001	2.0492111608	1.3203609348	-642619.8905526875
