site	rate	t	lnL
1	2.1071852120	6.0442824073	-627305.2330405092
100001	0.8473657037	6.0442824073	-636962.8440462714
200001	1.7062146683	6.0442824073	-629297.3257820661
300001	1.7765802460	6.0442824073	-647250.4188001180
400001	0.0555259557	6.0442824073	-357078.3414833732
500001	1.9600983480	6.0442824073	-640562.9849520865
600001	1.0700213638	6.0442824073	-695580.8736851364
700001	0.8352466424	6.0442824073	-689090.0051336917
800001	1.8026674028	6.0442824073	-650881.6936603892
900001	1.9865911167	6.0442824073	-643952.0064342833
