site	rate	t	lnL
1	4.2990106859	18.0841451451	-5.9914645471
100001	0.8584614195	0.8704111415	-10.3221978874
200001	2.8958348363	30.4980422443	-11.9829290942
300001	2.5426416123	1374.3299505580	-11.9829290942
400001	0.7166369135	1.0426680728	-10.3221978874
500001	0.7106144633	1.0515046162	-10.3221978874
600001	0.8078014108	0.9249975906	-10.3221978874
700001	8.8299084052	9999.9999999983	-11.9829290937
800001	10.1582925606	145.6589676461	-11.9829290942
900001	10.7859441731	53.7983812602	-11.9829290942
