site	rate	t	lnL
1	2.9183177968	1.8642962968	-599129.0335489224
100001	0.8388477238	1.8642962968	-576849.7425853625
200001	2.1708239648	1.8642962968	-598882.5670621926
300001	2.0652753422	1.8642962968	-598762.4005280165
400001	0.1169265669	1.8642962968	-402407.8012931040
500001	2.2044952814	1.8642962968	-598912.4779777902
600001	0.6968692224	1.8642962968	-564838.1023785154
700001	0.9615773367	1.8642962968	-583871.7162619648
800001	2.2363908283	1.8642962968	-598937.7295548269
900001	2.0386114539	1.8642962968	-598724.4115944321
