site	rate	t	lnL
1	2.3311818119	6.3680486863	-61977.4668769797
10001	1.6984477344	6.3680486863	-62128.2660290749
20001	2.4769294129	6.3680486863	-62114.7048545092
30001	1.6971158506	6.3680486863	-62116.2366524703
40001	448.7949405997	6.3680486863	-62051.3749188820
50001	1.9791377653	6.3680486863	-62040.1708022908
60001	2.5740397269	6.3680486863	-61992.2210095709
70001	1.7375574813	6.3680486863	-62147.5311731008
80001	2.6476205632	6.3680486863	-62179.0367607740
90001	2.3036597014	6.3680486863	-62090.2760361573
100001	0.9287975294	6.3680486863	-52753.7076107340
110001	0.9318042176	6.3680486863	-52401.9273559686
120001	0.9038686315	6.3680486863	-52543.0704806045
130001	0.8985383267	6.3680486863	-52672.4136355222
140001	0.9382257962	6.3680486863	-52652.1325957901
150001	0.9625099245	6.3680486863	-52719.5621350565
160001	0.8779414522	6.3680486863	-52540.7873883137
170001	0.9151094279	6.3680486863	-52566.5487714327
180001	0.9029605583	6.3680486863	-52590.4002481533
190001	0.9977273548	6.3680486863	-52789.8465069283
200001	1.1886319563	6.3680486863	-62671.9576251020
210001	1.1655557603	6.3680486863	-62670.7355104452
220001	1.2228824006	6.3680486863	-62668.6765291308
230001	1.2538892153	6.3680486863	-62621.4080774549
240001	1.0771191356	6.3680486863	-62588.0636625027
250001	1.1828775242	6.3680486863	-62570.0447839202
260001	1.1656740858	6.3680486863	-62616.3265875566
270001	1.1423917985	6.3680486863	-62408.3131198660
280001	1.1850527145	6.3680486863	-62686.4443348622
290001	1.1492848762	6.3680486863	-62660.9599911120
300001	1.5250788168	6.3680486863	-59631.1879988387
310001	1.5697525189	6.3680486863	-59492.0542916407
320001	1.5991856728	6.3680486863	-59514.7642538374
330001	1.7161601897	6.3680486863	-59574.2087578324
340001	1.6023059669	6.3680486863	-59479.1758328706
350001	1.6398897937	6.3680486863	-59554.7719907871
360001	1.5244914244	6.3680486863	-59540.0837896321
370001	1.5668613841	6.3680486863	-59602.9887470483
380001	1.6875993842	6.3680486863	-59579.4424160511
390001	1.5171506109	6.3680486863	-59545.0258801798
400001	0.0377000935	6.3680486863	-34136.4457321452
410001	0.0358040805	6.3680486863	-33719.0768833781
420001	0.0346776994	6.3680486863	-33507.8969933499
430001	0.0373953427	6.3680486863	-34038.3663168629
440001	0.0374577216	6.3680486863	-34052.7761034683
450001	0.0376481513	6.3680486863	-34118.7170457146
460001	0.0363642015	6.3680486863	-33810.7144102030
470001	0.0372271431	6.3680486863	-33970.5356309846
480001	0.0356367647	6.3680486863	-33639.5951697681
490001	0.0360049610	6.3680486863	-33735.8212591234
500001	1.4715517511	6.3680486863	-60549.7874068506
510001	1.4639401766	6.3680486863	-60547.2310283912
520001	1.4951997285	6.3680486863	-60539.4378983851
530001	1.5919956197	6.3680486863	-60540.3207674565
540001	1.4297171341	6.3680486863	-60528.9312320917
550001	1.4781932636	6.3680486863	-60602.8489106570
560001	1.3827448170	6.3680486863	-60564.4824843640
570001	1.3877525067	6.3680486863	-60395.4610426898
580001	1.3924480721	6.3680486863	-60559.6106849151
590001	1.4852507060	6.3680486863	-60473.0061754310
600001	0.9022917434	6.3680486863	-47811.8897777507
610001	0.9333187661	6.3680486863	-47891.3173051756
620001	0.9122228912	6.3680486863	-47923.8873510599
630001	0.9212160880	6.3680486863	-47956.4195456496
640001	0.9298392161	6.3680486863	-47920.5031835257
650001	0.9484232297	6.3680486863	-47926.0842807176
660001	0.9485697924	6.3680486863	-47920.3324842976
670001	0.9627829217	6.3680486863	-47984.6858824961
680001	0.9116132283	6.3680486863	-47847.3271912265
690001	0.9503177330	6.3680486863	-47969.8772153086
700001	1.1769077056	6.3680486863	-53801.7498338496
710001	1.1078742616	6.3680486863	-53760.0410447904
720001	1.1723608686	6.3680486863	-53709.9081331137
730001	1.1616188341	6.3680486863	-53934.4610798566
740001	1.0845368456	6.3680486863	-53670.6561241749
750001	1.1127379302	6.3680486863	-53878.3679716171
760001	1.1824209864	6.3680486863	-53906.2131218374
770001	1.1768691895	6.3680486863	-53869.3202331336
780001	1.1411492840	6.3680486863	-53781.4622322440
790001	1.2014234605	6.3680486863	-54012.2966279220
800001	1.1451935270	6.3680486863	-61284.4654269260
810001	1.2184225815	6.3680486863	-61253.2200586168
820001	1.1457267803	6.3680486863	-61196.6776659252
830001	1.1186566115	6.3680486863	-61253.0307009805
840001	1.2776600172	6.3680486863	-61170.0166249367
850001	1.2154065447	6.3680486863	-61297.0772566129
860001	1.1397351730	6.3680486863	-61349.8706696051
870001	1.2264239095	6.3680486863	-61258.2322194612
880001	1.1217423338	6.3680486863	-61164.5392329856
890001	1.1743418746	6.3680486863	-61164.9991482995
900001	1.6669236591	6.3680486863	-59078.9266939555
910001	1.7934168733	6.3680486863	-59073.9689272272
920001	1.6643600629	6.3680486863	-58975.5569960051
930001	1.6258397109	6.3680486863	-59082.0593838846
940001	1.7267992869	6.3680486863	-58965.2094406140
950001	1.6421871179	6.3680486863	-59117.1047307134
960001	1.5224383532	6.3680486863	-59106.6439679941
970001	1.6946001607	6.3680486863	-59056.7390058176
980001	1.6844253257	6.3680486863	-59097.4592078274
990001	1.7312338573	6.3680486863	-59162.6859424433
