site	rate	t	lnL
1	2.3378317619	5.0544198328	-622525.7205565064
100001	1.0459772215	5.0544198328	-632648.1121753766
200001	2.0232269493	5.0544198328	-620827.5854246176
300001	2.1494336927	5.0544198328	-640308.0177481814
400001	0.0730920443	5.0544198328	-355615.6468158143
500001	2.3085518696	5.0544198328	-630335.9341044875
600001	1.1187591736	5.0544198328	-688217.9966306485
700001	0.6476260455	5.0544198328	-681567.3217372816
800001	1.8674987292	5.0544198328	-644571.5917500921
900001	2.2916016436	5.0544198328	-639070.8625970873
