site	rate	t	lnL
1	2.0707230714	6.0910947919	-627033.5629286300
100001	0.8480247471	6.0910947919	-637630.4819424128
200001	1.6482026921	6.0910947919	-628493.7233918756
300001	1.7551371061	6.0910947919	-647039.5161577322
400001	0.0559184937	6.0910947919	-357963.8291254248
500001	2.0510440708	6.0910947919	-641164.0832378288
600001	1.0872614065	6.0910947919	-696115.6412479462
700001	0.8447956215	6.0910947919	-689481.3148562219
800001	1.9218590440	6.0910947919	-650464.1422218392
900001	1.8892265814	6.0910947919	-644027.4807428169
