site	rate	t	lnL
1	1.7288571751	0.8755201974	-574938.0552081845
100001	0.6441511561	0.8755201974	-487815.6082762338
200001	1.5490502434	0.8755201974	-567864.8005595598
300001	1.4855606552	0.8755201974	-564919.3962543366
400001	0.1445884697	0.8755201974	-368099.5630530736
500001	1.5527896553	0.8755201974	-568030.4076712844
600001	0.4386402875	0.8755201974	-450109.3211355903
700001	0.8185575324	0.8755201974	-511960.4761693739
800001	1.5369343117	0.8755201974	-567322.3691315575
900001	1.4553283971	0.8755201974	-563424.0933664551
