site	rate	t	lnL
1	4.0230023846	1.9321255799	-59914.6286713538
10001	2.4855206678	1.9321255799	-59908.5341653676
20001	2.7702032297	1.9321255799	-59912.5718789988
30001	3.4128713105	1.9321255799	-59914.4690182009
40001	12.4184461584	1.9321255799	-59914.6454710790
50001	2.8856978675	1.9321255799	-59913.3112046494
60001	3.0541234975	1.9321255799	-59913.9452814999
70001	3.1175798526	1.9321255799	-59914.0965362470
80001	2.6663456897	1.9321255799	-59911.5661439076
90001	3.0345912816	1.9321255799	-59913.8908450451
100001	0.8857063317	1.9321255799	-58166.0915628878
110001	0.8740751447	1.9321255799	-58099.8176849973
120001	0.8638548647	1.9321255799	-58039.5993064220
130001	0.8595358467	1.9321255799	-58013.5785966491
140001	0.8773291732	1.9321255799	-58118.5989604626
150001	0.8869141933	1.9321255799	-58172.8392126447
160001	0.8905547492	1.9321255799	-58193.0263873517
170001	0.8820995938	1.9321255799	-58145.7930070645
180001	0.8714275752	1.9321255799	-58084.3996442439
190001	0.8926902008	1.9321255799	-58204.7635073124
200001	2.0946150441	1.9321255799	-59888.2567062192
210001	2.0385272547	1.9321255799	-59882.1869905499
220001	2.2132335423	1.9321255799	-59897.6583623919
230001	2.0329623062	1.9321255799	-59881.5149058878
240001	2.0884166124	1.9321255799	-59887.6448724857
250001	2.2455914642	1.9321255799	-59899.5902873094
260001	2.1267722523	1.9321255799	-59891.2189949301
270001	2.1864897690	1.9321255799	-59895.8792086906
280001	2.2414346044	1.9321255799	-59899.3547522898
290001	2.0792559420	1.9321255799	-59886.7150961986
300001	2.0247275999	1.9321255799	-59880.4950617796
310001	2.0584909074	1.9321255799	-59884.4898079012
320001	2.0193055482	1.9321255799	-59879.8073787737
330001	2.0086331953	1.9321255799	-59878.4133990508
340001	1.9853973327	1.9321255799	-59875.1868037253
350001	1.9853966090	1.9321255799	-59875.1868037253
360001	2.0086336684	1.9321255799	-59878.4133990507
370001	2.0672880223	1.9321255799	-59885.4530396153
380001	2.0139419780	1.9321255799	-59879.1134856757
390001	2.0977423413	1.9321255799	-59888.5602112500
400001	0.1163772917	1.9321255799	-40471.0594713019
410001	0.1177434443	1.9321255799	-40558.6510169140
420001	0.1139272768	1.9321255799	-40312.7417128812
430001	0.1154231344	1.9321255799	-40409.5916684893
440001	0.1131809688	1.9321255799	-40264.1978713962
450001	0.1157636987	1.9321255799	-40431.5590438010
460001	0.1112185761	1.9321255799	-40135.8355654047
470001	0.1162408800	1.9321255799	-40462.2861299233
480001	0.1160363411	1.9321255799	-40449.1212653760
490001	0.1127743444	1.9321255799	-40237.6858342434
500001	2.0853450160	1.9321255799	-59887.3365482554
510001	2.0385276807	1.9321255799	-59882.1869905500
520001	2.4855199141	1.9321255799	-59908.5341653675
530001	2.1267718755	1.9321255799	-59891.2189949301
540001	2.1790956370	1.9321255799	-59895.3557963283
550001	2.1977842206	1.9321255799	-59896.6517828203
560001	2.2291639100	1.9321255799	-59898.6379173974
570001	2.1436324962	1.9321255799	-59892.6391042519
580001	2.1267727526	1.9321255799	-59891.2189949301
590001	2.1718064482	1.9321255799	-59894.8257163105
600001	0.7601788767	1.9321255799	-57309.6203828695
610001	0.7949244950	1.9321255799	-57580.3664619543
620001	0.7753071263	1.9321255799	-57431.0276714815
630001	0.7831640475	1.9321255799	-57491.9114729757
640001	0.7716648514	1.9321255799	-57402.3060064896
650001	0.7873870348	1.9321255799	-57524.0393516290
660001	0.7921481401	1.9321255799	-57559.7680731839
670001	0.7489423139	1.9321255799	-57215.7621941428
680001	0.7745766184	1.9321255799	-57425.2926249342
690001	0.7819285085	1.9321255799	-57482.4334244964
700001	1.0011221882	1.9321255799	-58709.6199836783
710001	0.9807939291	1.9321255799	-58627.4103462706
720001	0.9786238749	1.9321255799	-58618.3236640035
730001	0.9654390338	1.9321255799	-58561.7812254342
740001	0.9962447819	1.9321255799	-58690.3663187549
750001	0.9587967191	1.9321255799	-58532.4089612652
760001	0.9657909422	1.9321255799	-58563.3208294615
770001	0.9833371414	1.9321255799	-58637.9822353343
780001	0.9880939212	1.9321255799	-58657.5319125412
790001	0.9529249793	1.9321255799	-58505.9364927998
800001	2.2455916019	1.9321255799	-59899.5902873093
810001	2.2016016762	1.9321255799	-59896.9059525641
820001	2.2054503756	1.9321255799	-59897.1584407239
830001	2.2540085103	1.9321255799	-59900.0562271274
840001	2.2211358802	1.9321255799	-59898.1515279500
850001	2.2756660624	1.9321255799	-59901.1910302892
860001	2.1301004275	1.9321255799	-59891.5062889020
870001	2.0441533040	1.9321255799	-59882.8528063729
880001	2.1040540849	1.9321255799	-59889.1623864069
890001	2.3889505372	1.9321255799	-59905.8497717177
900001	2.0247243004	1.9321255799	-59880.4950617791
910001	1.9583443536	1.9321255799	-59871.0754658502
920001	2.0033813464	1.9321255799	-59877.7071353690
930001	2.0139420463	1.9321255799	-59879.1134856757
940001	2.0007718376	1.9321255799	-59877.3516922521
950001	2.0614070876	1.9321255799	-59884.8124702307
960001	1.9753960975	1.9321255799	-59873.7129972793
970001	1.9879306436	1.9321255799	-59875.5514452618
980001	1.9778781448	1.9321255799	-59874.0837309524
990001	2.0441533905	1.9321255799	-59882.8528063731
