site	rate	t	lnL
1	2.1867972472	6.3502198203	-62158.2902395006
10001	2.2287030972	6.3502198203	-62204.3668330646
20001	2.7180156246	6.3502198203	-62152.7380400720
30001	2.2685099346	6.3502198203	-62093.5663581104
40001	1.9255542171	6.3502198203	-62104.4230920745
50001	2.2376080564	6.3502198203	-62051.1813219370
60001	2.1668136944	6.3502198203	-62181.6688078345
70001	2.2621086367	6.3502198203	-62143.8775405106
80001	3.0589052501	6.3502198203	-62046.5483712828
90001	2.2129186386	6.3502198203	-62107.8531339478
100001	0.5277107862	6.3502198203	-52251.8682322175
110001	0.5148079970	6.3502198203	-52227.0608561372
120001	0.5263902480	6.3502198203	-52247.9184911441
130001	0.5247094923	6.3502198203	-52267.7590548998
140001	0.5302686239	6.3502198203	-52250.8684564799
150001	0.5545669800	6.3502198203	-52230.6421592209
160001	0.5890077521	6.3502198203	-52438.9726320069
170001	0.5197682938	6.3502198203	-52027.9473114748
180001	0.5387115036	6.3502198203	-52147.0976672279
190001	0.5465544807	6.3502198203	-52226.8216344667
200001	1.3466519265	6.3502198203	-62666.5855735683
210001	1.2974895820	6.3502198203	-62684.3813965425
220001	1.3529771624	6.3502198203	-62522.1625968794
230001	1.3150335175	6.3502198203	-62596.2239115395
240001	1.4014122533	6.3502198203	-62582.6082058673
250001	1.3205115444	6.3502198203	-62672.8299053891
260001	1.3182310035	6.3502198203	-62461.4951472836
270001	1.3017627096	6.3502198203	-62550.8905576393
280001	1.3251049720	6.3502198203	-62654.6680350674
290001	1.4286528076	6.3502198203	-62546.5771928571
300001	1.6743183810	6.3502198203	-59378.0922742873
310001	1.7554294217	6.3502198203	-59321.8778111829
320001	1.6472243143	6.3502198203	-59433.5086356125
330001	1.7143479541	6.3502198203	-59404.7122961649
340001	1.6593510320	6.3502198203	-59474.3443004064
350001	1.6727116398	6.3502198203	-59399.0949191361
360001	1.7337377054	6.3502198203	-59475.3204852300
370001	1.6018873349	6.3502198203	-59479.8257982952
380001	1.5900055531	6.3502198203	-59573.2565728309
390001	1.6349288447	6.3502198203	-59477.1687295700
400001	0.0292541763	6.3502198203	-34546.5653855055
410001	0.0301379748	6.3502198203	-34794.8314998470
420001	0.0279218095	6.3502198203	-34172.9828504713
430001	0.0269411255	6.3502198203	-33916.5989779099
440001	0.0285512247	6.3502198203	-34349.5869938392
450001	0.0266276710	6.3502198203	-33855.5970629221
460001	0.0263846826	6.3502198203	-33866.5928817950
470001	0.0287719598	6.3502198203	-34502.8427853087
480001	0.0282491491	6.3502198203	-34317.8607226398
490001	0.0270252805	6.3502198203	-33911.2235905197
500001	1.5114233805	6.3502198203	-60529.2873574922
510001	1.6179121122	6.3502198203	-60366.5998451647
520001	1.6358050793	6.3502198203	-60598.3269898869
530001	1.5221069838	6.3502198203	-60451.7661652545
540001	1.5615758768	6.3502198203	-60517.0911060935
550001	1.5414246594	6.3502198203	-60640.4209705189
560001	1.5378354817	6.3502198203	-60474.0391393652
570001	1.5862306286	6.3502198203	-60408.9683760210
580001	1.5284984444	6.3502198203	-60444.7833765199
590001	1.6923873459	6.3502198203	-60431.7155765283
600001	0.7465142980	6.3502198203	-47617.7684142768
610001	0.7213683943	6.3502198203	-47407.6499359144
620001	0.7431663459	6.3502198203	-47567.0621561093
630001	0.7483460467	6.3502198203	-47495.9071343686
640001	0.7465340324	6.3502198203	-47459.2655019425
650001	0.7447010422	6.3502198203	-47578.7655081111
660001	0.7425362107	6.3502198203	-47558.1903883232
670001	0.7630149536	6.3502198203	-47651.8138205767
680001	0.7648131318	6.3502198203	-47486.1539397026
690001	0.7397813616	6.3502198203	-47497.5746533014
700001	0.8768387895	6.3502198203	-53614.8532110235
710001	0.9349021190	6.3502198203	-53585.1544693267
720001	0.9316077770	6.3502198203	-53784.5223158653
730001	0.9523653290	6.3502198203	-53852.0365494185
740001	0.8814536328	6.3502198203	-53515.6894222391
750001	0.8579418635	6.3502198203	-53655.2541939132
760001	0.9295855507	6.3502198203	-53769.9691056998
770001	0.9804698153	6.3502198203	-53952.9814024409
780001	0.8969772803	6.3502198203	-53581.4753983713
790001	0.9593470650	6.3502198203	-53647.6831477415
800001	1.8379720569	6.3502198203	-61314.2271347904
810001	1.8392909551	6.3502198203	-61326.9498899123
820001	1.9468923066	6.3502198203	-61241.9025762766
830001	1.8048148542	6.3502198203	-61356.8177139001
840001	1.6746723982	6.3502198203	-61259.1847563768
850001	1.6394340658	6.3502198203	-61273.8029175241
860001	1.8981383131	6.3502198203	-61205.5108374127
870001	1.8097384519	6.3502198203	-61247.1112818563
880001	1.6113073884	6.3502198203	-61277.1043019976
890001	2.0206990089	6.3502198203	-61253.5206570389
900001	1.9020746114	6.3502198203	-59154.2923124655
910001	1.6458841790	6.3502198203	-58938.2094689509
920001	1.6458127576	6.3502198203	-58917.7859232013
930001	1.7705518078	6.3502198203	-59128.9598575852
940001	1.6325097744	6.3502198203	-58928.8149746745
950001	1.7834332837	6.3502198203	-59144.3825303116
960001	1.8701788654	6.3502198203	-59025.1161242383
970001	1.6692074401	6.3502198203	-59010.1063555116
980001	1.7392219302	6.3502198203	-59106.3178705992
990001	1.7973825381	6.3502198203	-59112.2418741285
