site	rate	t	lnL
1	1.9443966507	2.1899306424	-61999.2711545500
10001	2.0380984010	2.1899306424	-62031.3364831178
20001	1.9520406058	2.1899306424	-62019.9683923630
30001	2.1051301504	2.1899306424	-61988.3831020781
40001	2.0020997008	2.1899306424	-62181.1386737518
50001	2.1114612485	2.1899306424	-62260.0156189228
60001	2.0015102091	2.1899306424	-62274.7957730262
70001	1.9647887670	2.1899306424	-62009.9477486614
80001	1.8900002459	2.1899306424	-61990.6137425290
90001	2.0724951332	2.1899306424	-62158.5624089813
100001	0.7894834184	2.1899306424	-51834.0449415025
110001	0.7828941740	2.1899306424	-51838.4477470689
120001	0.8096221388	2.1899306424	-51937.3607496110
130001	0.7947175172	2.1899306424	-51818.7536610384
140001	0.7980950440	2.1899306424	-51931.6786448758
150001	0.7905095429	2.1899306424	-51847.3258999174
160001	0.7910270606	2.1899306424	-51726.9600874896
170001	0.8095642498	2.1899306424	-51872.4806603055
180001	0.8041496251	2.1899306424	-51899.9263282569
190001	0.8113208088	2.1899306424	-51920.9215698461
200001	1.6549271034	2.1899306424	-62566.4662951615
210001	1.6875729660	2.1899306424	-62707.2771463535
220001	1.6561616880	2.1899306424	-62546.9559355472
230001	1.7042894718	2.1899306424	-62642.0796931623
240001	1.6862423527	2.1899306424	-62584.9874808524
250001	1.6966710801	2.1899306424	-62560.9798034211
260001	1.7545457258	2.1899306424	-62592.8993567024
270001	1.7340702834	2.1899306424	-62597.7783062474
280001	1.6636238697	2.1899306424	-62627.8928539320
290001	1.6658320466	2.1899306424	-62542.1250258970
300001	1.8348580690	2.1899306424	-59601.9021604424
310001	1.9146757501	2.1899306424	-59594.1059874543
320001	2.0528514494	2.1899306424	-59505.0007394175
330001	1.9573595963	2.1899306424	-59437.6037281019
340001	1.8841193333	2.1899306424	-59540.1742830862
350001	1.9105653748	2.1899306424	-59488.9665929386
360001	2.0021421357	2.1899306424	-59586.4717260552
370001	1.8347230853	2.1899306424	-59638.5920226192
380001	1.8999778100	2.1899306424	-59540.6104624470
390001	1.8642947714	2.1899306424	-59529.5881940814
400001	0.1091595554	2.1899306424	-32498.0379800505
410001	0.1093487105	2.1899306424	-32532.8804522984
420001	0.1130353180	2.1899306424	-32739.0650560848
430001	0.1081006462	2.1899306424	-32395.9976612357
440001	0.1064170810	2.1899306424	-32257.6774327079
450001	0.1019556955	2.1899306424	-32021.2424741527
460001	0.1075255094	2.1899306424	-32373.8612076963
470001	0.1059626156	2.1899306424	-32285.7747494789
480001	0.1083758952	2.1899306424	-32380.2573788823
490001	0.1054469083	2.1899306424	-32253.6498064526
500001	1.8684978637	2.1899306424	-60558.1495443738
510001	1.8000259643	2.1899306424	-60703.9502243680
520001	1.8479111409	2.1899306424	-60651.5197460539
530001	1.8553476049	2.1899306424	-60490.4667437792
540001	1.8774156985	2.1899306424	-60473.5876300275
550001	1.9598447976	2.1899306424	-60619.8320605389
560001	1.8457638134	2.1899306424	-60537.2923378302
570001	1.8904558148	2.1899306424	-60477.9796141275
580001	1.9190022875	2.1899306424	-60632.6221337183
590001	1.8848921545	2.1899306424	-60498.0437410195
600001	0.7040583793	2.1899306424	-47057.2939548937
610001	0.6931745640	2.1899306424	-46896.3606889649
620001	0.7262742578	2.1899306424	-47139.5758867982
630001	0.6910844780	2.1899306424	-46829.5304493008
640001	0.7021311217	2.1899306424	-46968.4167041252
650001	0.7047370131	2.1899306424	-46944.0774292951
660001	0.7147742893	2.1899306424	-47048.6132344758
670001	0.7066911482	2.1899306424	-47049.3390562011
680001	0.7037981115	2.1899306424	-47037.6099817927
690001	0.6987517368	2.1899306424	-46940.9941121172
700001	1.0251087005	2.1899306424	-53465.5708350204
710001	1.0229064452	2.1899306424	-53509.5732767710
720001	0.9956230337	2.1899306424	-53221.6630340765
730001	1.0172766880	2.1899306424	-53461.7740382244
740001	1.0125024647	2.1899306424	-53463.7140143319
750001	1.0342098149	2.1899306424	-53659.3902953873
760001	1.0055491553	2.1899306424	-53304.7625275807
770001	1.0129657768	2.1899306424	-53432.1262435354
780001	0.9986381142	2.1899306424	-53400.4607176468
790001	1.0075277357	2.1899306424	-53378.2615144890
800001	1.8898315172	2.1899306424	-61199.9535634305
810001	1.8276099525	2.1899306424	-61208.4735095428
820001	1.8387148586	2.1899306424	-61157.4842631905
830001	1.8566019696	2.1899306424	-61347.4846822671
840001	1.9581765555	2.1899306424	-61257.4561842429
850001	1.7824575714	2.1899306424	-61054.7150195634
860001	1.7518063607	2.1899306424	-61117.5165414382
870001	1.7456251692	2.1899306424	-61168.3168595920
880001	1.7647422063	2.1899306424	-61219.1570461887
890001	1.7469627298	2.1899306424	-61214.3995313364
900001	2.0455574320	2.1899306424	-59098.3118933326
910001	1.7484205849	2.1899306424	-59036.1910482995
920001	1.9418620258	2.1899306424	-59118.7743827762
930001	1.8854658576	2.1899306424	-58899.0887266345
940001	1.7418210582	2.1899306424	-58975.2918507194
950001	1.9868664572	2.1899306424	-59111.3876767036
960001	2.0458341707	2.1899306424	-59084.0814424603
970001	2.0015989644	2.1899306424	-58983.8796656803
980001	1.9801733230	2.1899306424	-58993.1080627547
990001	2.0118701055	2.1899306424	-58993.4412751725
