site	rate	t	lnL
1	2.1340507970	1.3652542155	-596962.3570895118
100001	0.6854761282	1.3652542155	-537686.3387287766
200001	1.8171200190	1.3652542155	-594431.1915479619
300001	1.7462121889	1.3652542155	-593563.2470935878
400001	0.1249591781	1.3652542155	-385542.4239430106
500001	1.8418597075	1.3652542155	-594702.3683193240
600001	0.4861895633	1.3652542155	-504272.4558835034
700001	0.8499337953	1.3652542155	-556240.1030328705
800001	1.8332372327	1.3652542155	-594609.5995930268
900001	1.7119782227	1.3652542155	-593091.3159491261
