site	rate	t	lnL
1	1.7539710023	1.4322660291	-606708.7025227213
100001	0.5733066571	1.4322660291	-461954.5716563643
200001	1.5076769466	1.4322660291	-598365.5503765063
300001	1.5595966362	1.4322660291	-573931.5661643093
400001	0.0756371520	1.4322660291	-304665.3070897818
500001	1.8204231796	1.4322660291	-584029.7482100460
600001	0.3879435354	1.4322660291	-400254.1286313669
700001	0.6875202369	1.4322660291	-498235.0359944877
800001	1.3895428672	1.4322660291	-590264.9104722725
900001	1.4907628484	1.4322660291	-569786.0457303840
