site	rate	t	lnL
1	2.1878348638	3.1899737026	-620778.2165564445
100001	0.5017688792	3.1899737026	-503165.4331261052
200001	1.3649977433	3.1899737026	-622027.9110384518
300001	1.6664824551	3.1899737026	-593041.0886059684
400001	0.0477474742	3.1899737026	-325108.5642098438
500001	1.8111064272	3.1899737026	-602391.3766020056
600001	0.4622739460	3.1899737026	-451163.6073672232
700001	0.9183600645	3.1899737026	-530693.8132740004
800001	1.4611762133	3.1899737026	-611030.3040015782
900001	1.6184325871	3.1899737026	-588524.6390903686
