site	rate	t	lnL
1	2.8575111137	1.9073828529	-599129.3660940714
100001	0.8611016997	1.9073828529	-579553.6005179902
200001	2.1183231185	1.9073828529	-598879.2099279552
300001	2.0395265923	1.9073828529	-598790.4375544946
400001	0.1161622368	1.9073828529	-403612.0619344719
500001	2.1912529433	1.9073828529	-598941.8084617537
600001	0.7540102186	1.9073828529	-571765.0940067124
700001	0.9660872964	1.9073828529	-585095.2862547388
800001	2.2021834576	1.9073828529	-598949.8543926801
900001	2.0119198597	1.9073828529	-598752.9635650982
