site	rate	t	lnL
1	1.8220645482	7.4053970336	-62177.5516552669
10001	1.6996189243	7.4053970336	-62010.2135350456
20001	18.4698369505	7.4053970336	-62062.2784448300
30001	1.7591044860	7.4053970336	-62188.1444261770
40001	2.0395701324	7.4053970336	-62128.8955580017
50001	2.0643350882	7.4053970336	-62097.4692486137
60001	1.7634690774	7.4053970336	-62205.3536065727
70001	1.7597081765	7.4053970336	-62258.8743117619
80001	2.1487400791	7.4053970336	-62209.9592225117
90001	1.9532298223	7.4053970336	-62215.2969852449
100001	1.1551441338	7.4053970336	-52894.0210639298
110001	1.1288976997	7.4053970336	-52926.3628352744
120001	1.0535711022	7.4053970336	-52809.1049531181
130001	1.1293855917	7.4053970336	-52906.8096572079
140001	1.1098853093	7.4053970336	-52855.0549002879
150001	1.0656873236	7.4053970336	-52806.7327693954
160001	1.0844885186	7.4053970336	-52940.8164028259
170001	1.0219177291	7.4053970336	-52864.6319601908
180001	1.0880828726	7.4053970336	-52747.8050078615
190001	1.1877989366	7.4053970336	-52979.2293818166
200001	1.0372985788	7.4053970336	-62602.5144802094
210001	0.9997097866	7.4053970336	-62653.2258608740
220001	1.0141302238	7.4053970336	-62640.6771070162
230001	0.9884816880	7.4053970336	-62535.5373695695
240001	0.9454947541	7.4053970336	-62595.5594295804
250001	1.1194155579	7.4053970336	-62683.7109400021
260001	1.0001967649	7.4053970336	-62763.8328717850
270001	0.9860503032	7.4053970336	-62679.9614444895
280001	0.9769042207	7.4053970336	-62616.5124544867
290001	1.0666989938	7.4053970336	-62650.6514682952
300001	1.4045728619	7.4053970336	-59577.5575017741
310001	1.3201664840	7.4053970336	-59507.6975386967
320001	1.3900014854	7.4053970336	-59621.4387731361
330001	1.3820685202	7.4053970336	-59484.7875370603
340001	1.3792896490	7.4053970336	-59505.7470681901
350001	1.5126001262	7.4053970336	-59475.9904998576
360001	1.3764819507	7.4053970336	-59625.9661703251
370001	1.4793605909	7.4053970336	-59493.2946815267
380001	1.4995634964	7.4053970336	-59478.1610473646
390001	1.2943329954	7.4053970336	-59484.5883015981
400001	0.0331052128	7.4053970336	-34210.0515743730
410001	0.0336286358	7.4053970336	-34247.2019235358
420001	0.0333666900	7.4053970336	-34233.1671922195
430001	0.0331123728	7.4053970336	-34088.8238936277
440001	0.0350025011	7.4053970336	-34590.7557750706
450001	0.0343860989	7.4053970336	-34406.5049753231
460001	0.0330810035	7.4053970336	-34181.7986128992
470001	0.0339593946	7.4053970336	-34350.1584656277
480001	0.0338858058	7.4053970336	-34303.0656227463
490001	0.0345261476	7.4053970336	-34433.2760813202
500001	1.2862834013	7.4053970336	-60502.8478729526
510001	1.3826755891	7.4053970336	-60543.8483816551
520001	1.3280689619	7.4053970336	-60413.4614263708
530001	1.3530756599	7.4053970336	-60568.3195136979
540001	1.3444996790	7.4053970336	-60416.0689274800
550001	1.3555755017	7.4053970336	-60571.1930511192
560001	1.4939524672	7.4053970336	-60577.2898258431
570001	1.4229846456	7.4053970336	-60502.7940200447
580001	1.4474489298	7.4053970336	-60694.1576156159
590001	1.3016471597	7.4053970336	-60605.4687695132
600001	1.3911834125	7.4053970336	-48336.8440723262
610001	1.3494742079	7.4053970336	-48327.1290791130
620001	1.5842187615	7.4053970336	-48379.3814556200
630001	1.5752675130	7.4053970336	-48311.7085727805
640001	1.4764786687	7.4053970336	-48390.4903989430
650001	1.6379255266	7.4053970336	-48352.5045210331
660001	1.3244171630	7.4053970336	-48278.7855699261
670001	1.4291097379	7.4053970336	-48352.0514920453
680001	1.6472049175	7.4053970336	-48329.8707616240
690001	1.5372809777	7.4053970336	-48364.9150483236
700001	1.3846645124	7.4053970336	-53942.7441707936
710001	1.0826373614	7.4053970336	-53708.4025505445
720001	1.2680404808	7.4053970336	-53986.9433199116
730001	1.1999653230	7.4053970336	-53891.5235996911
740001	1.3664320037	7.4053970336	-53925.1912062595
750001	1.2493195675	7.4053970336	-53839.3861371631
760001	1.2009390385	7.4053970336	-53827.8328077114
770001	1.2551981803	7.4053970336	-53944.2494524953
780001	1.2552599135	7.4053970336	-53803.5980845745
790001	1.1822075114	7.4053970336	-53975.8389302850
800001	1.0922651787	7.4053970336	-61032.5874922374
810001	1.0893118610	7.4053970336	-61342.1491277857
820001	1.0014853043	7.4053970336	-61290.5846054296
830001	1.0795268054	7.4053970336	-61124.3473153342
840001	1.1494543968	7.4053970336	-61275.8170596491
850001	1.0948965397	7.4053970336	-61325.6806351905
860001	0.9958041070	7.4053970336	-61247.1510857944
870001	1.0138455417	7.4053970336	-61405.3634163146
880001	1.0213603634	7.4053970336	-61166.6052497704
890001	1.0292197626	7.4053970336	-61267.1065940345
900001	1.4954207174	7.4053970336	-59086.7438512205
910001	1.3390762279	7.4053970336	-59087.7468861079
920001	1.5533630207	7.4053970336	-58973.5486446864
930001	1.6270335118	7.4053970336	-59037.5901719722
940001	1.3643903708	7.4053970336	-59009.9401841596
950001	1.5615419629	7.4053970336	-59156.7836046094
960001	1.4393839178	7.4053970336	-58993.8084772477
970001	1.4383395229	7.4053970336	-59057.4133500430
980001	1.4438768407	7.4053970336	-59086.3164433687
990001	1.5780801781	7.4053970336	-59215.0536456007
