site	rate	t	lnL
1	1.8959322552	6.3156539729	-621420.9367438647
100001	0.7489038099	6.3156539729	-528012.3027211116
200001	1.1929885953	6.3156539729	-625984.3696939665
300001	1.3937892117	6.3156539729	-595021.6767851260
400001	0.0328556621	6.3156539729	-345018.1459321852
500001	1.4183402425	6.3156539729	-605205.5614179097
600001	1.1621318072	6.3156539729	-483871.2758611099
700001	1.0776054817	6.3156539729	-538394.8937395186
800001	1.4537015599	6.3156539729	-612932.4151857784
900001	1.5257359842	6.3156539729	-590436.3932406952
