site	rate	t	lnL
1	2.0663922600	5.2696355686	-621330.8162233891
100001	0.7432666069	5.2696355686	-522406.9852861668
200001	1.1969654468	5.2696355686	-625445.7737826123
300001	1.6105763114	5.2696355686	-594804.7605258130
400001	0.0396888323	5.2696355686	-331784.3945791568
500001	1.4814419989	5.2696355686	-604873.8223685593
600001	0.7304861744	5.2696355686	-470666.0766028447
700001	1.0742225250	5.2696355686	-535929.1317004148
800001	1.2447288431	5.2696355686	-611858.7692085479
900001	1.6380313499	5.2696355686	-590314.5525790887
