site	rate	t	lnL
1	2.4967330862	6.8170253118	-621304.9122552221
100001	0.5774742946	6.8170253118	-523789.2099919000
200001	1.2845522366	6.8170253118	-625603.7553517199
300001	1.6254160372	6.8170253118	-595244.3021420515
400001	0.0268581888	6.8170253118	-344076.5446818371
500001	1.5356186970	6.8170253118	-604799.8974228833
600001	0.8072919658	6.8170253118	-478018.8115674872
700001	0.9390292018	6.8170253118	-537376.7048792547
800001	1.8135653722	6.8170253118	-612764.8013830422
900001	1.7358608845	6.8170253118	-590321.4372539717
