site	rate	t	lnL
1	2.6702925400	1.9382269735	-599117.0774694057
100001	0.8796514005	1.9382269735	-581476.5717498302
200001	2.0806147164	1.9382269735	-598875.2173516850
300001	2.0643310854	1.9382269735	-598858.3433201803
400001	0.1165348302	1.9382269735	-405048.1271427157
500001	2.1563816182	1.9382269735	-598941.8084617537
600001	0.7945204413	1.9382269735	-575958.6667701240
700001	0.9690007506	1.9382269735	-585904.6697935358
800001	2.1837061648	1.9382269735	-598961.6423636307
900001	1.9875203796	1.9382269735	-598763.8431862266
