site	rate	t	lnL
1	1.7312826752	1.7339826190	-61160.4274464239
10001	1.6868978273	1.7339826190	-60979.7973454088
20001	1.6585864420	1.7339826190	-60741.8214433256
30001	1.6912543452	1.7339826190	-61089.3732918659
40001	1.6571599246	1.7339826190	-61096.0191100970
50001	1.6861258926	1.7339826190	-61020.7696594639
60001	1.7200520014	1.7339826190	-61031.2381876459
70001	1.6815097318	1.7339826190	-60918.9690465380
80001	1.6712371344	1.7339826190	-60913.1680956239
90001	1.6676813606	1.7339826190	-60923.8572737170
100001	0.5138328259	1.7339826190	-46611.1168558111
110001	0.5154844406	1.7339826190	-46569.0396156611
120001	0.5242346222	1.7339826190	-46779.3772493723
130001	0.5223877794	1.7339826190	-46846.5652233156
140001	0.5273686051	1.7339826190	-46792.5314086233
150001	0.4992225242	1.7339826190	-46437.7918954893
160001	0.5076755857	1.7339826190	-46573.0241394986
170001	0.5179948749	1.7339826190	-46790.5294404244
180001	0.5220819304	1.7339826190	-46813.0117473166
190001	0.4992398529	1.7339826190	-46527.2917491321
200001	1.5821653214	1.7339826190	-60241.3854248945
210001	1.5592889278	1.7339826190	-60131.3585858613
220001	1.5575816467	1.7339826190	-60048.1002416194
230001	1.5702842613	1.7339826190	-60413.4789569222
240001	1.5237877479	1.7339826190	-60056.9897021563
250001	1.5364949097	1.7339826190	-60063.6316960946
260001	1.5450418269	1.7339826190	-60125.7048551264
270001	1.5317617509	1.7339826190	-60004.9322570679
280001	1.5187898918	1.7339826190	-59962.9284339735
290001	1.5425961114	1.7339826190	-60197.9912980954
300001	1.5632733849	1.7339826190	-57893.1979528456
310001	1.4883948715	1.7339826190	-57742.7300182763
320001	1.5565515285	1.7339826190	-57810.7364927927
330001	1.6019194937	1.7339826190	-57949.6158731847
340001	1.5455074135	1.7339826190	-57924.1194919764
350001	1.5282125363	1.7339826190	-57758.8247421260
360001	1.5542367881	1.7339826190	-57770.7262527311
370001	1.6130856162	1.7339826190	-57915.7092465818
380001	1.5154582756	1.7339826190	-57686.0892031412
390001	1.5133146127	1.7339826190	-57962.4981721408
400001	0.0576977071	1.7339826190	-30600.8529584506
410001	0.0593243300	1.7339826190	-30863.1494490451
420001	0.0601934736	1.7339826190	-30947.1338894595
430001	0.0585967230	1.7339826190	-30807.8491768214
440001	0.0596732991	1.7339826190	-30941.6388148402
450001	0.0590016054	1.7339826190	-30722.4258270669
460001	0.0604597983	1.7339826190	-30871.7927530322
470001	0.0563024465	1.7339826190	-30526.4452734610
480001	0.0620690527	1.7339826190	-31028.6044346302
490001	0.0599391326	1.7339826190	-30821.5173462590
500001	1.8860915523	1.7339826190	-58605.1703631698
510001	1.8300670488	1.7339826190	-58522.0065660562
520001	1.9665172014	1.7339826190	-58839.5180020409
530001	1.8035667328	1.7339826190	-58508.0825443491
540001	1.8466317547	1.7339826190	-58681.1357247447
550001	1.8516675343	1.7339826190	-58716.5312636288
560001	1.8513438163	1.7339826190	-58503.6946786402
570001	1.8607476127	1.7339826190	-58804.3558594131
580001	1.9081832429	1.7339826190	-58776.1455774218
590001	1.9199253015	1.7339826190	-58703.1380389243
600001	0.3982777461	1.7339826190	-41096.5370970003
610001	0.4145438332	1.7339826190	-41295.2362571862
620001	0.4129577428	1.7339826190	-41278.5009711047
630001	0.3936289328	1.7339826190	-41064.3651790345
640001	0.4411442727	1.7339826190	-41596.6420151010
650001	0.3928455970	1.7339826190	-41015.0825392958
660001	0.3984277967	1.7339826190	-41023.2609926825
670001	0.4165937894	1.7339826190	-41426.8259807098
680001	0.3990067810	1.7339826190	-41101.2503457466
690001	0.4089149505	1.7339826190	-41266.8410608369
700001	0.5986610336	1.7339826190	-50059.2059159494
710001	0.5943363799	1.7339826190	-50154.2669725097
720001	0.6257191497	1.7339826190	-50307.3475551890
730001	0.6112766172	1.7339826190	-50209.3694518611
740001	0.6180992807	1.7339826190	-50101.2901174275
750001	0.6361147395	1.7339826190	-50411.9851252815
760001	0.6238332214	1.7339826190	-50427.8084473914
770001	0.6052371433	1.7339826190	-50303.9690794860
780001	0.6348045374	1.7339826190	-50293.2243595247
790001	0.5897245805	1.7339826190	-49853.5196299055
800001	1.2930252676	1.7339826190	-59402.6956271136
810001	1.2962975706	1.7339826190	-59393.7256899090
820001	1.2851523482	1.7339826190	-59379.6835286377
830001	1.2805558466	1.7339826190	-59317.6525374533
840001	1.3098932214	1.7339826190	-59410.7665686917
850001	1.3090014325	1.7339826190	-59328.2339604809
860001	1.2846711029	1.7339826190	-59364.6300056766
870001	1.3093974434	1.7339826190	-59519.6467885257
880001	1.2404332978	1.7339826190	-59214.4554842643
890001	1.3329468385	1.7339826190	-59557.6977064451
900001	1.4678394933	1.7339826190	-57419.1689541644
910001	1.4150300053	1.7339826190	-57165.6685777875
920001	1.4777077497	1.7339826190	-57271.2029976438
930001	1.4812302565	1.7339826190	-57414.5314788976
940001	1.4164207040	1.7339826190	-57357.0568924236
950001	1.5289234201	1.7339826190	-57507.5520555825
960001	1.4628721808	1.7339826190	-57517.4410162747
970001	1.4970705798	1.7339826190	-57677.2048031349
980001	1.4752446352	1.7339826190	-57604.7184375165
990001	1.4358542517	1.7339826190	-57188.8588036052
