site	rate	t	lnL
1	2.4492887598	3.9268870135	-626927.2491903610
100001	0.6045052216	3.9268870135	-617378.6030299308
200001	1.8432508330	3.9268870135	-627949.5536880221
300001	1.9796134234	3.9268870135	-646485.0266727626
400001	0.0682084662	3.9268870135	-342554.0959138969
500001	2.0911456587	3.9268870135	-639687.1234590276
600001	0.3159739343	3.9268870135	-648085.3549115162
700001	0.3883122870	3.9268870135	-674870.9970478747
800001	2.0200679445	3.9268870135	-650126.9563548170
900001	2.0769664366	3.9268870135	-643029.8598531198
