site	rate	t	lnL
1	2.2940427364	1.3381463149	-614955.9864198278
100001	0.5638141917	1.3381463149	-552229.6487870906
200001	2.0611895739	1.3381463149	-607237.9035306135
300001	1.7147724401	1.3381463149	-624163.3872127226
400001	0.1287181644	1.3381463149	-317282.5801758347
500001	2.0990617715	1.3381463149	-621175.7371083410
600001	0.3616157323	1.3381463149	-551826.2453013866
700001	0.5396619868	1.3381463149	-607913.5353628672
800001	1.5276037543	1.3381463149	-628705.0729794202
900001	1.6461085269	1.3381463149	-622880.5760028627
