site	rate	t	lnL
1	2.0657201868	1.8238281378	-620934.2541486170
100001	0.6981142419	1.8238281378	-502913.3507234257
200001	1.7149763917	1.8238281378	-624621.8243383040
300001	1.8164331109	1.8238281378	-594804.8538241024
400001	0.1121950573	1.8238281378	-315369.0814539860
500001	1.8795782437	1.8238281378	-604840.5834963945
600001	0.5382153803	1.8238281378	-445782.8802916496
700001	0.9194881586	1.8238281378	-525857.3574491352
800001	1.8287851744	1.8238281378	-611344.8051718844
900001	1.8426596120	1.8238281378	-589641.6565774378
