site	rate	t	lnL
1	2.8028969068	1.8458666932	-599116.9696902235
100001	0.8232953461	1.8458666932	-575176.2584756892
200001	2.1698086876	1.8458666932	-598860.5569458458
300001	2.1055476098	1.8458666932	-598787.9921215611
400001	0.1148416550	1.8458666932	-400367.4828086494
500001	2.2767169785	1.8458666932	-598950.6507620300
600001	0.6859362571	1.8458666932	-562958.4958176441
700001	0.9531920479	1.8458666932	-583004.1452458355
800001	2.2572462890	1.8458666932	-598936.6355625442
900001	2.0625486485	1.8458666932	-598729.6697770192
