site	rate	t	lnL
1	2.7611047414	1.9266174873	-599124.3330898968
100001	0.8730959133	1.9266174873	-580795.9348205765
200001	2.1123035423	1.9266174873	-598893.7162208772
300001	2.0384968243	1.9266174873	-598814.8113740132
400001	0.1184849660	1.9266174873	-405844.4143376573
500001	2.1321883311	1.9266174873	-598911.6134029238
600001	0.7668094255	1.9266174873	-573458.6931275106
700001	0.9783901411	1.9266174873	-586055.6355082679
800001	2.2010221853	1.9266174873	-598964.4723794102
900001	1.9827845457	1.9266174873	-598739.7267036542
