site	rate	t	lnL
1	1.9862965573	2.2753237359	-621274.2888013215
100001	0.8231094824	2.2753237359	-519633.1814915081
200001	1.6152882502	2.2753237359	-625783.2606359248
300001	1.8400155097	2.2753237359	-595114.2043625409
400001	0.1078698494	2.2753237359	-326304.1763937786
500001	1.8190303727	2.2753237359	-605158.8271023993
600001	0.7819411154	2.2753237359	-473952.7507716875
700001	1.0351711579	2.2753237359	-535006.2103512582
800001	1.7880514907	2.2753237359	-612234.9168214729
900001	1.9263886490	2.2753237359	-590528.6262385010
