site	rate	t	lnL
1	1.5603394688	0.4904624186	-518470.1189041620
100001	0.6531892247	0.4904624186	-433597.8955656259
200001	1.4240548798	0.4904624186	-509386.6569467694
300001	1.3601239461	0.4904624186	-504774.3547243702
400001	0.1675348150	0.4904624186	-348262.2229630892
500001	1.4267752767	0.4904624186	-509577.7483713154
600001	0.4287103057	0.4904624186	-399779.3818381333
700001	0.8089847715	0.4904624186	-453187.4782137051
800001	1.4126086207	0.4904624186	-508578.0724384225
900001	1.3294917619	0.4904624186	-502479.3685626694
