site	rate	t	lnL
1	3.0360366350	19.8747412885	-5.9914645471
100001	3.0678092236	18.6896753899	-11.9829290942
200001	2.6095884636	15.7595457032	-11.9829290942
300001	2.6166821703	9999.9999999983	-11.9829290941
400001	0.7935062175	0.9416616840	-10.3221978874
500001	0.8162651811	0.9154283109	-10.3221978877
600001	6.8306839859	240.0631287234	-11.9829290942
700001	2.5642423547	171.3797907133	-11.9829290942
800001	12.5370593047	57.4984106636	-11.9829290942
900001	0.8539471312	0.8750124474	-10.3221978874
