site	rate	t	lnL
1	2.6959162548	1.9374888817	-599119.7097277250
100001	0.8794785443	1.9374888817	-581447.7589365956
200001	2.1097567825	1.9374888817	-598902.3000626930
300001	2.0499014493	1.9374888817	-598841.6556337175
400001	0.1157967009	1.9374888817	-404543.8791030584
500001	2.2209769944	1.9374888817	-598985.1695639427
600001	0.7881509040	1.9374888817	-575462.5104465134
700001	0.9728286828	1.9374888817	-586052.5918853739
800001	2.1958902665	1.9374888817	-598969.3127709224
900001	1.9724028869	1.9374888817	-598740.8373095240
