site	rate	t	lnL
1	2.9299837295	3.9161997266	-622213.2998597543
100001	0.8366593262	3.9161997266	-623977.8613800360
200001	2.4075223708	3.9161997266	-621122.0591058499
300001	2.5827897413	3.9161997266	-641102.0571268160
400001	0.0835348614	3.9161997266	-347697.9299859825
500001	2.7121726487	3.9161997266	-629915.6735935786
600001	0.4670532868	3.9161997266	-664201.5049922919
700001	0.5962405310	3.9161997266	-674589.0555089209
800001	2.1098592592	3.9161997266	-644312.7038556365
900001	2.6787420566	3.9161997266	-639179.2603635660
