site	rate	t	lnL
1	1.7267972154	1.6961295002	-607502.5410236408
100001	0.5250294784	1.6961295002	-468888.8260530762
200001	1.4254480566	1.6961295002	-600219.2136761280
300001	1.5611252606	1.6961295002	-575854.5280679684
400001	0.0771276054	1.6961295002	-304126.4373452305
500001	1.6889953986	1.6961295002	-584386.3188962849
600001	0.3988814174	1.6961295002	-405476.7673355096
700001	0.7209538680	1.6961295002	-500133.1287213016
800001	1.3929539061	1.6961295002	-590511.1274507791
900001	1.5384091110	1.6961295002	-571491.1100733471
