site	rate	t	lnL
1	2.3579040975	1.5130755301	-598491.7192096426
100001	0.7134211181	1.5130755301	-550293.7731559798
200001	1.9465249975	1.5130755301	-597084.0207881369
300001	1.8632362188	1.5130755301	-596558.3973359228
400001	0.1205446368	1.5130755301	-389909.2426110468
500001	1.9533059839	1.5130755301	-597121.9612814339
600001	0.5162894405	1.5130755301	-520490.1991687787
700001	0.8771481732	1.5130755301	-566358.4329099469
800001	1.9685840814	1.5130755301	-597204.9889667241
900001	1.8292545971	1.5130755301	-596308.7968278435
