site	rate	t	lnL
1	2.7201610669	1.9138129223	-599118.7759124403
100001	0.8710129226	1.9138129223	-580330.1942281121
200001	2.1203545850	1.9138129223	-598888.0185554636
300001	2.0305270057	1.9138129223	-598787.6421552247
400001	0.1167957484	1.9138129223	-404267.2761389198
500001	2.2218953906	1.9138129223	-598968.5525306326
600001	0.7587803800	1.9138129223	-572381.5898694667
700001	0.9614889833	1.9138129223	-585034.3567282634
800001	2.2138415604	1.9138129223	-598963.1885223688
900001	1.9988174040	1.9138129223	-598743.7922355063
