site	rate	t	lnL
1	2.7908117320	1.9341478804	-59912.7498448489
10001	2.9435750301	1.9341478804	-59913.5886877579
20001	2.4829215482	1.9341478804	-59908.5341653677
30001	2.8972434143	1.9341478804	-59913.3835411377
40001	2.4089351065	1.9341478804	-59906.5642839145
50001	2.7448261980	1.9341478804	-59912.3861506261
60001	2.6360984688	1.9341478804	-59911.2270749374
70001	2.8972442624	1.9341478804	-59913.3835411376
80001	2.6185689946	1.9341478804	-59910.9915334673
90001	2.4264641211	1.9341478804	-59907.0812655223
100001	0.8752277170	1.9341478804	-58111.7774369620
110001	0.8652676161	1.9341478804	-58053.4249481761
120001	0.8796834560	1.9341478804	-58137.3107133131
130001	0.8832761339	1.9341478804	-58157.6439581136
140001	0.9072563025	1.9341478804	-58287.7637919499
150001	0.8770053856	1.9341478804	-58122.0062755483
160001	0.8761157339	1.9341478804	-58116.8944409809
170001	0.9003792799	1.9341478804	-58251.4251227449
180001	0.8808780428	1.9341478804	-58144.0977025759
190001	0.8690530569	1.9341478804	-58075.8140740253
200001	2.2268296685	1.9341478804	-59898.6379173969
210001	2.1623544352	1.9341478804	-59894.2889879553
220001	2.0563389791	1.9341478804	-59884.4898079011
230001	2.0145083090	1.9341478804	-59879.4612074487
240001	2.1842038977	1.9341478804	-59895.8792086905
250001	2.1517675126	1.9341478804	-59893.4714717534
260001	2.2516518618	1.9341478804	-59900.0562271275
270001	2.0924249635	1.9341478804	-59888.2567062191
280001	2.1245485175	1.9341478804	-59891.2189949301
290001	2.1146994344	1.9341478804	-59890.3473337740
300001	2.0253365550	1.9341478804	-59880.8365692939
310001	1.9986795151	1.9341478804	-59877.3516922522
320001	1.9986794677	1.9341478804	-59877.3516922521
330001	2.0955490359	1.9341478804	-59888.5602112500
340001	2.0012844590	1.9341478804	-59877.7071353687
350001	1.9491663695	1.9341478804	-59869.9224908000
360001	1.9808067727	1.9341478804	-59874.8206361645
370001	1.9215851859	1.9341478804	-59865.1762339874
380001	1.9986799296	1.9341478804	-59877.3516922521
390001	2.0448485828	1.9341478804	-59883.1833581589
400001	0.1170740144	1.9341478804	-40523.6452944237
410001	0.1202232600	1.9341478804	-40724.3698896438
420001	0.1159149976	1.9341478804	-40449.1212653758
430001	0.1189886614	1.9341478804	-40645.9860418256
440001	0.1164600936	1.9341478804	-40484.2146360554
450001	0.1159149976	1.9341478804	-40449.1212653759
460001	0.1187146803	1.9341478804	-40628.5394620556
470001	0.1158469010	1.9341478804	-40444.7316821633
480001	0.1199486564	1.9341478804	-40706.9690000665
490001	0.1119801450	1.9341478804	-40193.4462375111
500001	2.0862329059	1.9341478804	-59887.6448724856
510001	2.1050359457	1.9341478804	-59889.4610520203
520001	2.1768173895	1.9341478804	-59895.3557963284
530001	2.1018542289	1.9341478804	-59889.1623864070
540001	1.9783018507	1.9341478804	-59874.4529445761
550001	2.1278733138	1.9341478804	-59891.5062889021
560001	2.2390920174	1.9341478804	-59899.3547522897
570001	2.2432423156	1.9341478804	-59899.5902873094
580001	2.1448267820	1.9341478804	-59892.9182062860
590001	2.1993002325	1.9341478804	-59896.9059525644
600001	0.7910682510	1.9341478804	-57557.8923362428
610001	0.7888111771	1.9341478804	-57540.9870752320
620001	0.7801256713	1.9341478804	-57474.8416224080
630001	0.7828396398	1.9341478804	-57495.6990477387
640001	0.7769365322	1.9341478804	-57450.1108903108
650001	0.7811109476	1.9341478804	-57482.4334244963
660001	0.7735237197	1.9341478804	-57423.3799099983
670001	0.7845743185	1.9341478804	-57508.9391393526
680001	0.7920747256	1.9341478804	-57565.3921300294
690001	0.7863146191	1.9341478804	-57522.1536543077
700001	0.9772401449	1.9341478804	-58616.8069718455
710001	0.9637271151	1.9341478804	-58558.7001219060
720001	0.9952031138	1.9341478804	-58690.3663187549
730001	0.9885317077	1.9341478804	-58663.5252027997
740001	0.9790447601	1.9341478804	-58624.3840197094
750001	0.9577941442	1.9341478804	-58532.4089612650
760001	0.9626751845	1.9341478804	-58554.0737315513
770001	0.9546807374	1.9341478804	-58518.4166363322
780001	0.9826730688	1.9341478804	-58639.4899298822
790001	0.9729346297	1.9341478804	-58598.5567561998
800001	2.2308838784	1.9341478804	-59898.8785647929
810001	2.1842038809	1.9341478804	-59895.8792086906
820001	2.1768174303	1.9341478804	-59895.3557963285
830001	1.9833215975	1.9341478804	-59875.1868037253
840001	2.1695357248	1.9341478804	-59894.8257163106
850001	2.1588011373	1.9341478804	-59894.0181366554
860001	2.1954847614	1.9341478804	-59896.6517828202
870001	2.1312207314	1.9341478804	-59891.7919491468
880001	2.2228054215	1.9341478804	-59898.3955709425
890001	2.2645235756	1.9341478804	-59900.7422727628
900001	2.0505620131	1.9341478804	-59883.8397388028
910001	2.0534424001	1.9341478804	-59884.1655633715
920001	1.9986796039	1.9341478804	-59877.3516922521
930001	2.1993004678	1.9341478804	-59896.9059525643
940001	2.0391981679	1.9341478804	-59882.5206831269
950001	1.9611069806	1.9341478804	-59871.8365972982
960001	2.0226082134	1.9341478804	-59880.4950617793
970001	1.9909438969	1.9341478804	-59876.2761422397
980001	1.9808048891	1.9341478804	-59874.8206361643
990001	1.9283435376	1.9341478804	-59866.3828491441
