site	rate	t	lnL
1	1.9205570200	7.5273772088	-62078.3627202402
10001	2.3128312891	7.5273772088	-62017.7770128197
20001	1.7785520306	7.5273772088	-62041.4191135164
30001	1.8585747231	7.5273772088	-62188.4259119392
40001	1.8013975299	7.5273772088	-62166.0088791269
50001	1.7704159827	7.5273772088	-62127.9000350117
60001	1.8960477611	7.5273772088	-62191.2388378155
70001	13.6041231886	7.5273772088	-62139.8775509940
80001	1.7710105108	7.5273772088	-62096.5471618918
90001	1.9858371094	7.5273772088	-62109.6293460926
100001	1.0429733659	7.5273772088	-52849.5874336882
110001	1.1602906792	7.5273772088	-52965.4900201009
120001	1.1175754570	7.5273772088	-53027.0836207167
130001	1.1042295796	7.5273772088	-52910.5316925698
140001	1.1500261619	7.5273772088	-52891.2241246059
150001	1.1488528678	7.5273772088	-52876.5694464918
160001	1.0689733824	7.5273772088	-52770.1853656915
170001	1.1015238611	7.5273772088	-52994.1336842762
180001	1.1267899654	7.5273772088	-52890.4887231731
190001	1.1014962631	7.5273772088	-52906.2007411419
200001	1.0080747211	7.5273772088	-62662.7450140592
210001	0.9769178400	7.5273772088	-62627.1488162155
220001	1.0058280321	7.5273772088	-62551.0048517718
230001	0.9589485909	7.5273772088	-62666.8984816790
240001	1.0578814306	7.5273772088	-62690.7076625836
250001	1.0017218282	7.5273772088	-62742.5612079584
260001	1.0197480039	7.5273772088	-62629.2140110228
270001	1.0541672929	7.5273772088	-62577.8787312058
280001	0.9745749710	7.5273772088	-62530.2346682803
290001	1.0075657502	7.5273772088	-62647.3612213340
300001	1.3908949009	7.5273772088	-59592.5476241237
310001	1.4160260451	7.5273772088	-59616.9318878415
320001	1.4926567259	7.5273772088	-59459.9686212978
330001	1.4437701499	7.5273772088	-59518.4111559792
340001	1.3273779979	7.5273772088	-59576.0408924663
350001	1.4031738590	7.5273772088	-59544.8970241831
360001	1.3430303144	7.5273772088	-59608.1777112076
370001	1.4480652866	7.5273772088	-59612.1852200961
380001	1.3592094525	7.5273772088	-59365.5633901167
390001	1.3783725040	7.5273772088	-59475.3007860621
400001	0.0335328960	7.5273772088	-34318.6854562254
410001	0.0340072001	7.5273772088	-34457.0247961770
420001	0.0332834918	7.5273772088	-34270.0811229483
430001	0.0341518256	7.5273772088	-34526.7944201940
440001	0.0341969098	7.5273772088	-34595.0685852965
450001	0.0336272494	7.5273772088	-34401.2875960464
460001	0.0330930817	7.5273772088	-34276.3870357565
470001	0.0343091143	7.5273772088	-34578.8247438354
480001	0.0320048957	7.5273772088	-34057.7410507392
490001	0.0343873931	7.5273772088	-34528.3931066532
500001	1.2933185316	7.5273772088	-60549.2839121811
510001	1.3019439205	7.5273772088	-60541.7707061942
520001	1.4957186592	7.5273772088	-60536.8190887043
530001	1.2654011999	7.5273772088	-60565.5108617167
540001	1.2821414198	7.5273772088	-60502.7693748628
550001	1.2887292069	7.5273772088	-60628.1565013965
560001	1.3517713622	7.5273772088	-60531.8062339002
570001	1.3146897774	7.5273772088	-60602.0788178232
580001	1.1827378144	7.5273772088	-60480.5860509919
590001	1.2543051551	7.5273772088	-60532.2671455257
600001	1.8522951938	7.5273772088	-48314.9838195413
610001	1.5964202052	7.5273772088	-48380.6336062413
620001	1.6333489384	7.5273772088	-48397.6318221757
630001	1.4546464050	7.5273772088	-48357.0701975339
640001	1.9592143277	7.5273772088	-48477.8877678976
650001	1.6894038057	7.5273772088	-48395.6348935893
660001	1.7719154104	7.5273772088	-48390.5551144608
670001	1.8529766371	7.5273772088	-48364.3896007343
680001	1.4796600985	7.5273772088	-48389.4239990128
690001	1.6943545165	7.5273772088	-48457.0072487088
700001	1.2304441671	7.5273772088	-53725.7706825836
710001	1.1885530272	7.5273772088	-53758.7707325403
720001	1.3613794319	7.5273772088	-53863.2226878734
730001	1.1465854148	7.5273772088	-53953.3818384870
740001	1.1795197868	7.5273772088	-53948.2741507916
750001	1.1118872296	7.5273772088	-53748.5111160904
760001	1.1957470230	7.5273772088	-53876.8488067015
770001	1.2623041496	7.5273772088	-53819.9673997005
780001	1.2077873792	7.5273772088	-53832.3774578533
790001	1.2335516414	7.5273772088	-53858.2374446333
800001	0.9352980910	7.5273772088	-61268.7343622766
810001	1.0175954987	7.5273772088	-61140.8104280658
820001	0.9901900514	7.5273772088	-61263.4847991700
830001	1.0186164229	7.5273772088	-61172.8755060979
840001	1.0978044801	7.5273772088	-61255.2774545299
850001	1.0885932676	7.5273772088	-61163.8728057302
860001	1.0294314737	7.5273772088	-61174.2434494449
870001	1.0060756328	7.5273772088	-61224.4619886123
880001	0.9655452690	7.5273772088	-61093.5029010160
890001	1.0085973978	7.5273772088	-61256.3989929534
900001	1.4849974287	7.5273772088	-58987.6530501990
910001	1.4904994918	7.5273772088	-59218.5117592292
920001	1.3894766135	7.5273772088	-59064.0901167937
930001	1.4441114817	7.5273772088	-58967.6857834057
940001	1.5099929341	7.5273772088	-59067.5790378225
950001	1.5448850238	7.5273772088	-59110.0757922481
960001	1.4355985178	7.5273772088	-59064.7565025858
970001	1.5216070147	7.5273772088	-59018.4656866311
980001	1.4147213414	7.5273772088	-58946.7570005728
990001	1.6205469513	7.5273772088	-59107.7401128588
