site	rate	t	lnL
1	3.3027573999	1.9336746106	-59914.3786776223
10001	3.0133552203	1.9336746106	-59913.8344054928
20001	2.3498920649	1.9336746106	-59904.5305749802
30001	3.1150849063	1.9336746106	-59914.0965362470
40001	2.6022540020	1.9336746106	-59910.7484253959
50001	2.8692135065	1.9336746106	-59913.2368968249
60001	2.8419909209	1.9336746106	-59913.0823810066
70001	2.9776721375	1.9336746106	-59913.7155314126
80001	23.2762125732	1.9336746106	-59914.6454710783
90001	2.5249221745	1.9336746106	-59909.4202662934
100001	0.8611442116	1.9336746106	-58027.4721316990
110001	0.8733749380	1.9336746106	-58099.8176849974
120001	0.8625854162	1.9336746106	-58036.1372286696
130001	0.8672235285	1.9336746106	-58063.7703376348
140001	0.8987394294	1.9336746106	-58241.4649675679
150001	0.8874133693	1.9336746106	-58179.5775746820
160001	0.8868081949	1.9336746106	-58176.2095553802
170001	0.8704366063	1.9336746106	-58082.6836714112
180001	0.8831919036	1.9336746106	-58155.9527000162
190001	0.8757374699	1.9336746106	-58113.4836790491
200001	2.2564585150	1.9336746106	-59900.2866267957
210001	1.9688891704	1.9336746106	-59872.9669777019
220001	2.0685959149	1.9336746106	-59885.7709423166
230001	2.1055510564	1.9336746106	-59889.4610520201
240001	2.2114605780	1.9336746106	-59897.6583623920
250001	2.0656327074	1.9336746106	-59885.4530396150
260001	2.1055511351	1.9336746106	-59889.4610520202
270001	2.2153928743	1.9336746106	-59897.9057909318
280001	2.0568422692	1.9336746106	-59884.4898079011
290001	2.0898312413	1.9336746106	-59887.9515925511
300001	1.9713449517	1.9336746106	-59873.3407455376
310001	2.0258318737	1.9336746106	-59880.8365692939
320001	2.0597564689	1.9336746106	-59884.8124702307
330001	2.1250685158	1.9336746106	-59891.2189949298
340001	1.9939971528	1.9336746106	-59876.6361936582
350001	1.9220551753	1.9336746106	-59865.1762339872
360001	1.9688880489	1.9336746106	-59872.9669777017
370001	2.0203883218	1.9336746106	-59880.1519975772
380001	2.1922338622	1.9336746106	-59896.3959339568
390001	2.0539447970	1.9336746106	-59884.1655633717
400001	0.1147866604	1.9336746106	-40374.4100525066
410001	0.1175124546	1.9336746106	-40549.9034391029
420001	0.1179225606	1.9336746106	-40576.1384790423
430001	0.1154667674	1.9336746106	-40418.3805668861
440001	0.1175808029	1.9336746106	-40554.2775487809
450001	0.1181277434	1.9336746106	-40589.2473517579
460001	0.1188807584	1.9336746106	-40637.2640255342
470001	0.1210775981	1.9336746106	-40776.5119571675
480001	0.1158752473	1.9336746106	-40444.7316821634
490001	0.1177174638	1.9336746106	-40563.0238437548
500001	2.0396982037	1.9336746106	-59882.5206831272
510001	2.2153932774	1.9336746106	-59897.9057909317
520001	2.2872766487	1.9336746106	-59901.8512050937
530001	2.0539450014	1.9336746106	-59884.1655633714
540001	2.3447968255	1.9336746106	-59904.3350149614
550001	2.0425154322	1.9336746106	-59882.8528063727
560001	2.1522929943	1.9336746106	-59893.4714717533
570001	2.1773508898	1.9336746106	-59895.3557963285
580001	2.0992052550	1.9336746106	-59888.8621053969
590001	2.1664619090	1.9336746106	-59894.5581819725
600001	0.7895050871	1.9336746106	-57544.7474729431
610001	0.7768820250	1.9336746106	-57448.2048970807
620001	0.7862580825	1.9336746106	-57520.2674340894
630001	0.7720146628	1.9336746106	-57409.9764598677
640001	0.7945406932	1.9336746106	-57582.2358830798
650001	0.7835264308	1.9336746106	-57499.4845382890
660001	0.7722569211	1.9336746106	-57411.8927853160
670001	0.7835264308	1.9336746106	-57499.4845382890
680001	0.7667129190	1.9336746106	-57367.6871544698
690001	0.7698392693	1.9336746106	-57392.7063580939
700001	0.9976902857	1.9336746106	-58699.2663839595
710001	0.9738881187	1.9336746106	-58601.6048483179
720001	0.9689017052	1.9336746106	-58580.2146986060
730001	0.9742460542	1.9336746106	-58603.1279370733
740001	0.9650172730	1.9336746106	-58563.3208294614
750001	0.9760397123	1.9336746106	-58610.7337978438
760001	0.9898799059	1.9336746106	-58668.0133597595
770001	0.9660738090	1.9336746106	-58567.9358476902
780001	0.9785616061	1.9336746106	-58621.3551249462
790001	0.9749627711	1.9336746106	-58606.1721987318
800001	2.1488105906	1.9336746106	-59893.1956629062
810001	2.1119753813	1.9336746106	-59890.0535279809
820001	2.1847381539	1.9336746106	-59895.8792086906
830001	2.0597569884	1.9336746106	-59884.8124702307
840001	2.1087530895	1.9336746106	-59889.7580999693
850001	2.0867443434	1.9336746106	-59887.6448724856
860001	2.0396974111	1.9336746106	-59882.5206831270
870001	2.2479801992	1.9336746106	-59899.8241131089
880001	2.2273738562	1.9336746106	-59898.6379173968
890001	2.4211466820	1.9336746106	-59906.9107442894
900001	1.9787871886	1.9336746106	-59874.4529445763
910001	2.0258320336	1.9336746106	-59880.8365692939
920001	1.9664428413	1.9336746106	-59872.5916957418
930001	2.0425165092	1.9336746106	-59882.8528063730
940001	1.9265515564	1.9336746106	-59865.9821230751
950001	2.1351113911	1.9336746106	-59892.0759733413
960001	1.9664437292	1.9336746106	-59872.5916957417
970001	1.9496424094	1.9336746106	-59869.9224908002
980001	2.0043925783	1.9336746106	-59878.0610383161
990001	2.1217640996	1.9336746106	-59890.9300695467
