site	rate	t	lnL
1	2.8328356154	1.8894094718	-59912.5718789989
10001	2.5349711422	1.8894094718	-59908.3800375566
20001	2.4543446541	1.8894094718	-59906.2106187860
30001	2.6985178625	1.8894094718	-59911.2270749373
40001	3.0300783319	1.8894094718	-59913.6531040093
50001	929.5750510474	1.8894094718	-59914.6454710484
60001	3.0474335943	1.8894094718	-59913.7155314126
70001	3.0839431923	1.8894094718	-59913.8344054928
80001	3.7470868122	1.8894094718	-59914.5784403436
90001	3.0132751110	1.8894094718	-59913.5886877581
100001	0.8520993758	1.8894094718	-57847.6497433948
110001	0.8278579907	1.8894094718	-57686.0780046870
120001	0.8565773812	1.8894094718	-57876.2388190566
130001	0.8568586251	1.8894094718	-57878.0209601537
140001	0.8529361498	1.8894094718	-57853.0209083177
150001	0.8372592306	1.8894094718	-57750.1288249910
160001	0.8551739824	1.8894094718	-57867.3198528777
170001	0.8512637033	1.8894094718	-57842.2736428529
180001	0.8676545059	1.8894094718	-57945.3325025016
190001	0.8711099953	1.8894094718	-57966.4220321077
200001	2.1816832400	1.8894094718	-59891.7919491467
210001	2.3793714766	1.8894094718	-59903.5351269155
220001	2.1231781033	1.8894094718	-59886.4019728047
230001	2.0175296191	1.8894094718	-59873.3407455376
240001	2.0817613934	1.8894094718	-59881.8517307648
250001	2.1782582740	1.8894094718	-59891.5062889021
260001	2.1231780745	1.8894094718	-59886.4019728046
270001	2.0251456530	1.8894094718	-59874.4529445762
280001	2.0817620185	1.8894094718	-59881.8517307646
290001	2.1020649171	1.8894094718	-59884.1655633716
300001	2.0277078547	1.8894094718	-59874.8206361643
310001	2.1483858199	1.8894094718	-59888.8621053970
320001	2.2359222338	1.8894094718	-59895.8792086905
330001	2.2027170042	1.8894094718	-59893.4714717534
340001	2.0622088221	1.8894094718	-59879.4612074487
350001	2.0026204395	1.8894094718	-59871.0754658501
360001	2.1231779916	1.8894094718	-59886.4019728043
370001	2.0732947887	1.8894094718	-59880.8365692938
380001	2.0302836889	1.8894094718	-59875.1868037254
390001	2.0991163083	1.8894094718	-59883.8397388031
400001	0.1194969179	1.8894094718	-40501.7458182169
410001	0.1144241510	1.8894094718	-40180.1614378813
420001	0.1113211593	1.8894094718	-39980.1679844552
430001	0.1139402693	1.8894094718	-40149.1403165197
440001	0.1183808575	1.8894094718	-40431.5590438012
450001	0.1182415758	1.8894094718	-40422.7740416870
460001	0.1163641360	1.8894094718	-40303.9214732469
470001	0.1112524050	1.8894094718	-39975.7082139043
480001	0.1158784857	1.8894094718	-40273.0299434344
490001	0.1151854333	1.8894094718	-40228.8432075660
500001	2.3181441621	1.8894094718	-59900.7422727628
510001	2.2063047066	1.8894094718	-59893.7456304609
520001	2.3181439527	1.8894094718	-59900.7422727627
530001	2.1647731406	1.8894094718	-59890.3473337740
540001	2.2027174046	1.8894094718	-59893.4714717534
550001	2.2713507918	1.8894094718	-59898.1515279501
560001	2.2795579514	1.8894094718	-59898.6379173968
570001	2.1782597213	1.8894094718	-59891.5062889019
580001	2.1356309797	1.8894094718	-59887.6448724857
590001	2.1020648404	1.8894094718	-59884.1655633719
600001	0.7321606956	1.8894094718	-56921.1605266767
610001	0.7264147824	1.8894094718	-56867.9483410054
620001	0.7196448254	1.8894094718	-56804.0747882018
630001	0.7286174796	1.8894094718	-56888.4534519351
640001	0.7379694373	1.8894094718	-56974.0431791240
650001	0.7202962004	1.8894094718	-56810.2763843804
660001	0.7235653075	1.8894094718	-56841.2192213589
670001	0.7112487046	1.8894094718	-56723.0603150211
680001	0.7661115054	1.8894094718	-57217.7294446031
690001	0.7240027174	1.8894094718	-56845.3367187018
700001	0.9836799080	1.8894094718	-58546.3504701798
710001	0.9826089419	1.8894094718	-58541.7089574453
720001	0.9702712335	1.8894094718	-58487.1415105689
730001	0.9636920609	1.8894094718	-58457.2001803887
740001	0.9657607411	1.8894094718	-58466.6794454858
750001	0.9521192770	1.8894094718	-58403.0666933253
760001	0.9507742152	1.8894094718	-58396.6516155258
770001	0.9681848153	1.8894094718	-58477.7104825512
780001	0.9544813032	1.8894094718	-58414.2696338048
790001	0.9606041317	1.8894094718	-58442.9396993696
800001	2.1293684314	1.8894094718	-59887.0266220864
810001	2.1748548728	1.8894094718	-59891.2189949300
820001	2.1581570862	1.8894094718	-59889.7580999693
830001	2.2063046734	1.8894094718	-59893.7456304608
840001	2.1816837625	1.8894094718	-59891.7919491467
850001	2.3006462070	1.8894094718	-59899.8241131090
860001	2.2321275929	1.8894094718	-59895.6183371787
870001	2.3455252460	1.8894094718	-59902.0677964607
880001	2.2359239980	1.8894094718	-59895.8792086906
890001	2.0817614034	1.8894094718	-59881.8517307647
900001	2.0677218882	1.8894094718	-59880.1519975772
910001	2.0513514685	1.8894094718	-59878.0610383161
920001	1.9763299597	1.8894094718	-59866.7820937347
930001	2.0380862386	1.8894094718	-59876.2761422396
940001	1.9557513831	1.8894094718	-59863.1357158496
950001	2.0761015924	1.8894094718	-59881.1765180295
960001	2.0705005805	1.8894094718	-59880.4950617790
970001	2.0380865561	1.8894094718	-59876.2761422397
980001	1.9977417059	1.8894094718	-59870.3083169538
990001	1.9977417295	1.8894094718	-59870.3083169539
