site	rate	t	lnL
1	2.0825232901	6.0513938638	-626908.2965195469
100001	0.8575909131	6.0513938638	-637793.1970737879
200001	1.6914181941	6.0513938638	-628958.8534421178
300001	1.7360625868	6.0513938638	-647422.6143454907
400001	0.0560719419	6.0513938638	-357715.2951041299
500001	1.9626056196	6.0513938638	-640518.7627807426
600001	1.0874180288	6.0513938638	-695410.0978330987
700001	0.8370035831	6.0513938638	-689288.0382301565
800001	1.7765623865	6.0513938638	-650602.6165807995
900001	1.9103156151	6.0513938638	-643791.7816312439
