site	rate	t	lnL
1	1.7090511655	0.8744418607	-574166.8134374468
100001	0.6502047239	0.8744418607	-488635.3342979167
200001	1.5513807868	0.8744418607	-567883.4467386523
300001	1.4786305974	0.8744418607	-564492.9235100785
400001	0.1445618622	0.8744418607	-368024.4723919557
500001	1.5560178309	0.8744418607	-568088.2973331761
600001	0.4414457090	0.8744418607	-450592.4827406531
700001	0.8143533938	0.8744418607	-511323.5142933145
800001	1.5381829147	0.8744418607	-567293.1809118758
900001	1.4573381172	0.8744418607	-563434.9464996906
