site	rate	t	lnL
1	2.2535806337	5.3643720412	-622525.2568385276
100001	1.0659373902	5.3643720412	-634037.3968763567
200001	1.9469995951	5.3643720412	-621210.7520697073
300001	2.0554754555	5.3643720412	-641293.8446734214
400001	0.0694723556	5.3643720412	-355912.0603534415
500001	2.1268717499	5.3643720412	-630118.2413202605
600001	1.4046633128	5.3643720412	-690537.3921753026
700001	0.7284513104	5.3643720412	-682956.1645935412
800001	1.7745885737	5.3643720412	-644858.4872566048
900001	2.1439460178	5.3643720412	-639122.9715841513
