site	rate	t	lnL
1	2.8065100721	1.9291792039	-599128.1029402020
100001	0.8718192064	1.9291792039	-580789.0652227214
200001	2.1156028646	1.9291792039	-598899.3555131481
300001	2.0022672445	1.9291792039	-598771.3768794909
400001	0.1146114943	1.9291792039	-403457.9426356733
500001	2.1668527520	1.9291792039	-598942.0790647126
600001	0.7880153691	1.9291792039	-575197.0146607879
700001	0.9743310558	1.9291792039	-585938.2717242093
800001	2.1722315184	1.9291792039	-598946.1182169120
900001	2.0040880718	1.9291792039	-598773.8730581328
