site	rate	t	lnL
1	2.6280653576	1.8908937685	-59910.2396105886
10001	2.5969470328	1.8908937685	-59909.7008310016
20001	2.9486236805	1.8908937685	-59913.3112046495
30001	2.7244861018	1.8908937685	-59911.5661439075
40001	2.8928997381	1.8908937685	-59913.0021799003
50001	2.8546537594	1.8908937685	-59912.7498448486
60001	3.2865981609	1.8908937685	-59914.2699461185
70001	2.8189832454	1.8908937685	-59912.4799834515
80001	2.8076132320	1.8908937685	-59912.3861506261
90001	2.9635188476	1.8908937685	-59913.3835411376
100001	0.8666869919	1.8908937685	-57943.5714157137
110001	0.8412253344	1.8908937685	-57781.0008590437
120001	0.8266762428	1.8908937685	-57682.3981019554
130001	0.8398613196	1.8908937685	-57771.9370973680
140001	0.8556242826	1.8908937685	-57874.4561270348
150001	0.8559049956	1.8908937685	-57876.2388190565
160001	0.8575929083	1.8908937685	-57886.9233962057
170001	0.8461653899	1.8908937685	-57813.5179231107
180001	0.8431409904	1.8908937685	-57793.6673271442
190001	0.8536630034	1.8908937685	-57861.9618703190
200001	2.0633371408	1.8908937685	-59879.8073787739
210001	2.0829785809	1.8908937685	-59882.1869905500
220001	1.9609819845	1.8908937685	-59864.3644413904
230001	2.0744711855	1.8908937685	-59881.1765180294
240001	2.0801276833	1.8908937685	-59881.8517307648
250001	2.1434846105	1.8908937685	-59888.5602112501
260001	2.1799713907	1.8908937685	-59891.7919491468
270001	2.1499336656	1.8908937685	-59889.1623864070
280001	2.1799719169	1.8908937685	-59891.7919491469
290001	2.2045732686	1.8908937685	-59893.7456304610
300001	2.1371128243	1.8908937685	-59887.9515925512
310001	2.0524327234	1.8908937685	-59878.4133990506
320001	1.9986049856	1.8908937685	-59870.6926426142
330001	2.1903749804	1.8908937685	-59892.6391042519
340001	2.1063570666	1.8908937685	-59884.8124702307
350001	2.0887273752	1.8908937685	-59882.8528063729
360001	2.0524327796	1.8908937685	-59878.4133990507
370001	2.0829785075	1.8908937685	-59882.1869905500
380001	2.0338744033	1.8908937685	-59875.9145587691
390001	2.1664107517	1.8908937685	-59890.6395150608
400001	0.1182879858	1.8908937685	-40431.5590438010
410001	0.1204506870	1.8908937685	-40567.3960295554
420001	0.1189149026	1.8908937685	-40471.0594713019
430001	0.1189846560	1.8908937685	-40475.4451722705
440001	0.1162034239	1.8908937685	-40299.5103689488
450001	0.1184272486	1.8908937685	-40440.3414510032
460001	0.1177313446	1.8908937685	-40396.4034449794
470001	0.1113711656	1.8908937685	-39989.0854950901
480001	0.1153718521	1.8908937685	-40246.5258189825
490001	0.1155796655	1.8908937685	-40259.7808472435
500001	2.2535413396	1.8908937685	-59897.1584407239
510001	2.2341673835	1.8908937685	-59895.8792086905
520001	2.1499341031	1.8908937685	-59889.1623864071
530001	2.2228743551	1.8908937685	-59895.0915885662
540001	2.2266114269	1.8908937685	-59895.3557963285
550001	2.3875779396	1.8908937685	-59903.9385950593
560001	2.1371131867	1.8908937685	-59887.9515925511
570001	2.2496093686	1.8908937685	-59896.9059525643
580001	2.3725384404	1.8908937685	-59903.3307565603
590001	2.0134335650	1.8908937685	-59872.9669777019
600001	0.7232158080	1.8908937685	-56843.2782118847
610001	0.7203825168	1.8908937685	-56816.4736410978
620001	0.7443948485	1.8908937685	-57036.6623962012
630001	0.7177803825	1.8908937685	-56791.6585878043
640001	0.7256250906	1.8908937685	-56865.8951614297
650001	0.7119724574	1.8908937685	-56735.5715610044
660001	0.7240906741	1.8908937685	-56851.5093359269
670001	0.7342570201	1.8908937685	-56945.6089600339
680001	0.7282661202	1.8908937685	-56890.5012923716
690001	0.7254056424	1.8908937685	-56863.8414970692
700001	1.0085139940	1.8908937685	-58653.0301432136
710001	0.9629357739	1.8908937685	-58457.2001803889
720001	0.9544083603	1.8908937685	-58417.4649846454
730001	0.9681187569	1.8908937685	-58480.8566378709
740001	0.9625918996	1.8908937685	-58455.6181446002
750001	0.9807695773	1.8908937685	-58537.0617856642
760001	0.9857723284	1.8908937685	-58558.7001219060
770001	0.9480183570	1.8908937685	-58387.0107662992
780001	0.9581433406	1.8908937685	-58434.9957004252
790001	0.9751096742	1.8908937685	-58512.1815589528
800001	2.2988403969	1.8908937685	-59899.8241131089
810001	2.1765484849	1.8908937685	-59891.5062889021
820001	2.3531290437	1.8908937685	-59902.4957629841
830001	2.1597585366	1.8908937685	-59890.0535279810
840001	2.3118998136	1.8908937685	-59900.5153095362
850001	2.1184457797	1.8908937685	-59886.0872541106
860001	2.1903752316	1.8908937685	-59892.6391042516
870001	2.2379863386	1.8908937685	-59896.1384084305
880001	2.2535411895	1.8908937685	-59897.1584407238
890001	2.3436853148	1.8908937685	-59902.0677964609
900001	1.9937533778	1.8908937685	-59869.9224908001
910001	2.1308169040	1.8908937685	-59887.3365482553
920001	2.0134335503	1.8908937685	-59872.9669777020
930001	2.0633369298	1.8908937685	-59879.8073787737
940001	2.1630739642	1.8908937685	-59890.3473337740
950001	2.0235553908	1.8908937685	-59874.4529445760
960001	1.9865578626	1.8908937685	-59868.7560286055
970001	2.0084436784	1.8908937685	-59872.2149016211
980001	1.9678351636	1.8908937685	-59865.5799174003
990001	2.0391106608	1.8908937685	-59876.6361936583
