site	rate	t	lnL
1	2.2150039274	7.0297755742	-62212.0724117926
10001	2.0193039587	7.0297755742	-62117.3421254285
20001	1.7429378845	7.0297755742	-62121.5841785448
30001	2.3516389541	7.0297755742	-62089.0195077010
40001	2.4306161477	7.0297755742	-62037.4798406398
50001	3.1729380283	7.0297755742	-62119.0102859152
60001	1.6768087724	7.0297755742	-62139.6629267819
70001	1.9587600016	7.0297755742	-62096.6016553694
80001	1.5006791706	7.0297755742	-62386.2677666161
90001	4.1900315752	7.0297755742	-62076.7261189638
100001	1.0692273013	7.0297755742	-52806.1124358616
110001	0.9826878192	7.0297755742	-52726.0676799194
120001	1.0136490823	7.0297755742	-52887.7183546742
130001	0.9821737204	7.0297755742	-52744.0762115630
140001	1.0416220482	7.0297755742	-52912.8813938860
150001	1.0324626571	7.0297755742	-52739.7416876885
160001	1.0399735412	7.0297755742	-52802.6296843571
170001	0.9757344602	7.0297755742	-52715.2151461219
180001	0.9966542247	7.0297755742	-52737.9331696464
190001	0.9890462408	7.0297755742	-52717.1641139086
200001	1.0102729818	7.0297755742	-62590.9171154778
210001	1.0140267171	7.0297755742	-62576.2536443612
220001	1.0168299247	7.0297755742	-62706.7938451956
230001	0.9853659266	7.0297755742	-62638.6883481978
240001	1.0179997022	7.0297755742	-62491.4301459926
250001	1.1683016898	7.0297755742	-62633.2457862392
260001	1.0500010694	7.0297755742	-62708.9180133810
270001	1.1062405801	7.0297755742	-62531.2538302572
280001	1.0830102702	7.0297755742	-62555.7768507999
290001	1.1447297538	7.0297755742	-62620.9475981690
300001	1.4485157594	7.0297755742	-59474.4022538039
310001	1.4015620577	7.0297755742	-59487.5829675583
320001	1.5169085884	7.0297755742	-59503.9316514220
330001	1.4530144410	7.0297755742	-59400.5641248384
340001	1.3342387724	7.0297755742	-59568.2754443280
350001	1.5139551315	7.0297755742	-59593.2323478459
360001	1.5899404148	7.0297755742	-59588.1657573024
370001	1.5170581147	7.0297755742	-59601.8855209698
380001	1.4439635462	7.0297755742	-59543.0797978802
390001	1.3801673828	7.0297755742	-59470.9688969725
400001	0.0350982862	7.0297755742	-34234.4719366838
410001	0.0340820666	7.0297755742	-33951.9203323818
420001	0.0348102772	7.0297755742	-34118.1759942515
430001	0.0356267316	7.0297755742	-34411.3207952616
440001	0.0366738978	7.0297755742	-34639.7601214461
450001	0.0349472518	7.0297755742	-34141.2913891951
460001	0.0361361802	7.0297755742	-34426.8878780862
470001	0.0371303805	7.0297755742	-34592.3104766615
480001	0.0347878113	7.0297755742	-34199.7264890228
490001	0.0352459199	7.0297755742	-34253.8112374261
500001	1.4304923639	7.0297755742	-60511.7249190251
510001	1.2935074503	7.0297755742	-60453.8479093889
520001	1.5766375724	7.0297755742	-60551.2289846590
530001	1.5221525975	7.0297755742	-60604.7586128852
540001	1.3427613573	7.0297755742	-60500.0066377772
550001	1.4152543199	7.0297755742	-60565.8437436864
560001	1.3769772219	7.0297755742	-60476.1518017981
570001	1.4687940225	7.0297755742	-60558.2294167927
580001	1.3341117750	7.0297755742	-60528.6495779504
590001	1.4544044159	7.0297755742	-60454.3443595125
600001	1.2469786990	7.0297755742	-48265.6512532607
610001	1.2065948985	7.0297755742	-48188.8010585256
620001	1.2035508573	7.0297755742	-48264.8111566051
630001	1.1598416184	7.0297755742	-48141.8522961312
640001	1.2166739173	7.0297755742	-48204.2109772630
650001	1.1805582872	7.0297755742	-48180.7462781201
660001	1.2007584441	7.0297755742	-48367.8656982566
670001	1.2737424529	7.0297755742	-48290.6068011340
680001	1.1715175141	7.0297755742	-48229.3890538935
690001	1.1755871324	7.0297755742	-48169.9790681048
700001	1.2546790591	7.0297755742	-53872.9526947823
710001	1.1813084131	7.0297755742	-53968.1675436638
720001	1.3083244112	7.0297755742	-53982.7404159161
730001	1.4209992360	7.0297755742	-53733.4954745424
740001	1.2117903114	7.0297755742	-53817.6043950738
750001	1.2105380604	7.0297755742	-53793.4548010776
760001	1.2122674124	7.0297755742	-53889.6715708884
770001	1.2966518569	7.0297755742	-53727.5601561243
780001	1.2375120578	7.0297755742	-53950.7545746836
790001	1.2273483660	7.0297755742	-53826.6390514492
800001	1.1497568203	7.0297755742	-61246.4829755993
810001	1.0316855078	7.0297755742	-61235.1128980487
820001	1.0501726841	7.0297755742	-61191.3714047083
830001	1.1041679157	7.0297755742	-61193.9730108676
840001	1.0543634873	7.0297755742	-61251.0795473332
850001	1.0359862015	7.0297755742	-61257.6785833275
860001	1.0990015352	7.0297755742	-61243.2891843402
870001	1.1582952150	7.0297755742	-61345.7469496034
880001	1.1503443181	7.0297755742	-61205.9253550650
890001	1.1076023293	7.0297755742	-61297.4976598886
900001	1.5016905593	7.0297755742	-58954.0074995169
910001	1.5799027171	7.0297755742	-58962.6361531649
920001	1.5708034233	7.0297755742	-59186.1460313134
930001	1.6510447339	7.0297755742	-59006.8271652406
940001	1.6215803918	7.0297755742	-59053.4645236235
950001	1.4871537610	7.0297755742	-58956.4496030478
960001	1.7126911187	7.0297755742	-59103.0562156043
970001	1.5518997879	7.0297755742	-59072.1495281372
980001	1.5012014144	7.0297755742	-58965.6871050568
990001	1.6833649608	7.0297755742	-58977.0703751226
