site	rate	t	lnL
1	2.3108977007	1.3078061728	-625391.2614657155
100001	0.9073641206	1.3078061728	-626677.8889067533
200001	2.0235030957	1.3078061728	-626342.6591516697
300001	2.0115190438	1.3078061728	-642784.3206482555
400001	0.0837111575	1.3078061728	-361897.6797290317
500001	2.4558907495	1.3078061728	-634295.2270602427
600001	0.7160480560	1.3078061728	-691637.3552555813
700001	0.5707700391	1.3078061728	-695706.7017846716
800001	1.9445721458	1.3078061728	-648901.9156236744
900001	2.1309896993	1.3078061728	-642891.1714937075
