site	rate	t	lnL
1	2.0160182120	8.0666425797	-621305.5202186675
100001	0.7088884060	8.0666425797	-527405.9413625115
200001	1.1948413356	8.0666425797	-626241.2664447936
300001	1.4280611425	8.0666425797	-595189.6437987770
400001	0.0248835980	8.0666425797	-349596.4310763302
500001	1.3809557683	8.0666425797	-605095.9190823974
600001	1.1665488748	8.0666425797	-482758.5991765006
700001	0.9902251446	8.0666425797	-538327.5337483591
800001	1.6667200586	8.0666425797	-612689.0168768180
900001	1.6116740001	8.0666425797	-590811.3996618564
