site	rate	t	lnL
1	1.9250209442	1.1590497672	-591874.2421892141
100001	0.6610921256	1.1590497672	-518592.3958544877
200001	1.6664143447	1.1590497672	-587038.5551489481
300001	1.6026593030	1.1590497672	-585440.3042159611
400001	0.1314579568	1.1590497672	-378545.7946488992
500001	1.7028913378	1.1590497672	-587871.0444602685
600001	0.4623231861	1.1590497672	-482664.8710669432
700001	0.8392407781	1.1590497672	-541200.1726857416
800001	1.6870874624	1.1590497672	-587517.3218149811
900001	1.5684849627	1.1590497672	-584502.3461621660
