site	rate	t	lnL
1	2.6479546274	1.8766913279	-59910.2396105887
10001	2.7548817866	1.8766913279	-59911.6753558420
20001	2.5007534465	1.8766913279	-59907.0812655222
30001	3.4374321108	1.8766913279	-59914.4108395824
40001	3.0013907385	1.8766913279	-59913.4539028134
50001	2.7260714297	1.8766913279	-59911.3420002316
60001	3.1869894187	1.8766913279	-59914.0481307177
70001	2.7648417350	1.8766913279	-59911.7826568562
80001	30.6989098626	1.8766913279	-59914.6454710788
90001	2.6320472201	1.8766913279	-59909.9739539731
100001	0.8171040069	1.8766913279	-57571.0114530693
110001	0.8426603038	1.8766913279	-57748.3079543208
120001	0.8391268763	1.8766913279	-57724.5875478133
130001	0.8421151857	1.8766913279	-57744.6645930740
140001	0.8609692230	1.8766913279	-57867.3198528778
150001	0.8437524469	1.8766913279	-57755.5881954033
160001	0.8495217523	1.8766913279	-57793.6673271445
170001	0.8528467574	1.8766913279	-57815.3192530713
180001	0.8323970168	1.8766913279	-57678.7160601746
190001	0.8506278300	1.8766913279	-57800.8933492012
200001	2.1253165357	1.8766913279	-59885.1335481933
210001	2.0930121914	1.8766913279	-59881.5149058877
220001	2.1163102978	1.8766913279	-59884.1655633716
230001	2.1016302587	1.8766913279	-59882.5206831270
240001	2.1406744630	1.8766913279	-59886.7150961987
250001	2.1074538464	1.8766913279	-59883.1833581588
260001	2.0873441602	1.8766913279	-59880.8365692939
270001	2.0211484320	1.8766913279	-59871.8365972982
280001	2.1344776294	1.8766913279	-59886.0872541105
290001	2.1828045925	1.8766913279	-59890.6395150606
300001	2.1727828853	1.8766913279	-59889.7580999694
310001	1.9991968906	1.8766913279	-59868.3642196787
320001	2.1861886786	1.8766913279	-59890.9300695467
330001	2.1074541241	1.8766913279	-59883.1833581588
340001	2.1103893877	1.8766913279	-59883.5123363494
350001	2.0679657870	1.8766913279	-59878.4133990507
360001	2.0492666067	1.8766913279	-59875.9145587691
370001	2.1469433107	1.8766913279	-59887.3365482553
380001	2.1564867850	1.8766913279	-59888.2567062192
390001	2.1629445117	1.8766913279	-59888.8621053970
400001	0.1104858880	1.8766913279	-39877.4214037954
410001	0.1180619544	1.8766913279	-40361.2061934471
420001	0.1134617833	1.8766913279	-40069.2216297940
430001	0.1124910453	1.8766913279	-40006.9124026810
440001	0.1147820053	1.8766913279	-40153.5739011294
450001	0.1152692257	1.8766913279	-40184.5903681270
460001	0.1174323183	1.8766913279	-40321.5593290260
470001	0.1145037784	1.8766913279	-40135.8355654047
480001	0.1173624148	1.8766913279	-40317.1508487555
490001	0.1179219829	1.8766913279	-40352.4003565063
500001	2.2950054245	1.8766913279	-59898.6379173968
510001	2.3293953333	1.8766913279	-59900.5153095362
520001	2.1930202692	1.8766913279	-59891.5062889022
530001	2.2745871095	1.8766913279	-59897.4092448266
540001	2.1406737314	1.8766913279	-59886.7150961986
550001	2.3119228446	1.8766913279	-59899.5902873094
560001	2.2587978069	1.8766913279	-59896.3959339568
570001	2.0901705696	1.8766913279	-59881.1765180296
580001	2.1253156435	1.8766913279	-59885.1335481931
590001	2.3614216439	1.8766913279	-59902.0677964609
600001	0.7282487840	1.8766913279	-56839.1597472216
610001	0.7243033325	1.8766913279	-56802.0066255982
620001	0.7227768544	1.8766913279	-56787.5160029053
630001	0.6991378934	1.8766913279	-56554.6063852320
640001	0.7052132966	1.8766913279	-56616.0216460638
650001	0.7267110088	1.8766913279	-56824.7298952956
660001	0.6863767889	1.8766913279	-56421.9785510793
670001	0.7071130451	1.8766913279	-56635.0006701895
680001	0.7109327941	1.8766913279	-56672.8433757562
690001	0.7115720895	1.8766913279	-56679.1355132623
700001	0.9653944830	1.8766913279	-58434.9957004253
710001	0.9545195246	1.8766913279	-58383.7922947804
720001	0.9747460560	1.8766913279	-58477.7104825513
730001	0.9867604878	1.8766913279	-58530.8567647696
740001	0.9562042432	1.8766913279	-58391.8339235255
750001	0.9925094614	1.8766913279	-58555.6164926896
760001	0.9954072503	1.8766913279	-58567.9358476902
770001	0.9747459211	1.8766913279	-58477.7104825512
780001	0.9535112834	1.8766913279	-58378.9600417401
790001	0.9667695878	1.8766913279	-58441.3521272076
800001	2.1283527188	1.8766913279	-59885.4530396153
810001	2.3249735239	1.8766913279	-59900.2866267957
820001	2.2069510380	1.8766913279	-59892.6391042517
830001	2.3474595874	1.8766913279	-59901.4128193751
840001	2.3076428892	1.8766913279	-59899.3547522898
850001	2.1727836703	1.8766913279	-59889.7580999695
860001	2.1532852388	1.8766913279	-59887.9515925511
870001	2.4005484294	1.8766913279	-59903.7377406537
880001	2.1532867391	1.8766913279	-59887.9515925513
890001	2.1964685708	1.8766913279	-59891.7919491467
900001	1.9827269512	1.8766913279	-59865.5799174003
910001	1.9735402540	1.8766913279	-59863.9563359158
920001	1.9944401149	1.8766913279	-59867.5761309644
930001	2.0388699948	1.8766913279	-59874.4529445761
940001	1.9968126738	1.8766913279	-59867.9709198319
950001	2.1564849595	1.8766913279	-59888.2567062193
960001	1.9944389905	1.8766913279	-59867.5761309644
970001	2.1794435537	1.8766913279	-59890.3473337739
980001	2.0363015069	1.8766913279	-59874.0837309524
990001	1.9277457003	1.8766913279	-59855.0492773852
