site	rate	t	lnL
1	2.7629181443	1.9412660787	-599126.1709924693
100001	0.8724604806	1.9412660787	-581143.3658484633
200001	2.1257516266	1.9412660787	-598919.9093800676
300001	2.0464882329	1.9412660787	-598842.3053874967
400001	0.1164339556	1.9412660787	-405100.6951577892
500001	2.1710322988	1.9412660787	-598955.1352102314
600001	0.7916604253	1.9412660787	-575839.1791133870
700001	0.9810324931	1.9412660787	-586476.2033532987
800001	2.1619406161	1.9412660787	-598948.5237836960
900001	2.0087252314	1.9412660787	-598796.6909643010
