site	rate	t	lnL
1	2.4259426891	7.5831818183	-621439.5713786373
100001	0.6772504252	7.5831818183	-526500.1604579269
200001	1.2293267645	7.5831818183	-625817.4339802301
300001	1.4856534793	7.5831818183	-595111.0298187777
400001	0.0255694213	7.5831818183	-347786.7025336689
500001	1.4259843564	7.5831818183	-605264.6730018692
600001	0.9658356710	7.5831818183	-481692.6812034288
700001	0.9884363144	7.5831818183	-538041.6601793428
800001	1.8028773094	7.5831818183	-612322.9933317229
900001	1.6804856788	7.5831818183	-590360.5406672517
