site	rate	t	lnL
1	2.1140704522	5.7321402103	-627108.6840232866
100001	0.8042405154	5.7321402103	-634665.1362223948
200001	1.7155367700	5.7321402103	-628987.3849116241
300001	1.8241203910	5.7321402103	-647298.6852628173
400001	0.0565613894	5.7321402103	-354660.3445153026
500001	2.0851318024	5.7321402103	-640723.7922948312
600001	0.9273768290	5.7321402103	-692194.5682077726
700001	0.8376945527	5.7321402103	-688742.8346192993
800001	1.8631110533	5.7321402103	-650118.8997223625
900001	2.0117481858	5.7321402103	-643738.9887239325
