site	rate	t	lnL
1	2.7299046081	1.8203538155	-599102.3961058859
100001	0.8137806822	1.8203538155	-573626.7291058097
200001	2.1726768012	1.8203538155	-598831.8335815883
300001	2.1280560733	1.8203538155	-598779.1966208811
400001	0.1172738101	1.8203538155	-400878.8871155642
500001	2.2573585034	1.8203538155	-598912.1899493014
600001	0.6578021285	1.8203538155	-558721.5598979348
700001	0.9479570058	1.8203538155	-582071.0749897412
800001	2.2339200335	1.8203538155	-598892.2224883391
900001	2.0462442227	1.8203538155	-598659.4196905913
