site	rate	t	lnL
1	1.9825272192	2.2031739709	-621127.0842497257
100001	0.8023366148	2.2031739709	-518790.0151774141
200001	1.6924044485	2.2031739709	-626254.2574346495
300001	1.8790075001	2.2031739709	-595419.8073770890
400001	0.1080781805	2.2031739709	-324556.6437136899
500001	1.8457113011	2.2031739709	-605456.9700963064
600001	0.7138684105	2.2031739709	-470554.2775972321
700001	1.0168975589	2.2031739709	-533917.8744763846
800001	1.8127777566	2.2031739709	-612184.1855704071
900001	1.9496845265	2.2031739709	-590004.7315729160
