site	rate	t	lnL
1	3.9198236357	6.4788645040	-62119.1804688795
10001	1.9061296372	6.4788645040	-61965.2791349890
20001	179.2529815914	6.4788645040	-62130.0645703595
30001	1.7532485869	6.4788645040	-62201.6641562282
40001	2.1085522629	6.4788645040	-62140.1357385609
50001	1.9289477913	6.4788645040	-62219.3469700627
60001	1.9567100961	6.4788645040	-62160.1560461625
70001	2.1991666666	6.4788645040	-62216.8177666047
80001	1.9103919188	6.4788645040	-62124.6427213617
90001	1.9713307651	6.4788645040	-62166.9075011104
100001	0.7508843779	6.4788645040	-52777.6818252863
110001	0.7731169547	6.4788645040	-52727.1596236829
120001	0.7497033044	6.4788645040	-52765.1578388716
130001	0.7947320665	6.4788645040	-52707.4352234663
140001	0.7818022872	6.4788645040	-52915.7412783159
150001	0.8447109468	6.4788645040	-52796.8632540050
160001	0.7285916450	6.4788645040	-52654.4389898931
170001	0.7379431222	6.4788645040	-52742.1967863014
180001	0.7939806007	6.4788645040	-52839.5760805864
190001	0.7543143148	6.4788645040	-52654.1748685757
200001	1.0677963137	6.4788645040	-62704.2304487361
210001	1.2399868324	6.4788645040	-62471.5907039721
220001	1.1728080482	6.4788645040	-62566.4549387928
230001	1.2232445270	6.4788645040	-62582.2285313420
240001	1.2157334181	6.4788645040	-62637.8692055988
250001	1.1619140539	6.4788645040	-62612.0502847073
260001	1.1501082551	6.4788645040	-62538.6152030662
270001	1.1675160830	6.4788645040	-62529.8782223021
280001	1.0621717765	6.4788645040	-62690.8904791133
290001	1.2327456387	6.4788645040	-62544.4099567210
300001	1.3722748403	6.4788645040	-59457.3305400781
310001	1.4143187667	6.4788645040	-59446.9566617082
320001	1.3566089002	6.4788645040	-59599.3483068057
330001	1.3481127061	6.4788645040	-59608.9013828352
340001	1.4161597337	6.4788645040	-59565.5116239842
350001	1.3451718045	6.4788645040	-59474.9430576209
360001	1.2927629173	6.4788645040	-59491.2187292652
370001	1.3276879481	6.4788645040	-59388.3354307677
380001	1.3788515152	6.4788645040	-59511.0507283007
390001	1.3281659263	6.4788645040	-59483.0594750871
400001	0.0319412667	6.4788645040	-34417.3719973809
410001	0.0330587319	6.4788645040	-34790.6178387006
420001	0.0330319383	6.4788645040	-34824.2643986443
430001	0.0334741446	6.4788645040	-34831.4048784358
440001	0.0312421329	6.4788645040	-34301.3307781038
450001	0.0317422584	6.4788645040	-34464.6416997808
460001	0.0320900737	6.4788645040	-34505.1665202931
470001	0.0333669012	6.4788645040	-34817.1797295638
480001	0.0322989334	6.4788645040	-34573.1612419132
490001	0.0331177943	6.4788645040	-34776.2388643843
500001	1.3888484127	6.4788645040	-60537.0650628531
510001	1.4120719185	6.4788645040	-60589.3478810332
520001	1.3574506768	6.4788645040	-60463.5552245625
530001	1.3768466574	6.4788645040	-60553.2664022366
540001	1.3699098807	6.4788645040	-60518.9676935997
550001	1.3935864117	6.4788645040	-60503.3555310202
560001	1.4316339800	6.4788645040	-60531.4681274235
570001	1.3716725111	6.4788645040	-60521.7509466148
580001	1.4274344935	6.4788645040	-60505.3520341938
590001	1.3603488968	6.4788645040	-60448.0937944921
600001	1.4424722380	6.4788645040	-48431.2885430792
610001	1.3469305518	6.4788645040	-48426.8624235554
620001	1.3100293033	6.4788645040	-48304.2340002054
630001	1.1837253609	6.4788645040	-48387.3365709713
640001	1.2348827996	6.4788645040	-48323.4466027041
650001	1.2141001217	6.4788645040	-48298.3293205530
660001	1.3423447833	6.4788645040	-48402.4241514810
670001	1.3414024721	6.4788645040	-48324.9653934343
680001	1.2862492255	6.4788645040	-48392.1645882513
690001	1.3480692591	6.4788645040	-48229.3236214766
700001	1.0586749962	6.4788645040	-53769.8532225809
710001	1.0204287788	6.4788645040	-53820.3159528719
720001	1.0296972786	6.4788645040	-53818.7681991626
730001	0.9872269608	6.4788645040	-53879.1938534524
740001	1.0546163960	6.4788645040	-53747.7247030291
750001	1.0202591017	6.4788645040	-53604.1564442959
760001	1.0594523442	6.4788645040	-53911.3951289598
770001	1.0336336301	6.4788645040	-53818.1888747546
780001	1.0534736027	6.4788645040	-53869.7045695276
790001	1.0488700436	6.4788645040	-53898.9118008754
800001	1.4649857768	6.4788645040	-61226.9396318302
810001	1.2282906559	6.4788645040	-61382.8056264677
820001	15.1809048361	6.4788645040	-61199.2187072217
830001	1.2209990059	6.4788645040	-61307.6582268965
840001	1.4286778708	6.4788645040	-61186.3044522278
850001	1.3712270470	6.4788645040	-61287.7597301427
860001	1.3756400529	6.4788645040	-61224.6887053780
870001	1.3920689075	6.4788645040	-61376.1219615528
880001	1.4522906794	6.4788645040	-61227.9169549939
890001	1.5356708752	6.4788645040	-61219.1034661026
900001	1.5736458535	6.4788645040	-59029.5195585963
910001	1.4874937123	6.4788645040	-59174.8635525345
920001	1.6836627814	6.4788645040	-58949.7632247334
930001	1.6642271367	6.4788645040	-59007.2689547005
940001	1.5239706040	6.4788645040	-58998.5386404825
950001	1.4430560699	6.4788645040	-59106.4524157420
960001	1.6123262149	6.4788645040	-59050.1720616029
970001	1.6167037917	6.4788645040	-59107.6542146663
980001	1.4594999990	6.4788645040	-59098.4562739244
990001	1.6111942674	6.4788645040	-58967.8830759241
