site	rate	t	lnL
1	2.1452160263	6.4029489314	-621388.3952101341
100001	0.7382438235	6.4029489314	-527079.7771854608
200001	1.1530494446	6.4029489314	-626031.1370236265
300001	1.3575421177	6.4029489314	-595185.4746472430
400001	0.0323812137	6.4029489314	-345305.9731503525
500001	1.4053565267	6.4029489314	-605462.5062649767
600001	1.2184045743	6.4029489314	-483047.5580047200
700001	1.0776244021	6.4029489314	-537880.8483069175
800001	1.4583265431	6.4029489314	-612528.5920009689
900001	1.5765246676	6.4029489314	-590313.2554552883
