site	rate	t	lnL
1	2.7876833529	1.9168357384	-599125.3535346740
100001	0.8697264981	1.9168357384	-580335.3918443603
200001	2.1487772253	1.9168357384	-598916.4932338541
300001	2.0154219677	1.9168357384	-598771.7339376759
400001	0.1159527182	1.9168357384	-403845.2903594559
500001	2.2141641062	1.9168357384	-598965.7520435690
600001	0.7529360257	1.9168357384	-571990.2025698092
700001	0.9740982806	1.9168357384	-585659.3670539996
800001	2.2277355478	1.9168357384	-598974.5920334213
900001	2.0373188606	1.9168357384	-598800.4877507464
