site	rate	t	lnL
1	2.7275775449	1.9079078648	-599118.6711961959
100001	0.8653315820	1.9079078648	-579827.1104347510
200001	2.1451045911	1.9079078648	-598904.6440135782
300001	2.0641200860	1.9079078648	-598821.5353506097
400001	0.1167434515	1.9079078648	-404003.6052673646
500001	2.1877746034	1.9079078648	-598939.6376773173
600001	0.7513215025	1.9079078648	-571553.2154931468
700001	0.9622112657	1.9079078648	-584932.5970133834
800001	2.2131139313	1.9079078648	-598958.0112266209
900001	1.9999690204	1.9079078648	-598736.3866831325
