site	rate	t	lnL
1	2.0017815454	7.3840605501	-62172.7818782534
10001	2.2102923013	7.3840605501	-62043.2950281400
20001	2.5528115367	7.3840605501	-62120.6518567366
30001	1.9393789393	7.3840605501	-62168.4193113356
40001	2.8308872334	7.3840605501	-62028.0000523669
50001	1.7823378529	7.3840605501	-62254.4415929467
60001	2.8915574628	7.3840605501	-62257.5311645480
70001	1.9013441454	7.3840605501	-62116.2433239342
80001	12.9161625951	7.3840605501	-62229.6492300717
90001	1.9928642469	7.3840605501	-62165.1181470279
100001	0.6144239192	7.3840605501	-52566.4449915547
110001	0.6302628844	7.3840605501	-52511.0968229605
120001	0.6548269904	7.3840605501	-52545.7370442530
130001	0.6938679938	7.3840605501	-52635.1586064874
140001	0.6788081055	7.3840605501	-52591.2457013872
150001	0.6624545931	7.3840605501	-52632.0041831082
160001	0.6469345356	7.3840605501	-52645.5577290343
170001	0.6711308886	7.3840605501	-52622.5593325252
180001	0.6111442254	7.3840605501	-52412.6802071535
190001	0.6636369826	7.3840605501	-52566.2202399742
200001	1.3678490172	7.3840605501	-62548.6692882893
210001	1.2570328750	7.3840605501	-62533.0284987226
220001	1.3089330742	7.3840605501	-62599.3323534754
230001	1.3341762552	7.3840605501	-62684.0541015418
240001	1.2468620035	7.3840605501	-62487.8037371930
250001	1.2043548187	7.3840605501	-62574.5761949204
260001	1.3375023488	7.3840605501	-62431.8696165712
270001	1.2730564407	7.3840605501	-62511.0938791227
280001	1.3281627735	7.3840605501	-62745.8140423653
290001	1.3040038757	7.3840605501	-62627.5826983345
300001	1.4904675519	7.3840605501	-59558.9571430755
310001	1.6390739110	7.3840605501	-59634.4241942696
320001	1.4772081417	7.3840605501	-59545.1581026287
330001	1.5082704608	7.3840605501	-59532.8886496608
340001	1.5683801965	7.3840605501	-59470.8450461735
350001	1.4616583300	7.3840605501	-59492.1069897217
360001	1.6152783548	7.3840605501	-59380.1987134086
370001	1.5408136539	7.3840605501	-59448.1689535240
380001	1.4790196910	7.3840605501	-59493.4136339426
390001	1.5541246995	7.3840605501	-59440.9358425992
400001	0.0253111988	7.3840605501	-34517.8123787726
410001	0.0265434603	7.3840605501	-34940.6463912468
420001	0.0257458747	7.3840605501	-34662.3163985096
430001	0.0248801501	7.3840605501	-34410.3651497294
440001	0.0270969697	7.3840605501	-35096.4834802762
450001	0.0273751378	7.3840605501	-35105.8198081654
460001	0.0264585969	7.3840605501	-34932.7958651164
470001	0.0267753818	7.3840605501	-34925.0311420109
480001	0.0258618796	7.3840605501	-34716.5940550518
490001	0.0260119839	7.3840605501	-34767.4645768826
500001	1.5432190026	7.3840605501	-60591.3576494089
510001	1.4453236814	7.3840605501	-60513.0971474202
520001	1.4210917086	7.3840605501	-60574.5982963058
530001	1.5005756661	7.3840605501	-60456.8021127337
540001	1.4735556869	7.3840605501	-60531.2682244183
550001	1.4438054597	7.3840605501	-60540.6569096195
560001	1.4620849028	7.3840605501	-60482.8293754874
570001	1.3714660898	7.3840605501	-60607.8262751229
580001	1.4690832150	7.3840605501	-60394.9271067012
590001	1.4683997692	7.3840605501	-60525.6463376353
600001	0.8926864669	7.3840605501	-47986.0154836957
610001	0.9082946020	7.3840605501	-48055.0723305047
620001	0.8902544753	7.3840605501	-47986.3902102973
630001	0.9208982370	7.3840605501	-48015.4488348117
640001	0.9138240276	7.3840605501	-47998.7380021532
650001	0.9415327277	7.3840605501	-48018.2947031857
660001	0.9015966782	7.3840605501	-48075.3068747201
670001	0.9130106608	7.3840605501	-48026.8589340075
680001	0.9006185631	7.3840605501	-48104.1834447314
690001	0.9001934984	7.3840605501	-48109.3254726203
700001	0.9128004748	7.3840605501	-53924.4563102479
710001	0.9656483022	7.3840605501	-53709.7807375679
720001	0.9881381908	7.3840605501	-53833.1678966140
730001	1.0187230783	7.3840605501	-53783.7512164228
740001	0.9237632118	7.3840605501	-53668.1688219131
750001	0.9410066390	7.3840605501	-53774.8128044216
760001	0.9348659176	7.3840605501	-53756.3686316727
770001	1.0256763971	7.3840605501	-53626.2721533030
780001	0.9205071011	7.3840605501	-53537.1430434887
790001	0.9867079200	7.3840605501	-53816.5733944803
800001	1.5071382224	7.3840605501	-61230.7487659203
810001	1.7963545789	7.3840605501	-61212.3519858393
820001	2.8650319838	7.3840605501	-61276.3056802832
830001	1.7946063977	7.3840605501	-61304.9364402010
840001	2.5385537045	7.3840605501	-61246.4884444459
850001	3.1398470291	7.3840605501	-61285.6888493802
860001	1.8037381747	7.3840605501	-61366.5333158526
870001	1.6155783459	7.3840605501	-61171.3933922542
880001	1.9604641920	7.3840605501	-61220.2578408248
890001	1.8295030997	7.3840605501	-61348.1051498728
900001	1.5945371767	7.3840605501	-59090.1434410006
910001	1.6871957665	7.3840605501	-59081.9076570244
920001	1.8601919176	7.3840605501	-59082.5745008162
930001	1.5596399478	7.3840605501	-59135.5254136537
940001	1.6770702299	7.3840605501	-59134.1331701064
950001	1.6556463166	7.3840605501	-59070.6036403913
960001	1.7396494060	7.3840605501	-59023.2492891350
970001	1.6307383783	7.3840605501	-58986.3427296985
980001	1.7017821555	7.3840605501	-59136.2759571750
990001	1.5977324776	7.3840605501	-58999.2246972119
