site	rate	t	lnL
1	2.1752195022	1.3293093953	-625384.0372883712
100001	0.9096156656	1.3293093953	-626924.7243875583
200001	1.9922866818	1.3293093953	-626696.0292709826
300001	2.0701522391	1.3293093953	-642668.1867798869
400001	0.0839698598	1.3293093953	-363496.8762490602
500001	2.4561338896	1.3293093953	-634509.6391110963
600001	0.7443226497	1.3293093953	-692425.2291839187
700001	0.5868829860	1.3293093953	-696649.3512076396
800001	1.8849987819	1.3293093953	-649439.9686921367
900001	2.0730765784	1.3293093953	-642723.5511594258
