site	rate	t	lnL
1	1.5359725700	0.5091044386	-53664.3246861543
10001	1.4980267984	0.5091044386	-53441.8663256719
20001	1.4767094821	0.5091044386	-53468.7081672835
30001	1.5091629322	0.5091044386	-53604.6319366495
40001	1.4954166061	0.5091044386	-53539.5570263224
50001	1.5216540815	0.5091044386	-53671.5682654004
60001	1.4921120790	0.5091044386	-53491.5034039251
70001	1.5181713183	0.5091044386	-53590.0075351398
80001	1.5064573941	0.5091044386	-53720.1234206568
90001	1.5269354048	0.5091044386	-53735.9876657751
100001	0.6390874409	0.5091044386	-39155.4329909259
110001	0.6532427273	0.5091044386	-39342.7142007088
120001	0.6549931738	0.5091044386	-39363.1320310229
130001	0.6324844993	0.5091044386	-39081.4937307812
140001	0.6526369027	0.5091044386	-39425.9764614023
150001	0.6652146663	0.5091044386	-39468.8595728236
160001	0.6442853803	0.5091044386	-39257.6495424267
170001	0.6676089655	0.5091044386	-39554.3981308535
180001	0.6584155143	0.5091044386	-39415.1051891379
190001	0.6686119416	0.5091044386	-39570.5113996067
200001	1.3996681451	0.5091044386	-53252.4738527585
210001	1.3686676924	0.5091044386	-52976.7830185541
220001	1.3795959698	0.5091044386	-53085.0272469888
230001	1.3361624761	0.5091044386	-52764.1866976905
240001	1.3548899579	0.5091044386	-52813.0053858558
250001	1.3428744753	0.5091044386	-52735.2879484133
260001	1.3788857500	0.5091044386	-52963.3876262766
270001	1.3593059578	0.5091044386	-52783.5197936654
280001	1.3823807740	0.5091044386	-52974.7676411264
290001	1.3922177337	0.5091044386	-53182.9836728478
300001	1.3470364339	0.5091044386	-50458.6339771924
310001	1.3443455779	0.5091044386	-50416.2960818602
320001	1.3166662408	0.5091044386	-50324.4946175790
330001	1.3516397870	0.5091044386	-50433.2968593889
340001	1.3583447940	0.5091044386	-50662.3373435324
350001	1.3836074027	0.5091044386	-50689.4455329560
360001	1.3591103565	0.5091044386	-50705.2822425928
370001	1.3420294643	0.5091044386	-50573.0602682615
380001	1.3105117130	0.5091044386	-50165.9934450473
390001	1.3275472428	0.5091044386	-50508.6323031943
400001	0.1713259670	0.5091044386	-27494.6093634425
410001	0.1768155538	0.5091044386	-27600.0162147044
420001	0.1611753774	0.5091044386	-27222.9289041768
430001	0.1722662589	0.5091044386	-27530.0906930303
440001	0.1674873975	0.5091044386	-27348.7926005967
450001	0.1674027299	0.5091044386	-27403.7821248764
460001	0.1753788468	0.5091044386	-27587.1827110130
470001	0.1773922009	0.5091044386	-27588.1486971153
480001	0.1840991448	0.5091044386	-27809.0669489789
490001	0.1624326902	0.5091044386	-27254.1091360963
500001	1.4045376871	0.5091044386	-51646.5921592902
510001	1.3624345529	0.5091044386	-51318.1709625977
520001	1.3444674940	0.5091044386	-51163.6921532240
530001	1.3952774193	0.5091044386	-51680.5079727570
540001	1.3696081731	0.5091044386	-51345.3148940451
550001	1.4059955031	0.5091044386	-51724.1737826773
560001	1.4014985588	0.5091044386	-51663.4756074433
570001	1.3731515361	0.5091044386	-51459.0965110884
580001	1.4023884643	0.5091044386	-51703.1601370540
590001	1.4133331453	0.5091044386	-51756.0749540118
600001	0.4532914595	0.5091044386	-33666.9793182151
610001	0.4520844095	0.5091044386	-33711.8224579196
620001	0.4336256556	0.5091044386	-33355.5219232963
630001	0.4315948742	0.5091044386	-33274.1699468584
640001	0.4388544701	0.5091044386	-33555.2873774909
650001	0.4524828307	0.5091044386	-33725.2045925182
660001	0.4477835617	0.5091044386	-33698.1844841209
670001	0.4476533202	0.5091044386	-33566.5588278395
680001	0.4338656845	0.5091044386	-33408.5445987392
690001	0.4469338454	0.5091044386	-33599.1055079784
700001	0.8048796746	0.5091044386	-41837.9045778356
710001	0.8253709317	0.5091044386	-42005.7791853221
720001	0.8441041166	0.5091044386	-42294.6328511356
730001	0.8298181165	0.5091044386	-42010.9432198618
740001	0.8162264953	0.5091044386	-41892.1962240743
750001	0.7908015597	0.5091044386	-41626.9738819035
760001	0.8066373216	0.5091044386	-41719.3485307193
770001	0.8130262849	0.5091044386	-41961.7632531767
780001	0.8220605346	0.5091044386	-41999.9066522587
790001	0.8513707617	0.5091044386	-42278.5912800596
800001	1.3757006252	0.5091044386	-51959.7976917026
810001	1.3808425822	0.5091044386	-51953.8046085251
820001	1.4042798020	0.5091044386	-52083.7746346588
830001	1.3553182871	0.5091044386	-51800.2164668472
840001	1.3717279589	0.5091044386	-51927.6452922619
850001	1.3735424121	0.5091044386	-51987.4451451948
860001	1.2879967379	0.5091044386	-51324.9584743163
870001	1.3586593931	0.5091044386	-51792.8950144525
880001	1.3375818833	0.5091044386	-51497.9804804283
890001	1.3625300341	0.5091044386	-51855.0528608484
900001	1.3319451931	0.5091044386	-50061.7000377340
910001	1.3364113784	0.5091044386	-50140.8114470990
920001	1.3218639191	0.5091044386	-50005.9132069351
930001	1.3106170098	0.5091044386	-50057.9436302378
940001	1.3120216152	0.5091044386	-49967.3441312575
950001	1.3069202509	0.5091044386	-49996.4772305334
960001	1.3005308532	0.5091044386	-49835.6414426831
970001	1.3465396385	0.5091044386	-50206.2830907857
980001	1.3194675139	0.5091044386	-49971.4124280895
990001	1.3189532781	0.5091044386	-50084.4127034962
