site	rate	t	lnL
1	2.7342962798	1.9354234800	-599123.0969176840
100001	0.8830241695	1.9354234800	-581595.0367350046
200001	2.0833225054	1.9354234800	-598874.9091075177
300001	1.9937401422	1.9354234800	-598768.5148828441
400001	0.1157365261	1.9354234800	-404425.3664759285
500001	2.1677441587	1.9354234800	-598947.9903763069
600001	0.7883162702	1.9354234800	-575411.7514492798
700001	0.9761282389	1.9354234800	-586148.3431409925
800001	2.1746506029	1.9354234800	-598953.0308805157
900001	2.0002268251	1.9354234800	-598777.4259500473
