site	rate	t	lnL
1	1.8886315448	2.3421742852	-61863.0876193385
10001	1.8954308004	2.3421742852	-61788.1195311201
20001	1.8671631426	2.3421742852	-61911.6701847174
30001	1.8791907696	2.3421742852	-61878.3155124341
40001	1.8186435209	2.3421742852	-61883.2342649291
50001	1.9459367473	2.3421742852	-61817.7185421330
60001	1.8833156353	2.3421742852	-61907.6771394103
70001	1.8749852686	2.3421742852	-61786.5321262105
80001	2.0733220237	2.3421742852	-62016.1209935686
90001	1.8706093398	2.3421742852	-61765.9329145930
100001	0.5120787889	2.3421742852	-48807.2975953263
110001	0.5194970252	2.3421742852	-48852.9280956009
120001	0.5120945908	2.3421742852	-48756.7695962736
130001	0.5366881330	2.3421742852	-49085.1396031990
140001	0.5150239513	2.3421742852	-48801.4376108881
150001	0.4939078295	2.3421742852	-48477.3949044630
160001	0.5181847268	2.3421742852	-48870.0942340357
170001	0.5306355907	2.3421742852	-49010.2669668798
180001	0.5134654225	2.3421742852	-48589.9793616378
190001	0.5268940103	2.3421742852	-48785.7312337030
200001	1.4016075241	2.3421742852	-61761.6625698353
210001	1.4017483177	2.3421742852	-61794.6463573049
220001	1.4105615152	2.3421742852	-61608.8504050131
230001	1.3965221371	2.3421742852	-61435.7152418929
240001	1.4120780917	2.3421742852	-61570.9698477400
250001	1.4224685121	2.3421742852	-61652.8160979415
260001	1.3908904439	2.3421742852	-61551.9959132587
270001	1.4236575224	2.3421742852	-61520.5928756443
280001	1.3583578984	2.3421742852	-61567.3886894172
290001	1.4183367671	2.3421742852	-61591.2628419082
300001	1.5717667837	2.3421742852	-58911.4351915854
310001	1.5936699518	2.3421742852	-58861.9823578281
320001	1.5191661381	2.3421742852	-58712.5155271768
330001	1.5490389698	2.3421742852	-58856.9090857022
340001	1.6250374578	2.3421742852	-58904.0254072367
350001	1.6401574726	2.3421742852	-59010.0838380030
360001	1.5461830468	2.3421742852	-58778.3305668251
370001	1.6002925113	2.3421742852	-58880.8333840612
380001	1.5901100016	2.3421742852	-58804.8164024869
390001	1.6252941610	2.3421742852	-58901.0515559937
400001	0.0581873082	2.3421742852	-31944.4513808783
410001	0.0580102843	2.3421742852	-31815.3272693257
420001	0.0573705746	2.3421742852	-31837.8426893476
430001	0.0570603947	2.3421742852	-31835.2329893903
440001	0.0554120317	2.3421742852	-31505.8796406559
450001	0.0550909708	2.3421742852	-31563.2997896306
460001	0.0561270986	2.3421742852	-31660.2170047752
470001	0.0584233784	2.3421742852	-31890.2965420420
480001	0.0585269226	2.3421742852	-31925.2688307253
490001	0.0600028562	2.3421742852	-32109.3424392449
500001	1.8245175391	2.3421742852	-59827.8574820906
510001	1.8818136309	2.3421742852	-59723.8783176008
520001	1.8406461126	2.3421742852	-59708.6942430606
530001	1.8583883990	2.3421742852	-59618.6808456244
540001	1.9310069597	2.3421742852	-59900.3622692083
550001	1.7918930906	2.3421742852	-59735.7096168528
560001	1.8295605886	2.3421742852	-59713.6525406583
570001	1.9378386908	2.3421742852	-59911.6290381923
580001	1.8154544774	2.3421742852	-59853.2939458242
590001	1.9204373146	2.3421742852	-59822.9841546203
600001	0.4123815710	2.3421742852	-43325.8251266731
610001	0.4068346055	2.3421742852	-43167.7680732882
620001	0.4129281443	2.3421742852	-43304.0435001863
630001	0.4116928794	2.3421742852	-43320.9500398919
640001	0.4349893937	2.3421742852	-43558.8645178228
650001	0.3994575871	2.3421742852	-43158.7079685074
660001	0.4194024209	2.3421742852	-43330.8991938143
670001	0.4062307400	2.3421742852	-43121.9618539862
680001	0.4000153803	2.3421742852	-43103.7784742203
690001	0.4059173511	2.3421742852	-43185.1992041734
700001	0.7290795882	2.3421742852	-51934.1456701023
710001	0.7885075769	2.3421742852	-52299.6586667299
720001	0.8252964970	2.3421742852	-52339.5411197816
730001	0.7897393551	2.3421742852	-52368.1007088966
740001	0.7933507787	2.3421742852	-52163.7361975440
750001	0.8080932441	2.3421742852	-52236.8578892260
760001	0.7727125313	2.3421742852	-52105.8391007949
770001	0.7943535611	2.3421742852	-52271.4878851398
780001	0.8047401156	2.3421742852	-52229.9223801139
790001	0.8066303058	2.3421742852	-52334.7070882335
800001	1.4579372861	2.3421742852	-60638.3983038481
810001	1.3982664208	2.3421742852	-60630.2083787344
820001	1.4691711341	2.3421742852	-60662.3283383753
830001	1.3487617794	2.3421742852	-60419.0748403966
840001	1.3840518119	2.3421742852	-60480.8357184855
850001	1.3780332918	2.3421742852	-60617.1688870007
860001	1.4426909345	2.3421742852	-60777.6642800176
870001	1.3454968391	2.3421742852	-60630.4733324748
880001	1.3376364771	2.3421742852	-60543.5965090473
890001	1.3713121260	2.3421742852	-60459.9980123344
900001	1.5375322856	2.3421742852	-58307.9921581888
910001	1.4929083386	2.3421742852	-58418.1356038425
920001	1.5654081187	2.3421742852	-58456.0412836854
930001	1.5306928487	2.3421742852	-58428.5146252045
940001	1.4901066106	2.3421742852	-58448.8842648706
950001	1.5547614794	2.3421742852	-58539.8177967308
960001	1.5756841657	2.3421742852	-58582.0163892886
970001	1.5675553958	2.3421742852	-58462.1148968259
980001	1.4643433324	2.3421742852	-58420.9050299720
990001	1.5212277213	2.3421742852	-58499.6732477184
