site	rate	t	lnL
1	2.3958324428	5.8212951740	-621525.2643080694
100001	0.4965422740	5.8212951740	-520083.8836766505
200001	1.3724284392	5.8212951740	-625506.9275937520
300001	1.6810154822	5.8212951740	-594447.5463274569
400001	0.0291170286	5.8212951740	-339010.6382684485
500001	1.6111999149	5.8212951740	-604438.1131285777
600001	0.6820083388	5.8212951740	-471587.5052765962
700001	0.8810905450	5.8212951740	-536370.8371812511
800001	1.7674995473	5.8212951740	-612427.6034134781
900001	1.8057500717	5.8212951740	-590158.7351572358
