site	rate	t	lnL
1	2.8779684664	1.7894211853	-599115.5511773847
100001	0.7998136788	1.7894211853	-571452.0252097553
200001	2.1797611213	1.7894211853	-598797.3826864415
300001	2.1233871534	1.7894211853	-598723.6580060332
400001	0.1146668673	1.7894211853	-398025.9199644358
500001	2.2599775212	1.7894211853	-598881.0435032476
600001	0.6341753332	1.7894211853	-554441.9661848983
700001	0.9343096190	1.7894211853	-580482.4458605474
800001	2.2857348393	1.7894211853	-598903.4733377396
900001	2.0614931156	1.7894211853	-598625.1640006296
