site	rate	t	lnL
1	2.2956392039	3.8804340303	-620786.4934599859
100001	0.5105907693	3.8804340303	-512617.6467551921
200001	1.3575032967	3.8804340303	-624246.4802178077
300001	1.6694225688	3.8804340303	-594029.2104943653
400001	0.0428379676	3.8804340303	-331250.4373207651
500001	1.7520428701	3.8804340303	-603972.2509335808
600001	0.5357722591	3.8804340303	-461466.2699903920
700001	0.9842942006	3.8804340303	-533658.3165348934
800001	1.6105649761	3.8804340303	-612097.5495158350
900001	1.6781168866	3.8804340303	-589845.6566658027
