site	rate	t	lnL
1	1.5819971474	0.7001989976	-559463.6239559922
100001	0.6224246934	0.7001989976	-413896.2006177392
200001	1.6587004728	0.7001989976	-546285.8800857998
300001	1.5065422452	0.7001989976	-525099.1838790132
400001	0.0909505691	0.7001989976	-284068.5434880234
500001	1.7409071254	0.7001989976	-534929.4366895105
600001	0.4253891904	0.7001989976	-358820.8589537971
700001	0.6351198219	0.7001989976	-444500.7522090177
800001	1.3558309503	0.7001989976	-538815.1118536044
900001	1.4337189329	0.7001989976	-521738.6589876399
