site	rate	t	lnL
1	2.2900064565	5.2013648218	-622504.9776922705
100001	1.0593708563	5.2013648218	-633826.9699646936
200001	1.9531379811	5.2013648218	-620977.8053266087
300001	2.0998136366	5.2013648218	-641048.2527778904
400001	0.0704581866	5.2013648218	-354858.7023397124
500001	2.3022430307	5.2013648218	-629992.8988319805
600001	1.2886066300	5.2013648218	-689834.6149708141
700001	0.6937011131	5.2013648218	-682820.5383729476
800001	1.7550768710	5.2013648218	-644238.9819202462
900001	2.2332115098	5.2013648218	-638995.4188351956
