site	rate	t	lnL
1	2.6778440323	9999.9999999983	-5.9914645471
100001	11.8243383680	68.1750326344	-11.9829290942
200001	2.6537460556	66.6772166894	-11.9829290942
300001	4.3006717478	167.2550724622	-11.9829290942
400001	0.0346562988	0.0000000000	-5.9914645471
500001	0.7134925113	1.0472631403	-10.3221978874
600001	5.7621519008	9633.9382195579	-11.9829290940
700001	0.8470059968	0.8821831304	-10.3221978874
800001	0.8106120770	0.9217903117	-10.3221978874
900001	2.3146162057	14.5445806836	-11.9829290942
