site	rate	t	lnL
1	3.2340864257	7.6597134653	-620914.0388218765
100001	0.6605765375	7.6597134653	-525893.5321224820
200001	1.2773981831	7.6597134653	-625920.2792096727
300001	1.4989665284	7.6597134653	-595330.6086634235
400001	0.0257106134	7.6597134653	-348963.2075743010
500001	1.4305179069	7.6597134653	-605413.2103552666
600001	0.9499339460	7.6597134653	-481819.0906584744
700001	0.9994873890	7.6597134653	-538131.3288153509
800001	1.8523508508	7.6597134653	-612247.1189751681
900001	1.6540596718	7.6597134653	-590387.3890899178
