site	rate	t	lnL
1	2.8681229425	1.9278758709	-599131.8371025773
100001	0.8748503917	1.9278758709	-580931.4222058067
200001	2.1418721053	1.9278758709	-598921.0428568835
300001	2.0112121085	1.9278758709	-598781.6690856197
400001	0.1156639123	1.9278758709	-404087.1263567656
500001	2.1722589982	1.9278758709	-598945.0447586655
600001	0.7712121390	1.9278758709	-573852.0970833220
700001	0.9766378868	1.9278758709	-586008.4306456770
800001	2.1827981124	1.9278758709	-598952.7670891545
900001	2.0234869803	1.9278758709	-598797.7283147048
