site	rate	t	lnL
1	2.2581058516	5.2208817673	-622685.7338772417
100001	1.0443355977	5.2208817673	-633550.0106545633
200001	2.0020241286	5.2208817673	-621356.4134147863
300001	2.0990630645	5.2208817673	-641217.5298364479
400001	0.0710313606	5.2208817673	-355741.3265939693
500001	2.3460685463	5.2208817673	-629856.6517920417
600001	1.2697788384	5.2208817673	-689909.2576897355
700001	0.7023218266	5.2208817673	-682446.2571094448
800001	1.8462466479	5.2208817673	-644738.0083454243
900001	2.3224699107	5.2208817673	-639178.7116495110
