site	rate	t	lnL
1	1.8462321771	7.4336719858	-620882.2873644411
100001	1.1111800961	7.4336719858	-528833.0519232783
200001	1.0290825068	7.4336719858	-626295.3741026283
300001	1.3854805475	7.4336719858	-595200.4109571653
400001	0.0337395171	7.4336719858	-343294.8326106342
500001	1.2897845467	7.4336719858	-605665.7399806401
600001	1.5632924755	7.4336719858	-483792.8189804353
700001	1.2292661026	7.4336719858	-538974.5049926401
800001	1.0172640238	7.4336719858	-612216.1007562287
900001	1.4515858032	7.4336719858	-590647.8244449107
