site	rate	t	lnL
1	2.1434548418	1.3668343340	-597025.4353961101
100001	0.6766973927	1.3668343340	-536606.2240353192
200001	1.8067823413	1.3668343340	-594337.3262589650
300001	1.7417745892	1.3668343340	-593531.0559542096
400001	0.1241939026	1.3668343340	-385223.5318513102
500001	1.8637294129	1.3668343340	-594951.3797724524
600001	0.4901132667	1.3668343340	-505197.9761140294
700001	0.8569077072	1.3668343340	-556983.3323278015
800001	1.8424007719	1.3668343340	-594730.7623381885
900001	1.7027005460	1.3668343340	-592985.7491892179
