site	rate	t	lnL
1	3.0599813785	1.9322202178	-599139.6122129513
100001	0.8716492134	1.9322202178	-580859.4353162582
200001	2.0929560697	1.9322202178	-598881.0435032482
300001	2.0722391098	1.9322202178	-598859.9252774805
400001	0.1161874517	1.9322202178	-404592.1484921576
500001	2.2206284389	1.9322202178	-598981.2703043805
600001	0.7749038231	1.9322202178	-574281.6072925023
700001	0.9784314784	1.9322202178	-586177.1706405113
800001	2.2146958800	1.9322202178	-598977.5753663061
900001	1.9520566491	1.9322202178	-598700.7700119753
