site	rate	t	lnL
1	2.1328169399	1.3623310258	-596930.9190188060
100001	0.6832921157	1.3623310258	-537195.9862797725
200001	1.8250006422	1.3623310258	-594475.7848806548
300001	1.7412928454	1.3623310258	-593447.4751811149
400001	0.1238174055	1.3623310258	-384819.7027505603
500001	1.8352852950	1.3623310258	-594589.1110963624
600001	0.4866178025	1.3623310258	-504145.2646364684
700001	0.8511907315	1.3623310258	-556186.8400599515
800001	1.8347205438	1.3623310258	-594582.9575550762
900001	1.7103116729	1.3623310258	-593014.5044319098
