site	rate	t	lnL
1	1.9328214196	7.5566436463	-62046.0011441806
10001	1.7568821867	7.5566436463	-62184.6148614580
20001	1.7806783972	7.5566436463	-62145.8955415713
30001	1.5232297416	7.5566436463	-62277.8577022203
40001	1.9794518196	7.5566436463	-62091.7450456252
50001	1.8173209051	7.5566436463	-62134.1182795370
60001	1.8346491331	7.5566436463	-62203.2365293570
70001	2.0935535126	7.5566436463	-62111.7714197765
80001	1.8799722775	7.5566436463	-62112.9827221295
90001	1.7874826272	7.5566436463	-62281.1260392446
100001	1.1313468954	7.5566436463	-52839.7141683993
110001	1.0371312360	7.5566436463	-52888.2396139999
120001	1.0849784952	7.5566436463	-52841.5815739966
130001	1.0785552083	7.5566436463	-52961.8254381990
140001	1.0926714937	7.5566436463	-52809.1568238055
150001	1.0448841761	7.5566436463	-52774.3080063321
160001	1.1640597993	7.5566436463	-52898.4375398356
170001	1.0954401821	7.5566436463	-52845.6659377448
180001	1.0806267558	7.5566436463	-52744.6455800341
190001	1.1788140793	7.5566436463	-53017.4108446017
200001	1.0571879000	7.5566436463	-62695.6570528850
210001	1.0606317028	7.5566436463	-62465.6392173513
220001	1.0805119998	7.5566436463	-62635.3205333583
230001	1.0033012715	7.5566436463	-62639.6125703381
240001	1.0737158911	7.5566436463	-62652.2410558261
250001	0.9663855946	7.5566436463	-62621.3675952774
260001	1.0211582678	7.5566436463	-62709.5694093257
270001	0.9641585913	7.5566436463	-62706.5599282735
280001	1.1553619119	7.5566436463	-62617.0075165769
290001	0.9693560870	7.5566436463	-62645.2036119339
300001	1.3027131719	7.5566436463	-59534.2491794984
310001	1.2915038957	7.5566436463	-59719.9173385160
320001	1.3209894684	7.5566436463	-59476.0042530302
330001	1.2588043408	7.5566436463	-59509.9569409414
340001	1.3677739845	7.5566436463	-59543.2691046705
350001	1.3200031071	7.5566436463	-59462.5356594698
360001	1.3913357142	7.5566436463	-59571.4619882589
370001	1.3216458370	7.5566436463	-59490.8209779062
380001	1.3394550546	7.5566436463	-59501.0731685845
390001	1.3628700761	7.5566436463	-59500.5276521421
400001	0.0341763198	7.5566436463	-34594.9913883035
410001	0.0337302727	7.5566436463	-34451.1480619754
420001	0.0331488859	7.5566436463	-34377.8915393905
430001	0.0337461966	7.5566436463	-34485.0541550622
440001	0.0321499635	7.5566436463	-34130.9199608720
450001	0.0328095970	7.5566436463	-34258.0294814274
460001	0.0330154227	7.5566436463	-34270.1903699010
470001	0.0336448196	7.5566436463	-34392.2264737084
480001	0.0319308739	7.5566436463	-34080.4864669205
490001	0.0317934029	7.5566436463	-34027.2522015838
500001	1.2150412380	7.5566436463	-60478.4437363864
510001	1.1985487311	7.5566436463	-60579.8533086671
520001	1.3788472650	7.5566436463	-60505.1258657127
530001	1.2739441136	7.5566436463	-60577.0315460480
540001	1.3050336089	7.5566436463	-60511.1499191939
550001	1.2982156671	7.5566436463	-60463.9926588162
560001	1.3259991425	7.5566436463	-60584.7039146863
570001	1.1747746916	7.5566436463	-60592.0114186860
580001	1.4669162472	7.5566436463	-60514.3842940042
590001	1.3288487728	7.5566436463	-60432.9315938537
600001	1.8356984299	7.5566436463	-48349.1805269175
610001	1.6345760790	7.5566436463	-48378.7935491554
620001	1.7714103405	7.5566436463	-48263.1147194716
630001	2.0515032098	7.5566436463	-48352.7491623006
640001	1.7214910762	7.5566436463	-48310.6031954779
650001	1.6016327471	7.5566436463	-48417.1792945402
660001	1.8809590249	7.5566436463	-48408.3689425168
670001	1.7049147164	7.5566436463	-48346.0469926704
680001	1.7178026194	7.5566436463	-48430.1333931730
690001	1.7213148040	7.5566436463	-48313.5478284136
700001	1.2747433886	7.5566436463	-53908.1078691657
710001	1.2247519874	7.5566436463	-53803.7466450376
720001	1.2069225391	7.5566436463	-53889.4384243985
730001	1.3226404796	7.5566436463	-53972.1289647110
740001	1.2326246881	7.5566436463	-53847.9984001371
750001	1.3873788159	7.5566436463	-53699.5283959971
760001	1.2165862806	7.5566436463	-53756.1871325154
770001	1.2277972982	7.5566436463	-53887.5947615001
780001	1.1980662443	7.5566436463	-53938.2779427933
790001	1.3521383598	7.5566436463	-54005.3097947221
800001	1.0062664139	7.5566436463	-61360.9532024552
810001	1.0296862133	7.5566436463	-61238.7193746362
820001	1.0255922240	7.5566436463	-61268.6356982501
830001	0.9713620395	7.5566436463	-61145.6013081263
840001	0.9791592668	7.5566436463	-61204.2743672320
850001	0.9937764722	7.5566436463	-61311.9078065149
860001	1.0240432994	7.5566436463	-61274.5517512563
870001	1.0190526075	7.5566436463	-61271.9568113218
880001	0.9827871537	7.5566436463	-61385.5711724726
890001	1.0140531352	7.5566436463	-61158.3019247696
900001	1.5973506800	7.5566436463	-58991.2849324817
910001	1.4282283706	7.5566436463	-59101.6371955355
920001	1.5002326161	7.5566436463	-59011.3093736591
930001	1.4134192607	7.5566436463	-59008.4876572430
940001	1.4729251365	7.5566436463	-59083.8169429921
950001	1.3954356208	7.5566436463	-59028.2478603922
960001	1.6932094754	7.5566436463	-58995.5359900370
970001	1.5760412373	7.5566436463	-58859.0635400241
980001	1.4962987891	7.5566436463	-59197.0608768374
990001	1.4681524434	7.5566436463	-59081.6136694271
