site	rate	t	lnL
1	2.1361365508	8.4805374570	-621571.0964077363
100001	0.7386710978	8.4805374570	-527714.2327810926
200001	1.1242961109	8.4805374570	-626148.9011991406
300001	1.3359145412	8.4805374570	-595322.2501309499
400001	0.0247115599	8.4805374570	-353087.2385129012
500001	1.3063649116	8.4805374570	-605117.5838141034
600001	1.5354474547	8.4805374570	-483748.9469374047
700001	0.9682744821	8.4805374570	-538352.1620956432
800001	1.7314936008	8.4805374570	-612600.6816705377
900001	1.5588806324	8.4805374570	-590276.5662532973
