site	rate	t	lnL
1	2.8577730432	1.7480347447	-599104.5952977403
100001	0.7820610173	1.7480347447	-568410.1329570604
200001	2.1699061855	1.7480347447	-598718.3659729811
300001	2.0698533174	1.7480347447	-598550.9320207996
400001	0.1179883314	1.7480347447	-398393.5849717802
500001	2.1925359064	1.7480347447	-598749.3064654643
600001	0.6080193638	1.7480347447	-548976.0490274726
700001	0.9288699912	1.7480347447	-578938.5771945546
800001	2.1733918407	1.7480347447	-598723.2809851776
900001	2.0086153088	1.7480347447	-598418.5753340665
