site	rate	t	lnL
1	1.9646405571	2.2305964773	-62169.1258416787
10001	1.9293177557	2.2305964773	-62362.9336670886
20001	1.9567219967	2.2305964773	-62212.5029800521
30001	1.9046590907	2.2305964773	-62097.8497892609
40001	1.9274581865	2.2305964773	-62118.3405400099
50001	1.9280341531	2.2305964773	-62037.6259356189
60001	1.9608283519	2.2305964773	-62010.0886009701
70001	2.0274553700	2.2305964773	-62131.0478308000
80001	1.9371548256	2.2305964773	-61999.6776404095
90001	1.9298934256	2.2305964773	-62148.2592992064
100001	0.8204153459	2.2305964773	-51956.9112232064
110001	0.8334353077	2.2305964773	-52009.6189518438
120001	0.8157637176	2.2305964773	-52052.3406421049
130001	0.8415136197	2.2305964773	-52119.9008460467
140001	0.8071808366	2.2305964773	-51844.1173983137
150001	0.8121356843	2.2305964773	-51936.0478035328
160001	0.8315040877	2.2305964773	-52062.3177018089
170001	0.8156828581	2.2305964773	-51979.9721469875
180001	0.8238820456	2.2305964773	-52007.4276415260
190001	0.8314272456	2.2305964773	-52065.1753625291
200001	1.6386611322	2.2305964773	-62688.6983086299
210001	1.6621452991	2.2305964773	-62571.2830182262
220001	1.6139923392	2.2305964773	-62467.2427357962
230001	1.6876715370	2.2305964773	-62715.6702755112
240001	1.6262332864	2.2305964773	-62536.1995871475
250001	1.5992344446	2.2305964773	-62551.8288852244
260001	1.6431204302	2.2305964773	-62702.6696134776
270001	1.6060900064	2.2305964773	-62553.0418385876
280001	1.6396182736	2.2305964773	-62472.5369491221
290001	1.5701032952	2.2305964773	-62636.7131462979
300001	1.8169052377	2.2305964773	-59433.1508324724
310001	1.9150088618	2.2305964773	-59486.2054065678
320001	1.7978912749	2.2305964773	-59539.4566424185
330001	1.8740213276	2.2305964773	-59559.0918681034
340001	2.0526491763	2.2305964773	-59475.4709497234
350001	1.9119958223	2.2305964773	-59530.0852391523
360001	1.7917190976	2.2305964773	-59600.5359931928
370001	1.8515960700	2.2305964773	-59638.0256631365
380001	1.9555223367	2.2305964773	-59504.6721488924
390001	1.9461934103	2.2305964773	-59556.5570815636
400001	0.1091830308	2.2305964773	-32602.0913965090
410001	0.1065504206	2.2305964773	-32361.8394556243
420001	0.1070624883	2.2305964773	-32442.5547001799
430001	0.1107343076	2.2305964773	-32630.3165890068
440001	0.1071255808	2.2305964773	-32446.9072203403
450001	0.1067387978	2.2305964773	-32410.4049442035
460001	0.1075723485	2.2305964773	-32482.3425017355
470001	0.1030345346	2.2305964773	-32114.2366851644
480001	0.1067984066	2.2305964773	-32404.1682173676
490001	0.1160050512	2.2305964773	-33030.3419261603
500001	1.9116898577	2.2305964773	-60475.6608074350
510001	1.7825190419	2.2305964773	-60604.8315170193
520001	1.7387483769	2.2305964773	-60423.3779489258
530001	1.8261557771	2.2305964773	-60605.8439579089
540001	2.0038420236	2.2305964773	-60612.2851010213
550001	1.8190633600	2.2305964773	-60459.8033748028
560001	1.8247606264	2.2305964773	-60542.1816475608
570001	1.7670965467	2.2305964773	-60571.4855115170
580001	1.8220468831	2.2305964773	-60495.0905527489
590001	1.7890097983	2.2305964773	-60439.5388651915
600001	0.7552999107	2.2305964773	-47468.7879828664
610001	0.7169895728	2.2305964773	-47061.7741376235
620001	0.7445534954	2.2305964773	-47271.7422126764
630001	0.7443566486	2.2305964773	-47163.7956936291
640001	0.7558361052	2.2305964773	-47318.6063956665
650001	0.7295872530	2.2305964773	-47204.6008967966
660001	0.7530851682	2.2305964773	-47264.0117748620
670001	0.7386638040	2.2305964773	-47145.2034953250
680001	0.7596473883	2.2305964773	-47318.0295161168
690001	0.7572025984	2.2305964773	-47290.6008378967
700001	1.0382644323	2.2305964773	-53484.9990458708
710001	0.9960132804	2.2305964773	-53433.9362997780
720001	1.0359380598	2.2305964773	-53569.3017527344
730001	1.0235093082	2.2305964773	-53319.0773484688
740001	1.0215611429	2.2305964773	-53681.4928647817
750001	1.0333420091	2.2305964773	-53538.1946376171
760001	1.0171888691	2.2305964773	-53480.8591585421
770001	1.0123048472	2.2305964773	-53417.0126128159
780001	1.0091988432	2.2305964773	-53477.9988531961
790001	1.0370282459	2.2305964773	-53462.6745056825
800001	1.7324190285	2.2305964773	-61257.6633699540
810001	1.7371246359	2.2305964773	-61208.5914562850
820001	1.7499872061	2.2305964773	-61347.4342331337
830001	1.7540835152	2.2305964773	-61184.6414417780
840001	1.7976416288	2.2305964773	-61065.8135789601
850001	1.8405649138	2.2305964773	-61117.9651601868
860001	1.7382552539	2.2305964773	-61009.6722034729
870001	1.7177307245	2.2305964773	-61182.6603231565
880001	1.7350258831	2.2305964773	-61220.2830741634
890001	1.7886384200	2.2305964773	-61059.0725347139
900001	2.1576395873	2.2305964773	-59098.9151358261
910001	1.8960863363	2.2305964773	-59056.2056378029
920001	2.0094481111	2.2305964773	-58895.6967217336
930001	1.8352168373	2.2305964773	-59107.1363659661
940001	1.8834589084	2.2305964773	-59053.6738544575
950001	1.8453946932	2.2305964773	-59024.6713123191
960001	2.0010417458	2.2305964773	-59052.1677480783
970001	1.9978271808	2.2305964773	-59022.2793704028
980001	1.8646647475	2.2305964773	-59034.6973791124
990001	1.9148507491	2.2305964773	-59089.5403693707
