site	rate	t	lnL
1	2.7019036088	1.6917790697	-599050.4973661770
100001	0.7612177119	1.6917790697	-564202.5547934725
200001	2.0994319063	1.6917790697	-598471.8976894628
300001	2.0150487033	1.6917790697	-598265.8910571681
400001	0.1178421147	1.6917790697	-395990.9191996026
500001	2.1412373972	1.6917790697	-598555.7542766213
600001	0.5790821672	1.6917790697	-541840.5522235155
700001	0.9120050337	1.6917790697	-576070.4899638580
800001	2.2048628526	1.6917790697	-598664.2284030070
900001	1.9849758224	1.6917790697	-598178.6219954119
