site	rate	t	lnL
1	2.7669985246	1.8905519794	-599120.1197660118
100001	0.8524763916	1.8905519794	-578533.7881038708
200001	2.1668020573	1.8905519794	-598906.3951506083
300001	2.0793674106	1.8905519794	-598817.1718850667
400001	0.1163354292	1.8905519794	-403065.6782073154
500001	2.2639105721	1.8905519794	-598977.8228794591
600001	0.7247253705	1.8905519794	-568562.3872535634
700001	0.9675996656	1.8905519794	-584777.1048255127
800001	2.1810525561	1.8905519794	-598918.4888494418
900001	2.0303482556	1.8905519794	-598753.6931537145
