site	rate	t	lnL
1	2.3495130956	1.5120198295	-598472.8253833494
100001	0.7118328607	1.5120198295	-550046.2851288469
200001	1.9138280283	1.5120198295	-596883.0300756827
300001	1.8692219661	1.5120198295	-596591.0822057188
400001	0.1199523920	1.5120198295	-389535.2058514429
500001	1.9821144564	1.5120198295	-597268.6508366889
600001	0.5187667880	1.5120198295	-520890.7301969233
700001	0.8767378107	1.5120198295	-566276.2450104472
800001	1.9647777966	1.5120198295	-597177.2281623910
900001	1.8265528641	1.5120198295	-596278.1225930352
