site	rate	t	lnL
1	2.5614516996	4.4331012995	-62046.2217669949
10001	2.4153661416	4.4331012995	-62086.5615253510
20001	2.1853922343	4.4331012995	-62201.7633399822
30001	2.0609823709	4.4331012995	-61908.9570229584
40001	3.2692535644	4.4331012995	-61942.5985756911
50001	2.3833418231	4.4331012995	-62202.8107594674
60001	2.4676149904	4.4331012995	-62080.2508878664
70001	2.2127818422	4.4331012995	-62087.5106559271
80001	2.1630817149	4.4331012995	-62126.4024858216
90001	2.6162709873	4.4331012995	-62172.1398166906
100001	0.5302803766	4.4331012995	-51805.8063581717
110001	0.5233580680	4.4331012995	-51769.0951399720
120001	0.5311927143	4.4331012995	-51809.0150346842
130001	0.5279650029	4.4331012995	-51825.3537569878
140001	0.5383290727	4.4331012995	-51771.6080346116
150001	0.5219575693	4.4331012995	-51716.7263528302
160001	0.5296045204	4.4331012995	-51849.5895155459
170001	0.5263206626	4.4331012995	-51729.4173197880
180001	0.5220575956	4.4331012995	-51726.5747554066
190001	0.5355095153	4.4331012995	-51880.1754532817
200001	1.3992136457	4.4331012995	-62493.9098782941
210001	1.3185769876	4.4331012995	-62515.5348712758
220001	1.3516036135	4.4331012995	-62522.2002883388
230001	1.3091289148	4.4331012995	-62504.0624041562
240001	1.3685069433	4.4331012995	-62537.0456939433
250001	1.3295935403	4.4331012995	-62547.9810328852
260001	1.4052016246	4.4331012995	-62571.1437614892
270001	1.3359186235	4.4331012995	-62502.6841289693
280001	1.3674952791	4.4331012995	-62593.3177964857
290001	1.3675868272	4.4331012995	-62631.6927529490
300001	1.5842797372	4.4331012995	-59540.3373050827
310001	1.6483949094	4.4331012995	-59536.0647978779
320001	1.6333012516	4.4331012995	-59403.3692090390
330001	1.7989474106	4.4331012995	-59651.4601129974
340001	1.6302453293	4.4331012995	-59520.6243821629
350001	1.6604249353	4.4331012995	-59415.2477462476
360001	1.7217712077	4.4331012995	-59474.4017153825
370001	1.6844510320	4.4331012995	-59457.2347842844
380001	1.6734830553	4.4331012995	-59475.5785180978
390001	1.6683522772	4.4331012995	-59438.7915183973
400001	0.0376733513	4.4331012995	-33083.6392215073
410001	0.0381541627	4.4331012995	-33178.2934917195
420001	0.0399589943	4.4331012995	-33482.3336240361
430001	0.0393686697	4.4331012995	-33512.6768413113
440001	0.0409002918	4.4331012995	-33672.9350210600
450001	0.0385466743	4.4331012995	-33279.4221544551
460001	0.0382547071	4.4331012995	-33166.6912031516
470001	0.0376130156	4.4331012995	-33050.4547296887
480001	0.0396981504	4.4331012995	-33466.7592211815
490001	0.0394162501	4.4331012995	-33365.6459232522
500001	1.6759923745	4.4331012995	-60501.5474363390
510001	1.7045308450	4.4331012995	-60465.2915208589
520001	1.6173962818	4.4331012995	-60362.9874709353
530001	1.7425212002	4.4331012995	-60468.2182468314
540001	1.7012205302	4.4331012995	-60560.4865375587
550001	1.7407782808	4.4331012995	-60466.6414711961
560001	1.6943938683	4.4331012995	-60360.7128274538
570001	1.6252318062	4.4331012995	-60466.5182576878
580001	1.6623497799	4.4331012995	-60410.1211707167
590001	1.7061212115	4.4331012995	-60520.0164044729
600001	0.6077775239	4.4331012995	-46840.7099022834
610001	0.6222038281	4.4331012995	-46858.5454376063
620001	0.6475240293	4.4331012995	-46956.0502937498
630001	0.6126302735	4.4331012995	-46867.3913047650
640001	0.6321371359	4.4331012995	-46957.9219104072
650001	0.6071723882	4.4331012995	-46838.9982623979
660001	0.6359900750	4.4331012995	-46958.3691330031
670001	0.6169399558	4.4331012995	-46874.5999906171
680001	0.6143469453	4.4331012995	-46876.5976328726
690001	0.6221714771	4.4331012995	-46899.0557662232
700001	1.0477426489	4.4331012995	-53586.3578174568
710001	1.0319706349	4.4331012995	-53455.7166181098
720001	1.0347706906	4.4331012995	-53736.9982696315
730001	1.0696569322	4.4331012995	-53577.5693673724
740001	1.0469468217	4.4331012995	-53658.7447596737
750001	1.0215677224	4.4331012995	-53545.5179071378
760001	1.0304014118	4.4331012995	-53553.0609659906
770001	1.0650321087	4.4331012995	-53682.8705869690
780001	0.9622725559	4.4331012995	-53444.4018389296
790001	1.0800446161	4.4331012995	-53622.8833645644
800001	1.9458613470	4.4331012995	-61163.5382053043
810001	1.7472177296	4.4331012995	-61172.5265062892
820001	1.6278693332	4.4331012995	-61219.6060885815
830001	1.6184331431	4.4331012995	-61146.8026116551
840001	1.6021265037	4.4331012995	-61256.5660746374
850001	1.6464777915	4.4331012995	-61255.1873949409
860001	1.6336742762	4.4331012995	-61286.5948643223
870001	1.6170339487	4.4331012995	-61166.2494187105
880001	1.8295000620	4.4331012995	-61309.4768157688
890001	1.6384833702	4.4331012995	-61201.9520292545
900001	1.7035295094	4.4331012995	-58988.5469725041
910001	1.6291981431	4.4331012995	-59045.4881646055
920001	1.5623595232	4.4331012995	-58957.4444836577
930001	1.7692911851	4.4331012995	-58979.8594915476
940001	1.7208501714	4.4331012995	-59052.1684167685
950001	1.6959274026	4.4331012995	-58985.3281648212
960001	1.6942930021	4.4331012995	-58942.1693011519
970001	1.6585359084	4.4331012995	-58855.9684027675
980001	1.8098477430	4.4331012995	-59149.3259907683
990001	1.8000043585	4.4331012995	-58872.5577633339
