site	rate	t	lnL
1	2.2004342763	4.0749364643	-625653.0425182944
100001	0.9116574506	4.0749364643	-626837.9031801459
200001	1.9816356808	4.0749364643	-626367.4443369082
300001	1.9769850088	4.0749364643	-643030.5238711601
400001	0.0833423504	4.0749364643	-363779.1136628945
500001	2.3870210571	4.0749364643	-634833.2897173342
600001	0.9099685645	4.0749364643	-694502.5167642327
700001	0.5793523205	4.0749364643	-696714.0304816801
800001	1.8284983006	4.0749364643	-649290.4727201804
900001	2.0566896740	4.0749364643	-643087.8833145224
