site	rate	t	lnL
1	2.0771838756	6.8064941930	-621107.4669598381
100001	0.9991045544	6.8064941930	-527962.2101940188
200001	1.1019125079	6.8064941930	-626438.7520445726
300001	1.5408142065	6.8064941930	-595271.1624675653
400001	0.0355152448	6.8064941930	-341069.7978117113
500001	1.4218659094	6.8064941930	-605416.4748823351
600001	1.0782146150	6.8064941930	-481569.4660373244
700001	1.1923580794	6.8064941930	-538612.2218242915
800001	1.1165123911	6.8064941930	-611840.4118001214
900001	1.5970731020	6.8064941930	-590194.4050035285
