site	rate	t	lnL
1	2.7151594487	1.9347089055	-599121.2315136648
100001	0.8838614557	1.9347089055	-581623.7640098076
200001	2.1060247097	1.9347089055	-598896.0977834479
300001	2.0299714538	1.9347089055	-598814.8113740144
400001	0.1155410984	1.9347089055	-404271.6686723825
500001	2.1383797454	1.9347089055	-598924.4275506623
600001	0.7869590328	1.9347089055	-575287.5130638720
700001	0.9687735204	1.9347089055	-585818.9986611225
800001	2.1794962856	1.9347089055	-598955.9215817371
900001	2.0258441961	1.9347089055	-598809.7273595898
