site	rate	t	lnL
1	2.4368594135	4.8456688359	-622520.8939012699
100001	0.9908126604	4.8456688359	-631550.0443158875
200001	2.1108810486	4.8456688359	-621180.4829095865
300001	2.3124556288	4.8456688359	-641369.0040395714
400001	0.0737695625	4.8456688359	-353403.4073468549
500001	2.4302953314	4.8456688359	-630245.7778812590
600001	0.7274025720	4.8456688359	-685324.2106194056
700001	0.6519948233	4.8456688359	-681841.8506135403
800001	1.9594116586	4.8456688359	-644553.8773878035
900001	2.4393330260	4.8456688359	-639286.5866457166
