site	rate	t	lnL
1	2.7828195065	1.8176021511	-599109.4351636792
100001	0.8108251679	1.8176021511	-573307.7112231780
200001	2.2035502220	1.8176021511	-598860.5569458455
300001	2.1276663761	1.8176021511	-598774.5848678355
400001	0.1162982888	1.8176021511	-400162.6720353501
500001	2.2312529232	1.8176021511	-598886.8116234082
600001	0.6548042744	1.8176021511	-558246.7457060824
700001	0.9458583064	1.8176021511	-581888.2763523647
800001	2.2827206470	1.8176021511	-598929.4602603061
900001	2.0602565877	1.8176021511	-598677.3422507255
