site	rate	t	lnL
1	2.7564131309	1.8879479920	-599118.6711961963
100001	0.8572686611	1.8879479920	-578764.1705796055
200001	2.1242059770	1.8879479920	-598863.3915661928
300001	2.0671084787	1.8879479920	-598798.7642680266
400001	0.1165306299	1.8879479920	-403087.7292983097
500001	2.1987265310	1.8879479920	-598930.2938651574
600001	0.7303977575	1.8879479920	-568997.1055901848
700001	0.9587517561	1.8879479920	-584308.5876132394
800001	2.1892526444	1.8879479920	-598922.7381558000
900001	2.0208597681	1.8879479920	-598736.0148106420
