site	rate	t	lnL
1	2.4822529658	4.6926480515	-622675.4083979445
100001	0.9540290706	4.6926480515	-630220.6871189235
200001	2.1276500727	4.6926480515	-621265.2708922231
300001	2.3939929571	4.6926480515	-640941.3495461443
400001	0.0766989155	4.6926480515	-354074.1708683486
500001	2.4779941254	4.6926480515	-630790.2442888694
600001	0.6252798959	4.6926480515	-683342.5136804212
700001	0.6225054981	4.6926480515	-680577.0409195786
800001	1.9503933520	4.6926480515	-644511.1421010143
900001	2.4595615482	4.6926480515	-639238.1289773770
