site	rate	t	lnL
1	2.5729422651	6.4622307808	-62089.5332389649
10001	1.7675631794	6.4622307808	-62186.7633966884
20001	1.5254520202	6.4622307808	-62170.3296138757
30001	2.5570745633	6.4622307808	-62043.2588536648
40001	2.6878683679	6.4622307808	-62181.2162394071
50001	1.7037470860	6.4622307808	-62133.3165433027
60001	1.7367055004	6.4622307808	-62100.7028396242
70001	2.7772045687	6.4622307808	-62138.7954900822
80001	2.2344594028	6.4622307808	-62190.3463175807
90001	1.7254986406	6.4622307808	-62208.2533196433
100001	0.7346148497	6.4622307808	-52753.7168337661
110001	0.7302235032	6.4622307808	-52824.0329988980
120001	0.7180584706	6.4622307808	-52790.0722979690
130001	0.7416223523	6.4622307808	-52643.0735579774
140001	0.7707071867	6.4622307808	-52808.0144269665
150001	0.7759785494	6.4622307808	-52931.6352710791
160001	0.7530154132	6.4622307808	-52718.8084468494
170001	0.7356105347	6.4622307808	-52838.5395624271
180001	0.7335157420	6.4622307808	-52729.9896814154
190001	0.8154919690	6.4622307808	-52801.1619924218
200001	1.1198244932	6.4622307808	-62656.4815566864
210001	1.1146165868	6.4622307808	-62693.4669848346
220001	1.2275563090	6.4622307808	-62694.7351963042
230001	1.1260928565	6.4622307808	-62502.3868427059
240001	1.1428267905	6.4622307808	-62591.9425587715
250001	1.1437895610	6.4622307808	-62627.0972849988
260001	1.1642991830	6.4622307808	-62578.4065793248
270001	1.2421483552	6.4622307808	-62475.8787426399
280001	1.1580561035	6.4622307808	-62654.9128912901
290001	1.1227158650	6.4622307808	-62507.8367971200
300001	1.3022717118	6.4622307808	-59629.9629487883
310001	1.4241702776	6.4622307808	-59477.9614621799
320001	1.3352014197	6.4622307808	-59556.4061204572
330001	1.4437038210	6.4622307808	-59542.5359567391
340001	1.4219281646	6.4622307808	-59503.2801787788
350001	1.3990480328	6.4622307808	-59412.1045787097
360001	1.3861535063	6.4622307808	-59530.2568026741
370001	1.4031538375	6.4622307808	-59555.9209234746
380001	1.3142031948	6.4622307808	-59535.3404423743
390001	1.3304794672	6.4622307808	-59516.2643408270
400001	0.0325376235	6.4622307808	-34610.9351049516
410001	0.0329446335	6.4622307808	-34675.3011347065
420001	0.0321165616	6.4622307808	-34503.1073698997
430001	0.0320785658	6.4622307808	-34476.1526374133
440001	0.0325452635	6.4622307808	-34579.6663737062
450001	0.0334003102	6.4622307808	-34879.9420982318
460001	0.0328826402	6.4622307808	-34676.0331372202
470001	0.0336495834	6.4622307808	-34918.4811068284
480001	0.0332431467	6.4622307808	-34737.5100134271
490001	0.0314623355	6.4622307808	-34335.9347363073
500001	1.3780633674	6.4622307808	-60646.2869984545
510001	1.4020967118	6.4622307808	-60589.2032486966
520001	1.4147162180	6.4622307808	-60431.7138049337
530001	1.3735329708	6.4622307808	-60378.0985896285
540001	1.3914113207	6.4622307808	-60601.0571092428
550001	1.3910259613	6.4622307808	-60617.9322705177
560001	1.2907963800	6.4622307808	-60502.0708674910
570001	1.4259962332	6.4622307808	-60497.6247319463
580001	1.4393893901	6.4622307808	-60492.2927119891
590001	1.3681765685	6.4622307808	-60663.6197835889
600001	1.2365599610	6.4622307808	-48398.1851307975
610001	1.2872213917	6.4622307808	-48350.4596690511
620001	1.2488020854	6.4622307808	-48232.9959640902
630001	1.2999936928	6.4622307808	-48274.5396030220
640001	1.4428420518	6.4622307808	-48327.3961396884
650001	1.4229487615	6.4622307808	-48355.3492286351
660001	1.2051033106	6.4622307808	-48348.4240868727
670001	1.3022728623	6.4622307808	-48339.8536598515
680001	1.3114638918	6.4622307808	-48431.3451475925
690001	1.2991107052	6.4622307808	-48365.4017166694
700001	1.0286071426	6.4622307808	-53945.8925784340
710001	1.0493960480	6.4622307808	-53815.8406309541
720001	1.0808385027	6.4622307808	-53781.6569965321
730001	1.1254444475	6.4622307808	-53848.2772592896
740001	1.0422657762	6.4622307808	-53742.6198887631
750001	1.0713681268	6.4622307808	-53692.2017707890
760001	1.0061988001	6.4622307808	-53693.5792123107
770001	1.0259574845	6.4622307808	-53838.4498901491
780001	1.0637239249	6.4622307808	-53695.6440014956
790001	1.0741794856	6.4622307808	-53814.5197999613
800001	1.5631630452	6.4622307808	-61187.7635746425
810001	1.4328157075	6.4622307808	-61133.3754750711
820001	1.4852477437	6.4622307808	-61279.3460729954
830001	1.3812215049	6.4622307808	-61260.6124639322
840001	1.6483655700	6.4622307808	-61237.2557657631
850001	1.2834561067	6.4622307808	-61155.9981939622
860001	1.5273137115	6.4622307808	-61357.8910532177
870001	223.0924725534	6.4622307808	-61408.9015998298
880001	1.5188816427	6.4622307808	-61350.3683324167
890001	2411.8549290859	6.4622307808	-61390.4277878596
900001	1.6208308082	6.4622307808	-59074.6535320052
910001	1.6529657290	6.4622307808	-58998.9010933987
920001	1.4250741654	6.4622307808	-59229.2543173476
930001	1.4757502303	6.4622307808	-59120.9771388506
940001	1.4654214138	6.4622307808	-59033.2330206117
950001	1.5994022031	6.4622307808	-59168.3443363949
960001	1.4833422239	6.4622307808	-58932.2359410995
970001	1.6080169892	6.4622307808	-59157.1638496651
980001	1.3811439162	6.4622307808	-58977.8833681016
990001	1.6497522160	6.4622307808	-59020.3844277277
