site	rate	t	lnL
1	2.5654177269	0.5686640774	-621516.0485385113
100001	0.6458283161	0.5686640774	-570407.9289426992
200001	1.9765023516	0.5686640774	-618212.4675827338
300001	1.8216448327	0.5686640774	-634441.5784202274
400001	0.1283625461	0.5686640774	-336875.9393314097
500001	2.2822322544	0.5686640774	-628402.3367538307
600001	0.3869745540	0.5686640774	-582430.6225202422
700001	0.6111926038	0.5686640774	-643217.6086449823
800001	1.8139434639	0.5686640774	-641741.3758864063
900001	1.8492385824	0.5686640774	-635686.0165422417
