site	rate	t	lnL
1	2.7619595709	1.9338931382	-599125.2617359395
100001	0.8809643584	1.9338931382	-581439.2814037139
200001	2.0451183200	1.9338931382	-598831.8335815886
300001	2.0380638490	1.9338931382	-598823.5403287208
400001	0.1144407735	1.9338931382	-403528.4071041499
500001	2.2139598277	1.9338931382	-598978.3173986595
600001	0.7829923165	1.9338931382	-574960.7769060038
700001	0.9841880074	1.9338931382	-586452.1328827013
800001	2.1399639162	1.9338931382	-598924.9893693959
900001	2.0182680682	1.9338931382	-598799.1092752415
