site	rate	t	lnL
1	3.0599822085	1.9322199405	-599139.6122129498
100001	0.8716491765	1.9322199405	-580859.4353162580
200001	2.0929562224	1.9322199405	-598881.0435032484
300001	2.0722397552	1.9322199405	-598859.9252774807
400001	0.1161874684	1.9322199405	-404592.1484921573
500001	2.2206290092	1.9322199405	-598981.2703043805
600001	0.7749039747	1.9322199405	-574281.6072925034
700001	0.9784315836	1.9322199405	-586177.1706405117
800001	2.2146959573	1.9322199405	-598977.5753663060
900001	1.9520566691	1.9322199405	-598700.7700119752
