site	rate	t	lnL
1	2.3582917521	8.2407706250	-621207.3882709045
100001	0.7287577400	8.2407706250	-527917.2321105563
200001	1.1905678589	8.2407706250	-626197.6909985323
300001	1.3763318656	8.2407706250	-595030.4270188124
400001	0.0250332908	8.2407706250	-351804.5037419520
500001	1.3422859407	8.2407706250	-605309.6878050700
600001	1.2899875125	8.2407706250	-483201.1908290331
700001	0.9752042069	8.2407706250	-537930.6416623549
800001	1.5750594585	8.2407706250	-612597.7879978813
900001	1.5570308348	8.2407706250	-590308.0657790833
