site	rate	t	lnL
1	2.0133488099	1.3641646079	-608761.1423146859
100001	0.5714926046	1.3641646079	-546363.1749471999
200001	1.7076067146	1.3641646079	-599670.6651218471
300001	1.5902571915	1.3641646079	-618126.8562815993
400001	0.1454256476	1.3641646079	-319561.4817395957
500001	1.7933257762	1.3641646079	-610590.0009014427
600001	0.3642266529	1.3641646079	-542744.3308163328
700001	0.6584266953	1.3641646079	-600083.3447769677
800001	1.5476718873	1.3641646079	-621143.1527546578
900001	1.5886848289	1.3641646079	-616692.8954077790
