site	rate	t	lnL
1	2.1570804539	1.3634376431	-597068.3141272169
100001	0.6833450007	1.3634376431	-537277.8100745160
200001	1.8076434331	1.3634376431	-594295.3788021404
300001	1.7412050846	1.3634376431	-593465.3453507355
400001	0.1240002515	1.3634376431	-384965.3367182995
500001	1.8479490281	1.3634376431	-594740.8858793797
600001	0.4848159578	1.3634376431	-503853.4000218543
700001	0.8536082177	1.3634376431	-556478.3423124058
800001	1.8252841639	1.3634376431	-594495.4365384870
900001	1.7158595475	1.3634376431	-593114.1733176723
