site	rate	t	lnL
1	2.0378780446	8.0466427862	-62132.6955987541
10001	2.2277884251	8.0466427862	-61997.8727683567
20001	1.9809025815	8.0466427862	-62081.1136090104
30001	2.6068872260	8.0466427862	-62138.9977847400
40001	2.6353337194	8.0466427862	-62155.6646686206
50001	2.3694295448	8.0466427862	-62051.2304458354
60001	1.8662926308	8.0466427862	-62138.3439228181
70001	2.1698583949	8.0466427862	-62159.4015041012
80001	2.0972324464	8.0466427862	-62266.3648349684
90001	2.4057820328	8.0466427862	-62116.4842174822
100001	0.7253632483	8.0466427862	-52671.3963216277
110001	0.6686428659	8.0466427862	-52602.2683656243
120001	0.7040335811	8.0466427862	-52724.7222861687
130001	0.6809289794	8.0466427862	-52739.2401838522
140001	0.7069715567	8.0466427862	-52738.1902362872
150001	0.7114608200	8.0466427862	-52687.8644041553
160001	0.6968356970	8.0466427862	-52567.2445182607
170001	0.6684502796	8.0466427862	-52655.4736842721
180001	0.6518332487	8.0466427862	-52500.7347631173
190001	0.7028661878	8.0466427862	-52763.4906630880
200001	1.1425317775	8.0466427862	-62562.9453378877
210001	1.2372777502	8.0466427862	-62493.4141573964
220001	1.2114333936	8.0466427862	-62631.0932243631
230001	1.1407839060	8.0466427862	-62573.3075902082
240001	1.2469949675	8.0466427862	-62485.2660193226
250001	1.2308334466	8.0466427862	-62671.4133674679
260001	1.3072235493	8.0466427862	-62525.7779719408
270001	1.2029127395	8.0466427862	-62728.7427401656
280001	1.2290196705	8.0466427862	-62625.7354153482
290001	1.3689048948	8.0466427862	-62691.2989879977
300001	1.4863067228	8.0466427862	-59592.9261614148
310001	1.4361127284	8.0466427862	-59519.5452168113
320001	1.3431978126	8.0466427862	-59595.9330040952
330001	1.4540809325	8.0466427862	-59709.1989616676
340001	1.4060683241	8.0466427862	-59540.7530915090
350001	1.4715866189	8.0466427862	-59543.7566966917
360001	1.2961333786	8.0466427862	-59531.0132295299
370001	1.4293241978	8.0466427862	-59456.7560013622
380001	1.5485676620	8.0466427862	-59523.1406232056
390001	1.4220589580	8.0466427862	-59475.5582264493
400001	0.0255606190	8.0466427862	-35242.2423712106
410001	0.0254960192	8.0466427862	-35213.9539458017
420001	0.0243137950	8.0466427862	-34789.8738771736
430001	0.0250746430	8.0466427862	-35006.3206591430
440001	0.0244136509	8.0466427862	-34822.5400734339
450001	0.0255567531	8.0466427862	-35207.4823014883
460001	0.0253052336	8.0466427862	-35105.8091417890
470001	0.0248203709	8.0466427862	-34933.3568068796
480001	0.0251930186	8.0466427862	-35050.8597597900
490001	0.0253696553	8.0466427862	-35161.8751776955
500001	1.4060492902	8.0466427862	-60561.1067775971
510001	1.4229021684	8.0466427862	-60468.7667265242
520001	1.4287978304	8.0466427862	-60513.4638853410
530001	1.3641257567	8.0466427862	-60552.0736760044
540001	1.3073634247	8.0466427862	-60672.5082400676
550001	1.3582213722	8.0466427862	-60567.6716186037
560001	1.3651711742	8.0466427862	-60467.7086873837
570001	1.3393184679	8.0466427862	-60584.6404146134
580001	1.3886743873	8.0466427862	-60513.9752561779
590001	1.3565941149	8.0466427862	-60487.0333219155
600001	1.1016492440	8.0466427862	-48328.1886202996
610001	1.1263002588	8.0466427862	-48300.1229391148
620001	1.2495497086	8.0466427862	-48353.3063225169
630001	1.1166572564	8.0466427862	-48372.3013106638
640001	1.0691031869	8.0466427862	-48356.9049226061
650001	1.1258504114	8.0466427862	-48308.5661542218
660001	1.0999493264	8.0466427862	-48267.1246113487
670001	1.1203014788	8.0466427862	-48258.2428591610
680001	1.1215291164	8.0466427862	-48293.4706088516
690001	1.2340034533	8.0466427862	-48396.7265597561
700001	0.9685659861	8.0466427862	-53878.5920664141
710001	1.0440924202	8.0466427862	-53852.4014087872
720001	1.0295579821	8.0466427862	-53801.0207928735
730001	1.0521067393	8.0466427862	-53863.6604622775
740001	1.0099318882	8.0466427862	-53960.8600930960
750001	1.0272799243	8.0466427862	-53859.0876220480
760001	0.9335443360	8.0466427862	-53681.0607967459
770001	0.9040499122	8.0466427862	-53796.3716090338
780001	1.0018497508	8.0466427862	-53902.6035660770
790001	1.0270090865	8.0466427862	-53875.0313210931
800001	2.1350034631	8.0466427862	-61298.4879715068
810001	1.5387345530	8.0466427862	-61221.4670697294
820001	1.7632175491	8.0466427862	-61251.7195580006
830001	1.9313888794	8.0466427862	-61232.4484369214
840001	1.8067439830	8.0466427862	-61387.2170195255
850001	1.4371365561	8.0466427862	-61149.8695071535
860001	1.6453758265	8.0466427862	-61148.8973300017
870001	2.0876788926	8.0466427862	-61324.1091342201
880001	1.7943614398	8.0466427862	-61304.0176221286
890001	1.7756102495	8.0466427862	-61202.2418572321
900001	1.6185210940	8.0466427862	-59067.8959033651
910001	1.7937341870	8.0466427862	-58947.9186001560
920001	1.5485283727	8.0466427862	-59065.3739544813
930001	1.5691828766	8.0466427862	-58948.1902731995
940001	1.5245453374	8.0466427862	-59034.5143474369
950001	1.6939695577	8.0466427862	-59003.0327945296
960001	1.5482766286	8.0466427862	-59010.1825009782
970001	1.6067802187	8.0466427862	-58967.0760899379
980001	1.6661577398	8.0466427862	-59006.6599932842
990001	1.5788468234	8.0466427862	-59124.1204905868
