site	rate	t	lnL
1	2.7456885406	1.8446007781	-59910.9915334672
10001	2.6544318626	1.8446007781	-59909.5614773326
20001	2.8232687522	1.8446007781	-59911.8880436975
30001	2.8897343838	1.8446007781	-59912.4799834515
40001	3.1398427152	1.8446007781	-59913.7759664257
50001	2.5632807592	1.8446007781	-59907.5819587411
60001	2.8028098089	1.8446007781	-59911.6753558419
70001	2.8028084903	1.8446007781	-59911.6753558420
80001	2.6858676529	1.8446007781	-59910.1077171210
90001	2.8445307615	1.8446007781	-59912.0930617904
100001	0.8195476730	1.8446007781	-57486.2262052195
110001	0.8294711928	1.8446007781	-57557.8923362430
120001	0.8151660857	1.8446007781	-57453.9213228023
130001	0.8229221408	1.8446007781	-57510.8284941750
140001	0.8307905285	1.8446007781	-57567.2657638683
150001	0.8179972458	1.8446007781	-57474.8416224080
160001	0.8406548750	1.8446007781	-57636.2192048396
170001	0.8108199838	1.8446007781	-57421.4666788964
180001	0.8234432140	1.8446007781	-57514.6056373764
190001	0.8198064259	1.8446007781	-57488.1218150457
200001	2.3141583088	1.8446007781	-59897.4092448265
210001	2.0339768306	1.8446007781	-59868.3642196786
220001	2.1875102346	1.8446007781	-59887.6448724855
230001	2.2382134866	1.8446007781	-59892.0759733412
240001	2.1207965458	1.8446007781	-59880.4950617791
250001	2.1207969524	1.8446007781	-59880.4950617790
260001	2.1501076174	1.8446007781	-59883.8397388030
270001	2.2242204280	1.8446007781	-59890.9300695467
280001	2.1294242827	1.8446007781	-59881.5149058878
290001	2.3265265385	1.8446007781	-59898.1515279501
300001	2.2038894352	1.8446007781	-59889.1623864069
310001	2.0929893328	1.8446007781	-59876.9947110047
320001	1.9874143065	1.8446007781	-59860.2174422410
330001	2.0984377282	1.8446007781	-59877.7071353687
340001	2.0563100177	1.8446007781	-59871.8365972979
350001	1.9698538609	1.8446007781	-59856.7950717269
360001	2.1653797657	1.8446007781	-59885.4530396153
370001	2.0849185930	1.8446007781	-59875.9145587691
380001	2.0125271182	1.8446007781	-59864.7710746982
390001	2.2453461284	1.8446007781	-59892.6391042517
400001	0.1208998679	1.8446007781	-40409.5916684892
410001	0.1176998113	1.8446007781	-40211.1500196135
420001	0.1193330381	1.8446007781	-40312.7417128811
430001	0.1144481015	1.8446007781	-40006.9124026813
440001	0.1184803085	1.8446007781	-40259.7808472434
450001	0.1122676084	1.8446007781	-39868.4698770339
460001	0.1129699923	1.8446007781	-39913.2001847439
470001	0.1173454181	1.8446007781	-40189.0186345775
480001	0.1136733469	1.8446007781	-39957.8623566309
490001	0.1206146481	1.8446007781	-40392.0060691820
500001	2.2748569379	1.8446007781	-59894.8257163105
510001	2.1907473139	1.8446007781	-59887.9515925511
520001	2.3349315747	1.8446007781	-59898.6379173968
530001	2.2980945383	1.8446007781	-59896.3959339567
540001	2.2863513451	1.8446007781	-59895.6183371787
550001	2.1179516031	1.8446007781	-59880.1519975773
560001	2.2417665891	1.8446007781	-59892.3583591555
570001	2.2242216329	1.8446007781	-59890.9300695466
580001	2.1179509401	1.8446007781	-59880.1519975770
590001	2.1561647080	1.8446007781	-59884.4898079011
600001	0.6886788565	1.8446007781	-56320.2436979209
610001	0.6683319056	1.8446007781	-56095.9564544174
620001	0.6726563890	1.8446007781	-56144.7347315758
630001	0.6786093993	1.8446007781	-56210.8946833624
640001	0.6911236177	1.8446007781	-56346.3159229380
650001	0.6730512803	1.8446007781	-56149.1581866040
660001	0.6712766423	1.8446007781	-56129.2382769425
670001	0.7012224232	1.8446007781	-56452.0840058086
680001	0.7020550903	1.8446007781	-56460.6687617802
690001	0.6700968318	1.8446007781	-56115.9378341387
700001	0.9431127405	1.8446007781	-58246.4476953686
710001	0.9493234727	1.8446007781	-58277.8816637552
720001	0.9546092948	1.8446007781	-58304.1864711565
730001	0.9499812917	1.8446007781	-58281.1780794471
740001	0.9522902692	1.8446007781	-58292.6968409691
750001	0.9509697625	1.8446007781	-58286.1182541869
760001	0.9463727300	1.8446007781	-58263.0184773218
770001	0.9493234727	1.8446007781	-58277.8816637552
780001	0.9619624566	1.8446007781	-58340.1063067808
790001	0.9952703379	1.8446007781	-58493.4164537852
800001	2.1972784755	1.8446007781	-59888.5602112500
810001	2.2038897886	1.8446007781	-59889.1623864070
820001	2.1779149204	1.8446007781	-59886.7150961985
830001	2.1907469984	1.8446007781	-59887.9515925513
840001	2.2525746300	1.8446007781	-59893.1956629063
850001	2.2105828680	1.8446007781	-59889.7580999694
860001	2.2673288527	1.8446007781	-59894.2889879553
870001	2.2276859354	1.8446007781	-59891.2189949299
880001	2.3349361628	1.8446007781	-59898.6379173978
890001	2.2636010977	1.8446007781	-59894.0181366554
900001	2.1875103009	1.8446007781	-59887.6448724856
910001	2.1095013653	1.8446007781	-59879.1134856758
920001	2.0665387077	1.8446007781	-59873.3407455374
930001	2.0487633973	1.8446007781	-59870.6926426142
940001	2.0902854507	1.8446007781	-59876.6361936584
950001	2.0769649846	1.8446007781	-59874.8206361645
960001	2.0437895759	1.8446007781	-59869.9224908003
970001	2.0769647529	1.8446007781	-59874.8206361644
980001	2.1067146435	1.8446007781	-59878.7642155225
990001	2.1501076474	1.8446007781	-59883.8397388030
