site	rate	t	lnL
1	1.9573293752	2.2244136788	-62070.8910722959
10001	2.0411559304	2.2244136788	-62097.0761806967
20001	2.0195781290	2.2244136788	-62007.5267045780
30001	2.0719071672	2.2244136788	-62188.5882741562
40001	1.8988607985	2.2244136788	-62198.2983249176
50001	1.9668607550	2.2244136788	-62147.0587318799
60001	1.9814136882	2.2244136788	-62041.0180242635
70001	1.9473703393	2.2244136788	-62106.9143108905
80001	2.0162721855	2.2244136788	-62080.6040138666
90001	2.0297738437	2.2244136788	-62177.6307164467
100001	0.7989561032	2.2244136788	-51798.2536950875
110001	0.8222659856	2.2244136788	-51957.4867041505
120001	0.8128849546	2.2244136788	-51961.3362921815
130001	0.8186523082	2.2244136788	-51864.3739171874
140001	0.8022670169	2.2244136788	-51812.6498146606
150001	0.8202092805	2.2244136788	-51899.5630509601
160001	0.8273268825	2.2244136788	-51977.4688641985
170001	0.8126207055	2.2244136788	-51875.2149265903
180001	0.8005495772	2.2244136788	-51774.2151095464
190001	0.8304751906	2.2244136788	-51965.9174014977
200001	1.6440627782	2.2244136788	-62561.5203025054
210001	1.6655661558	2.2244136788	-62583.5595145907
220001	1.5689149883	2.2244136788	-62554.1676986870
230001	1.6177743609	2.2244136788	-62562.8716320581
240001	1.6836063565	2.2244136788	-62599.0197672041
250001	1.6655654201	2.2244136788	-62722.0491213522
260001	1.6666482014	2.2244136788	-62538.6655947043
270001	1.6305930636	2.2244136788	-62525.1614119210
280001	1.6591265239	2.2244136788	-62629.4392303735
290001	1.6482831919	2.2244136788	-62536.3896242901
300001	1.8788061535	2.2244136788	-59542.4346100827
310001	1.7629018669	2.2244136788	-59459.3505559143
320001	1.8633191936	2.2244136788	-59488.9260507064
330001	1.8968611058	2.2244136788	-59544.8626388433
340001	1.8867657493	2.2244136788	-59549.3279798215
350001	1.8884628113	2.2244136788	-59619.5285587517
360001	1.8989563230	2.2244136788	-59546.2918467328
370001	1.8916304508	2.2244136788	-59521.3804705273
380001	1.9007308867	2.2244136788	-59477.7808270701
390001	1.7886200259	2.2244136788	-59639.6926850884
400001	0.1063105603	2.2244136788	-32397.8078812839
410001	0.1081820358	2.2244136788	-32461.2256179915
420001	0.1114779794	2.2244136788	-32669.7218199593
430001	0.1079233432	2.2244136788	-32489.3134473518
440001	0.1056028174	2.2244136788	-32291.2842812654
450001	0.1091523537	2.2244136788	-32599.8943405199
460001	0.1099890632	2.2244136788	-32641.2215098433
470001	0.1093446465	2.2244136788	-32586.5747880672
480001	0.1088302151	2.2244136788	-32530.9834039059
490001	0.1082463493	2.2244136788	-32474.0833356970
500001	1.8371569538	2.2244136788	-60411.7981100570
510001	1.8554160602	2.2244136788	-60506.9613921638
520001	1.8447721055	2.2244136788	-60548.4081728729
530001	1.9062856831	2.2244136788	-60585.9474535371
540001	1.8379651117	2.2244136788	-60415.9931017656
550001	1.8150714045	2.2244136788	-60516.6141519065
560001	1.7890193973	2.2244136788	-60594.5054008266
570001	1.8937037606	2.2244136788	-60593.0156809800
580001	1.8554477321	2.2244136788	-60527.0189805543
590001	1.8326352704	2.2244136788	-60530.6983261792
600001	0.7344785151	2.2244136788	-47189.1250854997
610001	0.7354015966	2.2244136788	-47114.5300031420
620001	0.7278526571	2.2244136788	-47054.9492613747
630001	0.7443979193	2.2244136788	-47216.0687942630
640001	0.7358077525	2.2244136788	-47106.0720914735
650001	0.7244883871	2.2244136788	-46975.5363940152
660001	0.7411292877	2.2244136788	-47138.0143326763
670001	0.7257705025	2.2244136788	-47066.6813618551
680001	0.7543036136	2.2244136788	-47185.7837094820
690001	0.7286622387	2.2244136788	-47090.1958843639
700001	1.0328242116	2.2244136788	-53432.1754685962
710001	1.0263715437	2.2244136788	-53568.0041669057
720001	1.0344509041	2.2244136788	-53303.1012336151
730001	1.0098817059	2.2244136788	-53440.8228814605
740001	1.0187992355	2.2244136788	-53497.4878517118
750001	1.0137353086	2.2244136788	-53408.1855232808
760001	1.0451086695	2.2244136788	-53531.0539158250
770001	1.0344358910	2.2244136788	-53486.6256709919
780001	1.0288212225	2.2244136788	-53585.0021287479
790001	0.9988577031	2.2244136788	-53399.4614227463
800001	1.7635015797	2.2244136788	-61164.0366474023
810001	1.8229060216	2.2244136788	-61273.0771679080
820001	1.8268290191	2.2244136788	-61200.4999319124
830001	1.7834902894	2.2244136788	-61170.6947112979
840001	1.8156191759	2.2244136788	-61287.8296250405
850001	1.6827856172	2.2244136788	-61262.8400763160
860001	1.6466503609	2.2244136788	-61170.3420371888
870001	1.7868682617	2.2244136788	-61223.7159663507
880001	1.7651659920	2.2244136788	-61336.4457634387
890001	1.8155306776	2.2244136788	-61086.3695949218
900001	1.8465522902	2.2244136788	-58972.3799603227
910001	1.8759841436	2.2244136788	-58989.2838392571
920001	2.0167061110	2.2244136788	-58983.9539085861
930001	2.0317708534	2.2244136788	-59039.2031231365
940001	1.8602777118	2.2244136788	-59056.2815361359
950001	1.8560473774	2.2244136788	-59052.7732557989
960001	2.0380660942	2.2244136788	-59012.4243324838
970001	2.1787338560	2.2244136788	-59081.9262456881
980001	1.8570099230	2.2244136788	-58963.3628743857
990001	2.0198921676	2.2244136788	-59070.5459563024
