site	rate	t	lnL
1	2.0015929640	2.1615304903	-62186.5919139727
10001	1.9119439303	2.1615304903	-62166.5549465547
20001	1.9406008254	2.1615304903	-62233.3752846711
30001	1.9325297594	2.1615304903	-62124.7902762122
40001	2.0304520976	2.1615304903	-62121.1691358002
50001	2.0419682982	2.1615304903	-62104.7683476720
60001	1.9799383190	2.1615304903	-62092.7123288460
70001	1.9445418589	2.1615304903	-62078.1409108559
80001	2.0599868060	2.1615304903	-62098.3541606689
90001	2.0514796499	2.1615304903	-62211.4797203531
100001	0.7862429136	2.1615304903	-51674.6785244304
110001	0.7675171295	2.1615304903	-51533.2216711314
120001	0.8028651370	2.1615304903	-51675.3406301754
130001	0.8170331765	2.1615304903	-51937.8905550297
140001	0.7749668515	2.1615304903	-51638.7553781854
150001	0.7905476559	2.1615304903	-51756.7370146844
160001	0.7953094979	2.1615304903	-51885.2428331437
170001	0.7955427975	2.1615304903	-51649.2931691803
180001	0.7854173265	2.1615304903	-51677.0540166620
190001	0.7722843950	2.1615304903	-51638.8482443094
200001	1.6785608651	2.1615304903	-62618.8572407086
210001	1.6879864121	2.1615304903	-62642.5959273858
220001	1.7156567800	2.1615304903	-62513.3174041275
230001	1.6843620200	2.1615304903	-62489.9356952031
240001	1.6687386892	2.1615304903	-62616.7053097134
250001	1.6685669598	2.1615304903	-62548.7431030326
260001	1.6316632701	2.1615304903	-62578.7753479712
270001	1.6480823575	2.1615304903	-62528.6802222406
280001	1.7415079504	2.1615304903	-62521.8806569111
290001	1.7641919100	2.1615304903	-62578.9560852244
300001	1.9767115819	2.1615304903	-59444.9342283747
310001	1.9250678421	2.1615304903	-59479.2319810133
320001	1.8160761572	2.1615304903	-59715.9582219635
330001	1.9476422653	2.1615304903	-59560.0827317519
340001	1.7718790590	2.1615304903	-59554.2368568172
350001	1.8663890937	2.1615304903	-59526.9866580847
360001	2.2368080292	2.1615304903	-59478.0578587267
370001	2.0035418656	2.1615304903	-59603.8402269176
380001	1.8992901074	2.1615304903	-59480.8553263636
390001	1.9193556565	2.1615304903	-59520.0329093720
400001	0.1068339649	2.1615304903	-32217.9297985783
410001	0.1092678042	2.1615304903	-32399.3158319785
420001	0.1034935779	2.1615304903	-31976.8070419578
430001	0.1094700228	2.1615304903	-32392.9683060021
440001	0.1078916865	2.1615304903	-32307.0882023066
450001	0.1069032328	2.1615304903	-32222.6514625764
460001	0.1065749314	2.1615304903	-32194.2343639741
470001	0.1074263195	2.1615304903	-32199.2637628283
480001	0.1087455517	2.1615304903	-32300.8430659128
490001	0.1112585498	2.1615304903	-32512.8873775588
500001	1.8715803617	2.1615304903	-60455.5087173818
510001	1.9578863022	2.1615304903	-60576.4370585401
520001	1.8984812208	2.1615304903	-60426.9150420216
530001	1.9123915837	2.1615304903	-60447.0836665973
540001	1.8798155758	2.1615304903	-60526.9572161761
550001	1.8764961800	2.1615304903	-60469.2371945246
560001	1.9446982258	2.1615304903	-60614.9370516923
570001	1.8633241253	2.1615304903	-60486.0229447891
580001	1.9116411588	2.1615304903	-60581.5632601209
590001	1.9192287585	2.1615304903	-60478.1229291651
600001	0.6899117557	2.1615304903	-46818.4529887099
610001	0.6767357844	2.1615304903	-46754.7761769354
620001	0.6679573631	2.1615304903	-46692.2562212558
630001	0.6768367795	2.1615304903	-46688.6443069204
640001	0.6879811294	2.1615304903	-46877.4729060375
650001	0.6972463965	2.1615304903	-46912.1268481316
660001	0.6883689591	2.1615304903	-46766.7841982478
670001	0.6962334355	2.1615304903	-46921.1885675654
680001	0.6824986031	2.1615304903	-46892.1912349147
690001	0.6672941070	2.1615304903	-46768.5997827030
700001	1.0226541967	2.1615304903	-53335.2716533832
710001	0.9869213331	2.1615304903	-53201.6188280863
720001	1.0064719607	2.1615304903	-53300.5818346677
730001	1.0247263126	2.1615304903	-53304.0702352439
740001	1.0022806115	2.1615304903	-53399.5455659571
750001	1.0127623308	2.1615304903	-53330.9270755093
760001	1.0065827083	2.1615304903	-53432.2300964812
770001	0.9753453683	2.1615304903	-53264.5831543785
780001	1.0053061706	2.1615304903	-53514.6899878590
790001	1.0215960127	2.1615304903	-53502.2810746689
800001	1.7747524412	2.1615304903	-61232.2278918482
810001	1.8402135087	2.1615304903	-61235.9504132215
820001	1.8351243005	2.1615304903	-61270.0099593068
830001	1.8066167430	2.1615304903	-61190.9514083170
840001	1.8476396937	2.1615304903	-61281.3548933160
850001	1.8946796685	2.1615304903	-61230.0421251604
860001	1.8316515853	2.1615304903	-61215.1997700381
870001	1.7114138642	2.1615304903	-61239.2967918984
880001	1.9264305581	2.1615304903	-61290.6646303768
890001	1.8244469479	2.1615304903	-61442.2944202765
900001	1.8551839066	2.1615304903	-59057.2011620383
910001	2.0044753384	2.1615304903	-58982.6824197040
920001	1.9117912907	2.1615304903	-59164.0726726701
930001	1.9898533694	2.1615304903	-59020.8251628441
940001	1.9757417626	2.1615304903	-58923.4510716851
950001	1.9047988059	2.1615304903	-59016.1015941121
960001	2.0041796479	2.1615304903	-59134.2485498802
970001	1.9661394671	2.1615304903	-59050.1546969912
980001	1.8914876963	2.1615304903	-58913.5472839337
990001	1.9097949421	2.1615304903	-58903.3013846114
