site	rate	t	lnL
1	2.0810737039	2.1027708266	-620888.8360228288
100001	0.7652972717	2.1027708266	-514942.3531384009
200001	1.7184280865	2.1027708266	-625778.4461369135
300001	1.9243924526	2.1027708266	-595239.6331040930
400001	0.1081110897	2.1027708266	-321367.1474705532
500001	1.9204839276	2.1027708266	-605667.2772479600
600001	0.6401387783	2.1027708266	-463649.1140321189
700001	0.9876563992	2.1027708266	-532663.1890303888
800001	1.8509104174	2.1027708266	-612022.6060461599
900001	1.9870984296	2.1027708266	-590360.3270549910
