site	rate	t	lnL
1	2.9587743003	1.9138127759	-59913.5222861879
10001	2.8714851559	1.9138127759	-59913.0823810067
20001	2.9587725898	1.9138127759	-59913.5222861878
30001	2.3900351059	1.9138127759	-59905.1066222486
40001	2.7967113961	1.9138127759	-59912.5718789988
50001	2.4582869358	1.9138127759	-59907.2499769408
60001	2.6045692740	1.9138127759	-59910.3696312712
70001	2.6377568364	1.9138127759	-59910.8709236692
80001	3.3708191000	1.9138127759	-59914.4108395860
90001	2.7852294220	1.9138127759	-59912.4799834516
100001	0.8899359927	1.9138127759	-58142.4018207718
110001	0.8628624762	1.9138127759	-57983.9351370235
120001	0.8660265003	1.9138127759	-58003.1347611859
130001	0.8668928381	1.9138127759	-58008.3592136813
140001	0.8729974204	1.9138127759	-58044.7881747434
150001	0.8608586673	1.9138127759	-57971.6818430949
160001	0.8582938965	1.9138127759	-57955.8873154574
170001	0.8842284267	1.9138127759	-58110.0706210361
180001	0.8800624201	1.9138127759	-58086.1150461143
190001	0.8689196560	1.9138127759	-58020.5298800210
200001	2.0811318998	1.9138127759	-59884.8124702307
210001	2.1338968295	1.9138127759	-59890.0535279816
220001	2.1371695857	1.9138127759	-59890.3473337740
230001	2.0752611748	1.9138127759	-59884.1655633717
240001	2.0146914910	1.9138127759	-59876.6361936584
250001	2.1471227326	1.9138127759	-59891.2189949301
260001	2.0781884026	1.9138127759	-59884.4898079011
270001	2.1641444817	1.9138127759	-59892.6391042519
280001	2.2036663803	1.9138127759	-59895.6183371785
290001	2.1999472746	1.9138127759	-59895.3557963285
300001	2.0305263575	1.9138127759	-59878.7642155224
310001	2.0199166363	1.9138127759	-59877.3516922522
320001	1.9308130343	1.9138127759	-59863.1357158494
330001	2.1781725702	1.9138127759	-59893.7456304608
340001	2.1022163789	1.9138127759	-59887.0266220864
350001	1.9918036043	1.9138127759	-59873.3407455377
360001	2.0608667724	1.9138127759	-59882.5206831271
370001	2.0752611688	1.9138127759	-59884.1655633715
380001	1.9112573249	1.9138127759	-59859.3705373490
390001	2.0580338267	1.9138127759	-59882.1869905500
400001	0.1191463541	1.9138127759	-40576.1384790423
410001	0.1153602367	1.9138127759	-40334.7808388955
420001	0.1188700742	1.9138127759	-40558.6510169140
430001	0.1160466038	1.9138127759	-40378.8100342260
440001	0.1152230986	1.9138127759	-40325.9671539608
450001	0.1195610749	1.9138127759	-40602.3504686707
460001	0.1169401901	1.9138127759	-40435.9505716358
470001	0.1154288181	1.9138127759	-40339.1866994303
480001	0.1133065776	1.9138127759	-40202.2994539352
490001	0.1181111005	1.9138127759	-40510.5075406979
500001	2.2587192580	1.9138127759	-59899.1175106028
510001	2.2842109997	1.9138127759	-59900.5153095361
520001	2.3156182680	1.9138127759	-59902.0677964608
530001	2.3344493943	1.9138127759	-59902.9167568202
540001	2.0752607680	1.9138127759	-59884.1655633717
550001	2.1817401916	1.9138127759	-59894.0181366554
560001	2.1781721599	1.9138127759	-59893.7456304609
570001	2.1889467857	1.9138127759	-59894.5581819723
580001	2.2423889379	1.9138127759	-59898.1515279501
590001	2.2111848140	1.9138127759	-59896.1384084304
600001	0.7521493934	1.9138127759	-57182.2420282106
610001	0.7667365927	1.9138127759	-57303.7884611681
620001	0.7540088872	1.9138127759	-57198.0343062761
630001	0.7737020617	1.9138127759	-57359.9714987244
640001	0.7463808423	1.9138127759	-57132.6846184686
650001	0.7489111181	1.9138127759	-57154.5283696661
660001	0.7773414213	1.9138127759	-57388.8628987545
670001	0.7603339732	1.9138127759	-57251.0955894204
680001	0.7700874641	1.9138127759	-57330.9648854186
690001	0.7395413593	1.9138127759	-57072.8045718221
700001	0.9648246120	1.9138127759	-58518.4166363323
710001	0.9641280307	1.9138127759	-58515.3003471744
720001	0.9582432665	1.9138127759	-58488.7111778361
730001	0.9679712629	1.9138127759	-58532.4089612651
740001	0.9676205546	1.9138127759	-58530.8567647695
750001	0.9637796992	1.9138127759	-58513.7412653295
760001	0.9527645141	1.9138127759	-58463.5221585544
770001	0.9572116427	1.9138127759	-58484.0003144874
780001	0.9510643826	1.9138127759	-58455.6181446001
790001	0.9676206978	1.9138127759	-58530.8567647697
800001	2.2304677106	1.9138127759	-59897.4092448266
810001	2.4008071862	1.9138127759	-59905.4817653696
820001	2.2755758363	1.9138127759	-59900.0562271275
830001	1.9942979064	1.9138127759	-59873.7129972794
840001	2.2974418087	1.9138127759	-59901.1910302892
850001	2.1504825210	1.9138127759	-59891.5062889020
860001	2.1999471488	1.9138127759	-59895.3557963283
870001	2.2464239068	1.9138127759	-59898.3955709425
880001	2.2383849974	1.9138127759	-59897.9057909319
890001	2.2036662349	1.9138127759	-59895.6183371788
900001	2.0781882259	1.9138127759	-59884.4898079011
910001	2.0225490415	1.9138127759	-59877.7071353686
920001	2.0018523916	1.9138127759	-59874.8206361644
930001	1.9722682326	1.9138127759	-59870.3083169538
940001	1.9893215364	1.9138127759	-59872.9669777019
950001	2.0225491066	1.9138127759	-59877.7071353686
960001	1.9993219532	1.9138127759	-59874.4529445761
970001	1.9627675466	1.9138127759	-59868.7560286054
980001	1.9993222009	1.9138127759	-59874.4529445761
990001	1.9511295991	1.9138127759	-59866.7820937346
