site	rate	t	lnL
1	2.0316579201	6.0748565499	-627347.0841716876
100001	0.8578121125	6.0748565499	-637594.2151084922
200001	1.6040148677	6.0748565499	-629207.8320569451
300001	1.7624889425	6.0748565499	-646832.7711782973
400001	0.0556831026	6.0748565499	-357593.4483897674
500001	1.9620334642	6.0748565499	-640446.4569249727
600001	1.1151064196	6.0748565499	-696660.6409727191
700001	0.8386673325	6.0748565499	-689171.8281809383
800001	1.7244312425	6.0748565499	-650430.3385383127
900001	1.9132484247	6.0748565499	-644300.4889583722
