site	rate	t	lnL
1	2.1978103488	1.3303860508	-625236.4186871265
100001	0.9096539154	1.3303860508	-626359.3741326409
200001	2.0210249471	1.3303860508	-626715.2911497264
300001	1.9977173885	1.3303860508	-642683.5299669189
400001	0.0829007426	1.3303860508	-362569.3745319897
500001	2.5075573906	1.3303860508	-634547.3977809810
600001	0.7928905964	1.3303860508	-693013.3745729013
700001	0.5802764413	1.3303860508	-696263.2846392369
800001	1.8619894745	1.3303860508	-649508.8756969349
900001	2.0685256832	1.3303860508	-642883.1880448882
