site	rate	t	lnL
1	1.5368980705	0.4930150069	-51748.9362624858
10001	1.5570395716	0.4930150069	-51877.2770926303
20001	1.5653377116	0.4930150069	-51929.5568974540
30001	1.5088517982	0.4930150069	-51566.7778522162
40001	1.5616449258	0.4930150069	-51906.3374350972
50001	1.5764540243	0.4930150069	-51999.0616038815
60001	1.5584202123	0.4930150069	-51885.9993968983
70001	1.5469434561	0.4930150069	-51813.2034963089
80001	1.5414580977	0.4930150069	-51778.1726447086
90001	1.5414582171	0.4930150069	-51778.1726447086
100001	0.6468387146	0.4930150069	-43319.4814472967
110001	0.6621692962	0.4930150069	-43526.4441848388
120001	0.6657235288	0.4930150069	-43574.0068306331
130001	0.6577350627	0.4930150069	-43466.8867854092
140001	0.6589165991	0.4930150069	-43482.7800884104
150001	0.6621692565	0.4930150069	-43526.4441848389
160001	0.6716613128	0.4930150069	-43653.1140348829
170001	0.6722560455	0.4930150069	-43661.0135195613
180001	0.6518376585	0.4930150069	-43387.2963193506
190001	0.6486016235	0.4930150069	-43343.4332526867
200001	1.4205060502	0.4930150069	-50965.6565129264
210001	1.4038016252	0.4930150069	-50847.1468537428
220001	1.4338835628	0.4930150069	-51059.4216631690
230001	1.4252427736	0.4930150069	-50998.9720898567
240001	1.4356156159	0.4930150069	-51071.4923499477
250001	1.4617828034	0.4930150069	-51251.7838346135
260001	1.4312868291	0.4930150069	-51041.3036164295
270001	1.4530227082	0.4930150069	-51191.8468137357
280001	1.4076437919	0.4930150069	-50874.5493604476
290001	1.4256738166	0.4930150069	-51001.9983744941
300001	1.3408044303	0.4930150069	-50385.6506836662
310001	1.3482617788	0.4930150069	-50441.5077724643
320001	1.3830061248	0.4930150069	-50697.3853828104
330001	1.3628406716	0.4930150069	-50549.7456060150
340001	1.3383245813	0.4930150069	-50367.0026675937
350001	1.3503380059	0.4930150069	-50457.0004886814
360001	1.3666063272	0.4930150069	-50577.4985772403
370001	1.3766827233	0.4930150069	-50651.3473730196
380001	1.3544966095	0.4930150069	-50487.9557465098
390001	1.3304926221	0.4930150069	-50307.8549565241
400001	0.1668064806	0.4930150069	-34829.4966025938
410001	0.1693579992	0.4930150069	-34889.4339749303
420001	0.1754016355	0.4930150069	-35030.4240360806
430001	0.1605572282	0.4930150069	-34681.6331918887
440001	0.1742379984	0.4930150069	-35003.3838550043
450001	0.1754015744	0.4930150069	-35030.4240360805
460001	0.1656477689	0.4930150069	-34802.1948246425
470001	0.1635637876	0.4930150069	-34752.9601015180
480001	0.1575552242	0.4930150069	-34610.0543042894
490001	0.1695900001	0.4930150069	-34894.8742586224
500001	1.4429952696	0.4930150069	-51122.7212794463
510001	1.4317193096	0.4930150069	-51044.3242923122
520001	1.4059352796	0.4930150069	-50862.3744786313
530001	1.4110660178	0.4930150069	-50898.8798779910
540001	1.4416910664	0.4930150069	-51113.6892899258
550001	1.3914681092	0.4930150069	-50758.6288818213
560001	1.4123506687	0.4930150069	-50907.9972068693
570001	1.4382170573	0.4930150069	-51089.5863644834
580001	1.4425602017	0.4930150069	-51119.7110167107
590001	1.4538969147	0.4930150069	-51197.8477209788
600001	0.4158479428	0.4930150069	-39796.7589117676
610001	0.4361302427	0.4930150069	-40140.2711489381
620001	0.4229368681	0.4930150069	-39917.6694631238
630001	0.4287313926	0.4930150069	-40015.8218043045
640001	0.4289952576	0.4930150069	-40020.2754930916
650001	0.4321632165	0.4930150069	-40073.6672460801
660001	0.4334846434	0.4930150069	-40095.8852706147
670001	0.4401050174	0.4930150069	-40206.7250679795
680001	0.4258321376	0.4930150069	-39966.7866408693
690001	0.4271493409	0.4930150069	-39989.0854950901
700001	0.7992793591	0.4930150069	-45253.6144473948
710001	0.8068927849	0.4930150069	-45343.4166083229
720001	0.8228464661	0.4930150069	-45529.6435872848
730001	0.7954832434	0.4930150069	-45208.6123488093
740001	0.8002297890	0.4930150069	-45264.8544362131
750001	0.8088006564	0.4930150069	-45365.8251619071
760001	0.8062572419	0.4930150069	-45335.9433631319
770001	0.8225262894	0.4930150069	-45525.9304002969
780001	0.7920099012	0.4930150069	-45167.3010981518
790001	0.8046692967	0.4930150069	-45317.2520904182
800001	1.4072167044	0.4930150069	-50871.5062414692
810001	1.3952878505	0.4930150069	-50786.1360829381
820001	1.4084989949	0.4930150069	-50880.6343955001
830001	1.4692580686	0.4930150069	-51302.6044271300
840001	1.4059352686	0.4930150069	-50862.3744786312
850001	1.3927406381	0.4930150069	-50767.8015601860
860001	1.4136361839	0.4930150069	-50917.1109277773
870001	1.3957124918	0.4930150069	-50789.1904324303
880001	1.3969876463	0.4930150069	-50798.3510737131
890001	1.4144937804	0.4930150069	-50923.1847373881
900001	1.3128777160	0.4930150069	-50173.4570202150
910001	1.3391510087	0.4930150069	-50373.2202836941
920001	1.3002730088	0.4930150069	-50076.1026077285
930001	1.3775250794	0.4930150069	-50657.4909948291
940001	1.3445293424	0.4930150069	-50413.5955303325
950001	1.3194143045	0.4930150069	-50223.5526710743
960001	1.3507532777	0.4930150069	-50460.0978248296
970001	1.3383247969	0.4930150069	-50367.0026675937
980001	1.3578300905	0.4930150069	-50512.6909918723
990001	1.3453583251	0.4930150069	-50419.8010681532
