site	rate	t	lnL
1	2.8972229487	1.9401299103	-599134.2599534363
100001	0.8743012369	1.9401299103	-581220.0627554844
200001	2.1120846837	1.9401299103	-598906.9775617563
300001	2.0529013557	1.9401299103	-598848.1247023069
400001	0.1154218499	1.9401299103	-404403.4145100344
500001	2.1811907606	1.9401299103	-598961.3840843048
600001	0.7961764111	1.9401299103	-576137.4924829545
700001	0.9685119101	1.9401299103	-585924.5292049111
800001	2.2076286255	1.9401299103	-598978.8112415515
900001	1.9958954406	1.9401299103	-598778.1346806353
