site	rate	t	lnL
1	2.7445669307	1.0307675031	-625382.2196591825
100001	0.7598252842	1.0307675031	-614454.4850937842
200001	2.3114986893	1.0307675031	-626133.3151134715
300001	2.3492901984	1.0307675031	-641928.2443879348
400001	0.0930036182	1.0307675031	-353273.3541544492
500001	2.7644425618	1.0307675031	-634178.9366708962
600001	0.4721055659	1.0307675031	-659600.8977198210
700001	0.5723235701	1.0307675031	-686117.4435426673
800001	2.2245180658	1.0307675031	-648512.5579620234
900001	2.4364888097	1.0307675031	-642565.6493072833
