site	rate	t	lnL
1	2.3635006396	1.2265167548	-625029.7819763037
100001	0.8507648860	1.2265167548	-623034.1691661469
200001	2.1846134625	1.2265167548	-626732.8805828476
300001	2.2208367851	1.2265167548	-643175.2856016795
400001	0.0855988299	1.2265167548	-359225.1853075264
500001	2.5387577196	1.2265167548	-634399.6847382511
600001	0.5785084685	1.2265167548	-682836.3070005591
700001	0.5737501823	1.2265167548	-693804.8423217770
800001	2.0683174240	1.2265167548	-649205.3965889516
900001	2.2072071197	1.2265167548	-642850.9457399964
