site	rate	t	lnL
1	2.8068933258	1.9340022535	-599128.6134724403
100001	0.8789743850	1.9340022535	-581328.9422251552
200001	2.0900964957	1.9340022535	-598880.1274386820
300001	2.0257623621	1.9340022535	-598808.7063434711
400001	0.1159577720	1.9340022535	-404513.1581408317
500001	2.1825114005	1.9340022535	-598957.4898175377
600001	0.7800613470	1.9340022535	-574738.9206240306
700001	0.9796611735	1.9340022535	-586266.5400550995
800001	2.1571960588	1.9340022535	-598938.8209027096
900001	2.0133218016	1.9340022535	-598792.8754023885
