site	rate	t	lnL
1	2.3540259323	4.8724383955	-627173.8471073733
100001	0.6851653164	4.8724383955	-627058.0725482199
200001	1.7833763744	4.8724383955	-628561.3697637200
300001	1.9597586383	4.8724383955	-647139.0997602940
400001	0.0607824492	4.8724383955	-348995.4317976458
500001	2.0680632579	4.8724383955	-640521.9100826683
600001	0.3989499861	4.8724383955	-675437.4275563486
700001	0.4355614822	4.8724383955	-684813.4886192110
800001	1.9911845768	4.8724383955	-650800.4255600529
900001	2.1038427533	4.8724383955	-643814.3103897808
