site	rate	t	lnL
1	2.3430268408	6.8112268773	-621622.3800796632
100001	0.5934245762	6.8112268773	-524113.1662618822
200001	1.3093538397	6.8112268773	-625456.4567882264
300001	1.5908648607	6.8112268773	-595434.5403489431
400001	0.0273884527	6.8112268773	-345412.4367448088
500001	1.4916338408	6.8112268773	-605093.0487691597
600001	0.7978874308	6.8112268773	-478480.9247632141
700001	0.9438172546	6.8112268773	-537575.9371274043
800001	1.8964809311	6.8112268773	-612624.8062698925
900001	1.7749092412	6.8112268773	-590299.9063775304
