site	rate	t	lnL
1	1.9982162030	6.1107202097	-626809.1064313398
100001	0.8523885915	6.1107202097	-637450.3840346431
200001	1.6566142985	6.1107202097	-629567.8422753968
300001	1.7347881329	6.1107202097	-647098.6096889395
400001	0.0555976415	6.1107202097	-357850.2458743242
500001	432.5865300966	6.1107202097	-640862.9293816861
600001	1.1123921766	6.1107202097	-696434.8071658121
700001	0.8681616220	6.1107202097	-689015.4740342066
800001	1.7623198504	6.1107202097	-650540.5505324096
900001	1.8778291260	6.1107202097	-643684.3072476586
