site	rate	t	lnL
1	2.9061331202	1.9017482246	-599131.7603353095
100001	0.8575952417	1.9017482246	-579177.9619392677
200001	2.1171015552	1.9017482246	-598871.8178527431
300001	2.0747981550	1.9017482246	-598826.2048497724
400001	0.1152299342	1.9017482246	-402796.5226929892
500001	2.1510585500	1.9017482246	-598903.7662504317
600001	0.7409611033	1.9017482246	-570439.0363893146
700001	0.9739708570	1.9017482246	-585317.8815793634
800001	2.2398943210	1.9017482246	-598971.0807773723
900001	2.0348489497	1.9017482246	-598776.3616989357
