site	rate	t	lnL
1	2.8368066681	1.9170076691	-599128.9499241832
100001	0.8704343921	1.9170076691	-580382.1474710681
200001	2.1516323246	1.9170076691	-598919.0575528090
300001	2.0473235760	1.9170076691	-598813.1206059573
400001	0.1157777837	1.9170076691	-403739.7001847154
500001	2.1914938788	1.9170076691	-598950.1200155151
600001	0.7543587167	1.9170076691	-572116.2933014618
700001	0.9752558063	1.9170076691	-585713.1657471649
800001	2.2071213074	1.9170076691	-598961.1256375570
900001	2.0018186627	1.9170076691	-598752.9635650979
