site	rate	t	lnL
1	2.7699391474	1.7886148350	-59910.1077171209
10001	3.2008327420	1.7886148350	-59913.6531040093
20001	3.1172327854	1.7886148350	-59913.3112046496
30001	2.6175060561	1.7886148350	-59906.9107442894
40001	2.6778260315	1.7886148350	-59908.3800375565
50001	3.3677380322	1.7886148350	-59914.0965362476
60001	2.7699399334	1.7886148350	-59910.1077171211
70001	3.4458593118	1.7886148350	-59914.2296328191
80001	2.8043559884	1.7886148350	-59910.6240418075
90001	2.7219879410	1.7886148350	-59909.2772009347
100001	0.8263087357	1.7886148350	-57348.3826558438
110001	0.7762441833	1.7886148350	-56945.6089600338
120001	0.7988708665	1.7886148350	-57134.6729089847
130001	0.7886476193	1.7886148350	-57050.7367150133
140001	0.7838443644	1.7886148350	-57010.4602667833
150001	0.8112900438	1.7886148350	-57233.4493165186
160001	0.7934925271	1.7886148350	-57090.8155225457
170001	0.7947104020	1.7886148350	-57100.8042426288
180001	0.7872023978	1.7886148350	-57038.6744940880
190001	0.7947103105	1.7886148350	-57100.8042426285
200001	2.1103213213	1.7886148350	-59870.3083169539
210001	2.2626779370	1.7886148350	-59888.2567062193
220001	2.1901309129	1.7886148350	-59880.8365692941
230001	2.1501780674	1.7886148350	-59875.9145587690
240001	2.3193431456	1.7886148350	-59892.9182062861
250001	2.1613049002	1.7886148350	-59877.3516922522
260001	2.1697977138	1.7886148350	-59878.4133990507
270001	2.1842451096	1.7886148350	-59880.1519975770
280001	2.1501784710	1.7886148350	-59875.9145587690
290001	2.1669526138	1.7886148350	-59878.0610383159
300001	2.0496227423	1.7886148350	-59860.2174422410
310001	2.1338932950	1.7886148350	-59873.7129972793
320001	1.9845380152	1.7886148350	-59846.9111241049
330001	2.0337444931	1.7886148350	-59857.2279255085
340001	2.0976429160	1.7886148350	-59868.3642196785
350001	2.0248700992	1.7886148350	-59855.4878793442
360001	2.1312242895	1.7886148350	-59873.3407455374
370001	2.1392696134	1.7886148350	-59874.4529445763
380001	2.0404946582	1.7886148350	-59858.5178311242
390001	2.0901729339	1.7886148350	-59867.1798549692
400001	0.1139026838	1.7886148350	-39751.8500373983
410001	0.1210184791	1.7886148350	-40189.0186345774
420001	0.1155645917	1.7886148350	-39855.0374534627
430001	0.1154199242	1.7886148350	-39846.0790786012
440001	0.1128214627	1.7886148350	-39684.3568157851
450001	0.1237287785	1.7886148350	-40352.4003565062
460001	0.1149859713	1.7886148350	-39819.1874833900
470001	0.1157093352	1.7886148350	-39863.9930872693
480001	0.1174492544	1.7886148350	-39971.2477661403
490001	0.1183211911	1.7886148350	-40024.7285075824
500001	2.2395852971	1.7886148350	-59886.0872541107
510001	2.2428264147	1.7886148350	-59886.4019728045
520001	2.2763141147	1.7886148350	-59889.4610520202
530001	2.2694544119	1.7886148350	-59888.8621053970
540001	2.1990754593	1.7886148350	-59881.8517307648
550001	2.2660559287	1.7886148350	-59888.5602112500
560001	2.2428264255	1.7886148350	-59886.4019728046
570001	2.3579165783	1.7886148350	-59895.6183371787
580001	2.1557139998	1.7886148350	-59876.6361936583
590001	2.4534967225	1.7886148350	-59900.9675138811
600001	0.6239612283	1.7886148350	-55307.4540172783
610001	0.6412944765	1.7886148350	-55531.0472251572
620001	0.6302848625	1.7886148350	-55390.2879634315
630001	0.6361297204	1.7886148350	-55465.5553170086
640001	0.6457597186	1.7886148350	-55586.9095163136
650001	0.6109976270	1.7886148350	-55132.9801540357
660001	0.6392598488	1.7886148350	-55505.3591998894
670001	0.6321047473	1.7886148350	-55413.8569731173
680001	0.6301031115	1.7886148350	-55387.9286676720
690001	0.6374163889	1.7886148350	-55481.9604619805
700001	0.9544955434	1.7886148350	-58154.2608633061
710001	0.9461218899	1.7886148350	-58110.0706210362
720001	0.9391331495	1.7886148350	-58072.3758541885
730001	0.9303626532	1.7886148350	-58024.0021355102
740001	0.9325426760	1.7886148350	-58036.1372286695
750001	0.9474018198	1.7886148350	-58116.8944409810
760001	0.9192853170	1.7886148350	-57961.1571880621
770001	0.9366132620	1.7886148350	-58058.6002002825
780001	0.9438887094	1.7886148350	-58098.1068572619
790001	0.9551448953	1.7886148350	-58157.6439581134
800001	2.2797772133	1.7886148350	-59889.7580999694
810001	2.2938427653	1.7886148350	-59890.9300695467
820001	2.2797767181	1.7886148350	-59889.7580999694
830001	2.3865943303	1.7886148350	-59897.4092448266
840001	2.2428264999	1.7886148350	-59886.4019728045
850001	2.3156283273	1.7886148350	-59892.6391042518
860001	2.3421666683	1.7886148350	-59894.5581819724
870001	2.2797768578	1.7886148350	-59889.7580999694
880001	2.2363622707	1.7886148350	-59885.7709423165
890001	2.2626789163	1.7886148350	-59888.2567062194
900001	2.0226733247	1.7886148350	-59855.0492773852
910001	2.1232934948	1.7886148350	-59872.2149016211
920001	2.0612466694	1.7886148350	-59862.3092292151
930001	1.9565782134	1.7886148350	-59840.2668745370
940001	1.9664041346	1.7886148350	-59842.6710832521
950001	2.0951415564	1.7886148350	-59867.9709198319
960001	1.9784283573	1.7886148350	-59845.5103360541
970001	2.1784214265	1.7886148350	-59879.4612074488
980001	1.9507643171	1.7886148350	-59838.8077861237
990001	2.0359855830	1.7886148350	-59857.6593378485
