site	rate	t	lnL
1	2.9559889095	1.8152326674	-599126.2608504078
100001	0.8115039449	1.8152326674	-573278.6406361579
200001	2.1830602970	1.8152326674	-598836.4348653945
300001	2.0968339992	1.8152326674	-598728.9204237695
400001	0.1164859156	1.8152326674	-400184.9409850847
500001	2.2449806663	1.8152326674	-598896.3947505482
600001	0.6562312216	1.8152326674	-558315.0208218286
700001	0.9457677904	1.8152326674	-581819.3380494294
800001	2.2202842650	1.8152326674	-598873.9834132756
900001	2.0277904677	1.8152326674	-598617.2720580336
