site	rate	t	lnL
1	2.2398588538	5.1514048832	-622732.3162752590
100001	1.0545921188	5.1514048832	-633459.0565559017
200001	2.0307160065	5.1514048832	-621058.8261211414
300001	2.1326187175	5.1514048832	-641426.3151921543
400001	0.0715801738	5.1514048832	-355391.0519508851
500001	2.2917004379	5.1514048832	-630248.2705768817
600001	1.2164268190	5.1514048832	-689766.5191316237
700001	0.6823338735	5.1514048832	-682110.6659177874
800001	1.8023060333	5.1514048832	-644464.2383786347
900001	2.2693927887	5.1514048832	-639156.9724328286
