site	rate	t	lnL
1	2.7910419135	1.9306731343	-599127.1487397113
100001	0.8780486659	1.9306731343	-581189.3979541673
200001	2.0612047319	1.9306731343	-598846.1906281824
300001	2.0431501593	1.9306731343	-598825.5396610652
400001	0.1157280768	1.9306731343	-404236.5265872853
500001	2.1738026462	1.9306731343	-598948.5237836958
600001	0.7837285013	1.9306731343	-574917.2203954613
700001	0.9766581554	1.9306731343	-586069.3286482861
800001	2.1745277937	1.9306731343	-598949.0565261537
900001	1.9643943851	1.9306731343	-598717.9868387998
