site	rate	t	lnL
1	1.9113972288	6.2977942080	-621060.8127950788
100001	0.7316922134	6.2977942080	-527544.3600649463
200001	1.2052247975	6.2977942080	-625941.6285641151
300001	1.3955979735	6.2977942080	-594991.7730161775
400001	0.0327815451	6.2977942080	-345019.4125313368
500001	1.4322316312	6.2977942080	-604921.2308612345
600001	1.0996858246	6.2977942080	-483130.4312002147
700001	1.0720293900	6.2977942080	-537793.0382557190
800001	1.4916358749	6.2977942080	-612443.0161775862
900001	1.5732167645	6.2977942080	-590184.6787419019
