site	rate	t	lnL
1	2.7716975924	1.9326924875	-599125.9002534030
100001	0.8735829511	1.9326924875	-580984.4906860630
200001	2.1053451068	1.9326924875	-598893.4177976755
300001	2.0260407086	1.9326924875	-598807.3428061592
400001	0.1151101921	1.9326924875	-403915.6629579708
500001	2.1933467174	1.9326924875	-598963.9593395682
600001	0.7858859180	1.9326924875	-575144.1682983229
700001	0.9733098345	1.9326924875	-585970.3175333441
800001	2.1910864410	1.9326924875	-598962.4161968364
900001	2.0189827010	1.9326924875	-598798.4191055190
