site	rate	t	lnL
1	2.3565760188	7.7701137941	-62042.4799035682
10001	1.9547788091	7.7701137941	-62244.2823139657
20001	1.9969961658	7.7701137941	-62216.8646811796
30001	3.3165982703	7.7701137941	-62203.2986868168
40001	1.7019413092	7.7701137941	-62254.9598393399
50001	2.5622894226	7.7701137941	-62011.6320236013
60001	2.3981883228	7.7701137941	-62012.5020498062
70001	1.9648936412	7.7701137941	-62171.1027358483
80001	2.2301112027	7.7701137941	-62239.1212084998
90001	1.8773969425	7.7701137941	-62057.3940616415
100001	0.6977601991	7.7701137941	-52803.8985565398
110001	0.6810422725	7.7701137941	-52619.2883966162
120001	0.6518467734	7.7701137941	-52614.1121626695
130001	0.7003601480	7.7701137941	-52686.4484504976
140001	0.6983327810	7.7701137941	-52685.9552400729
150001	0.6906602360	7.7701137941	-52759.7355498083
160001	0.6922755219	7.7701137941	-52759.2184763948
170001	0.6685714984	7.7701137941	-52603.6354331344
180001	0.6891715830	7.7701137941	-52635.9017171635
190001	0.6608469000	7.7701137941	-52684.9815785992
200001	1.1659604608	7.7701137941	-62659.6887042223
210001	1.2770106857	7.7701137941	-62674.5235219155
220001	1.2313849976	7.7701137941	-62612.2676741942
230001	1.2285954680	7.7701137941	-62624.2033539132
240001	1.2571107008	7.7701137941	-62607.0798763359
250001	1.1453942949	7.7701137941	-62602.0532701516
260001	1.2522391097	7.7701137941	-62528.6546378103
270001	1.1670043058	7.7701137941	-62690.2141203996
280001	1.2342666156	7.7701137941	-62665.9891455038
290001	1.2181208800	7.7701137941	-62743.1316607099
300001	1.3670994475	7.7701137941	-59654.4393843520
310001	1.3874387784	7.7701137941	-59441.0753722707
320001	1.5525232660	7.7701137941	-59531.0029523455
330001	1.5368228029	7.7701137941	-59313.5150841958
340001	1.5927456511	7.7701137941	-59377.1596829778
350001	1.5112251268	7.7701137941	-59561.4997078111
360001	1.4711301963	7.7701137941	-59597.8692775372
370001	1.5600391774	7.7701137941	-59641.9420862938
380001	1.4951718161	7.7701137941	-59480.4744679203
390001	1.4458982613	7.7701137941	-59606.7855222619
400001	0.0253535094	7.7701137941	-34874.4307498844
410001	0.0243802083	7.7701137941	-34599.0255151838
420001	0.0260867295	7.7701137941	-35028.5665387814
430001	0.0253971947	7.7701137941	-34897.7084262060
440001	0.0243748145	7.7701137941	-34686.1233149686
450001	0.0255646148	7.7701137941	-34941.0801146446
460001	0.0269069929	7.7701137941	-35347.0918873628
470001	0.0254921248	7.7701137941	-34849.0960136635
480001	0.0252519471	7.7701137941	-34833.6237125463
490001	0.0253079533	7.7701137941	-34809.7195260747
500001	1.3463595549	7.7701137941	-60498.6855252663
510001	1.4440751423	7.7701137941	-60331.4677506083
520001	1.4132733512	7.7701137941	-60441.3737786589
530001	1.5038580878	7.7701137941	-60468.6751824390
540001	1.3789363829	7.7701137941	-60480.9709536903
550001	1.4168342880	7.7701137941	-60474.7245886875
560001	1.3468631496	7.7701137941	-60430.7444569262
570001	1.4549323325	7.7701137941	-60509.2331117084
580001	1.4417188286	7.7701137941	-60492.5764551325
590001	1.4808335562	7.7701137941	-60553.9219888975
600001	1.0082976734	7.7701137941	-48240.0561495597
610001	1.0359671469	7.7701137941	-48179.1385108483
620001	1.0175087913	7.7701137941	-48322.6930141023
630001	1.0482985536	7.7701137941	-48283.2531318279
640001	1.0326315183	7.7701137941	-48134.1580741999
650001	0.9959515402	7.7701137941	-48136.1311658337
660001	0.9818061410	7.7701137941	-48183.9175454152
670001	0.9900831056	7.7701137941	-48282.6451137105
680001	1.0643530353	7.7701137941	-48226.8915255814
690001	1.0152643514	7.7701137941	-48332.5927053068
700001	0.9481099267	7.7701137941	-53771.2545786308
710001	0.9931648238	7.7701137941	-53842.1269660354
720001	1.0463542855	7.7701137941	-53857.7613740987
730001	0.9620023851	7.7701137941	-53890.6667401425
740001	0.9766819414	7.7701137941	-53866.9798257037
750001	0.9829314623	7.7701137941	-53642.2728922780
760001	0.9008005002	7.7701137941	-53648.6731496666
770001	0.9872603678	7.7701137941	-53902.6914679596
780001	1.0262333943	7.7701137941	-53830.8945288955
790001	0.9561697933	7.7701137941	-53806.5793160828
800001	1.7654597152	7.7701137941	-61385.3119765625
810001	1.6572571981	7.7701137941	-61193.1373251464
820001	1.6529190206	7.7701137941	-61270.3513943011
830001	2.2567371589	7.7701137941	-61276.7059213409
840001	1.9637761456	7.7701137941	-61354.3802614797
850001	1.7014306283	7.7701137941	-61301.6974976170
860001	1.9278407285	7.7701137941	-61248.6662615225
870001	2.0743037935	7.7701137941	-61182.6835139580
880001	1.8519650166	7.7701137941	-61382.8767726110
890001	1.5703752542	7.7701137941	-61159.0351246183
900001	1.9564473360	7.7701137941	-58950.3830307930
910001	1.6527397655	7.7701137941	-59120.3352579371
920001	1.8404425620	7.7701137941	-59100.9639117875
930001	1.8415928635	7.7701137941	-58974.6204108413
940001	1.6137651701	7.7701137941	-59061.4313042075
950001	1.6563876980	7.7701137941	-59036.5499209350
960001	1.4594537570	7.7701137941	-59095.4834325268
970001	1.4941017946	7.7701137941	-59122.9350078835
980001	1.6632718113	7.7701137941	-59050.7699326843
990001	1.7591748174	7.7701137941	-58908.8695633732
