site	rate	t	lnL
1	2.9060571892	1.7894147208	-599118.4611887048
100001	0.7971894455	1.7894147208	-571239.3021893963
200001	2.1592167865	1.7894147208	-598772.0908421491
300001	2.0678902282	1.7894147208	-598636.2879281744
400001	0.1160701839	1.7894147208	-398895.0162695399
500001	2.2017110351	1.7894147208	-598822.5385450990
600001	0.6374811797	1.7894147208	-554864.0958966013
700001	0.9404515644	1.7894147208	-580818.2547094005
800001	2.3098026060	1.7894147208	-598922.7381558003
900001	2.0429865131	1.7894147208	-598591.5790410850
