site	rate	t	lnL
1	1.9477594987	6.1410013958	-626507.8423355225
100001	0.8488487316	6.1410013958	-637211.9032338299
200001	1.6517850618	6.1410013958	-628921.5158964690
300001	1.7973440192	6.1410013958	-647170.8819821351
400001	0.0559897162	6.1410013958	-358527.3190140139
500001	1.9753656487	6.1410013958	-640749.8410157255
600001	1.1211663772	6.1410013958	-696563.6806203518
700001	0.8489422060	6.1410013958	-689341.1346169297
800001	1.8405848071	6.1410013958	-650232.9050018458
900001	1.8967498919	6.1410013958	-643960.4767986925
