site	rate	t	lnL
1	2.8548338518	2.8755854840	-624843.9563573297
100001	0.7318191674	2.8755854840	-609013.6690067765
200001	2.3021462887	2.8755854840	-625828.1658632730
300001	2.3410482473	2.8755854840	-642271.5526292331
400001	0.0985686412	2.8755854840	-351770.1786298992
500001	2.8071751604	2.8755854840	-634094.2147306848
600001	0.4455724075	2.8755854840	-648534.6538179314
700001	0.5737144844	2.8755854840	-681582.2301501861
800001	2.3040755220	2.8755854840	-648872.6735086819
900001	2.4319793927	2.8755854840	-642732.9021964446
