site	rate	t	lnL
1	7.5958615424	25.8187969767	-5.9914645471
100001	2.1226001909	42.8135321900	-11.9829290942
200001	2.6964498056	12.6866213163	-11.9829290942
300001	9.3554903788	169.9461331099	-11.9829290942
400001	0.7896622143	0.9462455995	-10.3221978874
500001	0.8569761972	0.8719196629	-10.3221978874
600001	20.5868643950	68.6263302464	-11.9829290942
700001	14.3407764820	22.9209416048	-11.9829290942
800001	2.2838029799	28.2692193503	-11.9829290942
900001	13.4192770077	38.7589821876	-11.9829290942
