site	rate	t	lnL
1	2.7847881084	1.9325325803	-599126.8844146980
100001	0.8732428322	1.9325325803	-580960.5310843420
200001	2.0995003754	1.9325325803	-598887.7170642965
300001	2.0528510899	1.9325325803	-598839.0503001631
400001	0.1172743340	1.9325325803	-405302.1199965316
500001	2.1549655138	1.9325325803	-598935.8133338591
600001	0.7801377738	1.9325325803	-574699.0249218326
700001	0.9773361975	1.9325325803	-586137.7166541588
800001	2.1677428816	1.9325325803	-598945.5818197242
900001	1.9887789866	1.9325325803	-598757.3319314409
