site	rate	t	lnL
1	2.8504532287	1.9379710340	-599131.6833715285
100001	0.8811739803	1.9379710340	-581556.1437895722
200001	2.1105284563	1.9379710340	-598903.4733377398
300001	2.0159092147	1.9379710340	-598801.5199757724
400001	0.1155436146	1.9379710340	-404399.0239224004
500001	2.2467867129	1.9379710340	-599000.3309282885
600001	0.7843410726	1.9379710340	-575189.4676888370
700001	0.9730519103	1.9379710340	-586072.3708652798
800001	2.1717918118	1.9379710340	-598953.0308805149
900001	2.0102666673	1.9379710340	-598794.2650500748
