site	rate	t	lnL
1	2.6874734492	1.9314207539	-599117.9328173174
100001	0.8731860873	1.9314207539	-580927.9965451305
200001	2.1235816548	1.9314207539	-598908.7208890407
300001	2.0426408198	1.9314207539	-598825.8723339059
400001	0.1158945783	1.9314207539	-404372.6790352323
500001	2.1693504298	1.9314207539	-598945.8501013145
600001	0.7853591506	1.9314207539	-575064.8219775454
700001	0.9768908612	1.9314207539	-586095.1793414453
800001	2.1382793846	1.9314207539	-598921.3258164930
900001	1.9963239632	1.9314207539	-598766.3619365835
