site	rate	t	lnL
1	2.9580280148	1.9310939613	-599136.2757597276
100001	0.8805967258	1.9310939613	-581345.9333387859
200001	2.0830993436	1.9310939613	-598869.9554144830
300001	2.0094421391	1.9310939613	-598783.7823243514
400001	0.1172454585	1.9310939613	-405227.6962438091
500001	2.1399989545	1.9310939613	-598922.4560158489
600001	0.7768439485	1.9310939613	-574398.1237690172
700001	0.9745089101	1.9310939613	-585987.0922141211
800001	2.1562203106	1.9310939613	-598935.5389273819
900001	1.9987271212	1.9310939613	-598769.2313035841
