site	rate	t	lnL
1	2.1593035600	4.1275564348	-625279.5982429314
100001	0.9347491109	4.1275564348	-627878.4726759340
200001	2.0064716314	4.1275564348	-626979.6173354296
300001	2.0046140287	4.1275564348	-642704.4388505158
400001	0.0821793561	4.1275564348	-363577.7581579339
500001	2.3715273084	4.1275564348	-634416.2557025307
600001	0.9929175209	4.1275564348	-694957.9378390623
700001	0.5850847823	4.1275564348	-696785.5181365599
800001	1.8215507113	4.1275564348	-648822.3785478080
900001	1.9933208532	4.1275564348	-642839.1748348509
