site	rate	t	lnL
1	1.7172742529	1.6918273629	-607540.0208052440
100001	0.5175001088	1.6918273629	-467350.3305937974
200001	1.4152305728	1.6918273629	-600282.4780717862
300001	1.5662695927	1.6918273629	-575637.6939128576
400001	0.0777375302	1.6918273629	-304247.5069345827
500001	1.6972329671	1.6918273629	-584463.7902092625
600001	0.4029475931	1.6918273629	-405561.3162604755
700001	0.7331789534	1.6918273629	-501269.6988997534
800001	1.3920935468	1.6918273629	-589636.1415067798
900001	1.5389958152	1.6918273629	-571372.2075249803
