site	rate	t	lnL
1	2.0974381094	2.0059627073	-621061.8661390669
100001	0.7310686046	2.0059627073	-509909.2875096797
200001	1.7376054003	2.0059627073	-625615.6719517102
300001	1.9437194891	2.0059627073	-594985.1525793724
400001	0.1104983208	2.0059627073	-320367.5247544415
500001	1.8932893719	2.0059627073	-605353.7087018891
600001	0.5887939347	2.0059627073	-456285.4081991448
700001	0.9643439747	2.0059627073	-530773.7396560997
800001	1.8937020853	2.0059627073	-612048.6407043873
900001	2.0024732994	2.0059627073	-590029.6541426032
