site	rate	t	lnL
1	2.7271681158	1.9321399931	-599122.0254299819
100001	0.8773821897	1.9321399931	-581189.3979541713
200001	2.1188546240	1.9321399931	-598905.2283763352
300001	2.0198297912	1.9321399931	-598798.7642680269
400001	0.1144902598	1.9321399931	-403493.1769615984
500001	2.2565426710	1.9321399931	-599001.9467281532
600001	0.7795341143	1.9321399931	-574640.0894153438
700001	0.9694583404	1.9321399931	-585792.9519254714
800001	2.2348352271	1.9321399931	-598989.7434744926
900001	2.0310125605	1.9321399931	-598812.7819837475
