site	rate	t	lnL
1	1.7214121815	0.8732816216	-574523.9739848578
100001	0.6519840728	0.8732816216	-488777.2058200538
200001	1.5383772295	0.8732816216	-567209.7343309828
300001	1.4899883769	0.8732816216	-564949.3295764813
400001	0.1454379725	0.8732816216	-368274.6873152491
500001	1.5533485609	0.8732816216	-567879.3034800786
600001	0.4410750381	0.8732816216	-450388.7434351597
700001	0.8125398748	0.8732816216	-510968.1993328379
800001	1.5367154951	0.8732816216	-567134.5670006272
900001	1.4472671537	0.8732816216	-562825.3915673539
