site	rate	t	lnL
1	2.5862632363	0.5701773785	-621539.2859252663
100001	0.6427574100	0.5701773785	-570320.4047279011
200001	1.9646979043	0.5701773785	-618355.7950666982
300001	1.8325053843	0.5701773785	-633643.4556100500
400001	0.1286293463	0.5701773785	-337060.4307198632
500001	2.3059924142	0.5701773785	-628641.3006892679
600001	0.3827461592	0.5701773785	-581118.4392482080
700001	0.6111619551	0.5701773785	-643984.1382572912
800001	1.8244363709	0.5701773785	-641880.1203963825
900001	1.8669628612	0.5701773785	-635537.3358259341
