site	rate	t	lnL
1	1.9596185794	2.1968550531	-620791.8951294024
100001	0.8063373875	2.1968550531	-518421.1324405570
200001	1.6802070464	2.1968550531	-625439.0134988768
300001	1.8712649563	2.1968550531	-595449.6919385417
400001	0.1068646003	2.1968550531	-323424.7595687014
500001	1.8575405271	2.1968550531	-605735.5670826359
600001	0.7142260741	2.1968550531	-469856.1524024654
700001	1.0127603193	2.1968550531	-533810.2566503360
800001	1.8086367251	2.1968550531	-612174.7592742499
900001	1.9588495519	2.1968550531	-590406.3906121405
