site	rate	t	lnL
1	1.7835164673	2.8398515466	-618517.6506692409
100001	0.4947811048	2.8398515466	-496058.6039129184
200001	1.2789544313	2.8398515466	-616825.4604019109
300001	1.5682732026	2.8398515466	-589062.0787745181
400001	0.0563590643	2.8398515466	-315257.8808401001
500001	1.5748857417	2.8398515466	-598847.8503444858
600001	0.4288433188	2.8398515466	-435917.5706763543
700001	0.8685232316	2.8398515466	-522573.0141970833
800001	1.3216010081	2.8398515466	-605254.6953812066
900001	1.5256968832	2.8398515466	-583867.3688976315
