site	rate	t	lnL
1	2.3552992974	5.0798177373	-621349.5084872483
100001	0.4642154812	5.0798177373	-515443.7655767312
200001	1.3533738018	5.0798177373	-624052.9880912940
300001	1.7150328327	5.0798177373	-594743.0317426411
400001	0.0317093620	5.0798177373	-335885.0436034655
500001	1.6549000316	5.0798177373	-604067.3080889381
600001	0.6376586159	5.0798177373	-466622.7203490590
700001	0.8193775730	5.0798177373	-534419.2539364597
800001	1.8276795460	5.0798177373	-612390.4039633180
900001	1.7783452453	5.0798177373	-589821.5739117339
