site	rate	t	lnL
1	2.8518488820	1.9379490462	-599131.7603353095
100001	0.8744859960	1.9379490462	-581174.0585714383
200001	2.0739142614	1.9379490462	-598868.0872180364
300001	2.0186401810	1.9379490462	-598804.9506177920
400001	0.1164766915	1.9379490462	-404999.9316438045
500001	2.1440714699	1.9379490462	-598931.9566290625
600001	0.7933186733	1.9379490462	-575861.5995123761
700001	0.9760430788	1.9379490462	-586198.3971512106
800001	2.1707213682	1.9379490462	-598952.2390066000
900001	2.0162023967	1.9379490462	-598801.8637398886
