site	rate	t	lnL
1	2.8329332085	1.9380515002	-599130.6649755447
100001	0.8809574906	1.9380515002	-581545.9927692818
200001	2.1405066849	1.9380515002	-598929.1820628612
300001	2.0204386182	1.9380515002	-598807.3428061603
400001	0.1153010590	1.9380515002	-404245.3124980279
500001	2.2223430051	1.9380515002	-598986.3791739688
600001	0.7883474531	1.9380515002	-575494.4501966290
700001	0.9743378052	1.9380515002	-586128.6057397288
800001	2.1687869696	1.9380515002	-598950.9158856621
900001	1.9656657548	1.9380515002	-598731.5405100824
