site	rate	t	lnL
1	1.9271247041	1.1578862878	-591876.6933772556
100001	0.6575610134	1.1578862878	-517965.7102494445
200001	1.6767883505	1.1578862878	-587242.0795275040
300001	1.6146431061	1.1578862878	-585713.1657471652
400001	0.1301302604	1.1578862878	-377881.4351927951
500001	1.7095898509	1.1578862878	-587980.4054826302
600001	0.4618716143	1.1578862878	-482465.6972871250
700001	0.8321848850	1.1578862878	-540347.5258167490
800001	1.6843611787	1.1578862878	-587416.5740077756
900001	1.5740457532	1.1578862878	-584614.6859809408
