site	rate	t	lnL
1	2.0931200313	2.0004877212	-621015.8282816682
100001	0.7397239733	2.0004877212	-511364.0946292836
200001	1.7482087507	2.0004877212	-625640.2228923563
300001	1.8953429004	2.0004877212	-594804.2970875066
400001	0.1087829922	2.0004877212	-318707.0928340626
500001	1.9032071651	2.0004877212	-605284.2209598285
600001	0.5881399618	2.0004877212	-456612.5087386279
700001	0.9631991144	2.0004877212	-530998.7795543567
800001	1.8937555983	2.0004877212	-612008.5716500138
900001	1.9245372654	2.0004877212	-590440.7651038099
