site	rate	t	lnL
1	2.4418712647	5.8130761293	-621261.2029982330
100001	0.4934717420	5.8130761293	-519861.0232975701
200001	1.3245871092	5.8130761293	-625286.0924216073
300001	1.6813456282	5.8130761293	-594702.9593047490
400001	0.0294326960	5.8130761293	-339994.0666760353
500001	1.6064833097	5.8130761293	-604301.6062600930
600001	0.6893773339	5.8130761293	-471825.9281248167
700001	0.8828706845	5.8130761293	-536722.8503832603
800001	1.7984829922	5.8130761293	-612297.1053588354
900001	1.8282195501	5.8130761293	-590297.1028951135
