site	rate	t	lnL
1	2.4287730400	18.9909931338	-5.9914645471
100001	3.6387142391	12.1860277351	-11.9829290942
200001	0.8355600163	0.8942677869	-10.3221978874
300001	2.8312121218	10.9518367903	-11.9829290942
400001	5.7453366374	2523.2789522582	-11.9829290941
500001	0.8510864583	0.8779535363	-10.3221978874
600001	13.7564822493	26.8811442430	-11.9829290942
700001	35.9880935396	22.3876883380	-11.9829290942
800001	0.8114502562	0.9208381778	-10.3221978874
900001	9.8972125649	298.0149489655	-11.9829290942
