site	rate	t	lnL
1	3.1057845274	1.8136114187	-59913.4539028134
10001	3.1747989250	1.8136114187	-59913.7155314126
20001	2.8931357989	1.8136114187	-59912.0930617904
30001	2.5877274953	1.8136114187	-59907.0812655223
40001	2.7745266390	1.8136114187	-59910.7484253959
50001	2.6271320169	1.8136114187	-59908.0662851131
60001	2.8822167329	1.8136114187	-59911.9915131011
70001	2.9272525612	1.8136114187	-59912.3861506260
80001	2.7657040131	1.8136114187	-59910.6240418074
90001	2.7076097182	1.8136114187	-59909.7008310016
100001	0.8218331950	1.8136114187	-57400.3871058754
110001	0.7998607901	1.8136114187	-57231.4860964153
120001	0.8259711569	1.8136114187	-57431.0276714814
130001	0.8154291487	1.8136114187	-57352.2476500658
140001	0.8093503323	1.8136114187	-57305.7329437740
150001	0.8128881102	1.8136114187	-57332.9022357781
160001	0.8096023050	1.8136114187	-57307.6769177144
170001	0.8048348616	1.8136114187	-57270.6545464326
180001	0.7883450336	1.8136114187	-57138.6479939328
190001	0.8093503323	1.8136114187	-57305.7329437740
200001	2.2728654440	1.8136114187	-59891.7919491468
210001	2.0469166114	1.8136114187	-59864.7710746981
220001	2.1570344673	1.8136114187	-59880.4950617792
230001	2.0863175790	1.8136114187	-59871.0754658499
240001	2.0736987760	1.8136114187	-59869.1463447084
250001	2.1899187999	1.8136114187	-59884.1655633717
260001	2.1599443624	1.8136114187	-59880.8365692939
270001	2.2517904694	1.8136114187	-59890.0535279809
280001	2.0687315744	1.8136114187	-59868.3642196786
290001	2.1747280506	1.8136114187	-59882.5206831270
300001	2.0736994205	1.8136114187	-59869.1463447085
310001	2.1512612406	1.8136114187	-59879.8073787736
320001	2.1687668970	1.8136114187	-59881.8517307648
330001	2.0966237611	1.8136114187	-59872.5916957419
340001	2.0914463669	1.8136114187	-59871.8365972982
350001	2.1097839731	1.8136114187	-59874.4529445759
360001	2.0992308158	1.8136114187	-59872.9669777021
370001	2.0966233882	1.8136114187	-59872.5916957419
380001	2.2348236107	1.8136114187	-59888.5602112497
390001	2.1992379594	1.8136114187	-59885.1335481931
400001	0.1145430270	1.8136114187	-39890.8435665398
410001	0.1188462713	1.8136114187	-40158.0068199920
420001	0.1157588731	1.8136114187	-39966.7866408694
430001	0.1162602929	1.8136114187	-39998.0003003868
440001	0.1126886647	1.8136114187	-39774.3131092981
450001	0.1161886379	1.8136114187	-39993.5432357597
460001	0.1187022806	1.8136114187	-40149.1403165196
470001	0.1121904989	1.8136114187	-39742.8599645113
480001	0.1131160417	1.8136114187	-39801.2460033292
490001	0.1089985558	1.8136114187	-39539.8457291618
500001	2.1777331171	1.8136114187	-59882.8528063730
510001	2.2947772145	1.8136114187	-59893.4714717531
520001	2.2587261783	1.8136114187	-59890.6395150609
530001	2.3835131493	1.8136114187	-59899.1175106029
540001	2.1315161597	1.8136114187	-59877.3516922521
550001	2.1961130482	1.8136114187	-59884.8124702308
560001	2.3537001635	1.8136114187	-59897.4092448265
570001	2.1687665414	1.8136114187	-59881.8517307645
580001	2.2281807182	1.8136114187	-59887.9515925513
590001	2.5569195782	1.8136114187	-59906.2106187860
600001	0.6444649035	1.8136114187	-55681.7542254383
610001	0.6531246107	1.8136114187	-55787.2798891736
620001	0.6740070712	1.8136114187	-56031.3218562586
630001	0.6775656983	1.8136114187	-56071.4847815440
640001	0.6482132851	1.8136114187	-55727.7503250240
650001	0.6665689630	1.8136114187	-55946.0525683477
660001	0.6736130934	1.8136114187	-56026.8502530769
670001	0.6563596706	1.8136114187	-55826.0403943126
680001	0.6508524457	1.8136114187	-55759.8420401415
690001	0.6482133771	1.8136114187	-55727.7503250240
700001	0.9246347825	1.8136114187	-58063.7703376349
710001	0.9585670944	1.8136114187	-58243.1264654437
720001	0.9572479784	1.8136114187	-58236.4769446385
730001	0.9410200328	1.8136114187	-58152.5684481693
740001	0.9736285502	1.8136114187	-58317.2817167614
750001	0.9416599621	1.8136114187	-58155.9527000160
760001	0.9426214373	1.8136114187	-58161.0247377250
770001	0.9138742689	1.8136114187	-58003.1347611859
780001	0.9678902705	1.8136114187	-58289.4087358026
790001	0.9215387938	1.8136114187	-58046.5166639390
800001	2.1899183911	1.8136114187	-59884.1655633718
810001	2.2023798210	1.8136114187	-59885.4530396152
820001	2.2985157657	1.8136114187	-59893.7456304610
830001	2.1868464284	1.8136114187	-59883.8397388030
840001	2.2216153596	1.8136114187	-59887.3365482553
850001	2.1370859319	1.8136114187	-59878.0610383160
860001	2.3620544945	1.8136114187	-59897.9057909317
870001	2.2119147785	1.8136114187	-59886.4019728046
880001	2.2483536085	1.8136114187	-59889.7580999695
890001	2.3022795422	1.8136114187	-59894.0181366553
900001	1.9715087054	1.8136114187	-59850.1304801832
910001	2.1930075162	1.8136114187	-59884.4898079010
920001	2.0787113385	1.8136114187	-59869.9224908001
930001	1.9947949575	1.8136114187	-59855.0492773850
940001	2.1599444254	1.8136114187	-59880.8365692939
950001	2.0469156112	1.8136114187	-59864.7710746983
960001	2.0613634265	1.8136114187	-59867.1798549691
970001	2.0914462824	1.8136114187	-59871.8365972981
980001	2.1178334224	1.8136114187	-59875.5514452612
990001	1.9883468730	1.8136114187	-59853.7248824432
