site	rate	t	lnL
1	1.5570034389	0.4917749168	-518522.5319538039
100001	0.6554306706	0.4917749168	-434135.8404367775
200001	1.4162986583	0.4917749168	-509107.3170196930
300001	1.3727834557	0.4917749168	-505975.2214404473
400001	0.1667391470	0.4917749168	-348180.3425781914
500001	1.4146241458	0.4917749168	-508988.7987799101
600001	0.4337033325	0.4917749168	-400812.2325434162
700001	0.8103618035	0.4917749168	-453602.2459538153
800001	1.3949771839	0.4917749168	-507586.2888182156
900001	1.3467574137	0.4917749168	-504049.0507239326
