site	rate	t	lnL
1	2.9056463779	1.8913123720	-59913.0823810068
10001	2.7742769253	1.8913123720	-59912.0930617904
20001	3.1200298733	1.8913123720	-59913.9452814999
30001	2.5669911148	1.8913123720	-59909.1322842960
40001	2.6778773170	1.8913123720	-59910.9915334673
50001	2.6520804127	1.8913123720	-59910.6240418075
60001	2.8922597602	1.8913123720	-59913.0021799002
70001	2.9056481165	1.8913123720	-59913.0823810067
80001	2.6195341034	1.8913123720	-59910.1077171210
90001	2.8069923391	1.8913123720	-59912.3861506261
100001	0.8557156701	1.8913123720	-57876.2388190565
110001	0.8448764413	1.8913123720	-57806.3071502408
120001	0.8531944345	1.8913123720	-57860.1747766058
130001	0.8372297115	1.8913123720	-57755.5881954032
140001	0.8786702449	1.8913123720	-58017.0553666091
150001	0.8602275718	1.8913123720	-57904.6868572417
160001	0.8465297354	1.8913123720	-57817.1200374217
170001	0.8470818779	1.8913123720	-57820.7199686773
180001	0.8551543608	1.8913123720	-57872.6728842479
190001	0.8599443695	1.8913123720	-57902.9129991689
200001	2.0882646784	1.8913123720	-59882.8528063730
210001	2.1559866437	1.8913123720	-59889.7580999695
220001	2.1794889992	1.8913123720	-59891.7919491468
230001	2.2452099062	1.8913123720	-59896.6517828202
240001	2.1494581938	1.8913123720	-59889.1623864071
250001	2.1334831660	1.8913123720	-59887.6448724855
260001	2.0970043002	1.8913123720	-59883.8397388029
270001	2.1494594401	1.8913123720	-59889.1623864071
280001	2.1494579112	1.8913123720	-59889.1623864069
290001	2.1241247368	1.8913123720	-59886.7150961986
300001	2.0412966849	1.8913123720	-59876.9947110046
310001	2.0386596246	1.8913123720	-59876.6361936583
320001	2.1058905005	1.8913123720	-59884.8124702308
330001	2.0853830514	1.8913123720	-59882.5206831270
340001	2.1210418520	1.8913123720	-59886.4019728043
350001	2.0740123144	1.8913123720	-59881.1765180296
360001	2.0656423553	1.8913123720	-59880.1519975773
370001	2.1625950320	1.8913123720	-59890.3473337740
380001	2.1058907404	1.8913123720	-59884.8124702308
390001	2.0796670138	1.8913123720	-59881.8517307647
400001	0.1164551022	1.8913123720	-40317.1508487555
410001	0.1154848376	1.8913123720	-40255.3631639719
420001	0.1172882066	1.8913123720	-40370.0094186469
430001	0.1179138818	1.8913123720	-40409.5916684894
440001	0.1127912647	1.8913123720	-40082.5564664174
450001	0.1170798114	1.8913123720	-40356.8036015770
460001	0.1123092579	1.8913123720	-40051.4324505138
470001	0.1168020721	1.8913123720	-40339.1866994301
480001	0.1162470461	1.8913123720	-40303.9214732470
490001	0.1147237215	1.8913123720	-40206.7250679793
500001	2.2005006938	1.8913123720	-59893.4714717533
510001	2.2113292387	1.8913123720	-59894.2889879552
520001	2.2731488294	1.8913123720	-59898.3955709423
530001	2.2113287475	1.8913123720	-59894.2889879553
540001	2.0882645499	1.8913123720	-59882.8528063729
550001	2.3247736523	1.8913123720	-59901.1910302892
560001	2.0740115541	1.8913123720	-59881.1765180294
570001	2.1898903389	1.8913123720	-59892.6391042518
580001	2.1829328124	1.8913123720	-59892.0759733414
590001	2.4576505671	1.8913123720	-59906.3883505151
600001	0.7412820764	1.8913123720	-57010.4602667834
610001	0.7226189432	1.8913123720	-56839.1597472216
620001	0.7426406918	1.8913123720	-57022.5639029692
630001	0.7320903412	1.8913123720	-56927.2792226769
640001	0.7336484260	1.8913123720	-56941.5391032514
650001	0.7442302008	1.8913123720	-57036.6623962012
660001	0.7376760222	1.8913123720	-56978.0973751114
670001	0.7309802947	1.8913123720	-56917.0789584913
680001	0.7111735613	1.8913123720	-56729.3180911876
690001	0.7090416067	1.8913123720	-56708.4421044175
700001	0.9738395321	1.8913123720	-58507.4986949687
710001	0.9884333981	1.8913123720	-58571.0093625391
720001	0.9812640985	1.8913123720	-58540.1605286500
730001	0.9920552569	1.8913123720	-58586.3388960297
740001	0.9734885162	1.8913123720	-58505.9364928000
750001	0.9572504764	1.8913123720	-58431.8138072626
760001	0.9713875882	1.8913123720	-58496.5501972379
770001	0.9471405179	1.8913123720	-58383.7922947804
780001	0.9494822185	1.8913123720	-58395.0463257991
790001	0.9378758017	1.8913123720	-58338.4798752175
800001	2.2076955778	1.8913123720	-59894.0181366553
810001	2.2650145569	1.8913123720	-59897.9057909319
820001	2.2530411331	1.8913123720	-59897.1584407239
830001	2.3113868652	1.8913123720	-59900.5153095361
840001	2.1494578695	1.8913123720	-59889.1623864069
850001	2.0999496876	1.8913123720	-59884.1655633717
860001	2.2491116661	1.8913123720	-59896.9059525645
870001	2.1726665374	1.8913123720	-59891.2189949301
880001	2.1794888459	1.8913123720	-59891.7919491468
890001	2.3921581845	1.8913123720	-59904.1376874063
900001	1.9170058854	1.8913123720	-59855.9250468879
910001	1.9560288759	1.8913123720	-59863.5467601215
920001	2.0006051099	1.8913123720	-59871.0754658502
930001	1.9720177185	1.8913123720	-59866.3828491443
940001	2.1527116781	1.8913123720	-59889.4610520202
950001	2.0546831849	1.8913123720	-59878.7642155224
960001	2.1527118620	1.8913123720	-59889.4610520202
970001	1.9697034576	1.8913123720	-59865.9821230750
980001	2.0030581127	1.8913123720	-59871.4567847253
990001	1.9673998758	1.8913123720	-59865.5799174003
