site	rate	t	lnL
1	2.8082557143	1.8904612429	-599123.8615062605
100001	0.8464416911	1.8904612429	-578140.5837937872
200001	2.1559725714	1.8904612429	-598896.6915557453
300001	2.0880498893	1.8904612429	-598827.2014553037
400001	0.1169935763	1.8904612429	-403479.9645796914
500001	2.1958038376	1.8904612429	-598930.2938651576
600001	0.7294709600	1.8904612429	-569001.1963120870
700001	0.9668142738	1.8904612429	-584739.3182685124
800001	2.1702642885	1.8904612429	-598909.3006954677
900001	2.0569661342	1.8904612429	-598789.3904401762
