site	rate	t	lnL
1	2.5533286218	1.6154187564	-598919.0575528091
100001	0.7354318413	1.6154187564	-558105.5165358251
200001	2.0335033527	1.6154187564	-598038.2402730960
300001	1.9559104763	1.6154187564	-597750.7085910775
400001	0.1182008580	1.6154187564	-393002.6999615463
500001	2.0804912130	1.6154187564	-598183.5033175821
600001	0.5489019649	1.6154187564	-532673.2248302909
700001	0.8964671137	1.6154187564	-572206.7937639824
800001	2.0933917987	1.6154187564	-598220.0395890914
900001	1.9153543862	1.6154187564	-597572.9391904641
