site	rate	t	lnL
1	2.3700200362	1.5118431234	-59851.0375974583
10001	2.3801180583	1.5118431234	-59852.8348122723
20001	2.3382251790	1.5118431234	-59845.0406103551
30001	2.4194235570	1.5118431234	-59859.3705373491
40001	2.4007900840	1.5118431234	-59856.3607782670
50001	2.3033425825	1.5118431234	-59837.8281858502
60001	2.3877947086	1.5118431234	-59854.1677771967
70001	2.2224229316	1.5118431234	-59818.1877392546
80001	2.3382253642	1.5118431234	-59845.0406103551
90001	2.3124669226	1.5118431234	-59839.7818887903
100001	0.7066462168	1.5118431234	-54941.5863573410
110001	0.7238916435	1.5118431234	-55145.0036902232
120001	0.7101003322	1.5118431234	-54982.9976567710
130001	0.6983894954	1.5118431234	-54841.2059135403
140001	0.6999924906	1.5118431234	-54860.8484340626
150001	0.7295316561	1.5118431234	-55209.7448842096
160001	0.7255578652	1.5118431234	-55164.2189872923
170001	0.7278556656	1.5118431234	-55190.5950430692
180001	0.7111196640	1.5118431234	-54995.1539865281
190001	0.6932063421	1.5118431234	-54777.1803242370
200001	1.9569080472	1.5118431234	-59713.3065038809
210001	1.9396923934	1.5118431234	-59703.6000309891
220001	1.9555675378	1.5118431234	-59712.5665326991
230001	1.9003616588	1.5118431234	-59679.7039784604
240001	1.9090404968	1.5118431234	-59685.1912279402
250001	1.9555681305	1.5118431234	-59712.5665326993
260001	1.9449418491	1.5118431234	-59706.6066322419
270001	1.9040675792	1.5118431234	-59682.0621305692
280001	1.9857007986	1.5118431234	-59728.5860639816
290001	1.8785540008	1.5118431234	-59665.3525818018
300001	1.8291952923	1.5118431234	-59629.6883710853
310001	1.8171389858	1.5118431234	-59620.2584680940
320001	1.8773628977	1.5118431234	-59664.5451670893
330001	1.8585974588	1.5118431234	-59651.4831347742
340001	1.8797468754	1.5118431234	-59666.1589368522
350001	1.8551376869	1.5118431234	-59649.0041189262
360001	1.8021053081	1.5118431234	-59608.0794273276
370001	1.8426033952	1.5118431234	-59639.8343128980
380001	1.9140516281	1.5118431234	-59688.3030075682
390001	1.9090406980	1.5118431234	-59685.1912279403
400001	0.1272010442	1.5118431234	-39349.0738514569
410001	0.1214037030	1.5118431234	-39032.8869760925
420001	0.1254312854	1.5118431234	-39253.2121407117
430001	0.1185656000	1.5118431234	-38875.7847918743
440001	0.1191489205	1.5118431234	-38908.2006630566
450001	0.1170679775	1.5118431234	-38792.2583853193
460001	0.1180659943	1.5118431234	-38847.9701281829
470001	0.1199831349	1.5118431234	-38954.4447269622
480001	0.1210691779	1.5118431234	-39014.4494599141
490001	0.1216546915	1.5118431234	-39046.7072715946
500001	1.9773462367	1.5118431234	-59724.2713373370
510001	1.9690946857	1.5118431234	-59719.9158103989
520001	1.9489065606	1.5118431234	-59708.8499406338
530001	2.0012980672	1.5118431234	-59736.3896814968
540001	2.0143392150	1.5118431234	-59742.6709126604
550001	1.9829039934	1.5118431234	-59727.1523689376
560001	1.9410009281	1.5118431234	-59704.3533415783
570001	1.9595974944	1.5118431234	-59714.7830910184
580001	1.9636508249	1.5118431234	-59716.9895685869
590001	1.9040673898	1.5118431234	-59682.0621305691
600001	0.5128741643	1.5118431234	-51975.9189837651
610001	0.5163606356	1.5118431234	-52042.3849659499
620001	0.5104595873	1.5118431234	-51929.5568974539
630001	0.5198656047	1.5118431234	-52108.6391618270
640001	0.5275497555	1.5118431234	-52251.9390682881
650001	0.5184918881	1.5118431234	-52082.7388328806
660001	0.5113639283	1.5118431234	-51946.9546863255
670001	0.5189494652	1.5118431234	-52091.3758798356
680001	0.5250811086	1.5118431234	-52206.1920713149
690001	0.5252351849	1.5118431234	-52209.0542639625
700001	0.8761852562	1.5118431234	-56622.3522529693
710001	0.8730505527	1.5118431234	-56597.0042608298
720001	0.8652778742	1.5118431234	-56533.3367447811
730001	0.8606576832	1.5118431234	-56494.9329576482
740001	0.8647629312	1.5118431234	-56529.0771715059
750001	0.8915499646	1.5118431234	-56743.9028176607
760001	0.8934286877	1.5118431234	-56758.4640665379
770001	0.8819713603	1.5118431234	-56668.6462372215
780001	0.8678585533	1.5118431234	-56554.6063852321
790001	0.8851488468	1.5118431234	-56693.8004933552
800001	2.0427444321	1.5118431234	-59755.6214974464
810001	2.0085115081	1.5118431234	-59739.8908167556
820001	1.9306045562	1.5118431234	-59698.2959651207
830001	1.9885096557	1.5118431234	-59730.0152007305
840001	1.9871044940	1.5118431234	-59729.3012026665
850001	1.9542311616	1.5118431234	-59711.8254444446
860001	1.9595967561	1.5118431234	-59714.7830910183
870001	1.9436254779	1.5118431234	-59705.8566431845
880001	2.0128774729	1.5118431234	-59741.9776273751
890001	1.9475826251	1.5118431234	-59708.1032819523
900001	1.8160536491	1.5118431234	-59619.3951029756
910001	1.8149699747	1.5118431234	-59618.5307244703
920001	1.8471344881	1.5118431234	-59643.1833085287
930001	1.8149700662	1.5118431234	-59618.5307244703
940001	1.7936657404	1.5118431234	-59601.0315618018
950001	1.8225924183	1.5118431234	-59624.5600648401
960001	1.8403497623	1.5118431234	-59638.1536137717
970001	1.7822343656	1.5118431234	-59591.2366471797
980001	1.8392261519	1.5118431234	-59637.3117168029
990001	1.7730261809	1.5118431234	-59583.1336104276
