site	rate	t	lnL
1	2.7313884633	1.9166426985	-599120.3236324636
100001	0.8703962382	1.9166426985	-580370.0296042531
200001	2.1616405350	1.9166426985	-598926.9505617880
300001	2.0235301046	1.9166426985	-598782.3741158793
400001	0.1173036514	1.9166426985	-404701.8225354924
500001	2.1731850002	1.9166426985	-598936.0875752278
600001	0.7550391585	1.9166426985	-572161.5568450050
700001	0.9668221515	1.9166426985	-585336.5026677628
800001	2.2098137433	1.9166426985	-598962.6738062316
900001	2.0441108047	1.9166426985	-598808.7063434710
