site	rate	t	lnL
1	2.8674530913	2.1713449574	-624444.4248761187
100001	0.6653197770	2.1713449574	-589392.0861986207
200001	2.1385445467	2.1713449574	-623543.9507393837
300001	2.1152535468	2.1713449574	-639358.8976938858
400001	0.1146605905	2.1713449574	-343735.1547407530
500001	2.5401164590	2.1713449574	-632003.0807952472
600001	0.4026376806	2.1713449574	-611245.4311938572
700001	0.5990856922	2.1713449574	-663608.0694000464
800001	2.1374145976	2.1713449574	-646894.7855290162
900001	2.2397873349	2.1713449574	-640570.9875402455
