site	rate	t	lnL
1	2.0461874687	6.5903330040	-621261.7857367679
100001	0.9707323996	6.5903330040	-527381.2007904378
200001	1.1221700643	6.5903330040	-626283.3780772244
300001	1.5482783999	6.5903330040	-595108.2195380214
400001	0.0359977900	6.5903330040	-339989.7729362089
500001	1.4294028395	6.5903330040	-605201.5509305381
600001	1.0202635968	6.5903330040	-481059.5464972653
700001	1.1638674401	6.5903330040	-538110.2961084737
800001	1.1432677385	6.5903330040	-611997.9849376911
900001	1.6271971689	6.5903330040	-590457.0095019058
