site	rate	t	lnL
1	2.0122263449	2.0575734881	-62038.9383327095
10001	2.1547506966	2.0575734881	-62170.9504364043
20001	2.0968897978	2.0575734881	-62158.3084864605
30001	2.0680651843	2.0575734881	-62223.4024905734
40001	1.9602430884	2.0575734881	-62109.2532714263
50001	2.1344543219	2.0575734881	-62348.7722988587
60001	1.9657439042	2.0575734881	-61995.9754673108
70001	2.0259967393	2.0575734881	-62226.6827929025
80001	2.0772743307	2.0575734881	-62000.1514275521
90001	2.0195005736	2.0575734881	-61953.4716525361
100001	0.7306215435	2.0575734881	-51117.8333996720
110001	0.7661039456	2.0575734881	-51362.1568708144
120001	0.7511639977	2.0575734881	-51281.1985481025
130001	0.7479403291	2.0575734881	-51332.4648787718
140001	0.7689484503	2.0575734881	-51383.5663551745
150001	0.7721949297	2.0575734881	-51351.5513958886
160001	0.7634318692	2.0575734881	-51345.2469140000
170001	0.7622595229	2.0575734881	-51333.7425812784
180001	0.7589126902	2.0575734881	-51282.8621868382
190001	0.7519825873	2.0575734881	-51264.1934243711
200001	1.6945951987	2.0575734881	-62537.0158962649
210001	1.7363874189	2.0575734881	-62515.5633540456
220001	1.7460123060	2.0575734881	-62561.4296905417
230001	1.6643960025	2.0575734881	-62609.4248941043
240001	1.6868401405	2.0575734881	-62544.4809809240
250001	1.7246899974	2.0575734881	-62396.2129926071
260001	1.7530242830	2.0575734881	-62695.8008092532
270001	1.6991884643	2.0575734881	-62486.9892637464
280001	1.7431260004	2.0575734881	-62426.3187419365
290001	1.7409875329	2.0575734881	-62613.9387337672
300001	1.9298082567	2.0575734881	-59540.5674071903
310001	1.9432514709	2.0575734881	-59435.1289238079
320001	1.8810146343	2.0575734881	-59405.0989937337
330001	1.8520943140	2.0575734881	-59515.1742287229
340001	2.1608979740	2.0575734881	-59596.2734158945
350001	2.0140223586	2.0575734881	-59517.5884399555
360001	1.8933948136	2.0575734881	-59598.2356812116
370001	1.8704084632	2.0575734881	-59504.8265654144
380001	1.8593735412	2.0575734881	-59512.9670549549
390001	1.9264005628	2.0575734881	-59585.1296606124
400001	0.1079172627	2.0575734881	-32075.9943505864
410001	0.1075804521	2.0575734881	-32023.6597259646
420001	0.1078601110	2.0575734881	-32007.9532214068
430001	0.1060783392	2.0575734881	-31878.2221861248
440001	0.1106042809	2.0575734881	-32245.5636410412
450001	0.1086852477	2.0575734881	-32058.3084589163
460001	0.1083337380	2.0575734881	-32039.0640004033
470001	0.1071690112	2.0575734881	-31954.3890428032
480001	0.1105414528	2.0575734881	-32209.1553137196
490001	0.1077183056	2.0575734881	-32049.1956414300
500001	1.9951825447	2.0575734881	-60478.6814288038
510001	1.8587704455	2.0575734881	-60506.4034902851
520001	1.9879006691	2.0575734881	-60417.2306295628
530001	2.0354868050	2.0575734881	-60585.1758352045
540001	1.9599767546	2.0575734881	-60512.1259494021
550001	1.9338998629	2.0575734881	-60517.5476904296
560001	1.8971157245	2.0575734881	-60546.1561078182
570001	1.9353939884	2.0575734881	-60427.6300817201
580001	1.9313255010	2.0575734881	-60388.4798545421
590001	1.8768716934	2.0575734881	-60543.4204482020
600001	0.6075921158	2.0575734881	-45924.9330924488
610001	0.6146575520	2.0575734881	-46030.0258386649
620001	0.6126070658	2.0575734881	-46045.9253158962
630001	0.6075485555	2.0575734881	-45980.6216164689
640001	0.6143806360	2.0575734881	-45890.4157033874
650001	0.6211509002	2.0575734881	-46088.9023770214
660001	0.6303165754	2.0575734881	-46132.5041557858
670001	0.6151205162	2.0575734881	-45934.0014575218
680001	0.6100572173	2.0575734881	-45904.2299209986
690001	0.6163219485	2.0575734881	-46002.7459697845
700001	1.0075151391	2.0575734881	-53325.9413653014
710001	0.9713866736	2.0575734881	-53133.8236539536
720001	0.9603100781	2.0575734881	-53009.1273607334
730001	0.9762775051	2.0575734881	-53094.3890948456
740001	0.9821073072	2.0575734881	-53260.0173282959
750001	1.0005185155	2.0575734881	-53306.3053740787
760001	0.9568438457	2.0575734881	-53129.3695279331
770001	0.9971030347	2.0575734881	-53394.7845952815
780001	0.9867041638	2.0575734881	-53311.5238929658
790001	0.9735727857	2.0575734881	-53117.8696433953
800001	1.8279410482	2.0575734881	-61169.4497383082
810001	1.9845122331	2.0575734881	-61210.8005993949
820001	1.9127668096	2.0575734881	-61207.2680304963
830001	1.8478808354	2.0575734881	-61148.8300838889
840001	1.8575214221	2.0575734881	-61215.6513181233
850001	1.7883140929	2.0575734881	-61225.9220479218
860001	1.9401773960	2.0575734881	-61134.2974147534
870001	1.7857648419	2.0575734881	-61284.7105275891
880001	1.8749950485	2.0575734881	-61316.0120843268
890001	1.8313267346	2.0575734881	-61182.7500567813
900001	1.9690624056	2.0575734881	-59142.3806204360
910001	1.9354398345	2.0575734881	-59003.7247717487
920001	2.2155441257	2.0575734881	-58912.2273344712
930001	2.0858581976	2.0575734881	-59145.2881563102
940001	1.9573947704	2.0575734881	-59012.5508566050
950001	1.9598343696	2.0575734881	-59022.7897797564
960001	1.8930586644	2.0575734881	-59038.9158774315
970001	1.9453372839	2.0575734881	-58896.3911240514
980001	1.9772813423	2.0575734881	-59024.0333961337
990001	1.9112859109	2.0575734881	-58989.2004001873
