site	rate	t	lnL
1	3.0460692998	1.8680448809	-599135.8213688242
100001	0.8341580140	1.8680448809	-576643.3568014750
200001	2.1805175795	1.8680448809	-598895.5033636302
300001	2.1213422099	1.8680448809	-598836.4348653941
400001	0.1167410173	1.8680448809	-402438.7410083381
500001	2.2161038941	1.8680448809	-598925.5505313763
600001	0.6988697427	1.8680448809	-565188.4652600299
700001	0.9600878210	1.8680448809	-583892.6225275216
800001	2.2719959082	1.8680448809	-598965.7520435692
900001	2.0290042721	1.8680448809	-598716.0889061969
