site	rate	t	lnL
1	1.7399654037	0.8740684219	-575221.5365430785
100001	0.6492710969	0.8740684219	-488447.1543977747
200001	1.5493348114	0.8740684219	-567763.2141321363
300001	1.4804917411	0.8740684219	-564553.0416522807
400001	0.1449379135	0.8740684219	-368139.6022223789
500001	1.5518565696	0.8740684219	-567875.1600290535
600001	0.4387854812	0.8740684219	-449984.6303100564
700001	0.8086785848	0.8740684219	-510582.1424201487
800001	1.5299073400	0.8740684219	-566887.7513119432
900001	1.4607639402	0.8740684219	-563575.9318754126
