site	rate	t	lnL
1	3.0193131573	1.8192624988	-599130.7444908377
100001	0.8067859599	1.8192624988	-573053.4408794222
200001	2.1512029791	1.8192624988	-598805.9767758092
300001	2.1357739935	1.8192624988	-598787.2920342548
400001	0.1166355080	1.8192624988	-400438.6879321653
500001	2.1905358788	1.8192624988	-598849.4109166127
600001	0.6602893096	1.8192624988	-558968.4148179071
700001	0.9471948324	1.8192624988	-582002.3971950503
800001	2.2441092542	1.8192624988	-598899.9457208307
900001	2.0780579199	1.8192624988	-598708.0764742750
