site	rate	t	lnL
1	2.7859577588	1.9391926274	-599127.6721345959
100001	0.8758795522	1.9391926274	-581286.4392407048
200001	2.0808053474	1.9391926274	-598876.4487248563
300001	2.0369854663	1.9391926274	-598828.8593230238
400001	0.1160007561	1.9391926274	-404741.2952983610
500001	2.1646128230	1.9391926274	-598948.7902380534
600001	0.7963322201	1.9391926274	-576120.7482844108
700001	0.9739079357	1.9391926274	-586134.6799387704
800001	2.1493140785	1.9391926274	-598937.1828891403
900001	2.0181610457	1.9391926274	-598805.9767758083
