site	rate	t	lnL
1	3.0295057988	6.3552857375	-62169.6790324523
10001	2.1328932609	6.3552857375	-62213.8454209412
20001	1.8569611002	6.3552857375	-62115.4712487900
30001	2.8202144511	6.3552857375	-62206.8614064133
40001	2.4613636468	6.3552857375	-61946.9483829861
50001	2.5860502464	6.3552857375	-62289.3248964710
60001	2.4356989425	6.3552857375	-62177.6014077759
70001	2.3685456652	6.3552857375	-62020.9369749672
80001	2.2940395102	6.3552857375	-62175.6063777677
90001	2.1065637603	6.3552857375	-62074.5611036040
100001	0.5360488861	6.3552857375	-52201.3928170199
110001	0.5527154176	6.3552857375	-52311.7042504043
120001	0.5208519575	6.3552857375	-52031.5570247388
130001	0.5244597510	6.3552857375	-52241.4585209545
140001	0.5479754356	6.3552857375	-52225.8970469800
150001	0.5852566620	6.3552857375	-52422.8995490385
160001	0.5157546560	6.3552857375	-52205.6942951999
170001	0.5231246717	6.3552857375	-52205.1853574369
180001	0.5274808243	6.3552857375	-52250.5471966563
190001	0.5301445373	6.3552857375	-52289.8549311417
200001	1.3206420834	6.3552857375	-62648.9195647781
210001	1.2603047809	6.3552857375	-62515.8798405054
220001	1.3826346845	6.3552857375	-62567.4920389939
230001	1.3597787235	6.3552857375	-62519.9779628764
240001	1.3547728390	6.3552857375	-62413.1844552542
250001	1.3748456144	6.3552857375	-62472.4508998195
260001	1.3632532043	6.3552857375	-62651.7307515461
270001	1.2659035721	6.3552857375	-62554.4769926497
280001	1.2595624455	6.3552857375	-62603.4592148266
290001	1.3569259908	6.3552857375	-62424.9173239347
300001	1.5580380437	6.3552857375	-59584.3172619821
310001	1.6882827334	6.3552857375	-59450.0662250892
320001	1.5774694561	6.3552857375	-59524.9857117152
330001	1.7455239118	6.3552857375	-59453.6357514072
340001	1.6506132177	6.3552857375	-59498.3104073479
350001	1.6086636703	6.3552857375	-59362.5115905960
360001	1.7193299548	6.3552857375	-59548.6983180556
370001	1.6174932155	6.3552857375	-59486.9512018583
380001	1.6028792592	6.3552857375	-59579.9133298110
390001	1.6091677609	6.3552857375	-59608.6756885721
400001	0.0287159394	6.3552857375	-34426.6537627897
410001	0.0271560572	6.3552857375	-34035.9133009409
420001	0.0285735002	6.3552857375	-34411.9867494952
430001	0.0277681234	6.3552857375	-34124.2760519213
440001	0.0283446683	6.3552857375	-34306.6238919647
450001	0.0274572192	6.3552857375	-33985.5042038246
460001	0.0283199374	6.3552857375	-34367.6542134695
470001	0.0278035256	6.3552857375	-34151.2609678554
480001	0.0282918190	6.3552857375	-34318.5095789185
490001	0.0270825414	6.3552857375	-34042.9338524632
500001	1.5006565930	6.3552857375	-60456.8712533684
510001	1.5425812564	6.3552857375	-60417.3032979914
520001	1.6393663550	6.3552857375	-60426.9978056394
530001	1.6402494030	6.3552857375	-60568.3936023599
540001	1.6360599900	6.3552857375	-60480.2073601794
550001	1.6350287197	6.3552857375	-60471.2130742781
560001	1.5678019559	6.3552857375	-60524.9957323144
570001	1.6779533070	6.3552857375	-60541.1676841453
580001	1.6289483143	6.3552857375	-60550.5926335777
590001	1.5464481295	6.3552857375	-60416.9315125014
600001	0.7335343510	6.3552857375	-47587.5735229025
610001	0.6999535364	6.3552857375	-47444.9636816616
620001	0.7257680892	6.3552857375	-47448.3465793876
630001	0.7492284061	6.3552857375	-47455.9964362918
640001	0.7459772040	6.3552857375	-47474.6314393291
650001	0.7447359764	6.3552857375	-47498.5304109105
660001	0.7202120399	6.3552857375	-47510.4548863382
670001	0.7641755802	6.3552857375	-47661.2399612340
680001	0.7634540524	6.3552857375	-47660.3180614986
690001	0.7450018602	6.3552857375	-47577.9015455114
700001	0.9298273668	6.3552857375	-53784.9804923060
710001	1.0106785225	6.3552857375	-53739.8815988172
720001	0.9793112655	6.3552857375	-53597.4119017407
730001	0.8959578703	6.3552857375	-53637.5146821117
740001	0.8428470946	6.3552857375	-53777.9881513497
750001	0.8747816919	6.3552857375	-53552.0336153786
760001	0.9586177328	6.3552857375	-53769.8064001288
770001	0.9346560802	6.3552857375	-53658.7891392017
780001	0.9180284514	6.3552857375	-53672.2832790441
790001	0.9479450119	6.3552857375	-53574.2036183607
800001	1.7902921516	6.3552857375	-61283.4929236523
810001	2.0975162017	6.3552857375	-61467.9284261440
820001	1.9123143850	6.3552857375	-61285.4285941949
830001	1.9012013441	6.3552857375	-61337.0298188373
840001	2.0274431363	6.3552857375	-61318.0514733318
850001	1.6953411206	6.3552857375	-61265.1230755249
860001	1.7839189488	6.3552857375	-61208.6972360798
870001	1.9155938434	6.3552857375	-61325.4276195904
880001	2.0173030902	6.3552857375	-61158.6998799525
890001	1.8157879182	6.3552857375	-61215.6992158367
900001	1.8465478337	6.3552857375	-58979.9552007585
910001	1.7931963593	6.3552857375	-59069.6493310920
920001	1.9460685171	6.3552857375	-59003.7759503997
930001	1.8269831589	6.3552857375	-59055.0632094020
940001	1.9361770496	6.3552857375	-59156.0260702079
950001	1.6869277314	6.3552857375	-59111.5740235613
960001	1.7377741244	6.3552857375	-58919.3918670222
970001	1.6809397940	6.3552857375	-59133.1960082331
980001	1.8116761838	6.3552857375	-59030.7005296355
990001	1.7019620874	6.3552857375	-58955.5498507970
