site	rate	t	lnL
1	2.7222126430	1.9356565778	-599122.0254299819
100001	0.8785507794	1.9356565778	-581347.6321332222
200001	2.0892404272	1.9356565778	-598881.0435032481
300001	1.9904157924	1.9356565778	-598764.2034676640
400001	0.1154709666	1.9356565778	-404262.8835405531
500001	2.1493925421	1.9356565778	-598934.1644191932
600001	0.7970233841	1.9356565778	-576064.9033248931
700001	0.9734990461	1.9356565778	-586041.9371928902
800001	2.1817591878	1.9356565778	-598958.2716805196
900001	1.9922121533	1.9356565778	-598766.7211445956
