site	rate	t	lnL
1	2.3548721193	4.9497662552	-622519.6361511839
100001	1.0207362336	4.9497662552	-632363.1761611270
200001	2.0725956252	4.9497662552	-621020.6453590335
300001	2.2046841259	4.9497662552	-641098.3301494332
400001	0.0735776372	4.9497662552	-354626.6549137245
500001	2.3954242624	4.9497662552	-629892.3320456453
600001	0.9960708511	4.9497662552	-687300.3839502191
700001	0.6524615255	4.9497662552	-681260.5655692983
800001	1.8651624255	4.9497662552	-644481.7008260870
900001	2.4090354315	4.9497662552	-639036.8723122681
