site	rate	t	lnL
1	3.0193148264	1.8192626732	-599130.7444908372
100001	0.8067859152	1.8192626732	-573053.4408794220
200001	2.1512033110	1.8192626732	-598805.9767758081
300001	2.1357744057	1.8192626732	-598787.2920342558
400001	0.1166354924	1.8192626732	-400438.6879321633
500001	2.1905353631	1.8192626732	-598849.4109166134
600001	0.6602893555	1.8192626732	-558968.4148179062
700001	0.9471949104	1.8192626732	-582002.3971950510
800001	2.2441091703	1.8192626732	-598899.9457208302
900001	2.0780576257	1.8192626732	-598708.0764742764
