site	rate	t	lnL
1	1.9037475752	2.2140460774	-62054.2517146646
10001	2.0862630473	2.2140460774	-62081.7809114556
20001	1.9571057326	2.2140460774	-62136.2355745068
30001	1.9070393414	2.2140460774	-62097.6804514080
40001	1.9257461032	2.2140460774	-62108.9217408129
50001	1.8663869116	2.2140460774	-62033.4267399398
60001	1.9073414983	2.2140460774	-62119.5092340147
70001	1.9311587398	2.2140460774	-62025.4432726486
80001	1.8961353658	2.2140460774	-62117.5534389585
90001	2.0808427481	2.2140460774	-62119.1471601508
100001	0.7966530818	2.2140460774	-51684.6874973444
110001	0.8004293668	2.2140460774	-51797.4222548707
120001	0.8198594677	2.2140460774	-51969.7584751542
130001	0.8159923908	2.2140460774	-51902.3704486372
140001	0.8299903609	2.2140460774	-51996.7906411753
150001	0.8196890757	2.2140460774	-51936.2590785544
160001	0.8073642555	2.2140460774	-51816.1886590206
170001	0.8320878000	2.2140460774	-51886.1967861895
180001	0.8125441153	2.2140460774	-51941.9549937345
190001	0.7876105281	2.2140460774	-51903.7334097361
200001	1.7484104776	2.2140460774	-62608.6132306910
210001	1.6795431744	2.2140460774	-62577.9774721707
220001	1.5853838420	2.2140460774	-62623.2448098712
230001	1.6738798250	2.2140460774	-62597.5837659680
240001	1.6876140586	2.2140460774	-62500.1004871137
250001	1.6835941917	2.2140460774	-62553.4518000150
260001	1.6281510290	2.2140460774	-62598.7954653554
270001	1.6674598890	2.2140460774	-62434.5914095713
280001	1.6779797655	2.2140460774	-62724.9202158668
290001	1.7341168328	2.2140460774	-62530.2080949623
300001	1.8695492422	2.2140460774	-59581.2612034359
310001	1.8393259321	2.2140460774	-59535.8242464694
320001	1.7519704246	2.2140460774	-59485.7533116217
330001	1.9385400152	2.2140460774	-59447.0588346947
340001	1.9638448053	2.2140460774	-59539.3035613278
350001	1.8404131817	2.2140460774	-59478.6092969450
360001	1.9687882971	2.2140460774	-59667.1416681547
370001	1.9599015323	2.2140460774	-59510.1820570325
380001	1.8376106765	2.2140460774	-59489.3891044401
390001	1.9195598340	2.2140460774	-59580.9416410467
400001	0.1056264660	2.2140460774	-32247.3876515037
410001	0.1067277874	2.2140460774	-32352.3110616527
420001	0.1032540472	2.2140460774	-32115.2911466493
430001	0.1076260251	2.2140460774	-32382.2585138742
440001	0.1074345080	2.2140460774	-32383.5462013434
450001	0.1085983370	2.2140460774	-32460.5287520738
460001	0.1110649077	2.2140460774	-32661.2922988735
470001	0.1084055943	2.2140460774	-32439.2489264355
480001	0.1046635070	2.2140460774	-32170.9617752246
490001	0.1051144789	2.2140460774	-32230.1897186779
500001	1.8233515497	2.2140460774	-60738.4766997113
510001	1.9536668802	2.2140460774	-60556.3132977477
520001	1.8198467817	2.2140460774	-60604.1822669187
530001	1.8917301258	2.2140460774	-60636.0106132100
540001	1.8327887457	2.2140460774	-60487.5499622005
550001	1.8194932785	2.2140460774	-60536.4532692803
560001	1.7809834085	2.2140460774	-60553.5864568083
570001	1.8734561313	2.2140460774	-60688.4002466974
580001	1.7701797077	2.2140460774	-60499.7835107521
590001	1.8447502792	2.2140460774	-60520.2598944150
600001	0.7285682953	2.2140460774	-47118.8154974754
610001	0.7228207314	2.2140460774	-47052.3018299651
620001	0.7306682361	2.2140460774	-47164.7336735451
630001	0.7230015645	2.2140460774	-47121.3807004827
640001	0.7279603920	2.2140460774	-47210.1115898163
650001	0.7210964076	2.2140460774	-47108.5663676093
660001	0.7192558039	2.2140460774	-47127.9450569786
670001	0.7248175954	2.2140460774	-47170.1558818072
680001	0.7291990222	2.2140460774	-47137.4510701753
690001	0.7172068906	2.2140460774	-46933.9060691593
700001	1.0360294590	2.2140460774	-53490.9946326555
710001	1.0471289493	2.2140460774	-53623.3409196858
720001	1.0444414866	2.2140460774	-53560.4554117923
730001	1.0218167626	2.2140460774	-53350.5652310821
740001	1.0235183850	2.2140460774	-53504.2398776362
750001	0.9954706162	2.2140460774	-53485.3462847822
760001	1.0281647909	2.2140460774	-53354.6740912503
770001	1.0121000538	2.2140460774	-53345.1603241117
780001	0.9993488780	2.2140460774	-53346.4492416268
790001	1.0059211038	2.2140460774	-53338.1998248580
800001	1.8175123263	2.2140460774	-61309.8973139999
810001	1.8938121905	2.2140460774	-61288.4857627460
820001	1.8686098000	2.2140460774	-61225.5561614609
830001	1.7081656326	2.2140460774	-61279.8709991338
840001	1.7965702397	2.2140460774	-61308.9561771800
850001	1.8596663738	2.2140460774	-61148.3754501687
860001	1.7563125369	2.2140460774	-61169.6905071237
870001	1.7791176715	2.2140460774	-61162.7984509596
880001	1.7516226590	2.2140460774	-61270.3436280763
890001	1.7733459022	2.2140460774	-61273.4065198370
900001	1.9476817766	2.2140460774	-58953.0238039319
910001	1.8452428072	2.2140460774	-59092.2616020587
920001	1.9273750740	2.2140460774	-59005.8798706864
930001	1.8768849944	2.2140460774	-58972.0001960323
940001	2.0443258711	2.2140460774	-59026.0194786748
950001	2.0191674748	2.2140460774	-59055.4141656964
960001	1.9184691558	2.2140460774	-59129.1022859607
970001	1.8865557668	2.2140460774	-59067.7051539849
980001	1.9657484439	2.2140460774	-59022.5405797558
990001	1.8955371299	2.2140460774	-59001.8567883630
