site	rate	t	lnL
1	2.5049629835	1.8875449206	-59907.5819587411
10001	2.6247629765	1.8875449206	-59910.1077171211
20001	2.7693209458	1.8875449206	-59911.9915131009
30001	2.6091799284	1.8875449206	-59909.8383242391
40001	2.8014413542	1.8875449206	-59912.2903838595
50001	2.7197759288	1.8875449206	-59911.4550242943
60001	2.6169131134	1.8875449206	-59909.9739539732
70001	2.6921269811	1.8875449206	-59911.1102516177
80001	2.7693218785	1.8875449206	-59911.9915131009
90001	3.3834743185	1.8875449206	-59914.3786776222
100001	0.8676504207	1.8875449206	-57940.0475710838
110001	0.8565802268	1.8875449206	-57870.8890908534
120001	0.8625122696	1.8875449206	-57908.2329127687
130001	0.8540580920	1.8875449206	-57854.8101990903
140001	0.8471144911	1.8875449206	-57809.9136269744
150001	0.8537785887	1.8875449206	-57853.0209083176
160001	0.8608105482	1.8875449206	-57897.5881056469
170001	0.8512695848	1.8875449206	-57836.8926109105
180001	0.8424442034	1.8875449206	-57779.1891915336
190001	0.8372729305	1.8875449206	-57744.6645930741
200001	2.1702540127	1.8875449206	-59890.6395150607
210001	2.2575396073	1.8875449206	-59897.1584407239
220001	2.0669980922	1.8875449206	-59879.8073787738
230001	2.1409044517	1.8875449206	-59887.9515925513
240001	2.1314717258	1.8875449206	-59887.0266220863
250001	2.1283647331	1.8875449206	-59886.7150961987
260001	2.1440859953	1.8875449206	-59888.2567062190
270001	2.1041413420	1.8875449206	-59884.1655633717
280001	2.3029186085	1.8875449206	-59899.8241131089
290001	2.1942615833	1.8875449206	-59892.6391042519
300001	2.0045980564	1.8875449206	-59871.0754658502
310001	2.0982547397	1.8875449206	-59883.5123363494
320001	2.0753409233	1.8875449206	-59880.8365692939
330001	2.0615079930	1.8875449206	-59879.1134856755
340001	2.1505072082	1.8875449206	-59888.8621053970
350001	2.0924336662	1.8875449206	-59882.8528063730
360001	2.1191505356	1.8875449206	-59885.7709423165
370001	2.0453709796	1.8875449206	-59876.9947110048
380001	2.0427286809	1.8875449206	-59876.6361936584
390001	2.0045979543	1.8875449206	-59871.0754658502
400001	0.1174526905	1.8875449206	-40365.6081323821
410001	0.1157847200	1.8875449206	-40259.7808472437
420001	0.1135689446	1.8875449206	-40118.0865597565
430001	0.1157153088	1.8875449206	-40255.3631639719
440001	0.1168961216	1.8875449206	-40330.3743238281
450001	0.1097133719	1.8875449206	-39868.4698770339
460001	0.1194751917	1.8875449206	-40492.9815173526
470001	0.1143987496	1.8875449206	-40171.3015848936
480001	0.1153685514	1.8875449206	-40233.2648512841
490001	0.1126023808	1.8875449206	-40055.8807530272
500001	2.1283644610	1.8875449206	-59886.7150961986
510001	2.3294141401	1.8875449206	-59901.1910302890
520001	2.3160006944	1.8875449206	-59900.5153095361
530001	2.1570094801	1.8875449206	-59889.4610520202
540001	2.1283644371	1.8875449206	-59886.7150961985
550001	2.3867438500	1.8875449206	-59903.7377406538
560001	2.1041415013	1.8875449206	-59884.1655633716
570001	2.3294136673	1.8875449206	-59901.1910302892
580001	2.1770031011	1.8875449206	-59891.2189949301
590001	2.1222041560	1.8875449206	-59886.0872541107
600001	0.7507525725	1.8875449206	-57080.8143962459
610001	0.7085415197	1.8875449206	-56689.6128822684
620001	0.7192706524	1.8875449206	-56793.7291583485
630001	0.7459435771	1.8875449206	-57038.6744940881
640001	0.7288954833	1.8875449206	-56884.3563135483
650001	0.7231870340	1.8875449206	-56830.9170165011
660001	0.7434418570	1.8875449206	-57016.5143002311
670001	0.7201385085	1.8875449206	-56802.0066255983
680001	0.7216605785	1.8875449206	-56816.4736410978
690001	0.7269124165	1.8875449206	-56865.8951614298
700001	0.9667149052	1.8875449206	-58466.6794454857
710001	0.9677533302	1.8875449206	-58471.4107431059
720001	0.9687940313	1.8875449206	-58476.1364759485
730001	0.9612104889	1.8875449206	-58441.3521272076
740001	0.9591610339	1.8875449206	-58431.8138072627
750001	0.9789589177	1.8875449206	-58521.5304245518
760001	0.9674069913	1.8875449206	-58469.8342619048
770001	0.9476946852	1.8875449206	-58377.3480793793
780001	0.9530595533	1.8875449206	-58403.0666933253
790001	0.9550856550	1.8875449206	-58412.6710428469
800001	2.2776853892	1.8875449206	-59898.3955709422
810001	2.2818089553	1.8875449206	-59898.6379173969
820001	2.3339613114	1.8875449206	-59901.4128193750
830001	2.2013251299	1.8875449206	-59893.1956629060
840001	2.0982546572	1.8875449206	-59883.5123363494
850001	2.3072425773	1.8875449206	-59900.0562271274
860001	2.1314724925	1.8875449206	-59887.0266220862
870001	2.2535999813	1.8875449206	-59896.9059525642
880001	2.2901523598	1.8875449206	-59899.1175106029
890001	2.1570082143	1.8875449206	-59889.4610520203
900001	2.0400993026	1.8875449206	-59876.2761422397
910001	1.9487787758	1.8875449206	-59861.4768906476
920001	1.9900822773	1.8875449206	-59868.7560286054
930001	2.0781519368	1.8875449206	-59881.1765180294
940001	2.1041412136	1.8875449206	-59884.1655633717
950001	2.0924325472	1.8875449206	-59882.8528063730
960001	2.0506953633	1.8875449206	-59877.7071353686
970001	1.9713267403	1.8875449206	-59865.5799174001
980001	2.1537484493	1.8875449206	-59889.1623864071
990001	2.0427283244	1.8875449206	-59876.6361936583
