site	rate	t	lnL
1	2.9260905573	1.7496078286	-599113.6475724555
100001	0.7819247360	1.7496078286	-568459.5417640937
200001	2.1433850136	1.7496078286	-598682.0707854374
300001	2.0788580080	1.7496078286	-598571.8470496624
400001	0.1167741031	1.7496078286	-397720.6757987101
500001	2.1972720242	1.7496078286	-598758.0578527906
600001	0.6062373643	1.7496078286	-548802.1875752445
700001	0.9291343089	1.7496078286	-579002.5117462637
800001	2.2477970843	1.7496078286	-598818.1811867136
900001	2.0277375244	1.7496078286	-598466.7853449468
