site	rate	t	lnL
1	13.6870794311	7.2841550938	-62083.5628294474
10001	2.1837698961	7.2841550938	-62252.1750886350
20001	2.0737323552	7.2841550938	-62206.8116763537
30001	2.1153353451	7.2841550938	-62151.0550733012
40001	2.0145619257	7.2841550938	-62284.9360739241
50001	1.7400494870	7.2841550938	-62230.4455875871
60001	2.1239194873	7.2841550938	-62159.5864187353
70001	1.5672739156	7.2841550938	-62079.6854574903
80001	1.6647516579	7.2841550938	-62104.3470783760
90001	2.2174948974	7.2841550938	-62108.7364900863
100001	1.0442025917	7.2841550938	-52794.8818428097
110001	1.1066313557	7.2841550938	-52822.9125566432
120001	1.0758554223	7.2841550938	-52884.4730565620
130001	1.0797510531	7.2841550938	-52820.0915631396
140001	1.0726778185	7.2841550938	-52844.8420538703
150001	1.0664864575	7.2841550938	-52842.2959777178
160001	1.0435359783	7.2841550938	-52752.3606150163
170001	1.1474351167	7.2841550938	-52792.8251325970
180001	1.0630288076	7.2841550938	-52836.5126656584
190001	1.0944426701	7.2841550938	-52912.1041138422
200001	1.0689566500	7.2841550938	-62627.3511880968
210001	1.0198071859	7.2841550938	-62551.1672167834
220001	1.1238997130	7.2841550938	-62729.5385420874
230001	1.0440163942	7.2841550938	-62495.3387877819
240001	0.9886325149	7.2841550938	-62702.5584607353
250001	1.0930478139	7.2841550938	-62634.1433485974
260001	1.0487439675	7.2841550938	-62593.9386848022
270001	1.0969850102	7.2841550938	-62630.0155721039
280001	1.1002199602	7.2841550938	-62660.1466683839
290001	1.0134628834	7.2841550938	-62574.5608063567
300001	1.5814442551	7.2841550938	-59612.2862511888
310001	1.6097944023	7.2841550938	-59629.2664425200
320001	1.4344401768	7.2841550938	-59478.1680972395
330001	1.3513120595	7.2841550938	-59513.5197411566
340001	1.3969432975	7.2841550938	-59428.6758083908
350001	1.4202577870	7.2841550938	-59492.8285284515
360001	1.5061454452	7.2841550938	-59568.3785059964
370001	1.3619115921	7.2841550938	-59461.6571785661
380001	1.4695276194	7.2841550938	-59627.3155977021
390001	1.4540245256	7.2841550938	-59542.3110983565
400001	0.0359807648	7.2841550938	-34738.7446065410
410001	0.0340035307	7.2841550938	-34245.6906888142
420001	0.0340461953	7.2841550938	-34276.3929587998
430001	0.0343180714	7.2841550938	-34341.5175959929
440001	0.0345977925	7.2841550938	-34453.0235562640
450001	0.0333146982	7.2841550938	-34151.2490401616
460001	0.0342754652	7.2841550938	-34302.2334918710
470001	0.0353209635	7.2841550938	-34597.8737795998
480001	0.0333144012	7.2841550938	-34097.3638051338
490001	0.0349870502	7.2841550938	-34556.9372800552
500001	1.3709695256	7.2841550938	-60403.3302554572
510001	1.4689047197	7.2841550938	-60518.1126847184
520001	1.4360900335	7.2841550938	-60656.4560596470
530001	1.2824141066	7.2841550938	-60461.9333329378
540001	1.3794674552	7.2841550938	-60453.1368896787
550001	1.3581614021	7.2841550938	-60639.3041273138
560001	1.4498799242	7.2841550938	-60488.9697633468
570001	1.3447909500	7.2841550938	-60629.3358769736
580001	1.2808333666	7.2841550938	-60472.2289681526
590001	1.5425107057	7.2841550938	-60520.8497769922
600001	1.2878938311	7.2841550938	-48442.1092548554
610001	1.3160759897	7.2841550938	-48401.1630986693
620001	1.3577426098	7.2841550938	-48314.1135017621
630001	1.3660422147	7.2841550938	-48407.7647748539
640001	1.3047362809	7.2841550938	-48315.7650067725
650001	1.3031274408	7.2841550938	-48322.7632263965
660001	1.3144148941	7.2841550938	-48355.1623257184
670001	1.2575267356	7.2841550938	-48331.7779161274
680001	1.3537417999	7.2841550938	-48310.4369727169
690001	1.3455267356	7.2841550938	-48416.4667638533
700001	1.1140939745	7.2841550938	-53899.5208412960
710001	1.3018080013	7.2841550938	-53931.9914086781
720001	1.1812348209	7.2841550938	-53890.2497231770
730001	1.1439827369	7.2841550938	-53840.7643891690
740001	1.2259681568	7.2841550938	-53895.2446328997
750001	1.1782211739	7.2841550938	-53655.8629904568
760001	1.2232354016	7.2841550938	-53851.0067118147
770001	1.1781667818	7.2841550938	-53839.3774778155
780001	1.2684079595	7.2841550938	-53935.4875062312
790001	1.2207536925	7.2841550938	-53728.8524293926
800001	1.0048244490	7.2841550938	-61373.9196672580
810001	1.0022997096	7.2841550938	-61202.6976537835
820001	1.1230311245	7.2841550938	-61259.9516938419
830001	1.0125771880	7.2841550938	-61250.9576085480
840001	1.1875839066	7.2841550938	-61246.1222123314
850001	1.0377398620	7.2841550938	-61090.9921539156
860001	1.1476612202	7.2841550938	-61220.1650189578
870001	1.1207834032	7.2841550938	-61181.4426779159
880001	0.9782976595	7.2841550938	-61280.4509360433
890001	1.1636177926	7.2841550938	-61310.3144640981
900001	1.3271493943	7.2841550938	-58955.3504928305
910001	1.5158498885	7.2841550938	-59115.7670126475
920001	1.3672232739	7.2841550938	-59166.8512902820
930001	1.5680411729	7.2841550938	-59119.4895227664
940001	1.7869699603	7.2841550938	-58811.9471745050
950001	1.4422208421	7.2841550938	-59055.9439364803
960001	1.5556374149	7.2841550938	-58995.9128107223
970001	1.7364647246	7.2841550938	-58954.2049839883
980001	1.4148721661	7.2841550938	-59099.2987976696
990001	1.4724154046	7.2841550938	-59085.6457089672
