site	rate	t	lnL
1	1.8774707803	8.3219623191	-62111.7340736994
10001	2.0048937543	8.3219623191	-62078.9989869202
20001	2.1422914292	8.3219623191	-62233.0828666560
30001	2.7683991952	8.3219623191	-62090.5200195208
40001	2.8106757819	8.3219623191	-62062.5333492051
50001	2.2190621575	8.3219623191	-62205.9170858096
60001	2.1439433098	8.3219623191	-62013.7615845313
70001	2.8121738200	8.3219623191	-62118.5778556778
80001	2.6680253825	8.3219623191	-62097.4376324427
90001	2.1522451975	8.3219623191	-62100.5636115030
100001	0.7451846911	8.3219623191	-52737.6006945353
110001	0.7105612595	8.3219623191	-52703.7860001995
120001	0.7253724669	8.3219623191	-52677.4372895491
130001	0.7103529463	8.3219623191	-52641.0382861110
140001	0.7339676496	8.3219623191	-52742.9564536926
150001	0.7278575219	8.3219623191	-52747.6022996682
160001	0.7242293929	8.3219623191	-52805.1242901583
170001	0.7352493959	8.3219623191	-52791.8726235545
180001	0.7203350818	8.3219623191	-52746.3400282241
190001	0.7427242484	8.3219623191	-52821.3611822120
200001	1.0798696276	8.3219623191	-62605.1850447106
210001	1.1833567058	8.3219623191	-62641.9647005124
220001	1.1853725767	8.3219623191	-62563.3194950428
230001	1.2232656993	8.3219623191	-62500.2189796635
240001	1.1008577134	8.3219623191	-62562.6725857096
250001	1.1945678274	8.3219623191	-62563.8185788862
260001	1.1236676962	8.3219623191	-62701.4403234025
270001	1.1311937048	8.3219623191	-62699.6132857612
280001	1.1777523514	8.3219623191	-62549.5937647131
290001	1.1068927907	8.3219623191	-62657.4289170199
300001	1.3507335290	8.3219623191	-59615.7256004516
310001	1.3693887176	8.3219623191	-59570.7053159393
320001	1.4932445662	8.3219623191	-59451.1490567309
330001	1.2806073347	8.3219623191	-59438.8295492068
340001	1.3940679597	8.3219623191	-59498.2448216107
350001	1.3257656091	8.3219623191	-59582.6440566163
360001	1.4474424315	8.3219623191	-59486.8676298640
370001	1.2589974505	8.3219623191	-59519.6817691329
380001	1.3879486283	8.3219623191	-59487.5133112337
390001	1.3201274865	8.3219623191	-59468.9084980799
400001	0.0252850624	8.3219623191	-35380.4261877576
410001	0.0243132253	8.3219623191	-35107.6517480230
420001	0.0269961078	8.3219623191	-35883.4090604239
430001	0.0251898074	8.3219623191	-35380.9676038097
440001	0.0249640983	8.3219623191	-35279.8155242489
450001	0.0270621546	8.3219623191	-35870.6413626064
460001	0.0255939596	8.3219623191	-35445.4531753756
470001	0.0262664229	8.3219623191	-35670.0854345611
480001	0.0261068629	8.3219623191	-35591.8422165268
490001	0.0271362638	8.3219623191	-35958.5118925691
500001	1.3412470716	8.3219623191	-60638.5963316088
510001	1.2866234805	8.3219623191	-60522.4385337477
520001	1.2831858039	8.3219623191	-60386.3916519184
530001	1.3393813849	8.3219623191	-60588.3207760983
540001	1.3354590276	8.3219623191	-60435.1681787385
550001	1.2830109410	8.3219623191	-60532.7349052688
560001	1.3596709627	8.3219623191	-60432.5127731333
570001	1.2522255313	8.3219623191	-60574.3081866904
580001	1.3086261668	8.3219623191	-60425.0860979814
590001	1.2669128416	8.3219623191	-60501.8236663780
600001	1.3247112093	8.3219623191	-48312.3431893276
610001	1.4384989897	8.3219623191	-48452.1243931540
620001	1.3787624184	8.3219623191	-48381.2964912295
630001	1.6350860085	8.3219623191	-48370.0286803829
640001	1.2875360025	8.3219623191	-48372.9252927040
650001	1.5190468649	8.3219623191	-48401.4634950121
660001	1.3485477720	8.3219623191	-48303.2179480190
670001	1.3242482280	8.3219623191	-48361.0254090368
680001	1.4305082594	8.3219623191	-48371.1260656012
690001	1.4855052705	8.3219623191	-48361.4473064875
700001	0.9674718225	8.3219623191	-53759.7909668943
710001	0.9750831690	8.3219623191	-53762.4287425690
720001	1.0752005229	8.3219623191	-53916.7318047579
730001	1.0037243774	8.3219623191	-53845.4286063375
740001	1.1468888751	8.3219623191	-53908.1938766642
750001	0.9585941107	8.3219623191	-53903.8377511173
760001	0.9540034267	8.3219623191	-53787.7672803387
770001	0.9177110347	8.3219623191	-53715.1434762431
780001	0.9498865120	8.3219623191	-53763.4350223393
790001	1.0174738122	8.3219623191	-53858.1721908478
800001	1.7751957594	8.3219623191	-61247.2396142133
810001	1.7117590857	8.3219623191	-61209.7811820438
820001	1.6181135417	8.3219623191	-61309.2161517931
830001	1.5893807254	8.3219623191	-61079.3487805555
840001	1.7532433397	8.3219623191	-61246.6740072195
850001	1.6121524399	8.3219623191	-61197.9769926831
860001	1.3595049307	8.3219623191	-61304.8703178385
870001	1.4380643934	8.3219623191	-61250.4017158221
880001	1.4735962498	8.3219623191	-61293.9051195841
890001	1.7057101460	8.3219623191	-61356.5889187688
900001	1.6120339547	8.3219623191	-59013.0622493966
910001	1.5388153559	8.3219623191	-59162.0993623090
920001	1.4889928122	8.3219623191	-59057.2528799437
930001	1.5551310429	8.3219623191	-58968.3664191528
940001	1.8689382035	8.3219623191	-59013.3141812192
950001	1.5341978476	8.3219623191	-59086.9334058603
960001	1.5457192708	8.3219623191	-59079.2539924260
970001	1.5466135783	8.3219623191	-59086.2858261373
980001	1.5574154499	8.3219623191	-59001.4867183612
990001	1.5032112671	8.3219623191	-59000.8756121296
