site	rate	t	lnL
1	2.8068976019	1.9340023829	-599128.6134724402
100001	0.8789743797	1.9340023829	-581328.9422251560
200001	2.0900970104	1.9340023829	-598880.1274386820
300001	2.0257623959	1.9340023829	-598808.7063434718
400001	0.1159577723	1.9340023829	-404513.1581408295
500001	2.1825119337	1.9340023829	-598957.4898175383
600001	0.7800614019	1.9340023829	-574738.9206240341
700001	0.9796611303	1.9340023829	-586266.5400550998
800001	2.1571956781	1.9340023829	-598938.8209027095
900001	2.0133223310	1.9340023829	-598792.8754023883
