site	rate	t	lnL
1	2.2103952244	8.2371619298	-621424.4988483485
100001	0.7170720146	8.2371619298	-527682.1851224642
200001	1.1790204725	8.2371619298	-626301.5749440194
300001	1.4039561843	8.2371619298	-595020.1444470355
400001	0.0252528780	8.2371619298	-352994.4539479308
500001	1.3287427249	8.2371619298	-605364.7001260461
600001	1.2433327205	8.2371619298	-483254.7075458838
700001	0.9807355049	8.2371619298	-538206.0159220366
800001	1.6190448171	8.2371619298	-612212.4050160360
900001	1.6525338496	8.2371619298	-590439.5541294875
