site	rate	t	lnL
1	3.2677611041	1.9358314996	-59914.3444722357
10001	2.6249741630	1.9358314996	-59911.1102516176
20001	3.0287812279	1.9358314996	-59913.8908450451
30001	2.6077552199	1.9358314996	-59910.8709236692
40001	370.2579288760	1.9358314996	-59914.6454710631
50001	2.5366631510	1.9358314996	-59909.7008310016
60001	2.6612439721	1.9358314996	-59911.5661439078
70001	2.6902150324	1.9358314996	-59911.8880436974
80001	2.6249753198	1.9358314996	-59911.1102516177
90001	2.6612413893	1.9358314996	-59911.5661439076
100001	0.8810091119	1.9358314996	-58149.1818833574
110001	0.8674217841	1.9358314996	-58070.6558896051
120001	0.8786202096	1.9358314996	-58135.6125240919
130001	0.8541832560	1.9358314996	-57990.9246830439
140001	0.8867270891	1.9358314996	-58181.2607125741
150001	0.8858201199	1.9358314996	-58176.2095553803
160001	0.8747617842	1.9358314996	-58113.4836790491
170001	0.8762426755	1.9358314996	-58122.0062755484
180001	0.8653854670	1.9358314996	-58058.6002002824
190001	0.8837099114	1.9358314996	-58164.4032006499
200001	2.0430706029	1.9358314996	-59883.1833581589
210001	2.0662915289	1.9358314996	-59885.7709423164
220001	2.0906048990	1.9358314996	-59888.2567062193
230001	2.1498955838	1.9358314996	-59893.4714717532
240001	2.0692685429	1.9358314996	-59886.0872541107
250001	2.1429610626	1.9358314996	-59892.9182062859
260001	2.0692686417	1.9358314996	-59886.0872541105
270001	2.0100865799	1.9358314996	-59879.1134856758
280001	2.0603882947	1.9358314996	-59885.1335481933
290001	2.4612659686	1.9358314996	-59908.0662851132
300001	2.0574607352	1.9358314996	-59884.8124702306
310001	2.1260229570	1.9358314996	-59891.5062889019
320001	1.9312168626	1.9358314996	-59867.1798549693
330001	1.9642523805	1.9358314996	-59872.5916957417
340001	1.9892123324	1.9358314996	-59876.2761422397
350001	2.0813528662	1.9358314996	-59887.3365482552
360001	2.1293675859	1.9358314996	-59891.7919491468
370001	1.9498347707	1.9358314996	-59870.3083169539
380001	1.9917756055	1.9358314996	-59876.6361936584
390001	2.0181376345	1.9358314996	-59880.1519975772
400001	0.1171085840	1.9358314996	-40532.4005798849
410001	0.1137091770	1.9358314996	-40312.7417128812
420001	0.1181327627	1.9358314996	-40597.9834021497
430001	0.1132350428	1.9358314996	-40281.8593822607
440001	0.1146587372	1.9358314996	-40374.4100525068
450001	0.1151342086	1.9358314996	-40405.1962443702
460001	0.1130320177	1.9358314996	-40268.6142367027
470001	0.1166994873	1.9358314996	-40506.1270016276
480001	0.1174497971	1.9358314996	-40554.2775487809
490001	0.1148624694	1.9358314996	-40387.6080422999
500001	2.1464167402	1.9358314996	-59893.1956629062
510001	2.0545503257	1.9358314996	-59884.4898079012
520001	2.1128609670	1.9358314996	-59890.3473337739
530001	2.2985042676	1.9358314996	-59902.4957629840
540001	2.1604737896	1.9358314996	-59894.2889879551
550001	2.2050986800	1.9358314996	-59897.4092448265
560001	2.1464168338	1.9358314996	-59893.1956629062
570001	2.3272101753	1.9358314996	-59903.7377406539
580001	2.1000267555	1.9358314996	-59889.1623864071
590001	2.0875028037	1.9358314996	-59887.9515925514
600001	0.7804316300	1.9358314996	-57482.4334244964
610001	0.7801855429	1.9358314996	-57480.5362538597
620001	0.7966970588	1.9358314996	-57604.6277756790
630001	0.7936554219	1.9358314996	-57582.2358830800
640001	0.7728509755	1.9358314996	-57423.3799099982
650001	0.8048968415	1.9358314996	-57663.9665254762
660001	0.8085254759	1.9358314996	-57689.7557672203
670001	0.7838919215	1.9358314996	-57508.9391393525
680001	0.7956812047	1.9358314996	-57597.1722613243
690001	0.7829008512	1.9358314996	-57501.3765016568
700001	0.9873042183	1.9358314996	-58662.0278526761
710001	0.9810913133	1.9358314996	-58636.4738964465
720001	0.9667610717	1.9358314996	-58575.6148839921
730001	0.9939649065	1.9358314996	-58688.8806858672
740001	1.0003355138	1.9358314996	-58714.0473918425
750001	0.9753113280	1.9358314996	-58612.2530516472
760001	0.9667610717	1.9358314996	-58575.6148839921
770001	0.9829106867	1.9358314996	-58644.0091449269
780001	0.9742348877	1.9358314996	-58607.6933711357
790001	0.9664078084	1.9358314996	-58574.0803439420
800001	2.0021594736	1.9358314996	-59878.0610383161
810001	2.2985042569	1.9358314996	-59902.4957629842
820001	2.4612665804	1.9358314996	-59908.0662851132
830001	2.2248924546	1.9358314996	-59898.6379173968
840001	2.2129248590	1.9358314996	-59897.9057909318
850001	2.1064037049	1.9358314996	-59889.7580999695
860001	2.1712736149	1.9358314996	-59895.0915885663
870001	2.1395288680	1.9358314996	-59892.6391042518
880001	2.1429611934	1.9358314996	-59892.9182062861
890001	2.1935755406	1.9358314996	-59896.6517828203
900001	1.9244059594	1.9358314996	-59865.9821230749
910001	2.0487787351	1.9358314996	-59883.8397388029
920001	2.0263153317	1.9358314996	-59881.1765180294
930001	1.9358094788	1.9358314996	-59867.9709198319
940001	2.0047882259	1.9358314996	-59878.4133990506
950001	2.1569242870	1.9358314996	-59894.0181366553
960001	1.9691487915	1.9358314996	-59873.3407455375
970001	2.0459166615	1.9358314996	-59883.5123363494
980001	1.9110450582	1.9358314996	-59863.5467601215
990001	2.0290704917	1.9358314996	-59881.5149058876
