site	rate	t	lnL
1	2.7981809173	1.7423679827	-599093.4896521383
100001	0.7809419135	1.7423679827	-568090.3641221878
200001	2.1269133217	1.7423679827	-598641.6057255830
300001	2.0608175818	1.7423679827	-598519.3904603730
400001	0.1166741595	1.7423679827	-397365.6526441121
500001	2.2058377422	1.7423679827	-598757.3319314409
600001	0.6065447373	1.7423679827	-548490.6618109172
700001	0.9225002454	1.7423679827	-578386.8683589832
800001	2.2599193293	1.7423679827	-598821.2006390186
900001	2.0155529678	1.7423679827	-598419.5345298221
