site	rate	t	lnL
1	1.8660975307	7.5989508176	-621444.0100447615
100001	1.1109892701	7.5989508176	-528680.0771108355
200001	1.0103104492	7.5989508176	-626031.9293895098
300001	1.3858822092	7.5989508176	-595166.0146757654
400001	0.0335939936	7.5989508176	-344437.5189678419
500001	1.3122907542	7.5989508176	-605462.4927478641
600001	1.6841281879	7.5989508176	-483687.0968919603
700001	1.2025664008	7.5989508176	-538676.6584466056
800001	1.0156332737	7.5989508176	-612355.8027799524
900001	1.5284052208	7.5989508176	-590486.8241056411
