site	rate	t	lnL
1	2.7106631546	1.9394051195	-599121.4311483990
100001	0.8847008531	1.9394051195	-581790.7251996498
200001	2.0657540363	1.9394051195	-598861.1879770586
300001	2.0450034911	1.9394051195	-598838.3973880298
400001	0.1162192356	1.9394051195	-404890.3674022031
500001	2.1372967416	1.9394051195	-598927.7886079856
600001	0.7926977455	1.9394051195	-575859.7314358822
700001	0.9764269324	1.9394051195	-586245.3539704918
800001	2.1547174867	1.9394051195	-598941.5376931623
900001	1.9945590671	1.9394051195	-598775.2960620407
