site	rate	t	lnL
1	1.6056639206	7.5725519867	-62127.0324238338
10001	2.0551672623	7.5725519867	-62151.2652792528
20001	1.8666540119	7.5725519867	-62025.8432486570
30001	2.2331425998	7.5725519867	-62069.6406193057
40001	3.1345288167	7.5725519867	-62241.7787083170
50001	16.7354760762	7.5725519867	-62221.1589416649
60001	2.0881211557	7.5725519867	-62022.8440998511
70001	1.7906298307	7.5725519867	-62092.2661582610
80001	2.2867489655	7.5725519867	-62131.9682126928
90001	1.7977417123	7.5725519867	-62067.2812897697
100001	1.1569331822	7.5725519867	-52965.6712263015
110001	1.0396725112	7.5725519867	-52862.7541503706
120001	1.0852986512	7.5725519867	-52832.0947717773
130001	1.0931170645	7.5725519867	-52791.9511542284
140001	1.0296772367	7.5725519867	-52814.7374042107
150001	1.1037447544	7.5725519867	-52999.3555637468
160001	1.0486009382	7.5725519867	-52797.4923602152
170001	1.0875896582	7.5725519867	-52878.3417604584
180001	1.1039920315	7.5725519867	-52866.4120859682
190001	1.1317375190	7.5725519867	-53087.2595391114
200001	33.1802633276	7.5725519867	-62720.2498161737
210001	1.0825515639	7.5725519867	-62570.7786569742
220001	1.0080003298	7.5725519867	-62519.0089450162
230001	1.0202071351	7.5725519867	-62417.3579281583
240001	1.0821501192	7.5725519867	-62544.9586345685
250001	0.9869905229	7.5725519867	-62734.5792193359
260001	0.9816293828	7.5725519867	-62552.5742683057
270001	0.9710759233	7.5725519867	-62480.2238433062
280001	1.0245401844	7.5725519867	-62630.4733924525
290001	1.0574120006	7.5725519867	-62629.6983394719
300001	1.3854980779	7.5725519867	-59412.0337226078
310001	1.3109517394	7.5725519867	-59650.5789144590
320001	1.3320958817	7.5725519867	-59628.9128250874
330001	1.3242568799	7.5725519867	-59455.5220082803
340001	1.2403614454	7.5725519867	-59569.6231085107
350001	1.3648036134	7.5725519867	-59525.5656430636
360001	1.4701218842	7.5725519867	-59550.8915179043
370001	1.3997896361	7.5725519867	-59418.6559520023
380001	1.3942678828	7.5725519867	-59640.9556857693
390001	1.3201569406	7.5725519867	-59529.5776889648
400001	0.0351949456	7.5725519867	-34826.5940118803
410001	0.0329221290	7.5725519867	-34275.7389250255
420001	0.0334692262	7.5725519867	-34429.1243308082
430001	0.0332465900	7.5725519867	-34344.6637550945
440001	0.0347437951	7.5725519867	-34605.0764175063
450001	0.0330761945	7.5725519867	-34349.2572420974
460001	0.0332940449	7.5725519867	-34369.3723484858
470001	0.0331071115	7.5725519867	-34311.8995169046
480001	0.0334967744	7.5725519867	-34391.9133467005
490001	0.0359601476	7.5725519867	-34910.0836815004
500001	1.3413904711	7.5725519867	-60449.8322032079
510001	1.2902042428	7.5725519867	-60645.6519432786
520001	1.3990609354	7.5725519867	-60676.3935630061
530001	1.2831540771	7.5725519867	-60429.3030224907
540001	1.2493068050	7.5725519867	-60525.6276513641
550001	1.3965770441	7.5725519867	-60545.6431239570
560001	1.3395635111	7.5725519867	-60667.7247682915
570001	1.2912453948	7.5725519867	-60345.1490351716
580001	1.2197412579	7.5725519867	-60613.7543940281
590001	1.1550744183	7.5725519867	-60553.7574702484
600001	1.7189723039	7.5725519867	-48352.2596174053
610001	1.8072109477	7.5725519867	-48317.8962579922
620001	1.7208050818	7.5725519867	-48391.4898490916
630001	1.6864747651	7.5725519867	-48388.3484775897
640001	1.8049226490	7.5725519867	-48347.9593868185
650001	1.8582500147	7.5725519867	-48492.0427465081
660001	1.6050141617	7.5725519867	-48357.3016226688
670001	1.5600903961	7.5725519867	-48381.3127924582
680001	1.5873973415	7.5725519867	-48304.7841237874
690001	1.5361451056	7.5725519867	-48263.8040619102
700001	1.2008720302	7.5725519867	-53861.4307103514
710001	1.2173201666	7.5725519867	-53732.3461244735
720001	1.2240242701	7.5725519867	-53930.5255424821
730001	1.2169436427	7.5725519867	-53767.3329901350
740001	1.1971691105	7.5725519867	-53721.8487397214
750001	1.2543748705	7.5725519867	-53629.8728451452
760001	1.2436320074	7.5725519867	-53839.5875124126
770001	1.2298662793	7.5725519867	-53744.5487029066
780001	1.2157107692	7.5725519867	-53879.1414444257
790001	1.1468828154	7.5725519867	-53827.1824662445
800001	1.0881675937	7.5725519867	-61389.8320667019
810001	1.0100296188	7.5725519867	-61139.4097311633
820001	1.0164609448	7.5725519867	-61208.7898992766
830001	1.0514049510	7.5725519867	-61171.7119675599
840001	0.9482407218	7.5725519867	-61395.2140024652
850001	1.1036853364	7.5725519867	-61251.6291790472
860001	1.0301703493	7.5725519867	-61159.8823860495
870001	1.0895505862	7.5725519867	-61155.8448526672
880001	1.0068853024	7.5725519867	-61298.9648789436
890001	1.0956985049	7.5725519867	-61187.3484929146
900001	1.6032540900	7.5725519867	-58993.9575130706
910001	1.3442487217	7.5725519867	-59035.4464956288
920001	1.6134773235	7.5725519867	-59087.9091679169
930001	1.4844615845	7.5725519867	-59128.5571689210
940001	1.3782884871	7.5725519867	-59037.2663163602
950001	1.6078819641	7.5725519867	-59075.5668630382
960001	1.5395627351	7.5725519867	-59029.2920807436
970001	1.5765517714	7.5725519867	-59125.3057641141
980001	1.4786403996	7.5725519867	-59270.9451325879
990001	1.8037279281	7.5725519867	-58986.2721573240
