site	rate	t	lnL
1	1.9078441132	2.2503299900	-621269.9487140658
100001	0.8243692791	2.2503299900	-519554.6656640954
200001	1.6382732079	2.2503299900	-625813.4748185397
300001	1.8701414934	2.2503299900	-595192.8113332950
400001	0.1062105938	2.2503299900	-324147.5947267346
500001	1.8361757837	2.2503299900	-605452.5595129381
600001	0.7594183801	2.2503299900	-472919.4915343516
700001	1.0388054294	2.2503299900	-535670.0688061700
800001	1.8007535187	2.2503299900	-612464.3399706489
900001	1.8973493227	2.2503299900	-590950.8374092957
