site	rate	t	lnL
1	1.9138030393	2.2623954724	-62072.9373540495
10001	1.8859675095	2.2623954724	-62131.5407686263
20001	1.9217395421	2.2623954724	-62217.5957441599
30001	1.9842037182	2.2623954724	-62211.9236930010
40001	1.8232685969	2.2623954724	-62113.9503216897
50001	1.7711498264	2.2623954724	-62079.0393669321
60001	1.9470158592	2.2623954724	-62159.1872657820
70001	1.8727905930	2.2623954724	-62197.0963117638
80001	2.0406642148	2.2623954724	-62225.0937033562
90001	1.9618775927	2.2623954724	-62168.3268915770
100001	0.8231198113	2.2623954724	-52126.0740568930
110001	0.8004194557	2.2623954724	-51836.6740471553
120001	0.8373956345	2.2623954724	-52131.5267441051
130001	0.8358138559	2.2623954724	-52015.3293858581
140001	0.8290726406	2.2623954724	-52156.0182044571
150001	0.8464135972	2.2623954724	-52142.6986761682
160001	0.8376693017	2.2623954724	-52128.3543993901
170001	0.8471592162	2.2623954724	-52075.3822646726
180001	0.8307407874	2.2623954724	-51975.1266165614
190001	0.7990778463	2.2623954724	-51977.5279565145
200001	1.6100598430	2.2623954724	-62687.5348386024
210001	1.5774434070	2.2623954724	-62615.0555401620
220001	1.6696985192	2.2623954724	-62540.7543124149
230001	1.5900943857	2.2623954724	-62629.8834943666
240001	1.7221668401	2.2623954724	-62648.3908098236
250001	1.6031790434	2.2623954724	-62544.1008365651
260001	1.6465822598	2.2623954724	-62599.6925421177
270001	1.7228331154	2.2623954724	-62582.7593983215
280001	1.6712013312	2.2623954724	-62540.3641046021
290001	1.6461701709	2.2623954724	-62511.7012079443
300001	1.9486646391	2.2623954724	-59536.6481919631
310001	1.8552571066	2.2623954724	-59435.8757968053
320001	1.8244461071	2.2623954724	-59481.4240999604
330001	2.0450905276	2.2623954724	-59519.9457469669
340001	1.8296354736	2.2623954724	-59521.5065818441
350001	1.8815106156	2.2623954724	-59559.4987210991
360001	1.8108905176	2.2623954724	-59579.2166093734
370001	1.8790858347	2.2623954724	-59370.9447880500
380001	1.7849449046	2.2623954724	-59551.9780158995
390001	1.8623271203	2.2623954724	-59436.2117265949
400001	0.1062484289	2.2623954724	-32460.4855135253
410001	0.1065681613	2.2623954724	-32473.4238801135
420001	0.1041636866	2.2623954724	-32312.5273719390
430001	0.1093655877	2.2623954724	-32665.1344528914
440001	0.1047234754	2.2623954724	-32355.0785984285
450001	0.1063736488	2.2623954724	-32492.5452688847
460001	0.1082817295	2.2623954724	-32618.8431762920
470001	0.1086028401	2.2623954724	-32650.2656101164
480001	0.1058062863	2.2623954724	-32468.5278297879
490001	0.1093608847	2.2623954724	-32689.5207151569
500001	1.8520828501	2.2623954724	-60426.6105667655
510001	1.9483439638	2.2623954724	-60455.3586871450
520001	1.8482492269	2.2623954724	-60478.2805879232
530001	1.7508070516	2.2623954724	-60534.2626647081
540001	1.7910844812	2.2623954724	-60545.9315676463
550001	1.7155998230	2.2623954724	-60426.2176730435
560001	1.8082379618	2.2623954724	-60533.6747720619
570001	1.9182156135	2.2623954724	-60588.0629456361
580001	1.7253236806	2.2623954724	-60565.2278165584
590001	1.7806021177	2.2623954724	-60514.5897810747
600001	0.7937764323	2.2623954724	-47403.0151906400
610001	0.7533436884	2.2623954724	-47324.1880989490
620001	0.8114746728	2.2623954724	-47490.8283149643
630001	0.7734643600	2.2623954724	-47355.4050511797
640001	0.7771124262	2.2623954724	-47324.5070583448
650001	0.7710005504	2.2623954724	-47309.1397181291
660001	0.7772125112	2.2623954724	-47421.7252097702
670001	0.7908535478	2.2623954724	-47484.0310342730
680001	0.7904125928	2.2623954724	-47420.6679727799
690001	0.8008876900	2.2623954724	-47490.2358185755
700001	0.9894600927	2.2623954724	-53348.2700970070
710001	1.0348528935	2.2623954724	-53334.4570704941
720001	1.0580586051	2.2623954724	-53690.4938982996
730001	1.0384126252	2.2623954724	-53380.9920037755
740001	1.0545578196	2.2623954724	-53521.0445432280
750001	0.9846390513	2.2623954724	-53274.1764987626
760001	1.0225764046	2.2623954724	-53386.1112330075
770001	1.0228496132	2.2623954724	-53548.8438831288
780001	1.0230628007	2.2623954724	-53476.0465083360
790001	1.0213999862	2.2623954724	-53350.9727689255
800001	1.6920059130	2.2623954724	-61256.9874197914
810001	1.7825394112	2.2623954724	-61075.4866924138
820001	1.8062688610	2.2623954724	-61264.3199154202
830001	1.7602058576	2.2623954724	-61004.9264430145
840001	1.7655358109	2.2623954724	-61233.9457368715
850001	1.7358709606	2.2623954724	-61274.4148347752
860001	1.6663819041	2.2623954724	-61270.5240393064
870001	1.7513442959	2.2623954724	-61185.5563136110
880001	1.8262596731	2.2623954724	-61294.6297217888
890001	1.8888353146	2.2623954724	-61250.7419421824
900001	1.9884016882	2.2623954724	-59087.8744103268
910001	1.8396876749	2.2623954724	-59148.2231301411
920001	1.7683999155	2.2623954724	-59059.6722118231
930001	1.9292443220	2.2623954724	-59215.0727680820
940001	1.8837245013	2.2623954724	-59037.6649785174
950001	1.8708283003	2.2623954724	-59004.1251856352
960001	1.9774969133	2.2623954724	-59081.8417073974
970001	1.9451937219	2.2623954724	-59029.7641215673
980001	2.1101127012	2.2623954724	-59177.1774229077
990001	1.8117575839	2.2623954724	-59044.3745484233
