site	rate	t	lnL
1	2.1796560406	1.3657942214	-59719.9158103988
10001	2.1661666618	1.3657942214	-59713.3065038808
20001	2.2329860313	1.3657942214	-59744.0539993127
30001	2.1090480634	1.3657942214	-59682.8460251995
40001	2.1602500566	1.3657942214	-59710.3399207065
50001	2.1299488480	1.3657942214	-59694.4743740526
60001	2.1826885089	1.3657942214	-59721.3721723294
70001	2.1187275576	1.3657942214	-59688.3030075682
80001	2.1558437802	1.3657942214	-59708.1032819523
90001	2.1903230515	1.3657942214	-59724.9932978283
100001	0.6626462976	1.3657942214	-53458.9058866912
110001	0.6699221518	1.3657942214	-53560.4560139203
120001	0.6908065985	1.3657942214	-53843.2313267464
130001	0.7031861762	1.3657942214	-54004.9334875051
140001	0.6770766952	1.3657942214	-53658.7678398178
150001	0.7052026372	1.3657942214	-54030.8662285330
160001	0.6714630809	1.3657942214	-53581.7599799209
170001	0.6724278432	1.3657942214	-53595.0616972560
180001	0.6837133720	1.3657942214	-53748.6150870079
190001	0.6983692256	1.3657942214	-53942.5267412894
200001	1.8246455242	1.3657942214	-59452.3307252016
210001	1.7891888510	1.3657942214	-59411.4470993930
220001	1.8237146390	1.3657942214	-59451.2992344415
230001	1.8190776042	1.3657942214	-59446.1284158501
240001	1.8579968972	1.3657942214	-59487.8664299421
250001	1.7444358958	1.3657942214	-59354.8825341027
260001	1.7461075017	1.3657942214	-59357.1006753400
270001	1.8757592618	1.3657942214	-59505.7077746751
280001	1.7900771059	1.3657942214	-59412.5120704176
290001	1.7613264800	1.3657942214	-59376.9116695473
300001	1.7562185014	1.3657942214	-59370.3385477160
310001	1.7621813607	1.3657942214	-59378.0042087641
320001	1.7141801838	1.3657942214	-59313.2435514716
330001	1.7254814745	1.3657942214	-59329.1328070107
340001	1.7638933799	1.3657942214	-59380.1867272157
350001	1.7369600298	1.3657942214	-59344.8592695087
360001	1.7579167743	1.3657942214	-59372.5329917655
370001	1.7981176959	1.3657942214	-59422.0575679033
380001	1.7786156696	1.3657942214	-59398.5997461810
390001	1.7181960859	1.3657942214	-59318.9368881718
400001	0.1245442277	1.3657942214	-38535.4884612320
410001	0.1260074805	1.3657942214	-38610.4285943649
420001	0.1294944448	1.3657942214	-38787.6107632917
430001	0.1208988410	1.3657942214	-38347.2488745621
440001	0.1206261414	1.3657942214	-38333.0791237707
450001	0.1296784619	1.3657942214	-38796.9052402000
460001	0.1231750835	1.3657942214	-38465.0483493289
470001	0.1220816060	1.3657942214	-38408.5672076545
480001	0.1250011796	1.3657942214	-38558.9289048506
490001	0.1276571475	1.3657942214	-38694.4965904925
500001	1.7909662083	1.3657942214	-59413.5761708948
510001	1.8502383382	1.3657942214	-59479.8417036617
520001	1.8435174145	1.3657942214	-59472.7723511645
530001	1.8939635954	1.3657942214	-59523.2493795554
540001	1.8080671138	1.3657942214	-59433.6279290766
550001	1.8274455622	1.3657942214	-59455.4198409357
560001	1.8658382480	1.3657942214	-59495.8326816783
570001	1.8237145871	1.3657942214	-59451.2992344415
580001	1.8599494902	1.3657942214	-59489.8634873933
590001	1.8483115942	1.3657942214	-59477.8264228463
600001	0.4770119997	1.3657942214	-50239.1863821649
610001	0.4819075517	1.3657942214	-50342.1160932751
620001	0.4866861920	1.3657942214	-50441.5077724641
630001	0.4833975695	1.3657942214	-50373.2202836940
640001	0.4863866389	1.3657942214	-50435.3078691895
650001	0.4937618431	1.3657942214	-50586.7423332038
660001	0.4802720631	1.3657942214	-50307.8549565241
670001	0.4859375512	1.3657942214	-50426.0049959764
680001	0.4871357926	1.3657942214	-50450.8046093268
690001	0.4930058545	1.3657942214	-50571.3340638268
700001	0.8486147834	1.3657942214	-55614.7456788970
710001	0.8442068810	1.3657942214	-55572.9676704489
720001	0.8748691891	1.3657942214	-55855.5937616683
730001	0.8680277231	1.3657942214	-55794.1293375028
740001	0.8532962124	1.3657942214	-55658.6897843095
750001	0.8761433040	1.3657942214	-55866.9403263237
760001	0.8444510613	1.3657942214	-55575.2924108112
770001	0.8466523565	1.3657942214	-55596.1952816482
780001	0.8451840912	1.3657942214	-55582.2639936074
790001	0.8595022006	1.3657942214	-55716.2679170071
800001	1.8181536641	1.3657942214	-59445.0915832911
810001	1.8463903471	1.3657942214	-59475.8075122258
820001	1.8492745297	1.3657942214	-59478.8345172876
830001	1.8293180042	1.3657942214	-59457.4747817050
840001	1.8089783029	1.3657942214	-59434.6745003403
850001	1.8190776104	1.3657942214	-59446.1284158500
860001	1.8209285091	1.3657942214	-59448.1994138891
870001	1.7486218807	1.3657942214	-59360.4215617935
880001	1.8302559833	1.3657942214	-59458.5009093892
890001	1.8135518854	1.3657942214	-59439.8941084912
900001	1.7303788934	1.3657942214	-59335.8927329994
910001	1.7070054130	1.3657942214	-59302.9436940756
920001	1.6889839420	1.3657942214	-59276.3211384774
930001	1.7117802794	1.3657942214	-59309.8176613581
940001	1.6944221165	1.3657942214	-59284.4691920543
950001	1.6928639501	1.3657942214	-59282.1452284052
960001	1.7238562230	1.3657942214	-59326.8728485176
970001	1.7427679110	1.3657942214	-59352.6610241228
980001	1.7336619085	1.3657942214	-59340.3826858099
990001	1.7361342485	1.3657942214	-59343.7413787044
