site	rate	t	lnL
1	1.9133540476	6.9267222064	-621312.8500487217
100001	1.0206174036	6.9267222064	-528294.4394093273
200001	1.0962355959	6.9267222064	-626358.1497651963
300001	1.4365823185	6.9267222064	-595264.4862574377
400001	0.0352252161	6.9267222064	-341419.7318716529
500001	1.4281489821	6.9267222064	-605341.1371418869
600001	1.1473738693	6.9267222064	-482668.8571729301
700001	1.2076313383	6.9267222064	-537820.8730119854
800001	1.1151307402	6.9267222064	-612186.5566722252
900001	1.5759941855	6.9267222064	-590491.5649209147
