site	rate	t	lnL
1	1.7114545699	1.7361234407	-60908.5174817616
10001	1.6974205774	1.7361234407	-61005.0790585690
20001	1.7175338623	1.7361234407	-60845.5459341154
30001	1.5894890382	1.7361234407	-60786.3502777504
40001	1.7432213156	1.7361234407	-61027.8666140332
50001	1.7384100258	1.7361234407	-61104.4518134032
60001	1.7212082345	1.7361234407	-60879.1927750928
70001	1.7345770862	1.7361234407	-61082.4385355200
80001	1.6031735904	1.7361234407	-60839.6877617907
90001	1.6391341641	1.7361234407	-60833.2301295060
100001	0.4950704317	1.7361234407	-46404.6601714720
110001	0.5028280420	1.7361234407	-46523.0354345397
120001	0.5080248398	1.7361234407	-46550.7204685436
130001	0.5152185178	1.7361234407	-46719.5239013347
140001	0.5023523823	1.7361234407	-46493.6957183104
150001	0.5062816271	1.7361234407	-46593.8112635875
160001	0.4954683210	1.7361234407	-46381.6749449452
170001	0.5212656150	1.7361234407	-46805.0824403929
180001	0.5197068187	1.7361234407	-46730.5279403939
190001	0.5198103260	1.7361234407	-46750.2172818759
200001	1.4948419033	1.7361234407	-59935.8078613273
210001	1.5210691094	1.7361234407	-60121.7215717682
220001	1.5555428000	1.7361234407	-60165.4124293128
230001	1.5050098346	1.7361234407	-59881.3981646390
240001	1.5727057360	1.7361234407	-60188.2937193164
250001	1.5536778566	1.7361234407	-60121.6917542387
260001	1.5407181272	1.7361234407	-59884.5512492923
270001	1.5220476772	1.7361234407	-60084.2451923211
280001	1.5570153141	1.7361234407	-60024.5269153428
290001	1.5325546989	1.7361234407	-60153.2961046100
300001	1.5938798917	1.7361234407	-57919.0451988650
310001	1.5738081293	1.7361234407	-57714.0071363579
320001	1.5778522073	1.7361234407	-57926.4011724614
330001	1.5895741754	1.7361234407	-57879.8306586792
340001	1.6266695154	1.7361234407	-57938.4462765018
350001	1.5471045711	1.7361234407	-57867.5350999073
360001	1.5670257570	1.7361234407	-57774.1692093751
370001	1.5578888186	1.7361234407	-57854.6658402513
380001	1.5699400759	1.7361234407	-57809.6721423122
390001	1.5049879537	1.7361234407	-57708.7720441625
400001	0.0583001777	1.7361234407	-30758.9701495988
410001	0.0613307730	1.7361234407	-31063.9957488682
420001	0.0622709652	1.7361234407	-31127.8151407707
430001	0.0559269932	1.7361234407	-30478.2015890433
440001	0.0647716227	1.7361234407	-31478.9054075559
450001	0.0573220312	1.7361234407	-30671.7658124136
460001	0.0601886059	1.7361234407	-30927.5217365545
470001	0.0604162485	1.7361234407	-30935.9582644967
480001	0.0600555930	1.7361234407	-30924.3234819711
490001	0.0621979237	1.7361234407	-31176.7617993586
500001	1.8278996756	1.7361234407	-58561.3029936577
510001	1.7901620745	1.7361234407	-58622.8358591683
520001	1.9000795836	1.7361234407	-58656.1202201331
530001	1.7890793940	1.7361234407	-58619.2824597101
540001	1.8196436976	1.7361234407	-58623.3303367418
550001	1.8556278143	1.7361234407	-58547.5694753289
560001	1.8243817045	1.7361234407	-58644.0656344110
570001	1.8678013862	1.7361234407	-58479.8856356114
580001	1.8285373318	1.7361234407	-58654.0176564953
590001	1.8585737624	1.7361234407	-58657.1545824589
600001	0.4017872248	1.7361234407	-41017.8394361990
610001	0.4150230074	1.7361234407	-41247.1710823602
620001	0.4030568263	1.7361234407	-41123.2791264796
630001	0.4146692651	1.7361234407	-41286.3821823915
640001	0.4078751430	1.7361234407	-41271.2418198787
650001	0.4034044714	1.7361234407	-41100.7342417775
660001	0.3947945435	1.7361234407	-41042.5193146477
670001	0.3982672443	1.7361234407	-41053.8115088426
680001	0.3998575650	1.7361234407	-41064.3030685158
690001	0.4128989698	1.7361234407	-41237.9296669961
700001	0.6335749562	1.7361234407	-50218.6778299075
710001	0.6544736341	1.7361234407	-50570.5212778720
720001	0.6298413565	1.7361234407	-50250.3198854240
730001	0.6337823100	1.7361234407	-50279.6781514697
740001	0.6212471998	1.7361234407	-50269.5391233082
750001	0.6429672340	1.7361234407	-50420.6258622102
760001	0.5911221453	1.7361234407	-49924.2219404871
770001	0.6072058911	1.7361234407	-50209.6317871533
780001	0.6326816913	1.7361234407	-50344.7631113317
790001	0.6100120314	1.7361234407	-50241.3912935827
800001	1.3123757927	1.7361234407	-59496.2412355619
810001	1.2855202771	1.7361234407	-59323.0038595987
820001	1.2745730343	1.7361234407	-59448.7361650944
830001	1.2710406030	1.7361234407	-59465.3573249322
840001	1.3114892511	1.7361234407	-59434.6287934530
850001	1.3027166089	1.7361234407	-59305.2720931475
860001	1.2718777828	1.7361234407	-59374.2647088008
870001	1.3081795501	1.7361234407	-59463.9379879248
880001	1.3003048270	1.7361234407	-59441.2281058210
890001	1.3638150619	1.7361234407	-59559.4048381527
900001	1.4769797296	1.7361234407	-57289.6533057225
910001	1.4942210196	1.7361234407	-57516.3349880312
920001	1.4999775748	1.7361234407	-57360.7949294709
930001	1.4271393075	1.7361234407	-57443.3099382920
940001	1.4572110826	1.7361234407	-57551.7165163524
950001	1.4852487745	1.7361234407	-57551.7530700754
960001	1.4533238726	1.7361234407	-57306.2882171998
970001	1.4702155620	1.7361234407	-57361.2586372414
980001	1.4500283093	1.7361234407	-57295.6421149757
990001	1.5056777596	1.7361234407	-57520.8307130910
