site	rate	t	lnL
1	3.4295976903	1.9227003965	-59914.4690182009
10001	2.6429039262	1.9227003965	-59911.1102516177
20001	2.5181036805	1.9227003965	-59908.9855194067
30001	2.8322015413	1.9227003965	-59912.9200212327
40001	2.7611680202	1.9227003965	-59912.3861506260
50001	2.5321622522	1.9227003965	-59909.2772009347
60001	2.9450969846	1.9227003965	-59913.5222861878
70001	2.3897107692	1.9227003965	-59905.4817653697
80001	2.6429024500	1.9227003965	-59911.1102516176
90001	2.6255627111	1.9227003965	-59910.8709236693
100001	0.8777675658	1.9227003965	-58096.3954571318
110001	0.8585883803	1.9227003965	-57982.1863478329
120001	0.8955326105	1.9227003965	-58196.3827668087
130001	0.8509418380	1.9227003965	-57934.7576289727
140001	0.8915657732	1.9227003965	-58174.5246743478
150001	0.8583032291	1.9227003965	-57980.4369979053
160001	0.8588738290	1.9227003965	-57983.9351370234
170001	0.8789529839	1.9227003965	-58103.2376225648
180001	0.9001476380	1.9227003965	-58221.4811577989
190001	0.8603030740	1.9227003965	-57992.6706660195
200001	2.1972083135	1.9227003965	-59895.8792086903
210001	2.0656683014	1.9227003965	-59884.1655633717
220001	2.2524221992	1.9227003965	-59899.3547522899
230001	2.0804040740	1.9227003965	-59885.7709423166
240001	2.2868226295	1.9227003965	-59901.1910302892
250001	2.0685828349	1.9227003965	-59884.4898079012
260001	1.9655425097	1.9227003965	-59870.6926426143
270001	2.0744589922	1.9227003965	-59885.1335481932
280001	2.2280379887	1.9227003965	-59897.9057909317
290001	2.1934798980	1.9227003965	-59895.6183371786
300001	1.9951302798	1.9227003965	-59875.1868037254
310001	2.1645779289	1.9227003965	-59893.4714717534
320001	2.0925001488	1.9227003965	-59887.0266220865
330001	2.1240298896	1.9227003965	-59890.0535279809
340001	2.0027974012	1.9227003965	-59876.2761422397
350001	2.1861026347	1.9227003965	-59895.0915885662
360001	2.0541738542	1.9227003965	-59882.8528063727
370001	1.8816161691	1.9227003965	-59855.0492773851
380001	2.1371978445	1.9227003965	-59891.2189949301
390001	1.9925990136	1.9227003965	-59874.8206361644
400001	0.1148270066	1.9227003965	-40334.7808388956
410001	0.1191461224	1.9227003965	-40611.0826856111
420001	0.1143493214	1.9227003965	-40303.9214732470
430001	0.1202487151	1.9227003965	-40680.8486745754
440001	0.1151001740	1.9227003965	-40352.4003565063
450001	0.1157153115	1.9227003965	-40392.0060691822
460001	0.1156469302	1.9227003965	-40387.6080422999
470001	0.1174964798	1.9227003965	-40506.1270016273
480001	0.1147587376	1.9227003965	-40330.3743238283
490001	0.1091910099	1.9227003965	-39966.7866408693
500001	2.1207909919	1.9227003965	-59889.7580999694
510001	2.3480808115	1.9227003965	-59903.9385950593
520001	2.1439089076	1.9227003965	-59891.7919491468
530001	2.1017589862	1.9227003965	-59887.9515925512
540001	2.2047459942	1.9227003965	-59896.3959339567
550001	2.1972082286	1.9227003965	-59895.8792086904
560001	2.1716540790	1.9227003965	-59894.0181366553
570001	2.4409112101	1.9227003965	-59907.0812655222
580001	2.2240829503	1.9227003965	-59897.6583623920
590001	2.1541408096	1.9227003965	-59892.6391042519
600001	0.7615325797	1.9227003965	-57290.1628503146
610001	0.7601141425	1.9227003965	-57278.4639529562
620001	0.7720545338	1.9227003965	-57375.3946094380
630001	0.7631923779	1.9227003965	-57303.7884611680
640001	0.7549459694	1.9227003965	-57235.4120323084
650001	0.7653341716	1.9227003965	-57321.2704825948
660001	0.7706070160	1.9227003965	-57363.8303512021
670001	0.7830404400	1.9227003965	-57461.5359683219
680001	0.7691637623	1.9227003965	-57352.2476500657
690001	0.7737483133	1.9227003965	-57388.8628987544
700001	0.9805275426	1.9227003965	-58606.1721987318
710001	0.9787273432	1.9227003965	-58598.5567561998
720001	0.9655952595	1.9227003965	-58541.7089574456
730001	0.9808884253	1.9227003965	-58607.6933711357
740001	0.9659459900	1.9227003965	-58543.2567574580
750001	0.9751453594	1.9227003965	-58583.2780679539
760001	0.9701716688	1.9227003965	-58561.7812254342
770001	0.9747884570	1.9227003965	-58581.7467008161
780001	0.9826961739	1.9227003965	-58615.2896388994
790001	0.9641954758	1.9227003965	-58535.5114719496
800001	2.0774225313	1.9227003965	-59885.4530396153
810001	2.2280376901	1.9227003965	-59897.9057909319
820001	2.2162616862	1.9227003965	-59897.1584407238
830001	2.2201570757	1.9227003965	-59897.4092448265
840001	2.1143685643	1.9227003965	-59889.1623864071
850001	2.1575967562	1.9227003965	-59892.9182062861
860001	2.2320237714	1.9227003965	-59898.1515279501
870001	2.2823953518	1.9227003965	-59900.9675138811
880001	2.2162617759	1.9227003965	-59897.1584407240
890001	2.4118465317	1.9227003965	-59906.2106187861
900001	1.9109841429	1.9227003965	-59861.0585314409
910001	1.9727832452	1.9227003965	-59871.8365972983
920001	1.8755324236	1.9227003965	-59853.7248824431
930001	2.0834006039	1.9227003965	-59886.0872541106
940001	2.0079724084	1.9227003965	-59876.9947110047
950001	1.9285440930	1.9227003965	-59864.3644413909
960001	2.1272908149	1.9227003965	-59890.3473337739
970001	2.0027981550	1.9227003965	-59876.2761422396
980001	2.0541739071	1.9227003965	-59882.8528063730
990001	1.9900807513	1.9227003965	-59874.4529445760
