site	rate	t	lnL
1	2.1315178584	1.3657860452	-596953.1747413672
100001	0.6807234863	1.3657860452	-537082.4236347235
200001	1.8129206333	1.3657860452	-594391.6469411899
300001	1.7471227764	1.3657860452	-593584.2994137384
400001	0.1257519495	1.3657860452	-385973.2859930473
500001	1.8298921137	1.3657860452	-594580.9056579366
600001	0.4885492321	1.3657860452	-504799.1124938296
700001	0.8517211094	1.3657860452	-556439.0535239998
800001	1.8349754978	1.3657860452	-594636.1809690725
900001	1.7220826542	1.3657860452	-593243.8306170021
