site	rate	t	lnL
1	2.6358243778	4.0883740488	-62113.8273547533
10001	2.2396131139	4.0883740488	-62101.5098547726
20001	2.3126437312	4.0883740488	-62004.0071948727
30001	2.1668608191	4.0883740488	-62076.4571012137
40001	2.1674283052	4.0883740488	-61977.4498940329
50001	2.2452981095	4.0883740488	-62059.2495878577
60001	2.3173035281	4.0883740488	-62136.9263207984
70001	2.2324083362	4.0883740488	-61998.6621267487
80001	2.1297763999	4.0883740488	-62039.9362669318
90001	2.1496610146	4.0883740488	-62037.0841049329
100001	0.4498231819	4.0883740488	-50658.9675582419
110001	0.4433259616	4.0883740488	-50692.7210459359
120001	0.4452043792	4.0883740488	-50511.3392785064
130001	0.4385004632	4.0883740488	-50546.1792504478
140001	0.4517519201	4.0883740488	-50685.0681626239
150001	0.4601452005	4.0883740488	-50626.8838255467
160001	0.4621890218	4.0883740488	-50739.3271885324
170001	0.4525527536	4.0883740488	-50728.6193112143
180001	0.4404472951	4.0883740488	-50451.5580734631
190001	0.4455110764	4.0883740488	-50550.8344527805
200001	1.3306168803	4.0883740488	-62114.7524633030
210001	1.3206856695	4.0883740488	-62386.0403895301
220001	1.4015962205	4.0883740488	-62244.3059394103
230001	1.3640370906	4.0883740488	-62207.0663721467
240001	1.4147479998	4.0883740488	-62298.4843019965
250001	1.3320438794	4.0883740488	-62231.3446906053
260001	1.3960828795	4.0883740488	-62206.9035392080
270001	1.4517029848	4.0883740488	-62282.5767586856
280001	1.3598174724	4.0883740488	-62200.5840104223
290001	1.3901373959	4.0883740488	-62231.4329828278
300001	1.7882577672	4.0883740488	-59274.8516131668
310001	1.8923313479	4.0883740488	-59335.6557638716
320001	1.8314574885	4.0883740488	-59366.5796621732
330001	1.7841688396	4.0883740488	-59447.3962708337
340001	1.8060277891	4.0883740488	-59421.0200394393
350001	1.8319816589	4.0883740488	-59394.1625674932
360001	1.7540446959	4.0883740488	-59419.6582307454
370001	1.7501677537	4.0883740488	-59353.2662202866
380001	1.7958216104	4.0883740488	-59379.1225202031
390001	1.8629962918	4.0883740488	-59467.2815086746
400001	0.0346725421	4.0883740488	-32676.7866402719
410001	0.0349550319	4.0883740488	-32672.7685594673
420001	0.0357566871	4.0883740488	-32959.1677234112
430001	0.0357408471	4.0883740488	-32940.5466533414
440001	0.0370739966	4.0883740488	-33162.7066616668
450001	0.0354366264	4.0883740488	-32908.8957816074
460001	0.0359612813	4.0883740488	-32992.7666525866
470001	0.0356120793	4.0883740488	-32881.6992048782
480001	0.0365398276	4.0883740488	-33079.5864924459
490001	0.0339738807	4.0883740488	-32546.8634375322
500001	1.7081296962	4.0883740488	-60268.8939538124
510001	1.7113525938	4.0883740488	-60350.9316721913
520001	1.7608098945	4.0883740488	-60196.8532701522
530001	1.7099178868	4.0883740488	-60389.8952569164
540001	1.7081479493	4.0883740488	-60256.6249123146
550001	1.8407577051	4.0883740488	-60225.0142924516
560001	1.7795272361	4.0883740488	-60242.8503842551
570001	1.6929558291	4.0883740488	-60315.7276729239
580001	1.7361988502	4.0883740488	-60204.0587484881
590001	1.7423766668	4.0883740488	-60204.7267511639
600001	0.5714454537	4.0883740488	-45790.7616802745
610001	0.5472180824	4.0883740488	-45613.2343505528
620001	0.5601556409	4.0883740488	-45668.5458191168
630001	0.5787250399	4.0883740488	-45761.1058562515
640001	0.5466398482	4.0883740488	-45572.2702718809
650001	0.5813750498	4.0883740488	-45752.3039657375
660001	0.5805591483	4.0883740488	-45753.8973408666
670001	0.5476106334	4.0883740488	-45497.5869244182
680001	0.5709610566	4.0883740488	-45683.3108085850
690001	0.5929779168	4.0883740488	-45780.8551550166
700001	0.7682413816	4.0883740488	-53215.3438660602
710001	0.8019259036	4.0883740488	-53220.4396529692
720001	0.8189471904	4.0883740488	-53414.7181362152
730001	0.7968789911	4.0883740488	-53276.5928111299
740001	0.7938129518	4.0883740488	-53201.3036453102
750001	0.7357825888	4.0883740488	-53080.8220391641
760001	0.7955333913	4.0883740488	-53146.8068988153
770001	0.7666604875	4.0883740488	-53119.8843635090
780001	0.8237467078	4.0883740488	-53041.4460914078
790001	0.8056299081	4.0883740488	-53173.4371249598
800001	1.4206190117	4.0883740488	-61194.0215753406
810001	1.4657906102	4.0883740488	-61216.6263112985
820001	1.6375893632	4.0883740488	-61114.9519240336
830001	1.5462239046	4.0883740488	-61166.8589365957
840001	1.5140805894	4.0883740488	-61051.3946352373
850001	1.6074350811	4.0883740488	-61168.3511969110
860001	1.5763846717	4.0883740488	-61179.4523744612
870001	1.4944591865	4.0883740488	-61079.1512277461
880001	1.3378652470	4.0883740488	-61070.3700637274
890001	1.5495977807	4.0883740488	-61174.3793648513
900001	1.7199086756	4.0883740488	-58912.1053759762
910001	1.7689256353	4.0883740488	-58928.8733941189
920001	1.8217799797	4.0883740488	-58913.2812185059
930001	1.7040170434	4.0883740488	-58818.3888794059
940001	1.8823876553	4.0883740488	-58861.0378921420
950001	1.7325889093	4.0883740488	-58777.6611446117
960001	1.8980745908	4.0883740488	-58983.2890455884
970001	1.7986951183	4.0883740488	-58911.2319574301
980001	1.8222655132	4.0883740488	-58990.2938449912
990001	1.8189568695	4.0883740488	-58874.8570850577
