site	rate	t	lnL
1	2.7695556906	1.9277961159	-599125.1697433105
100001	0.8722977090	1.9277961159	-580780.4769420304
200001	2.1216677526	1.9277961159	-598903.4733377399
300001	2.0450716417	1.9277961159	-598824.2074003698
400001	0.1154844813	1.9277961159	-403968.4314675938
500001	2.1825203591	1.9277961159	-598952.5031311744
600001	0.7788831887	1.9277961159	-574453.4493636541
700001	0.9763912856	1.9277961159	-585996.2387873646
800001	2.1843578918	1.9277961159	-598953.8212546445
900001	1.9678109135	1.9277961159	-598718.7449563383
