site	rate	t	lnL
1	2.8273971501	1.9174445019	-59912.8359084157
10001	3.2410821471	1.9174445019	-59914.2699461184
20001	2.9077898498	1.9174445019	-59913.3112046494
30001	2.7160138001	1.9174445019	-59911.8880436975
40001	2.7261379151	1.9174445019	-59911.9915131011
50001	2.5916747025	1.9174445019	-59910.2396105885
60001	2.8935084777	1.9174445019	-59913.2368968251
70001	2.5609877995	1.9174445019	-59909.7008310017
80001	2.4416410157	1.9174445019	-59906.9107442894
90001	2.2755582963	1.9174445019	-59900.2866267958
100001	0.8678534869	1.9174445019	-58024.0021355103
110001	0.8658282825	1.9174445019	-58011.8393658924
120001	0.8640984633	1.9174445019	-58001.3921512553
130001	0.8666950112	1.9174445019	-58017.0553666091
140001	0.8672740118	1.9174445019	-58020.5298800208
150001	0.8946196302	1.9174445019	-58177.8938555546
160001	0.8840465773	1.9174445019	-58118.5989604628
170001	0.8518667163	1.9174445019	-57925.9299359515
180001	0.8618008748	1.9174445019	-57987.4310325196
190001	0.8643862815	1.9174445019	-58003.1347611858
200001	2.1138038849	1.9174445019	-59888.5602112499
210001	2.0921345982	1.9174445019	-59886.4019728045
220001	2.0951757788	1.9174445019	-59886.7150961985
230001	2.1957804222	1.9174445019	-59895.3557963285
240001	2.1566028856	1.9174445019	-59892.3583591554
250001	2.1013115646	1.9174445019	-59887.3365482553
260001	2.1531836090	1.9174445019	-59892.0759733413
270001	2.1600442604	1.9174445019	-59892.6391042517
280001	2.1920947596	1.9174445019	-59895.0915885662
290001	2.1298515462	1.9174445019	-59890.0535279810
300001	2.0742521702	1.9174445019	-59884.4898079012
310001	1.9614048156	1.9174445019	-59869.1463447086
320001	2.0951767701	1.9174445019	-59886.7150961985
330001	2.0742520460	1.9174445019	-59884.4898079012
340001	2.1106527424	1.9174445019	-59888.2567062192
350001	1.9757587869	1.9174445019	-59871.4567847254
360001	2.0187179037	1.9174445019	-59877.7071353687
370001	2.1201632891	1.9174445019	-59889.1623864070
380001	2.0982356152	1.9174445019	-59887.0266220865
390001	1.9806335742	1.9174445019	-59872.2149016212
400001	0.1148679950	1.9174445019	-40317.1508487554
410001	0.1171996102	1.9174445019	-40466.6731239388
420001	0.1150048558	1.9174445019	-40325.9671539609
430001	0.1150733512	1.9174445019	-40330.3743238283
440001	0.1188518063	1.9174445019	-40571.7675745673
450001	0.1118660037	1.9174445019	-40122.5248124593
460001	0.1164441345	1.9174445019	-40418.3805668862
470001	0.1152102564	1.9174445019	-40339.1866994302
480001	0.1149364430	1.9174445019	-40321.5593290260
490001	0.1185760853	1.9174445019	-40554.2775487810
500001	2.2301782410	1.9174445019	-59897.6583623918
510001	2.1994928327	1.9174445019	-59895.6183371787
520001	2.1884345425	1.9174445019	-59894.8257163106
530001	2.1884356886	1.9174445019	-59894.8257163105
540001	2.1430557014	1.9174445019	-59891.2189949301
550001	2.1635107822	1.9174445019	-59892.9182062861
560001	2.2381417281	1.9174445019	-59898.1515279504
570001	2.2341453739	1.9174445019	-59897.9057909317
580001	2.1635104532	1.9174445019	-59892.9182062860
590001	2.1364127697	1.9174445019	-59890.6395150606
600001	0.7574843462	1.9174445019	-57239.3359504835
610001	0.7486447802	1.9174445019	-57164.4373656203
620001	0.7454253497	1.9174445019	-57136.6607008431
630001	0.7800170725	1.9174445019	-57421.4666788964
640001	0.7732025966	1.9174445019	-57367.6871544700
650001	0.7463431276	1.9174445019	-57144.6068794814
660001	0.7722363858	1.9174445019	-57359.9714987243
670001	0.7577192219	1.9174445019	-57241.2971526370
680001	0.7579537489	1.9174445019	-57243.2578500132
690001	0.7560785626	1.9174445019	-57227.5581437294
700001	0.9405256966	1.9174445019	-58414.2696338048
710001	0.9700023684	1.9174445019	-58549.4416649041
720001	1.0084076279	1.9174445019	-58708.1428666976
730001	0.9588388009	1.9174445019	-58499.6814527925
740001	0.9616074807	1.9174445019	-58512.1815589530
750001	0.9828538021	1.9174445019	-58604.6503872944
760001	0.9982586918	1.9174445019	-58668.0133597596
770001	0.9879382929	1.9174445019	-58625.8975041419
780001	0.9664879553	1.9174445019	-58533.9605304041
790001	0.9781763543	1.9174445019	-58584.8087997735
800001	2.2421685626	1.9174445019	-59898.3955709422
810001	2.2341457319	1.9174445019	-59897.9057909317
820001	2.2223372386	1.9174445019	-59897.1584407239
830001	2.1920945787	1.9174445019	-59895.0915885662
840001	2.2146101296	1.9174445019	-59896.6517828204
850001	2.2421689524	1.9174445019	-59898.3955709424
860001	2.1994921229	1.9174445019	-59895.6183371786
870001	2.1705096331	1.9174445019	-59893.4714717532
880001	2.3020822131	1.9174445019	-59901.6328785193
890001	2.1705096743	1.9174445019	-59893.4714717533
900001	1.9405868463	1.9174445019	-59865.5799174003
910001	2.1397237385	1.9174445019	-59890.9300695468
920001	2.1044066746	1.9174445019	-59887.6448724856
930001	2.1705112042	1.9174445019	-59893.4714717534
940001	1.9806336828	1.9174445019	-59872.2149016212
950001	2.0187181589	1.9174445019	-59877.7071353686
960001	2.0057116421	1.9174445019	-59875.9145587690
970001	1.9905202955	1.9174445019	-59873.7129972794
980001	1.9451415206	1.9174445019	-59866.3828491439
990001	1.9637698685	1.9174445019	-59869.5351660783
