site	rate	t	lnL
1	1.7428272459	0.8733245192	-575268.6691688901
100001	0.6548525663	0.8733245192	-489225.4135681055
200001	1.5439969388	0.8733245192	-567466.0882574543
300001	1.4876151771	0.8733245192	-564838.1023785160
400001	0.1436258267	0.8733245192	-367613.5787219407
500001	1.5527106047	0.8733245192	-567854.4398874057
600001	0.4342702807	0.8733245192	-448935.9455256339
700001	0.8129166409	0.8733245192	-511019.4231551648
800001	1.5232962729	0.8733245192	-566524.6949045665
900001	1.4565762660	0.8733245192	-563302.4592326283
