site	rate	t	lnL
1	2.2291522799	3.1900499272	-620770.5232732501
100001	0.5002885739	3.1900499272	-503272.5391160221
200001	1.3681522607	3.1900499272	-622155.1854691914
300001	1.6511520684	3.1900499272	-592789.5730803119
400001	0.0475424970	3.1900499272	-325166.1032589035
500001	1.8221322871	3.1900499272	-602432.7203963752
600001	0.4592914968	3.1900499272	-450259.1027813438
700001	0.8974343090	3.1900499272	-529760.7418419338
800001	1.4762653379	3.1900499272	-611172.7914250470
900001	1.6060383697	3.1900499272	-588619.6438649312
