site	rate	t	lnL
1	1.7730493844	8.2943932796	-62101.4193239410
10001	1.7296801178	8.2943932796	-62123.7924476548
20001	1.5841908462	8.2943932796	-62094.8835229455
30001	6824.5634468814	8.2943932796	-62218.5519462479
40001	2.8170156831	8.2943932796	-62213.2550057200
50001	2.2302471028	8.2943932796	-62104.9512855598
60001	3.2489997436	8.2943932796	-62033.1486464277
70001	2.6938186703	8.2943932796	-62156.7400037535
80001	1.8392937221	8.2943932796	-62179.9629433376
90001	22.4996812692	8.2943932796	-61983.2842957793
100001	0.7090449425	8.2943932796	-52611.7920965530
110001	0.7510079051	8.2943932796	-52794.5613764262
120001	0.7265457815	8.2943932796	-52735.5526930633
130001	0.7592614622	8.2943932796	-52833.9989459759
140001	0.7325911929	8.2943932796	-52808.6595339882
150001	0.7368299504	8.2943932796	-52743.8452300223
160001	0.7061437897	8.2943932796	-52673.1654450980
170001	0.7254703917	8.2943932796	-52661.3026888149
180001	0.7400571096	8.2943932796	-52687.5567023165
190001	0.7177356718	8.2943932796	-52695.9397205310
200001	1.1672985104	8.2943932796	-62648.3191104963
210001	1.1304922017	8.2943932796	-62710.7275791915
220001	1.1822490633	8.2943932796	-62446.1856917834
230001	1.2006394883	8.2943932796	-62603.7357807069
240001	1.1553879982	8.2943932796	-62502.1990463279
250001	1.2202314209	8.2943932796	-62465.3380446946
260001	1.1169386896	8.2943932796	-62415.9311560547
270001	1.0983845209	8.2943932796	-62658.4108469949
280001	1.1296981366	8.2943932796	-62554.5656896038
290001	1.1327136181	8.2943932796	-62681.6741463657
300001	1.3549890103	8.2943932796	-59583.9757276292
310001	1.4064413982	8.2943932796	-59507.9115723695
320001	1.2812859980	8.2943932796	-59538.2458020125
330001	1.3258789244	8.2943932796	-59539.2628225390
340001	1.3074953269	8.2943932796	-59580.0900065341
350001	1.2905794864	8.2943932796	-59495.1019357241
360001	1.3157979157	8.2943932796	-59717.9491188966
370001	1.3226300314	8.2943932796	-59609.0916826209
380001	1.2666043772	8.2943932796	-59504.4157908038
390001	1.4584318455	8.2943932796	-59366.5142025729
400001	0.0246648908	8.2943932796	-35132.2814767945
410001	0.0248980199	8.2943932796	-35197.1413643019
420001	0.0250536245	8.2943932796	-35253.7048240428
430001	0.0246287829	8.2943932796	-35107.6760569467
440001	0.0256411595	8.2943932796	-35424.6282418343
450001	0.0246463323	8.2943932796	-35143.0059685392
460001	0.0255679662	8.2943932796	-35365.6386683027
470001	0.0262797994	8.2943932796	-35685.9989994554
480001	0.0257343443	8.2943932796	-35475.2345499113
490001	0.0243733910	8.2943932796	-34979.1737068294
500001	1.2783208345	8.2943932796	-60525.5941996624
510001	1.4097262653	8.2943932796	-60540.5177855611
520001	1.3679469878	8.2943932796	-60546.3235583615
530001	1.2775323254	8.2943932796	-60521.0217190008
540001	1.3378590145	8.2943932796	-60524.3445178931
550001	1.3216764273	8.2943932796	-60477.8037639400
560001	1.3735140991	8.2943932796	-60462.3996896625
570001	1.2625950847	8.2943932796	-60459.0614553852
580001	1.3342695148	8.2943932796	-60535.3101959240
590001	1.2962603398	8.2943932796	-60516.5903251480
600001	1.2343908824	8.2943932796	-48357.9797793797
610001	1.3581326388	8.2943932796	-48329.8602235428
620001	1.5029336536	8.2943932796	-48432.4785766072
630001	1.5337119629	8.2943932796	-48387.8969142254
640001	1.4262853824	8.2943932796	-48309.9901744873
650001	1.3065104347	8.2943932796	-48286.0295472989
660001	1.3172810626	8.2943932796	-48253.1974176145
670001	1.5832978524	8.2943932796	-48496.5832228156
680001	1.4303783439	8.2943932796	-48307.0365223056
690001	1.3239765189	8.2943932796	-48408.9614561475
700001	0.9392853026	8.2943932796	-53903.9000121676
710001	0.9562728614	8.2943932796	-53770.7731809072
720001	1.0063826659	8.2943932796	-53868.1652709174
730001	1.0220852258	8.2943932796	-53795.8817532027
740001	1.0048496250	8.2943932796	-53645.7825046735
750001	0.9367433477	8.2943932796	-53924.1050783195
760001	1.0315220148	8.2943932796	-53804.9647795376
770001	0.9789569610	8.2943932796	-53676.1967958354
780001	1.0154448461	8.2943932796	-53754.7018639773
790001	0.9388097727	8.2943932796	-53805.9666561421
800001	1.4210679289	8.2943932796	-61248.9393622890
810001	1.6071398515	8.2943932796	-61275.2521026418
820001	1677.0786372011	8.2943932796	-61239.7353412491
830001	1.5836207000	8.2943932796	-61318.3613703373
840001	2.3130067806	8.2943932796	-61286.3962918906
850001	1.3667602932	8.2943932796	-61218.4389422054
860001	1.5339674521	8.2943932796	-61281.7926189882
870001	1.7692123014	8.2943932796	-61274.4738684450
880001	1.5798147725	8.2943932796	-61368.3103112723
890001	1.6204109192	8.2943932796	-61219.2106166528
900001	1.4446661129	8.2943932796	-59088.9070810893
910001	1.6471528662	8.2943932796	-58881.2752988711
920001	1.7486011150	8.2943932796	-58941.4134738344
930001	1.9540490241	8.2943932796	-58960.0133495798
940001	1.4418492515	8.2943932796	-59146.6244595129
950001	1.5446354540	8.2943932796	-59111.7010228017
960001	1.8340115268	8.2943932796	-59121.2360447196
970001	1.6751351269	8.2943932796	-59139.9643211311
980001	1.4795472692	8.2943932796	-59193.1560189781
990001	1.7153341587	8.2943932796	-59050.0614215828
