site	rate	t	lnL
1	2.7667457129	1.9281726193	-599124.9851765023
100001	0.8730379224	1.9281726193	-580833.7012904832
200001	2.0577817788	1.9281726193	-598839.3765194945
300001	2.0446724912	1.9281726193	-598824.2074003691
400001	0.1157962154	1.9281726193	-404183.8056688587
500001	2.1573845793	1.9281726193	-598933.8890225607
600001	0.7848685562	1.9281726193	-574926.6915461494
700001	0.9728765895	1.9281726193	-585854.2091455767
800001	2.1846680353	1.9281726193	-598954.3473371950
900001	1.9902275450	1.9281726193	-598752.9635650967
