site	rate	t	lnL
1	2.7797215364	1.7441487808	-599090.5913269374
100001	0.7753876473	1.7441487808	-567669.8188247462
200001	2.1707357280	1.7441487808	-598712.6631345414
300001	2.1006981601	1.7441487808	-598600.0626067689
400001	0.1147680660	1.7441487808	-396275.4135071511
500001	2.2393313952	1.7441487808	-598800.8319811804
600001	0.6090772176	1.7441487808	-548934.4397413654
700001	0.9222211566	1.7441487808	-578426.3220302392
800001	2.2450575268	1.7441487808	-598807.3428061585
900001	2.0363947529	1.7441487808	-598471.8976894640
