site	rate	t	lnL
1	2.7722726886	1.9290849815	-599125.5365503232
100001	0.8707191086	1.9290849815	-580722.0388336440
200001	2.0988571928	1.9290849815	-598883.4792673819
300001	2.0487936247	1.9290849815	-598830.1827883180
400001	0.1164719094	1.9290849815	-404653.5709364436
500001	2.2020090247	1.9290849815	-598967.0275117756
600001	0.7779955790	1.9290849815	-574424.8381098916
700001	0.9777859062	1.9290849815	-586083.0166111196
800001	2.1425674220	1.9290849815	-598922.7381558003
900001	1.9956558738	1.9290849815	-598762.0394804513
