site	rate	t	lnL
1	1.8904936781	2.8533836299	-61856.1021837585
10001	1.8699486631	2.8533836299	-62031.4613678009
20001	1.7581709157	2.8533836299	-61975.9797208909
30001	1.7663383054	2.8533836299	-61637.0185119179
40001	1.8668739842	2.8533836299	-61873.7192124096
50001	1.6967688933	2.8533836299	-61767.3641028256
60001	1.7519068441	2.8533836299	-61852.4069637706
70001	1.7386815743	2.8533836299	-61806.2792153853
80001	1.7764316678	2.8533836299	-61924.1885395280
90001	1.7997034244	2.8533836299	-61906.0865779045
100001	0.5069559979	2.8533836299	-49740.7984417853
110001	0.4886139581	2.8533836299	-49441.5842885954
120001	0.4732459286	2.8533836299	-49564.1264955743
130001	0.4842571217	2.8533836299	-49554.9006034830
140001	0.4968616696	2.8533836299	-49552.2175222949
150001	0.4947372397	2.8533836299	-49630.0835276114
160001	0.4938355158	2.8533836299	-49648.9023324915
170001	0.4940931636	2.8533836299	-49517.7696939460
180001	0.4887142942	2.8533836299	-49514.2380579056
190001	0.5004858522	2.8533836299	-49747.9228671820
200001	1.2888428587	2.8533836299	-61840.6486806336
210001	1.2908780824	2.8533836299	-61742.6404976803
220001	1.2474662255	2.8533836299	-61735.4196781466
230001	1.2757330870	2.8533836299	-61723.7792053110
240001	1.2957256091	2.8533836299	-61753.3181164553
250001	1.2610667805	2.8533836299	-61591.2240742251
260001	1.2502393121	2.8533836299	-61592.9647001545
270001	1.2927758134	2.8533836299	-61702.1502590908
280001	1.2657471919	2.8533836299	-61470.4717635881
290001	1.2427844851	2.8533836299	-61627.5119315770
300001	1.5502122660	2.8533836299	-58845.8634367628
310001	1.5373513383	2.8533836299	-59081.9353333018
320001	1.5354432554	2.8533836299	-58912.4752973963
330001	1.5792169013	2.8533836299	-58984.9101685643
340001	1.6194685194	2.8533836299	-59029.9947245077
350001	1.6148449253	2.8533836299	-58884.3303345928
360001	1.5485566590	2.8533836299	-58851.5507923153
370001	1.5659487583	2.8533836299	-59015.0115183283
380001	1.5221702309	2.8533836299	-58842.8435871195
390001	1.5268614300	2.8533836299	-58945.7673323387
400001	0.0568092112	2.8533836299	-31590.6238549225
410001	0.0571098045	2.8533836299	-31675.5745308494
420001	0.0585632796	2.8533836299	-31838.5167341160
430001	0.0621262164	2.8533836299	-32216.0145909476
440001	0.0567453094	2.8533836299	-31603.0508557245
450001	0.0519289496	2.8533836299	-31010.8753439023
460001	0.0582351172	2.8533836299	-31782.8684126025
470001	0.0562263529	2.8533836299	-31545.7349524247
480001	0.0565502653	2.8533836299	-31584.4110802921
490001	0.0564423085	2.8533836299	-31537.8805205449
500001	1.6033449470	2.8533836299	-59908.0449487699
510001	1.5654922702	2.8533836299	-59956.2828346647
520001	1.5343244104	2.8533836299	-59817.6831873274
530001	1.5868065056	2.8533836299	-59838.6844389487
540001	1.5140872742	2.8533836299	-59732.1095382676
550001	1.6214685512	2.8533836299	-60139.4003253522
560001	1.5878536591	2.8533836299	-59893.4449956124
570001	1.5476506654	2.8533836299	-59813.2329683138
580001	1.5457610125	2.8533836299	-59809.2286555305
590001	1.6343859895	2.8533836299	-59877.6283061585
600001	0.4326981086	2.8533836299	-43753.8397287452
610001	0.4357918654	2.8533836299	-43764.5219712937
620001	0.4317483457	2.8533836299	-43676.9579231086
630001	0.4541806125	2.8533836299	-43850.2749562684
640001	0.4242904873	2.8533836299	-43469.2071034716
650001	0.4388416216	2.8533836299	-43832.7109788030
660001	0.4409059689	2.8533836299	-43740.6576965687
670001	0.4418401907	2.8533836299	-43659.1750814810
680001	0.4398347488	2.8533836299	-43778.4471190954
690001	0.4337908365	2.8533836299	-43649.8417759911
700001	0.8863144824	2.8533836299	-52354.2135592463
710001	0.8792460013	2.8533836299	-52244.8803393040
720001	0.8892092742	2.8533836299	-52281.9887078342
730001	0.8154565014	2.8533836299	-51964.2693474482
740001	0.9075163730	2.8533836299	-52378.9573243643
750001	0.8807124195	2.8533836299	-52277.0482601872
760001	0.8855168271	2.8533836299	-52479.9968080556
770001	0.8465068141	2.8533836299	-52175.2191469388
780001	0.8252719593	2.8533836299	-52058.4839123321
790001	0.9273144071	2.8533836299	-52449.9251435988
800001	1.3393831885	2.8533836299	-60517.4287403209
810001	1.3735536612	2.8533836299	-60536.9882306576
820001	1.3259727316	2.8533836299	-60530.9784840865
830001	1.3236056677	2.8533836299	-60603.8281529422
840001	1.3228889141	2.8533836299	-60636.9438394348
850001	1.3675232416	2.8533836299	-60530.7673109473
860001	1.3036114624	2.8533836299	-60479.4227767813
870001	1.3428305536	2.8533836299	-60661.4120005295
880001	1.3238555166	2.8533836299	-60687.0759578613
890001	1.3337023807	2.8533836299	-60596.5206349605
900001	1.4815261180	2.8533836299	-58298.9705068641
910001	1.5496276479	2.8533836299	-58569.0056651660
920001	1.5292584224	2.8533836299	-58438.8854148925
930001	1.5414868593	2.8533836299	-58524.3989852083
940001	1.5288269467	2.8533836299	-58540.9103748449
950001	1.5472732818	2.8533836299	-58455.7342674102
960001	1.4820226295	2.8533836299	-58353.4533049481
970001	1.5025643847	2.8533836299	-58257.9330419693
980001	1.4867002197	2.8533836299	-58242.7224415454
990001	1.4701077514	2.8533836299	-58435.7170909792
