site	rate	t	lnL
1	2.1574956753	5.7473496891	-627176.0076977713
100001	0.8146188450	5.7473496891	-635855.2657520698
200001	1.7557301044	5.7473496891	-629037.5541847678
300001	1.8613429501	5.7473496891	-647040.0588904929
400001	0.0564610856	5.7473496891	-354993.2359438704
500001	2.0529700074	5.7473496891	-640773.6508952299
600001	0.8999942210	5.7473496891	-691602.3630989637
700001	0.8574391459	5.7473496891	-689013.3115247744
800001	1.8980441151	5.7473496891	-650135.9690531553
900001	1.9556241196	5.7473496891	-644034.1097166407
