site	rate	t	lnL
1	2.5206593433	1.6162132816	-598895.8006544688
100001	0.7359683460	1.6162132816	-558201.2066463387
200001	2.0242102282	1.6162132816	-598010.4706022443
300001	1.9426422270	1.6162132816	-597698.8992847822
400001	0.1180087499	1.6162132816	-392925.0847838355
500001	2.0832329836	1.6162132816	-598194.3125700715
600001	0.5494071047	1.6162132816	-532805.9170093997
700001	0.9029941032	1.6162132816	-572696.7780061595
800001	2.1074925779	1.6162132816	-598261.1945655744
900001	1.9054240496	1.6162132816	-597530.6527272854
