site	rate	t	lnL
1	2.4241434125	5.1773901669	-621481.4698496226
100001	0.5797856200	5.1773901669	-522431.5590559058
200001	1.3209784951	5.1773901669	-625791.3778068273
300001	1.5550829488	5.1773901669	-594776.9755927629
400001	0.0356187865	5.1773901669	-337461.3626959513
500001	1.6473675075	5.1773901669	-605164.8514549233
600001	0.7394137645	5.1773901669	-476426.2637582654
700001	1.0586339171	5.1773901669	-537267.5142807998
800001	1.6335113390	5.1773901669	-612352.0636082881
900001	1.7065646979	5.1773901669	-590351.9906989242
