site	rate	t	lnL
1	1.7864578950	6.5020622555	-62102.7004516677
10001	1.9637765824	6.5020622555	-62154.5038100673
20001	3.1855802825	6.5020622555	-62183.6986783190
30001	2.6846945541	6.5020622555	-62198.6586625814
40001	2.3505983172	6.5020622555	-61988.4117589897
50001	1.7703429973	6.5020622555	-62104.1854660713
60001	1.8853124652	6.5020622555	-62317.9929250749
70001	2.1764010534	6.5020622555	-62160.5239680160
80001	2.2956456698	6.5020622555	-62240.9202568866
90001	1.7615318157	6.5020622555	-62108.9309840578
100001	0.7701527249	6.5020622555	-52776.9000332445
110001	0.7348329646	6.5020622555	-52825.1347349602
120001	0.7808148314	6.5020622555	-52822.2818645835
130001	0.8163048753	6.5020622555	-52862.4638464985
140001	0.7464769829	6.5020622555	-52789.6619726026
150001	0.7861246684	6.5020622555	-52800.4086678758
160001	0.7754128762	6.5020622555	-52791.1530758711
170001	0.7996858833	6.5020622555	-52746.5550124247
180001	0.7993992382	6.5020622555	-52851.8376431582
190001	0.7385771937	6.5020622555	-52756.6930337395
200001	1.1502108175	6.5020622555	-62629.2989440714
210001	1.1986050423	6.5020622555	-62584.0463862285
220001	1.1063301834	6.5020622555	-62600.8250459448
230001	1.2034239890	6.5020622555	-62663.9567132569
240001	1.1431225945	6.5020622555	-62596.3165489692
250001	1.0698188614	6.5020622555	-62632.7617306840
260001	1.2103775934	6.5020622555	-62595.0295749043
270001	1.0675666611	6.5020622555	-62636.6482850414
280001	1.1510373813	6.5020622555	-62577.8576320406
290001	1.1140409361	6.5020622555	-62662.6775111053
300001	1.2971511495	6.5020622555	-59547.7231148716
310001	1.3363012332	6.5020622555	-59529.8079779759
320001	1.2338774848	6.5020622555	-59488.6879977961
330001	1.3924578171	6.5020622555	-59469.3282228022
340001	1.4458287561	6.5020622555	-59623.6707530183
350001	1.3103871747	6.5020622555	-59551.2211517177
360001	1.4256454036	6.5020622555	-59492.6708803140
370001	1.3500530911	6.5020622555	-59488.3974778959
380001	1.3201547515	6.5020622555	-59551.5620615207
390001	1.2935547977	6.5020622555	-59525.5713620346
400001	0.0303450555	6.5020622555	-34092.7596509252
410001	0.0318761084	6.5020622555	-34510.8632497679
420001	0.0324253636	6.5020622555	-34653.7819776357
430001	0.0329652160	6.5020622555	-34824.3667071803
440001	0.0324145763	6.5020622555	-34632.1661684627
450001	0.0318944071	6.5020622555	-34530.2936057910
460001	0.0319059760	6.5020622555	-34466.5958801803
470001	0.0340412996	6.5020622555	-34963.2392279504
480001	0.0330163172	6.5020622555	-34804.4587534657
490001	0.0320237365	6.5020622555	-34582.3472495599
500001	1.3640689722	6.5020622555	-60464.3143746872
510001	1.4432113286	6.5020622555	-60597.4387692787
520001	1.3958075618	6.5020622555	-60484.1997959991
530001	1.4528440364	6.5020622555	-60513.8146415368
540001	1.3084056673	6.5020622555	-60360.9154416507
550001	1.3625506676	6.5020622555	-60518.8326747429
560001	1.3596580804	6.5020622555	-60558.1177275320
570001	1.4731902872	6.5020622555	-60624.0358001219
580001	1.3168721530	6.5020622555	-60549.3435814590
590001	1.4119991759	6.5020622555	-60452.7895012055
600001	1.2714258927	6.5020622555	-48409.4789007558
610001	14.9536365666	6.5020622555	-48404.5603504975
620001	1.3381381174	6.5020622555	-48400.0949527806
630001	1.3321905986	6.5020622555	-48330.4410731903
640001	1.1677406705	6.5020622555	-48339.2333281496
650001	1.2543572047	6.5020622555	-48281.4501937945
660001	1.2819812429	6.5020622555	-48294.5478922366
670001	1.4559754708	6.5020622555	-48421.5592883638
680001	1.4052287043	6.5020622555	-48381.3147226722
690001	1.3208874058	6.5020622555	-48356.9652833464
700001	1.0625998643	6.5020622555	-53780.7008093017
710001	1.0416463378	6.5020622555	-53830.8651414574
720001	1.0881531416	6.5020622555	-53868.9991859096
730001	1.0083454585	6.5020622555	-53769.7303756323
740001	1.0270660211	6.5020622555	-53677.4633554975
750001	1.0668491693	6.5020622555	-53844.1844415881
760001	1.0769314513	6.5020622555	-53862.2188255909
770001	1.0560762021	6.5020622555	-53958.6871216866
780001	1.0103913116	6.5020622555	-53742.6377447286
790001	1.0774445667	6.5020622555	-53839.1451201867
800001	889.6233082179	6.5020622555	-61306.7421672903
810001	1.6413628559	6.5020622555	-61404.6809094120
820001	1.5618976866	6.5020622555	-61173.3205864377
830001	1.3578658829	6.5020622555	-61277.2008283756
840001	1.4914897315	6.5020622555	-61202.4934369438
850001	1.6380427405	6.5020622555	-61196.2335408146
860001	1.4724215086	6.5020622555	-61239.3486946726
870001	1.3804503000	6.5020622555	-61297.8007940438
880001	1.3845483858	6.5020622555	-61155.5315213856
890001	1.3869390847	6.5020622555	-61309.8690242725
900001	1.5574076264	6.5020622555	-59023.2086273977
910001	1.7088969251	6.5020622555	-58894.6500191822
920001	1.4353511667	6.5020622555	-59096.0752735759
930001	1.7530522637	6.5020622555	-58994.2818795562
940001	1.3770444894	6.5020622555	-59015.6936395439
950001	1.3466746465	6.5020622555	-59072.2530302352
960001	1.5389666309	6.5020622555	-59078.5441734628
970001	1.5027186523	6.5020622555	-58962.9033145907
980001	1.6125714000	6.5020622555	-59058.7305264617
990001	1.4911964905	6.5020622555	-59068.0545676501
