site	rate	t	lnL
1	1.8246925542	7.5300980531	-621303.4518098929
100001	1.1161411993	7.5300980531	-528934.6299789809
200001	1.0089613181	7.5300980531	-626510.7234758534
300001	1.3911149593	7.5300980531	-595475.7672926621
400001	0.0338517101	7.5300980531	-344167.5156418452
500001	1.3184258877	7.5300980531	-605189.1444307350
600001	1.6473522918	7.5300980531	-483726.1136813458
700001	1.1991456834	7.5300980531	-538282.4837835489
800001	1.0378636298	7.5300980531	-612242.2723487632
900001	1.4313259728	7.5300980531	-590513.8322771454
