site	rate	t	lnL
1	2.2298016817	5.4091088785	-622520.5957872857
100001	1.0921048661	5.4091088785	-634893.1543626470
200001	1.9209075846	5.4091088785	-621118.0163396217
300001	2.0556327504	5.4091088785	-640981.1577370622
400001	0.0687570546	5.4091088785	-355793.0216417181
500001	2.1544718497	5.4091088785	-630791.0832782889
600001	1.4036265342	5.4091088785	-691127.6487695456
700001	0.7470902592	5.4091088785	-683520.6088725332
800001	1.7846590855	5.4091088785	-644503.8733734827
900001	2.1782355184	5.4091088785	-639175.5900407934
