site	rate	t	lnL
1	2.5943103660	0.5683258944	-621983.8801599145
100001	0.6415773667	0.5683258944	-569667.5283404810
200001	1.9935751765	0.5683258944	-618805.4743521275
300001	1.8343561367	0.5683258944	-634142.0111428292
400001	0.1260653898	0.5683258944	-335474.7709956800
500001	2.3324611347	0.5683258944	-628244.9177201943
600001	0.3817609964	0.5683258944	-581084.1552695639
700001	0.6081163733	0.5683258944	-642594.9249183936
800001	1.8416147466	0.5683258944	-642048.6955938933
900001	1.8273937045	0.5683258944	-635984.8274039455
