site	rate	t	lnL
1	2.8100652931	1.9225564193	-599127.6721345952
100001	0.8726487369	1.9225564193	-580661.8131668024
200001	2.1567188820	1.9225564193	-598928.3464833715
300001	2.1142074308	1.9225564193	-598891.3243096165
400001	0.1155188332	1.9225564193	-403788.1003422632
500001	2.1525830039	1.9225564193	-598924.9893693967
600001	0.7595577277	1.9225564193	-572733.8876098711
700001	0.9694669400	1.9225564193	-585583.9187260825
800001	2.2164276738	1.9225564193	-598971.5844072383
900001	2.0375475774	1.9225564193	-598808.3656929408
