site	rate	t	lnL
1	2.7499114727	1.8994455865	-599119.7097277250
100001	0.8641848147	1.8994455865	-579521.9541504412
200001	2.1070850095	1.8994455865	-598858.9765806573
300001	2.0545962791	1.8994455865	-598798.7642680272
400001	0.1158597942	1.8994455865	-403109.7787490226
500001	2.2180828381	1.8994455865	-598954.6101283361
600001	0.7410436292	1.8994455865	-570366.6239620132
700001	0.9668456386	1.8994455865	-584948.2694609817
800001	2.1735864530	1.8994455865	-598920.7597334132
900001	2.0218727795	1.8994455865	-598755.1504983567
