site	rate	t	lnL
1	1.7261491240	0.8760078419	-574877.4273471893
100001	0.6478548587	0.8760078419	-488450.4569556648
200001	1.5453464683	0.8760078419	-567738.3182291533
300001	1.4797590029	0.8760078419	-564677.4555655211
400001	0.1441670871	0.8760078419	-367974.3994632967
500001	1.5526739936	0.8760078419	-568063.4921049655
600001	0.4392962061	0.8760078419	-450301.9237157800
700001	0.8148341674	0.8760078419	-511561.0830605085
800001	1.5409349523	0.8760078419	-567540.9815892832
900001	1.4628411315	0.8760078419	-563842.1835536376
