site	rate	t	lnL
1	2.7825539093	1.9203709319	-599125.3535346739
100001	0.8707742871	1.9203709319	-580492.8106705326
200001	2.1198163395	1.9203709319	-598894.3125821633
300001	1.9983129069	1.9203709319	-598752.9635650974
400001	0.1163900296	1.9203709319	-404262.8835405555
500001	2.2291527946	1.9203709319	-598978.0702235859
600001	0.7686076670	1.9203709319	-573402.5951171606
700001	0.9685241937	1.9203709319	-585494.4166490403
800001	2.1657981561	1.9203709319	-598933.6134609858
900001	2.0138036849	1.9203709319	-598774.5848678346
