site	rate	t	lnL
1	2.2447931982	5.6473531524	-626965.7019754793
100001	0.8028472252	5.6473531524	-634064.2683428747
200001	1.7363070147	5.6473531524	-629211.2259207721
300001	1.8810298740	5.6473531524	-647167.9535753611
400001	0.0562819700	5.6473531524	-353296.9601089357
500001	2.2040858979	5.6473531524	-640590.3949113956
600001	0.8647965580	5.6473531524	-690610.9037826082
700001	0.7954822159	5.6473531524	-688032.2160168855
800001	1.9288352382	5.6473531524	-650507.9501610795
900001	1.9915575503	5.6473531524	-644012.3849400234
