site	rate	t	lnL
1	1.9894328342	8.3026702623	-621065.3490601128
100001	0.7301757579	8.3026702623	-527542.4492116425
200001	1.1533536223	8.3026702623	-626003.3207637006
300001	1.3807897238	8.3026702623	-595193.0972454461
400001	0.0251992274	8.3026702623	-353429.2116045926
500001	1.3056492012	8.3026702623	-605578.2584193988
600001	1.4076613325	8.3026702623	-483124.2591647664
700001	0.9591666495	8.3026702623	-537735.9047349889
800001	1.5640220718	8.3026702623	-612648.7332326901
900001	1.5906994630	8.3026702623	-590077.6327964196
