site	rate	t	lnL
1	1.7808473653	8.3831549995	-62053.8385455909
10001	1.7402764885	8.3831549995	-62184.9941041724
20001	1.9462229496	8.3831549995	-62327.0861869704
30001	2.4008074966	8.3831549995	-62165.1638983952
40001	1.6091065972	8.3831549995	-62168.6207162558
50001	2.3370314399	8.3831549995	-62111.8479751726
60001	2.4591249034	8.3831549995	-61969.3287320770
70001	1.8392910824	8.3831549995	-62345.1282578430
80001	2.0256459380	8.3831549995	-62104.2811034329
90001	1.6807807585	8.3831549995	-62243.3192122143
100001	0.7462626811	8.3831549995	-52764.9344510161
110001	0.7313250268	8.3831549995	-52784.9189500939
120001	0.7241697833	8.3831549995	-52682.0954381480
130001	0.7348162722	8.3831549995	-52692.0946528926
140001	0.7713923275	8.3831549995	-52843.4908352915
150001	0.7206508502	8.3831549995	-52631.0758316902
160001	0.7086220265	8.3831549995	-52688.6957842007
170001	0.7177385503	8.3831549995	-52743.3933087572
180001	0.7291865304	8.3831549995	-52697.1524111312
190001	0.7060087308	8.3831549995	-52754.7452268967
200001	1.1451491299	8.3831549995	-62574.0982438223
210001	1.1319604186	8.3831549995	-62609.2412914565
220001	1.1429647407	8.3831549995	-62563.1277016345
230001	1.1477708382	8.3831549995	-62655.4680926797
240001	1.1798862650	8.3831549995	-62679.2740501062
250001	1.1922293042	8.3831549995	-62449.3729102987
260001	1.1419934868	8.3831549995	-62664.3188387565
270001	1.1766677939	8.3831549995	-62571.8318646486
280001	1.1115277043	8.3831549995	-62519.6864672683
290001	1.1307344187	8.3831549995	-62522.3632193055
300001	1.2807464679	8.3831549995	-59471.8358366397
310001	1.3273485328	8.3831549995	-59631.2569208322
320001	1.3806863412	8.3831549995	-59505.5430657800
330001	1.4192160695	8.3831549995	-59541.5233881522
340001	1.4616899788	8.3831549995	-59554.1612487507
350001	1.4145848493	8.3831549995	-59610.6253473254
360001	1.3383797273	8.3831549995	-59545.9771058877
370001	1.3676853636	8.3831549995	-59423.9409057414
380001	1.2796507851	8.3831549995	-59507.9802051904
390001	1.4663921223	8.3831549995	-59528.9875447295
400001	0.0246478043	8.3831549995	-35153.3086215948
410001	0.0240936879	8.3831549995	-34985.9783240341
420001	0.0253237374	8.3831549995	-35356.0808749384
430001	0.0252925209	8.3831549995	-35351.7029716482
440001	0.0236099495	8.3831549995	-34807.7127314415
450001	0.0254151937	8.3831549995	-35418.4855395670
460001	0.0247495416	8.3831549995	-35190.9347613108
470001	0.0249830681	8.3831549995	-35375.7422608414
480001	0.0241915177	8.3831549995	-35009.6533751652
490001	0.0267195957	8.3831549995	-35771.7662783036
500001	1.3039807647	8.3831549995	-60495.1083808547
510001	1.2649250102	8.3831549995	-60358.9797918678
520001	1.3420875223	8.3831549995	-60536.7877948969
530001	1.2875845946	8.3831549995	-60541.3390227402
540001	1.3243847755	8.3831549995	-60537.2843879401
550001	1.3768282251	8.3831549995	-60637.2504546039
560001	1.3094281679	8.3831549995	-60653.6953821423
570001	1.3492772373	8.3831549995	-60469.0185345725
580001	1.3020996728	8.3831549995	-60654.7028072052
590001	1.2853688956	8.3831549995	-60547.5041997931
600001	1.5321350598	8.3831549995	-48447.8708923186
610001	1.5844748892	8.3831549995	-48361.2768489626
620001	1.6470825753	8.3831549995	-48428.8568918700
630001	1.5667382007	8.3831549995	-48432.9818913309
640001	1.4889216579	8.3831549995	-48319.1251879650
650001	1.4209721186	8.3831549995	-48456.2108549777
660001	1.3484747359	8.3831549995	-48453.7846593108
670001	1.3929613669	8.3831549995	-48329.5294156565
680001	1.4824196146	8.3831549995	-48474.2779156964
690001	1.5276189751	8.3831549995	-48311.2807708926
700001	1.1133513231	8.3831549995	-53869.5824060202
710001	1.0616353303	8.3831549995	-53894.6835042901
720001	0.9749926288	8.3831549995	-53954.8478357335
730001	0.9658708350	8.3831549995	-53678.6286562755
740001	1.1044086437	8.3831549995	-54109.7937976900
750001	0.9422864728	8.3831549995	-53817.1955477844
760001	0.9880769375	8.3831549995	-53722.0666486046
770001	0.9721039506	8.3831549995	-53729.2398044872
780001	1.0157646768	8.3831549995	-53810.1717637023
790001	1.0700866634	8.3831549995	-53886.4310284267
800001	1.6770145766	8.3831549995	-61388.1637686682
810001	1.6630871765	8.3831549995	-61225.3556737060
820001	1.4947801716	8.3831549995	-61146.3368680521
830001	1.6757465045	8.3831549995	-61223.5889793539
840001	1.3424691960	8.3831549995	-61283.7047170398
850001	1.4718196975	8.3831549995	-61229.2032261754
860001	1.5285262649	8.3831549995	-61191.4200344179
870001	1.7190006300	8.3831549995	-61235.2281180142
880001	1.4255179804	8.3831549995	-61196.9855925748
890001	2.1242582907	8.3831549995	-61267.5257658811
900001	1.5346036685	8.3831549995	-58967.9004483209
910001	1.6502128087	8.3831549995	-59067.9141985410
920001	1.4327473654	8.3831549995	-59052.2776363050
930001	1.6044584382	8.3831549995	-59143.4182545889
940001	1.4988858817	8.3831549995	-59116.1031795566
950001	1.4770451550	8.3831549995	-59014.7745305913
960001	1.5096269501	8.3831549995	-58998.3730010514
970001	1.7061421483	8.3831549995	-59069.0153318342
980001	1.5478520967	8.3831549995	-59110.8665173988
990001	1.5869358058	8.3831549995	-59102.4703430458
