site	rate	t	lnL
1	2.7897670363	1.8421133629	-599114.8856029224
100001	0.8196705512	1.8421133629	-574790.1814293676
200001	2.1767443488	1.8421133629	-598863.0772460276
300001	2.0925680832	1.8421133629	-598765.6430603565
400001	0.1153017513	1.8421133629	-400509.8758329193
500001	2.2122201846	1.8421133629	-598896.3947505479
600001	0.6845035026	1.8421133629	-562652.7558777137
700001	0.9596343282	1.8421133629	-583225.0911237873
800001	2.2275706652	1.8421133629	-598909.5903543276
900001	2.0606113454	1.8421133629	-598720.6376100676
