site	rate	t	lnL
1	2.7286028647	1.9364079339	-599122.7099872604
100001	0.8800293083	1.9364079339	-581451.1495455892
200001	2.0773828233	1.9364079339	-598869.9554144844
300001	2.0373796934	1.9364079339	-598825.8723339064
400001	0.1166170533	1.9364079339	-405030.6024091087
500001	2.1433572231	1.9364079339	-598930.0161614778
600001	0.7865424094	1.9364079339	-575308.2353034721
700001	0.9700176339	1.9364079339	-585909.2536895324
800001	2.1921642468	1.9364079339	-598966.0074729851
900001	2.0438823315	1.9364079339	-598833.4804408732
