site	rate	t	lnL
1	2.1142683325	6.4011095168	-62120.4674049045
10001	2.1336984430	6.4011095168	-62163.8225509200
20001	1.8263735674	6.4011095168	-62091.1194602411
30001	2.2063558466	6.4011095168	-62227.0913410493
40001	2.0633352322	6.4011095168	-62001.9967461768
50001	2.1928426271	6.4011095168	-62224.9941718643
60001	3.0286296535	6.4011095168	-62107.0487414046
70001	1.8694493283	6.4011095168	-62028.9748559067
80001	1.6607651512	6.4011095168	-62216.9077706247
90001	1.7647660090	6.4011095168	-62256.8124320252
100001	0.7970934886	6.4011095168	-52732.5434016784
110001	0.7927784212	6.4011095168	-52796.9991018263
120001	0.7322585540	6.4011095168	-52813.9966829245
130001	0.7456223849	6.4011095168	-52758.3917452952
140001	0.7547718695	6.4011095168	-52876.5701640740
150001	0.7002772664	6.4011095168	-52762.9884426123
160001	0.7237998978	6.4011095168	-52728.1533620581
170001	0.7699194634	6.4011095168	-52809.1387342548
180001	0.7307825572	6.4011095168	-52779.3643105861
190001	0.7651206329	6.4011095168	-52654.9718045918
200001	1.1920998823	6.4011095168	-62702.9383402677
210001	1.1611418160	6.4011095168	-62784.1654429349
220001	1.1545501193	6.4011095168	-62604.2286840238
230001	1.0976998261	6.4011095168	-62553.1199058919
240001	1.2069598437	6.4011095168	-62626.8199319462
250001	1.1343761328	6.4011095168	-62534.1012085433
260001	1.1493691659	6.4011095168	-62614.8930908147
270001	1.2177669508	6.4011095168	-62790.1094421706
280001	1.1176482040	6.4011095168	-62633.5837159586
290001	1.2596468422	6.4011095168	-62650.1234339374
300001	1.4006768795	6.4011095168	-59554.0308940855
310001	1.3594241088	6.4011095168	-59462.0934725704
320001	1.3471016594	6.4011095168	-59499.2386552374
330001	1.3869980532	6.4011095168	-59457.8089582637
340001	1.3508034601	6.4011095168	-59430.5040699199
350001	1.3257245427	6.4011095168	-59511.5848335406
360001	1.3504684885	6.4011095168	-59449.0440067833
370001	1.3681252595	6.4011095168	-59571.9812679546
380001	1.3733086709	6.4011095168	-59486.7468391650
390001	1.3318365789	6.4011095168	-59528.7587199411
400001	0.0312518772	6.4011095168	-34267.5932370700
410001	0.0326112738	6.4011095168	-34663.7612385869
420001	0.0328468583	6.4011095168	-34644.9105514760
430001	0.0324845705	6.4011095168	-34634.5419961488
440001	0.0325899847	6.4011095168	-34558.0659345832
450001	0.0320431509	6.4011095168	-34447.6910877771
460001	0.0324948344	6.4011095168	-34507.6540986009
470001	0.0338366269	6.4011095168	-34877.3778571262
480001	0.0350351897	6.4011095168	-35172.4415811111
490001	0.0314433551	6.4011095168	-34299.9529075393
500001	1.3388304783	6.4011095168	-60458.7554125108
510001	1.3996393609	6.4011095168	-60522.5128853021
520001	1.3993955136	6.4011095168	-60699.1297564937
530001	1.5102771573	6.4011095168	-60482.8433293482
540001	1.4820083522	6.4011095168	-60558.8930442757
550001	1.3774546667	6.4011095168	-60533.9750914579
560001	1.3225656851	6.4011095168	-60595.5471776543
570001	1.3812958765	6.4011095168	-60563.1527032288
580001	1.4339479938	6.4011095168	-60453.7767061177
590001	1.3536894294	6.4011095168	-60501.8492521878
600001	1.1854948077	6.4011095168	-48333.5623935886
610001	1.2504989040	6.4011095168	-48384.4223824015
620001	1.2661348794	6.4011095168	-48311.7865501698
630001	1.2309731438	6.4011095168	-48304.0130701484
640001	1.2392330506	6.4011095168	-48417.9169116426
650001	1.3420416839	6.4011095168	-48286.1056877052
660001	1.2884872433	6.4011095168	-48249.7965976472
670001	1.3268900489	6.4011095168	-48324.0909858352
680001	1.2147068281	6.4011095168	-48258.0822833974
690001	1.1642683209	6.4011095168	-48287.7407518231
700001	0.9813509686	6.4011095168	-53548.5477724756
710001	1.0841955318	6.4011095168	-53873.9397048887
720001	1.1053978455	6.4011095168	-53773.5980607683
730001	1.0162960540	6.4011095168	-53835.3531571828
740001	0.9884951494	6.4011095168	-53621.4496628231
750001	1.0856260374	6.4011095168	-53818.2064606227
760001	1.1131587702	6.4011095168	-53904.1893376153
770001	1.1328923355	6.4011095168	-53750.9992921960
780001	1.0581429024	6.4011095168	-53712.0248419549
790001	1.0381655707	6.4011095168	-53725.1998216199
800001	1.4047236736	6.4011095168	-61339.1541537680
810001	1.4645153602	6.4011095168	-61189.8594807066
820001	1.3458521941	6.4011095168	-61098.0539991533
830001	26.0314109426	6.4011095168	-61188.9244659672
840001	1.6184092584	6.4011095168	-61366.5912438406
850001	1.6385590178	6.4011095168	-61315.6906849713
860001	1.5295564883	6.4011095168	-61325.8901631070
870001	1.2900260132	6.4011095168	-61173.9353010305
880001	1.3407104986	6.4011095168	-61183.8559729375
890001	13.8495298568	6.4011095168	-61343.2859738099
900001	1.4818247817	6.4011095168	-59122.7212065518
910001	1.4733352837	6.4011095168	-59057.7834084678
920001	1.6032811778	6.4011095168	-59005.9843234136
930001	1.6766813668	6.4011095168	-59012.9319932809
940001	1.7011633471	6.4011095168	-58987.4682720057
950001	1.4308566934	6.4011095168	-59001.5891776477
960001	1.5271309766	6.4011095168	-58915.6547238702
970001	1.6027528890	6.4011095168	-58907.2753469323
980001	1.3510755109	6.4011095168	-58938.5420230224
990001	1.5836533484	6.4011095168	-58978.1846082329
