site	rate	t	lnL
1	1.7827086807	3.8861939762	-62052.4389716877
10001	1.8406669585	3.8861939762	-61973.0555749773
20001	1.7285265829	3.8861939762	-61963.5058270353
30001	1.9020981140	3.8861939762	-62051.0624227715
40001	1.9424380761	3.8861939762	-62088.4538767228
50001	1.8560034256	3.8861939762	-62025.8856340493
60001	1.7608407699	3.8861939762	-62038.3366086776
70001	1.8717261614	3.8861939762	-62078.5900974690
80001	1.8969751889	3.8861939762	-62050.2094810986
90001	1.8804430898	3.8861939762	-61999.1299264355
100001	0.5259707023	3.8861939762	-51040.7278624681
110001	0.5155872255	3.8861939762	-50953.9533462345
120001	0.5121931954	3.8861939762	-50934.7922095556
130001	0.5020766537	3.8861939762	-50909.5276795622
140001	0.5391813970	3.8861939762	-51093.3860197457
150001	0.5247571506	3.8861939762	-50998.0458433325
160001	0.5187923651	3.8861939762	-50929.7165082959
170001	0.5138404738	3.8861939762	-50933.3219342392
180001	0.5084890051	3.8861939762	-50943.0516869484
190001	0.5017514013	3.8861939762	-50916.8372007566
200001	1.2213654647	3.8861939762	-62151.2349771564
210001	1.1715884950	3.8861939762	-62315.3123252440
220001	1.2527570654	3.8861939762	-62447.8321721529
230001	1.1612641458	3.8861939762	-62219.6599970243
240001	1.2106549853	3.8861939762	-62344.6269226516
250001	1.2472510276	3.8861939762	-62338.4080419361
260001	1.1852808042	3.8861939762	-62268.9869807023
270001	1.1604215399	3.8861939762	-62068.6541558847
280001	1.2214387539	3.8861939762	-62169.9281834665
290001	1.2144955089	3.8861939762	-62130.1494632880
300001	1.5649787322	3.8861939762	-59186.7589370661
310001	1.6456452521	3.8861939762	-59267.2204118669
320001	1.7266626416	3.8861939762	-59361.9844287324
330001	1.6649421986	3.8861939762	-59375.5499781704
340001	1.5614368518	3.8861939762	-59168.2447160595
350001	1.5992438196	3.8861939762	-59271.8887536013
360001	1.5470284918	3.8861939762	-59250.3652354626
370001	1.5449676575	3.8861939762	-59308.8484817570
380001	1.5063438049	3.8861939762	-59293.0472066300
390001	1.5605128269	3.8861939762	-59369.5829489320
400001	0.0472806241	3.8861939762	-32401.3469354710
410001	0.0454957666	3.8861939762	-32097.8925406656
420001	0.0483480440	3.8861939762	-32574.5319178072
430001	0.0483210579	3.8861939762	-32509.8317728360
440001	0.0479267888	3.8861939762	-32522.7830510891
450001	0.0471645754	3.8861939762	-32349.0303736414
460001	0.0484907351	3.8861939762	-32516.7492085606
470001	0.0467758248	3.8861939762	-32295.6777940383
480001	0.0448028061	3.8861939762	-31976.2535418009
490001	0.0478314130	3.8861939762	-32501.0143765161
500001	1.5850581223	3.8861939762	-60373.3289892427
510001	1.5052240289	3.8861939762	-60199.9810951344
520001	1.5705745419	3.8861939762	-60330.3314595705
530001	1.5044054378	3.8861939762	-60221.4594891704
540001	1.5222350135	3.8861939762	-60342.6423355957
550001	1.4802127505	3.8861939762	-60254.9316566919
560001	1.6435301109	3.8861939762	-60403.9907219604
570001	1.4666513144	3.8861939762	-60194.7775119730
580001	1.5056177230	3.8861939762	-60289.3798824427
590001	1.5527973376	3.8861939762	-60264.2787797373
600001	0.5743445087	3.8861939762	-45551.4000146164
610001	0.5076605275	3.8861939762	-45215.8700670045
620001	0.5507433735	3.8861939762	-45558.5346621252
630001	0.5808568558	3.8861939762	-45642.0135417783
640001	0.5485433379	3.8861939762	-45592.4080257433
650001	0.5227013406	3.8861939762	-45451.9430959296
660001	0.5482775590	3.8861939762	-45567.7327907443
670001	0.5219669567	3.8861939762	-45366.2984056184
680001	0.5468066396	3.8861939762	-45487.2605830264
690001	0.5358727576	3.8861939762	-45404.6921112800
700001	1.0428135907	3.8861939762	-53307.7695325855
710001	0.9721819893	3.8861939762	-53113.4549185687
720001	1.0151616275	3.8861939762	-53136.4215826696
730001	0.9195205015	3.8861939762	-52952.7271666048
740001	0.9806746189	3.8861939762	-52924.6904656616
750001	1.0050484056	3.8861939762	-53117.2863929156
760001	0.9965446783	3.8861939762	-53318.0952593024
770001	0.9772476091	3.8861939762	-53163.8320532431
780001	1.0191580456	3.8861939762	-53209.7692410766
790001	0.9813976874	3.8861939762	-53135.5926642264
800001	1.2432502398	3.8861939762	-60996.8094375276
810001	1.3537584095	3.8861939762	-61052.4129101798
820001	1.2854393972	3.8861939762	-60893.5928171146
830001	1.2994851395	3.8861939762	-61036.3731563544
840001	1.2942316628	3.8861939762	-61090.2869449643
850001	1.3029287295	3.8861939762	-61056.2988978503
860001	1.2395126336	3.8861939762	-61026.4337087802
870001	1.3013584627	3.8861939762	-60930.3754212195
880001	1.2576860735	3.8861939762	-60952.6874820396
890001	1.2606070102	3.8861939762	-60928.6417947910
900001	1.5749392569	3.8861939762	-58803.5691422250
910001	1.5575941184	3.8861939762	-58874.0757276754
920001	1.5471926915	3.8861939762	-58748.8757434549
930001	1.5096964065	3.8861939762	-58766.7233839539
940001	1.5169643255	3.8861939762	-58897.3748851257
950001	1.5639126063	3.8861939762	-58889.4376221353
960001	1.5641427425	3.8861939762	-58905.4441742327
970001	1.6269928682	3.8861939762	-58916.8796573625
980001	1.5444337738	3.8861939762	-58664.5563942821
990001	1.6001285077	3.8861939762	-59035.6527913640
