site	rate	t	lnL
1	2.2135953530	1.3439667607	-625140.2704457161
100001	0.9141295277	1.3439667607	-626717.1013658427
200001	2.0329110397	1.3439667607	-626134.4181236796
300001	2.0060311898	1.3439667607	-643075.7840538172
400001	0.0838642232	1.3439667607	-364142.8223987123
500001	2.4231905978	1.3439667607	-634306.3625126809
600001	0.8630796635	1.3439667607	-694141.6148138602
700001	0.5701111862	1.3439667607	-695778.9463132587
800001	1.8693364012	1.3439667607	-649001.2529704499
900001	2.0386635627	1.3439667607	-642729.6304326163
