site	rate	t	lnL
1	1.9249375681	2.2434766001	-621064.4639497591
100001	0.8310463216	2.2434766001	-520205.6383661696
200001	1.6521452463	2.2434766001	-625920.2036884216
300001	1.8612316373	2.2434766001	-595525.9413814339
400001	0.1070386150	2.2434766001	-324670.1024634473
500001	1.8230333619	2.2434766001	-605254.9801004251
600001	0.7507297642	2.2434766001	-472768.1094346647
700001	1.0308328834	2.2434766001	-534666.6425371589
800001	1.7613453865	2.2434766001	-612198.1091558895
900001	1.9376621604	2.2434766001	-590865.9663715562
