site	rate	t	lnL
1	1.5283750398	0.4916630356	-51666.8615774019
10001	1.5896577557	0.4916630356	-52053.9226498151
20001	1.5798575698	0.4916630356	-51993.2783504679
30001	1.5521157499	0.4916630356	-51819.0363706074
40001	1.5548733136	0.4916630356	-51836.5253914922
50001	1.5238412277	0.4916630356	-51637.4731877752
60001	1.5882545038	0.4916630356	-52045.2699874546
70001	1.5691784981	0.4916630356	-51926.6558652891
80001	1.5338288845	0.4916630356	-51702.0748440943
90001	1.5654771661	0.4916630356	-51903.4332015334
100001	0.6395079886	0.4916630356	-43195.4313006635
110001	0.6330677412	0.4916630356	-43107.0900831574
120001	0.6548116167	0.4916630356	-43403.2309664567
130001	0.6639900720	0.4916630356	-43526.4441848388
140001	0.6562891051	0.4916630356	-43423.1376253717
150001	0.6471453737	0.4916630356	-43299.5072960652
160001	0.6368706696	0.4916630356	-43159.3224841297
170001	0.6720180865	0.4916630356	-43633.3563962840
180001	0.6477340369	0.4916630356	-43307.4985191943
190001	0.6690410609	0.4916630356	-43593.8028093946
200001	1.4684446353	0.4916630356	-51269.7337211172
210001	1.3783593228	0.4916630356	-50635.9812897061
220001	1.4282974000	0.4916630356	-50992.9183185552
230001	1.4352230671	0.4916630356	-51041.3036164297
240001	1.4287293050	0.4916630356	-50995.9454045457
250001	1.4399975227	0.4916630356	-51074.5090203155
260001	1.4213953530	0.4916630356	-50944.4304446929
270001	1.4653619226	0.4916630356	-51248.7907860649
280001	1.4196735850	0.4916630356	-50932.2924454613
290001	1.4491448764	0.4916630356	-51137.7665867672
300001	1.3830027561	0.4916630356	-50669.7734191574
310001	1.3728853678	0.4916630356	-50595.9824724435
320001	1.3712042105	0.4916630356	-50583.6614830890
330001	1.3859627594	0.4916630356	-50691.2522015300
340001	1.3940193094	0.4916630356	-50749.4525918047
350001	1.3863857683	0.4916630356	-50694.3189929172
360001	1.3733059017	0.4916630356	-50599.0617151912
370001	1.3995505497	0.4916630356	-50789.1904324303
380001	1.3686850435	0.4916630356	-50565.1679427589
390001	1.3665879696	0.4916630356	-50549.7456060150
400001	0.1547515734	0.4916630356	-34532.6826663856
410001	0.1726184958	0.4916630356	-34954.6239942320
420001	0.1640135095	0.4916630356	-34752.9601015179
430001	0.1663356372	0.4916630356	-34807.6580737609
440001	0.1640135095	0.4916630356	-34752.9601015180
450001	0.1654063672	0.4916630356	-34785.7963681213
460001	0.1633173755	0.4916630356	-34736.5221931841
470001	0.1775186514	0.4916630356	-35068.2224079132
480001	0.1591458390	0.4916630356	-34637.6147332689
490001	0.1679626219	0.4916630356	-34845.8603578480
500001	1.4334891548	0.4916630356	-51029.2169069925
510001	1.4317571676	0.4916630356	-51017.1237878055
520001	1.4308913189	0.4916630356	-51011.0748244298
530001	1.4265698260	0.4916630356	-50980.8059676571
540001	1.4183832718	0.4916630356	-50923.1847373882
550001	1.4343558851	0.4916630356	-51035.2610629049
560001	1.4684445463	0.4916630356	-51269.7337211172
570001	1.4257062366	0.4916630356	-50974.7473879534
580001	1.4395632730	0.4916630356	-51071.4923499476
590001	1.4347894363	0.4916630356	-51038.2825399627
600001	0.4267389135	0.4916630356	-39962.3248377980
610001	0.4206742331	0.4916630356	-39859.5156128465
620001	0.4474419561	0.4916630356	-40308.3319211346
630001	0.4288528060	0.4916630356	-39998.0003003866
640001	0.4238361827	0.4916630356	-39913.2001847439
650001	0.4328217696	0.4916630356	-40064.7753423802
660001	0.4106937961	0.4916630356	-39688.8612314109
670001	0.4057218307	0.4916630356	-39603.1578310167
680001	0.4325570614	0.4916630356	-40060.3283835539
690001	0.4285883134	0.4916630356	-39993.5432357596
700001	0.7784308442	0.4916630356	-44978.8043065737
710001	0.8129395506	0.4916630356	-45388.2169561939
720001	0.7709104914	0.4916630356	-44887.9053398038
730001	0.7986217460	0.4916630356	-45219.8691994792
740001	0.8017948150	0.4916630356	-45257.3615782309
750001	0.7992560524	0.4916630356	-45227.3714226406
760001	0.8021123789	0.4916630356	-45261.1082411423
770001	0.8222202288	0.4916630356	-45496.2082620308
780001	0.8078371907	0.4916630356	-45328.4682531863
790001	0.8094303439	0.4916630356	-45347.1525318399
800001	1.3590565231	0.4916630356	-50494.1419709701
810001	1.3889273940	0.4916630356	-50712.7113102094
820001	1.3712041011	0.4916630356	-50583.6614830887
830001	1.3598919727	0.4916630356	-50500.3265866202
840001	1.3935947357	0.4916630356	-50746.3930258336
850001	1.3995505027	0.4916630356	-50789.1904324303
860001	1.3969959215	0.4916630356	-50770.8583170939
870001	1.4059512901	0.4916630356	-50834.9575351045
880001	1.3876562452	0.4916630356	-50703.5169581541
890001	1.3561351529	0.4916630356	-50472.4831461847
900001	1.3144438340	0.4916630356	-50157.7809426286
910001	1.3661689035	0.4916630356	-50546.6599327344
920001	1.3783593388	0.4916630356	-50635.9812897060
930001	1.3473955756	0.4916630356	-50407.3883824123
940001	1.3758311418	0.4916630356	-50617.5287339509
950001	1.3391078987	0.4916630356	-50345.2283248240
960001	1.3399349763	0.4916630356	-50351.4515794890
970001	1.3292064712	0.4916630356	-50270.4235589825
980001	1.3374545350	0.4916630356	-50332.7769816015
990001	1.3553012416	0.4916630356	-50466.2912901306
