site	rate	t	lnL
1	2.4598125916	3.6120175793	-625388.1743582813
100001	0.8374704598	3.6120175793	-621816.5655364668
200001	2.2225897100	3.6120175793	-626331.5677981325
300001	2.2395737257	3.6120175793	-642652.4666542828
400001	0.0885018382	3.6120175793	-359663.3843741927
500001	2.6379651384	3.6120175793	-634510.0147247621
600001	0.5501720192	3.6120175793	-679583.4427827429
700001	0.5731817823	3.6120175793	-693001.4578035516
800001	2.0668695379	3.6120175793	-648805.0147180578
900001	2.2371382427	3.6120175793	-642939.3691171403
