site	rate	t	lnL
1	2.1956469532	4.0881414930	-625605.7333730018
100001	0.9206597882	4.0881414930	-627513.0412452503
200001	1.9999524889	4.0881414930	-626821.8262163276
300001	1.9933432877	4.0881414930	-642794.8432705422
400001	0.0838438226	4.0881414930	-364476.7002354519
500001	2.3694471071	4.0881414930	-634365.9273859918
600001	0.9218011154	4.0881414930	-694565.1461469101
700001	0.5668588159	4.0881414930	-696194.2383659803
800001	1.8417692295	4.0881414930	-649149.4672142600
900001	2.0392858938	4.0881414930	-643032.1889260394
