site	rate	t	lnL
1	1.9238197443	7.8779936810	-62074.4380873201
10001	1.9195568189	7.8779936810	-62065.4798085380
20001	2.4930742649	7.8779936810	-62134.4507689328
30001	2.3967955923	7.8779936810	-62210.7188332771
40001	1.8631625066	7.8779936810	-62187.7068773058
50001	1.9491037756	7.8779936810	-62197.7035095798
60001	1.9078650392	7.8779936810	-62094.4951606649
70001	2.7390292837	7.8779936810	-62106.9898451281
80001	45.8790981280	7.8779936810	-62184.3062957892
90001	1.7951954923	7.8779936810	-62139.1627134514
100001	0.6425418828	7.8779936810	-52682.3172768226
110001	0.7116279686	7.8779936810	-52712.0010927268
120001	0.6770969744	7.8779936810	-52787.0940708615
130001	0.7234262476	7.8779936810	-52777.5417438806
140001	0.6978709850	7.8779936810	-52799.4683021542
150001	0.6854219977	7.8779936810	-52661.8591830305
160001	0.6925221537	7.8779936810	-52696.5382562640
170001	0.7033273862	7.8779936810	-52788.2117796868
180001	0.6480638877	7.8779936810	-52753.6717138551
190001	0.7263789069	7.8779936810	-52665.8332999640
200001	1.2078515208	7.8779936810	-62486.8236242569
210001	1.1879472657	7.8779936810	-62580.3052745591
220001	1.2455905748	7.8779936810	-62730.4967566177
230001	1.1797019673	7.8779936810	-62600.9519849330
240001	1.1635883809	7.8779936810	-62695.4621551308
250001	1.2064417916	7.8779936810	-62558.0104154234
260001	1.2186282085	7.8779936810	-62593.2499950010
270001	1.1849225118	7.8779936810	-62530.2151158507
280001	1.1832724196	7.8779936810	-62548.4550744053
290001	1.2201311579	7.8779936810	-62704.9246941991
300001	1.4234616153	7.8779936810	-59674.4381274204
310001	1.3733909960	7.8779936810	-59476.4674639912
320001	1.5428413983	7.8779936810	-59678.0652824527
330001	1.4966997089	7.8779936810	-59440.9105265412
340001	1.3985577547	7.8779936810	-59443.7401186418
350001	1.4212108526	7.8779936810	-59495.3028007808
360001	1.3023232660	7.8779936810	-59559.5067471554
370001	1.4280014550	7.8779936810	-59382.6235427290
380001	1.4993367862	7.8779936810	-59549.7883279495
390001	1.4985883713	7.8779936810	-59568.1902453024
400001	0.0240742792	7.8779936810	-34614.3737457883
410001	0.0261183161	7.8779936810	-35249.6360398339
420001	0.0247088662	7.8779936810	-34798.4130347540
430001	0.0244504436	7.8779936810	-34708.3310693427
440001	0.0251128384	7.8779936810	-34942.0861096430
450001	0.0251725992	7.8779936810	-34955.6119841158
460001	0.0259859792	7.8779936810	-35159.5482434573
470001	0.0251297816	7.8779936810	-34990.8809059215
480001	0.0260700158	7.8779936810	-35237.9189704808
490001	0.0260376938	7.8779936810	-35178.6231465793
500001	1.3716227135	7.8779936810	-60439.3917890351
510001	1.4340591613	7.8779936810	-60575.7444692689
520001	1.3830454791	7.8779936810	-60359.3388857138
530001	1.3647337759	7.8779936810	-60592.2586713377
540001	1.4433412991	7.8779936810	-60448.9928239243
550001	1.4182135438	7.8779936810	-60561.5850081304
560001	1.3956426959	7.8779936810	-60432.7450046272
570001	1.3074869125	7.8779936810	-60435.7820138332
580001	1.3297467697	7.8779936810	-60529.4137704152
590001	1.4814518438	7.8779936810	-60428.2082871555
600001	1.2144231027	7.8779936810	-48358.3903448741
610001	1.1062127465	7.8779936810	-48329.9985898045
620001	1.0440998123	7.8779936810	-48277.6112138024
630001	1.0170187349	7.8779936810	-48232.9175365163
640001	1.0500302884	7.8779936810	-48254.2822553484
650001	1.1744467010	7.8779936810	-48206.9891498241
660001	1.0017834379	7.8779936810	-48201.2428874711
670001	1.0364339937	7.8779936810	-48340.2779630071
680001	1.0754721076	7.8779936810	-48350.5373358817
690001	1.0850764472	7.8779936810	-48248.0500592893
700001	0.9512125195	7.8779936810	-53745.3841934658
710001	0.9910518099	7.8779936810	-53736.4218325804
720001	1.0068857908	7.8779936810	-53790.2386207906
730001	1.1631352502	7.8779936810	-53747.5474750473
740001	0.9622055082	7.8779936810	-53740.4092038833
750001	1.0406021260	7.8779936810	-53847.4898860966
760001	1.0253693783	7.8779936810	-53830.4095116329
770001	1.0138888030	7.8779936810	-53793.1612969298
780001	1.0514398638	7.8779936810	-53755.2172203352
790001	1.0343404723	7.8779936810	-53865.7697490873
800001	1.5877687097	7.8779936810	-61200.2345732682
810001	2.1120282103	7.8779936810	-61358.5829694977
820001	1.7984561060	7.8779936810	-61151.1037137461
830001	2.3597275385	7.8779936810	-61222.5384842365
840001	1.8627742845	7.8779936810	-61267.3108423238
850001	1.8714174066	7.8779936810	-61206.4578735312
860001	1.5020231392	7.8779936810	-61191.7085776351
870001	2.0444286928	7.8779936810	-61210.9723603089
880001	1.8027153505	7.8779936810	-61297.7414524317
890001	1.6129825645	7.8779936810	-61307.7818054109
900001	1.5205643730	7.8779936810	-59039.6258702688
910001	1.6315493375	7.8779936810	-59088.4913551198
920001	1.6280225296	7.8779936810	-59090.4279906371
930001	1.6766320002	7.8779936810	-58999.4356426125
940001	1.5613754641	7.8779936810	-59194.2621624376
950001	1.6387659202	7.8779936810	-59086.3880884059
960001	1.7257005865	7.8779936810	-59140.1400293814
970001	1.6792082112	7.8779936810	-59074.6743957795
980001	1.5771410560	7.8779936810	-59054.1389965167
990001	1.6926897184	7.8779936810	-59057.8659515227
