site	rate	t	lnL
1	2.2706837118	5.6470395232	-621268.5489451146
100001	0.6375038149	5.6470395232	-525456.5032869967
200001	1.2817827697	5.6470395232	-626155.3575016271
300001	1.5181838535	5.6470395232	-594967.5866292679
400001	0.0346622214	5.6470395232	-341638.2078762409
500001	1.5322939504	5.6470395232	-604871.5523324828
600001	0.8547758844	5.6470395232	-480121.3404053932
700001	1.0676469800	5.6470395232	-537550.2121768370
800001	1.5304040728	5.6470395232	-612300.4402964249
900001	1.6674162706	5.6470395232	-590471.2029816583
