site	rate	t	lnL
1	2.8413764215	1.9368094125	-599131.0605910252
100001	0.8803847053	1.9368094125	-581481.6546310752
200001	2.1150515166	1.9368094125	-598906.3951506083
300001	2.0361156665	1.9368094125	-598824.8738445409
400001	0.1164770925	1.9368094125	-404956.1107846394
500001	2.1734602514	1.9368094125	-598953.2945052327
600001	0.7868532622	1.9368094125	-575344.0133417908
700001	0.9687511290	1.9368094125	-585863.3889602971
800001	2.1306428190	1.9368094125	-598919.9093800670
900001	2.0258414951	1.9368094125	-598812.4432053847
