site	rate	t	lnL
1	2.3206004228	5.0503384708	-620992.8498888831
100001	0.4680960486	5.0503384708	-514987.7056331610
200001	1.3635176642	5.0503384708	-624612.1719174262
300001	1.7004015879	5.0503384708	-594403.3243667724
400001	0.0319543802	5.0503384708	-335569.9998272944
500001	1.6860997583	5.0503384708	-603947.5519906257
600001	0.6376579264	5.0503384708	-466568.6210111498
700001	0.8359839150	5.0503384708	-534870.6853441290
800001	1.7069050583	5.0503384708	-612550.3145883855
900001	1.7702382748	5.0503384708	-589799.4040157164
