site	rate	t	lnL
1	1.5101750843	0.5087239336	-535639.8935635237
100001	0.6561658653	0.5087239336	-394777.5807782747
200001	1.3668774768	0.5087239336	-529478.1456539078
300001	1.3402675229	0.5087239336	-505250.1696621858
400001	0.1700157482	0.5087239336	-274342.7784484419
500001	1.3996910802	0.5087239336	-516395.8100326758
600001	0.4382263692	0.5087239336	-334831.0208167300
700001	0.8098234958	0.5087239336	-418419.3045698369
800001	1.3682844225	0.5087239336	-519418.2012736294
900001	1.3246453069	0.5087239336	-500596.0159788345
