site	rate	t	lnL
1	1.8102274497	1.7032748601	-60839.4020702319
10001	1.6637176849	1.7032748601	-60536.6915758962
20001	1.7051288155	1.7032748601	-60792.0469466319
30001	1.7463249472	1.7032748601	-60818.6096695533
40001	1.7291917959	1.7032748601	-60873.7722208682
50001	1.7872018101	1.7032748601	-60911.1935016020
60001	1.7569543189	1.7032748601	-60859.5634549470
70001	1.7431578869	1.7032748601	-60713.4727549594
80001	1.7381988302	1.7032748601	-60759.3323982540
90001	1.6960687816	1.7032748601	-60909.9097578660
100001	0.5151381506	1.7032748601	-46752.4384718887
110001	0.5264893078	1.7032748601	-47104.2821840599
120001	0.5152335378	1.7032748601	-46779.6230083634
130001	0.5209425227	1.7032748601	-46852.7812563829
140001	0.5440137013	1.7032748601	-47294.4312236763
150001	0.5344180648	1.7032748601	-47009.8068506982
160001	0.5348350539	1.7032748601	-46985.4007192566
170001	0.5103451490	1.7032748601	-46784.2331443109
180001	0.5054421232	1.7032748601	-46554.9074921737
190001	0.5487810999	1.7032748601	-47139.7716257119
200001	1.4064960719	1.7032748601	-59987.6382880385
210001	1.4179599968	1.7032748601	-60035.2090352155
220001	1.4366943538	1.7032748601	-60068.9024089736
230001	1.4481090293	1.7032748601	-59997.9703709848
240001	1.3759915993	1.7032748601	-59998.8129121762
250001	1.4225111826	1.7032748601	-60002.3759611193
260001	1.4021365104	1.7032748601	-60113.6904613103
270001	1.3646475062	1.7032748601	-59959.9994342991
280001	1.4092716128	1.7032748601	-59911.4170858811
290001	1.4604414195	1.7032748601	-60280.1331947430
300001	1.6176323074	1.7032748601	-57722.7756547755
310001	1.5589763606	1.7032748601	-57642.0609703550
320001	1.5768759921	1.7032748601	-57611.4860347128
330001	1.5673125028	1.7032748601	-57657.0502601897
340001	1.4972369165	1.7032748601	-57490.3728210269
350001	1.4607805864	1.7032748601	-57232.2946250104
360001	1.5432840969	1.7032748601	-57580.7904645181
370001	1.5997255167	1.7032748601	-57549.0122736418
380001	1.5827745832	1.7032748601	-57692.1831346870
390001	1.5822735868	1.7032748601	-57508.7501818824
400001	0.0767845116	1.7032748601	-30380.8471118606
410001	0.0749538146	1.7032748601	-30258.2368633702
420001	0.0755730125	1.7032748601	-30296.5301405349
430001	0.0722850853	1.7032748601	-29896.2243517311
440001	0.0749754959	1.7032748601	-30224.5583746425
450001	0.0779471749	1.7032748601	-30455.9817470438
460001	0.0761812768	1.7032748601	-30363.6413908120
470001	0.0799096309	1.7032748601	-30623.1900638729
480001	0.0775349048	1.7032748601	-30457.3243104825
490001	0.0791475143	1.7032748601	-30576.4322712829
500001	1.6490063087	1.7032748601	-58383.7343379766
510001	1.6833209637	1.7032748601	-58401.7916228135
520001	1.6781948439	1.7032748601	-58345.7314527398
530001	1.7134729579	1.7032748601	-58619.7798779666
540001	1.7231764529	1.7032748601	-58568.5217592913
550001	1.6823749573	1.7032748601	-58375.5622596626
560001	1.7034667884	1.7032748601	-58540.5352333197
570001	1.6390392775	1.7032748601	-58481.4375100207
580001	1.6909477819	1.7032748601	-58401.8341040061
590001	1.7156737670	1.7032748601	-58502.6548574900
600001	0.4061348236	1.7032748601	-40486.9859647666
610001	0.4142929918	1.7032748601	-40783.6388473206
620001	0.4219995301	1.7032748601	-40997.3165718877
630001	0.4108038586	1.7032748601	-40796.0854491488
640001	0.4102280795	1.7032748601	-40678.4571176277
650001	0.4115610049	1.7032748601	-40724.1484287999
660001	0.3861271672	1.7032748601	-40301.5523987170
670001	0.4081484640	1.7032748601	-40720.8206764983
680001	0.4070464210	1.7032748601	-40545.1992570000
690001	0.4101189357	1.7032748601	-40728.4539125016
700001	0.7084417042	1.7032748601	-49835.5599619643
710001	0.7026703561	1.7032748601	-49875.7757306598
720001	0.7717562077	1.7032748601	-50503.3164499687
730001	0.7270113486	1.7032748601	-50115.4949862943
740001	0.7250297850	1.7032748601	-50191.4518698946
750001	0.6984046476	1.7032748601	-49965.4382010876
760001	0.7084160926	1.7032748601	-50155.8019226040
770001	0.7431389757	1.7032748601	-50392.6469212923
780001	0.6640548164	1.7032748601	-49699.1962104137
790001	0.7802435006	1.7032748601	-50425.6656657798
800001	1.3578247348	1.7032748601	-58823.3375030407
810001	1.4114540960	1.7032748601	-59029.6912516330
820001	1.3711499228	1.7032748601	-58989.9969780143
830001	1.4101411561	1.7032748601	-58973.1854034581
840001	1.3959822054	1.7032748601	-58975.2242651947
850001	1.4231801960	1.7032748601	-59030.7773433022
860001	1.3724113072	1.7032748601	-59120.6391790223
870001	1.3753272217	1.7032748601	-58985.6007593762
880001	1.3740736397	1.7032748601	-59017.2490191600
890001	1.3184132045	1.7032748601	-58761.3290405955
900001	1.5460396934	1.7032748601	-57027.3842392765
910001	1.5792370016	1.7032748601	-57225.5322679292
920001	1.5403299243	1.7032748601	-57241.8465731018
930001	1.5344270881	1.7032748601	-57087.1960588107
940001	1.5383167627	1.7032748601	-57163.3784362655
950001	1.5087970723	1.7032748601	-57183.9398053624
960001	1.5803012281	1.7032748601	-57060.9814326245
970001	1.5341296181	1.7032748601	-57143.6133394317
980001	1.5221088418	1.7032748601	-57083.4125951037
990001	1.5560699213	1.7032748601	-57122.2832266692
