site	rate	t	lnL
1	2.2868917016	4.8570227152	-621524.7652067316
100001	0.5551755431	4.8570227152	-520596.1944177211
200001	1.3608973117	4.8570227152	-625473.6262924121
300001	1.6521964730	4.8570227152	-594811.2502577699
400001	0.0377126890	4.8570227152	-337129.8859346410
500001	1.6646808680	4.8570227152	-605077.3060893276
600001	0.6760606402	4.8570227152	-472905.2943839331
700001	1.0413076492	4.8570227152	-536763.4750367441
800001	1.6430260651	4.8570227152	-612046.2819308665
900001	1.7225781266	4.8570227152	-590012.1442750270
