site	rate	t	lnL
1	2.1046022308	6.3528230722	-621634.7699822359
100001	0.7623811912	6.3528230722	-527771.6736049909
200001	1.1799701508	6.3528230722	-626011.5020581362
300001	1.3459357845	6.3528230722	-595043.1660675721
400001	0.0330672818	6.3528230722	-345994.0461328188
500001	1.4096195791	6.3528230722	-605231.3922784630
600001	1.1985772604	6.3528230722	-483504.6603799601
700001	1.0525763296	6.3528230722	-538307.4230159380
800001	1.4476293224	6.3528230722	-612262.9198947164
900001	1.4998861348	6.3528230722	-590422.0698206770
