site	rate	t	lnL
1	2.2582927442	1.3317996923	-625165.4574578244
100001	0.9116636983	1.3317996923	-626706.4624821851
200001	2.0135332612	1.3317996923	-626204.3766013979
300001	2.0372342126	1.3317996923	-642322.2439853081
400001	0.0835707900	1.3317996923	-363250.1354138601
500001	2.4096232085	1.3317996923	-634614.1382940877
600001	0.7606663055	1.3317996923	-692879.2356536832
700001	0.5847125806	1.3317996923	-696520.7018369776
800001	1.8533358463	1.3317996923	-648479.1359291043
900001	2.0633924506	1.3317996923	-642721.9680724608
