site	rate	t	lnL
1	2.1235032787	6.0703527610	-621523.5732066487
100001	0.8771814617	6.0703527610	-525367.3928330812
200001	1.1611916737	6.0703527610	-626039.5749875713
300001	1.5717541150	6.0703527610	-595410.8880228084
400001	0.0374860913	6.0703527610	-337117.7794985907
500001	1.4792661772	6.0703527610	-605038.6088429006
600001	0.8759849625	6.0703527610	-477631.1744223682
700001	1.1272904612	6.0703527610	-537705.7191195971
800001	1.2269010065	6.0703527610	-611792.8703401586
900001	1.6425284636	6.0703527610	-589987.0441093945
