site	rate	t	lnL
1	1.9949793958	8.2023149850	-621529.2943127027
100001	0.7198968359	8.2023149850	-527332.2193423141
200001	1.1872243244	8.2023149850	-626387.4863842221
300001	1.3872726663	8.2023149850	-595209.6072118978
400001	0.0250073972	8.2023149850	-351468.4403793243
500001	1.3497271965	8.2023149850	-605057.7746957997
600001	1.2430508851	8.2023149850	-483370.0453382314
700001	0.9994509470	8.2023149850	-538401.9213577921
800001	1.7082484919	8.2023149850	-612822.4456623659
900001	1.6101471619	8.2023149850	-590611.6485769855
