site	rate	t	lnL
1	1.6164227870	7.5243322091	-62025.4886419018
10001	2.2872064702	7.5243322091	-62063.2513479293
20001	1.8410641315	7.5243322091	-62164.7330199020
30001	2.2632361868	7.5243322091	-62096.0566307760
40001	1.7762341235	7.5243322091	-62029.0899811097
50001	2.2999325619	7.5243322091	-62059.3770437289
60001	1.9115211175	7.5243322091	-62212.2029612377
70001	1.9922175474	7.5243322091	-62050.4210416082
80001	2.3192885564	7.5243322091	-62206.6102124164
90001	2.4349710496	7.5243322091	-62180.7111502926
100001	1.0765617412	7.5243322091	-52785.1205106104
110001	1.1161851297	7.5243322091	-52843.8895536949
120001	1.0920634837	7.5243322091	-52830.7892853142
130001	1.1095021570	7.5243322091	-52924.8415358398
140001	1.0802089373	7.5243322091	-52840.1877208488
150001	1.1127741068	7.5243322091	-52912.6673135389
160001	1.1337144604	7.5243322091	-52795.0377193897
170001	1.1251989927	7.5243322091	-52791.5749452819
180001	1.0429552204	7.5243322091	-52840.8840210143
190001	1.0998193103	7.5243322091	-52979.3051174929
200001	1.0133957468	7.5243322091	-62686.0637459996
210001	0.9508915113	7.5243322091	-62566.7805737264
220001	1.0482076794	7.5243322091	-62637.6181262425
230001	1.0119567101	7.5243322091	-62626.1443682853
240001	0.9833865106	7.5243322091	-62640.4910640442
250001	1.0615155560	7.5243322091	-62603.7315765847
260001	1.0151865382	7.5243322091	-62615.3187588957
270001	1.0412571142	7.5243322091	-62626.2813619711
280001	0.9785805167	7.5243322091	-62616.2836718492
290001	1.0308224838	7.5243322091	-62659.2797746733
300001	1.4518782223	7.5243322091	-59533.6570869344
310001	1.3592290959	7.5243322091	-59442.7144278934
320001	1.2891277563	7.5243322091	-59404.5299430969
330001	1.3511720863	7.5243322091	-59550.7885405081
340001	1.4222134508	7.5243322091	-59647.9408225054
350001	1.3391586537	7.5243322091	-59388.4890061021
360001	1.3366979787	7.5243322091	-59513.2350911000
370001	1.3121009947	7.5243322091	-59530.1167687263
380001	1.5709504955	7.5243322091	-59369.6813933641
390001	1.3817644265	7.5243322091	-59572.4021792168
400001	0.0347393492	7.5243322091	-34561.9473829058
410001	0.0360792543	7.5243322091	-34907.7311078828
420001	0.0333556956	7.5243322091	-34265.5080952634
430001	0.0340135260	7.5243322091	-34447.7606098474
440001	0.0324664743	7.5243322091	-34054.3833137362
450001	0.0331388462	7.5243322091	-34269.9653597689
460001	0.0333018220	7.5243322091	-34251.9104437023
470001	0.0334675869	7.5243322091	-34362.6858902977
480001	0.0332403106	7.5243322091	-34264.7048521946
490001	0.0320474616	7.5243322091	-33965.2061356513
500001	1.2996148679	7.5243322091	-60667.5220444107
510001	1.3687709660	7.5243322091	-60585.2487537117
520001	1.5116436917	7.5243322091	-60723.0171897377
530001	1.3133860857	7.5243322091	-60556.4687467256
540001	1.2453706049	7.5243322091	-60659.0754849656
550001	1.4116841900	7.5243322091	-60471.7458270584
560001	1.3290173942	7.5243322091	-60537.6539815076
570001	1.2621113440	7.5243322091	-60593.2729319173
580001	1.3663715159	7.5243322091	-60436.3251207222
590001	1.2884164470	7.5243322091	-60527.8890026983
600001	1.4897380736	7.5243322091	-48372.3096791026
610001	1.9026774911	7.5243322091	-48319.4136963811
620001	1.4858571133	7.5243322091	-48282.6728999289
630001	1.7923804739	7.5243322091	-48306.6763562649
640001	1.7184044107	7.5243322091	-48326.3020623763
650001	1.6367560163	7.5243322091	-48385.4291452236
660001	1.7896185061	7.5243322091	-48375.2476099169
670001	1.6460255568	7.5243322091	-48474.3600113657
680001	2.1074377733	7.5243322091	-48504.7616412793
690001	1.6979389157	7.5243322091	-48385.5871004404
700001	1.1826831712	7.5243322091	-53788.7436977131
710001	1.1543750267	7.5243322091	-53828.5013775203
720001	1.1666988879	7.5243322091	-53733.2519860579
730001	1.3033859472	7.5243322091	-53707.9234309114
740001	1.2652744662	7.5243322091	-53970.8354105238
750001	1.2556932030	7.5243322091	-53934.3779030228
760001	1.2338322984	7.5243322091	-53964.6012663890
770001	1.2394612642	7.5243322091	-54007.4244991421
780001	1.2711382451	7.5243322091	-53866.1756762936
790001	1.2961375526	7.5243322091	-53879.6103690944
800001	0.9714450670	7.5243322091	-61109.1831499603
810001	1.0758630383	7.5243322091	-61351.3399807948
820001	1.0273663829	7.5243322091	-61211.1601294762
830001	1.0419962205	7.5243322091	-61400.6315730133
840001	1.0257346104	7.5243322091	-61238.0923130926
850001	0.9415781945	7.5243322091	-61099.8963896518
860001	1.0165072350	7.5243322091	-61140.8316423032
870001	1.0145120307	7.5243322091	-61193.9319557215
880001	0.9991113942	7.5243322091	-61307.3674329869
890001	0.9989344901	7.5243322091	-61274.2631977379
900001	1.4178124146	7.5243322091	-59017.5170327691
910001	1.5488136253	7.5243322091	-58906.4721598051
920001	1.3626376874	7.5243322091	-59089.8056581009
930001	1.3477204668	7.5243322091	-59083.5088550309
940001	1.4444634944	7.5243322091	-59153.5875042466
950001	1.3985699981	7.5243322091	-59051.2843616301
960001	1.2807530556	7.5243322091	-59056.7635380182
970001	1.4258732766	7.5243322091	-59071.4511563990
980001	1.7826720560	7.5243322091	-59102.8297142509
990001	1.3288051571	7.5243322091	-58972.6460317900
