site	rate	t	lnL
1	2.9476381094	1.8211403439	-599126.3505140815
100001	0.8112722645	1.8211403439	-573462.5603715368
200001	2.1501438641	1.8211403439	-598807.3428061607
300001	2.0771837773	1.8211403439	-598709.9902148974
400001	0.1158509514	1.8211403439	-400024.5668926335
500001	2.3049303613	1.8211403439	-598948.7902380532
600001	0.6610901255	1.8211403439	-559142.4775435096
700001	0.9460561767	1.8211403439	-581994.0151405392
800001	2.2779202989	1.8211403439	-598929.1820628602
900001	2.0555200974	1.8211403439	-598676.1567680286
