site	rate	t	lnL
1	2.8229230966	1.9342425543	-599129.6955114921
100001	0.8778829266	1.9342425543	-581272.8306858385
200001	2.1090982646	1.9342425543	-598898.4689857002
300001	2.0376954653	1.9342425543	-598823.5403287200
400001	0.1161817809	1.9342425543	-404666.7312393903
500001	2.1412862746	1.9342425543	-598926.3910425189
600001	0.7853555804	1.9342425543	-575151.7202866568
700001	0.9758250745	1.9342425543	-586110.3769979529
800001	2.1730572740	1.9342425543	-598950.9158856621
900001	1.9789551630	1.9342425543	-598745.6341195689
