site	rate	t	lnL
1	2.1151387948	2.0971593768	-62100.0248772258
10001	2.0842747785	2.0971593768	-62222.2548511898
20001	2.3578935340	2.0971593768	-62190.6342470291
30001	2.0509495527	2.0971593768	-62115.0028232880
40001	2.0537806131	2.0971593768	-62210.2891215194
50001	2.3519837969	2.0971593768	-62149.3722795178
60001	2.0927343583	2.0971593768	-62080.4479731072
70001	2.0975239171	2.0971593768	-62165.7664478475
80001	2.0469363893	2.0971593768	-62079.8400998953
90001	2.0738900395	2.0971593768	-62133.3628985621
100001	0.7662563942	2.0971593768	-51403.9267502225
110001	0.7709105577	2.0971593768	-51487.0920545980
120001	0.7668252248	2.0971593768	-51460.3914232697
130001	0.7597038442	2.0971593768	-51429.2374169261
140001	0.7497946003	2.0971593768	-51374.7306414423
150001	0.7609083525	2.0971593768	-51477.7785489095
160001	0.7709314351	2.0971593768	-51482.8271746866
170001	0.7894318061	2.0971593768	-51622.3514192304
180001	0.7595083658	2.0971593768	-51484.1799184164
190001	0.7730714319	2.0971593768	-51506.7914776898
200001	1.6900608297	2.0971593768	-62508.1437055849
210001	1.7165393622	2.0971593768	-62654.0947259126
220001	1.7038272068	2.0971593768	-62668.0029710761
230001	1.6859867375	2.0971593768	-62438.1283422477
240001	1.7319604893	2.0971593768	-62488.4844899823
250001	1.7122238242	2.0971593768	-62588.9155445000
260001	1.6881688492	2.0971593768	-62432.9046617661
270001	1.7057165735	2.0971593768	-62646.2480458071
280001	1.7109165244	2.0971593768	-62608.1581600033
290001	1.7299442819	2.0971593768	-62607.9568343997
300001	1.9857199128	2.0971593768	-59743.7282451817
310001	1.9204660303	2.0971593768	-59556.1102114672
320001	2.1493762437	2.0971593768	-59543.8056954530
330001	1.8259073101	2.0971593768	-59477.8800092529
340001	1.8397537889	2.0971593768	-59556.7251278862
350001	1.9256661912	2.0971593768	-59468.8953473115
360001	2.0430514074	2.0971593768	-59543.0007098681
370001	1.8796114730	2.0971593768	-59572.5915242452
380001	2.0765485539	2.0971593768	-59512.5969548596
390001	1.9686048373	2.0971593768	-59573.0018532591
400001	0.1086777091	2.0971593768	-32183.8794732013
410001	0.1071958036	2.0971593768	-32086.5129795589
420001	0.1068568842	2.0971593768	-32056.0275559528
430001	0.1094165672	2.0971593768	-32215.9380497480
440001	0.1074527815	2.0971593768	-32141.4980940741
450001	0.1085360246	2.0971593768	-32174.7241949953
460001	0.1070507771	2.0971593768	-32060.7620490542
470001	0.1100261580	2.0971593768	-32244.9379814111
480001	0.1099566414	2.0971593768	-32208.8238896531
490001	0.1101646000	2.0971593768	-32248.8689699619
500001	1.9713422899	2.0971593768	-60441.6210194466
510001	1.9244386798	2.0971593768	-60600.2182875186
520001	1.8419459891	2.0971593768	-60495.2524198941
530001	1.8817857621	2.0971593768	-60622.8703106846
540001	1.8720134650	2.0971593768	-60560.9421578888
550001	1.8672223253	2.0971593768	-60502.2344399007
560001	1.9277191632	2.0971593768	-60415.2061365966
570001	1.8728152049	2.0971593768	-60575.5946042369
580001	1.8819154533	2.0971593768	-60484.0829163400
590001	1.9437751110	2.0971593768	-60412.9558196354
600001	0.6427285483	2.0971593768	-46386.8069871824
610001	0.6412763810	2.0971593768	-46406.5080495433
620001	0.6311283105	2.0971593768	-46293.6493523957
630001	0.6355538089	2.0971593768	-46273.0052245840
640001	0.6339159798	2.0971593768	-46194.5439171615
650001	0.6409070674	2.0971593768	-46371.4166463847
660001	0.6650810413	2.0971593768	-46604.1507312298
670001	0.6277199159	2.0971593768	-46214.5505268663
680001	0.6449899805	2.0971593768	-46388.9312812745
690001	0.6433448771	2.0971593768	-46348.4550214101
700001	0.9835916571	2.0971593768	-53099.6933106758
710001	0.9765877199	2.0971593768	-53187.4869698300
720001	0.9666104504	2.0971593768	-53299.2525079722
730001	0.9716579491	2.0971593768	-53050.0291878936
740001	0.9917193922	2.0971593768	-53253.5352775998
750001	0.9977364609	2.0971593768	-53410.8672601468
760001	0.9914790631	2.0971593768	-53213.6449185193
770001	0.9846440059	2.0971593768	-53056.3546386333
780001	0.9927102448	2.0971593768	-53338.9203600590
790001	0.9714006483	2.0971593768	-53356.7808306399
800001	1.8525511566	2.0971593768	-61303.9410605263
810001	1.8256573486	2.0971593768	-61358.0823084482
820001	1.8035104306	2.0971593768	-61177.5003549605
830001	1.8014368471	2.0971593768	-61230.1391285744
840001	1.8437516121	2.0971593768	-61201.6781428106
850001	1.9054308234	2.0971593768	-61236.5475078020
860001	1.7907395297	2.0971593768	-61155.5496578082
870001	1.8321350843	2.0971593768	-61137.6338283487
880001	1.9613842432	2.0971593768	-61179.5556845501
890001	1.7134583053	2.0971593768	-61141.6239188287
900001	2.0175551328	2.0971593768	-59075.1153149751
910001	1.8870714223	2.0971593768	-59112.0295321870
920001	1.9581715416	2.0971593768	-59131.0329418151
930001	1.9639100101	2.0971593768	-59017.3540935177
940001	1.7944544344	2.0971593768	-59100.5400443398
950001	1.9562038598	2.0971593768	-58908.8635436796
960001	2.1246069002	2.0971593768	-58984.9877290035
970001	2.0032671027	2.0971593768	-59020.7443995053
980001	1.8958112145	2.0971593768	-58965.2528509109
990001	2.0935343236	2.0971593768	-59101.4154426715
