site	rate	t	lnL
1	2.0800707823	6.2632371426	-621313.7288469776
100001	0.7332468862	6.2632371426	-527648.4216849618
200001	1.1963360495	6.2632371426	-626145.5337620106
300001	1.3911206731	6.2632371426	-594693.9293685158
400001	0.0331604691	6.2632371426	-345289.6795233086
500001	1.4337084624	6.2632371426	-605614.6205083157
600001	1.1060278267	6.2632371426	-483453.1307174746
700001	1.0752951527	6.2632371426	-538133.3260713265
800001	1.4254465815	6.2632371426	-612614.4457991933
900001	1.5759488254	6.2632371426	-590565.2533947619
