site	rate	t	lnL
1	2.9272167524	1.8496273149	-599128.1029401995
100001	0.8301688171	1.8496273149	-575788.7054556026
200001	2.1844696843	1.8496273149	-598879.2099279565
300001	2.0663575075	1.8496273149	-598741.2072074988
400001	0.1167439222	1.8496273149	-401713.0158489349
500001	2.2479070038	1.8496273149	-598933.0618431019
600001	0.6774620904	1.8496273149	-562185.8651649525
700001	0.9599190871	1.8496273149	-583428.6986225258
800001	2.2607934965	1.8496273149	-598942.6197736361
900001	2.0647986452	1.8496273149	-598738.9855399808
