site	rate	t	lnL
1	2.2875697649	1.3122421790	-625577.2299515121
100001	0.8924770329	1.3122421790	-625868.9857843381
200001	2.0294152162	1.3122421790	-626503.7643988924
300001	2.0460821247	1.3122421790	-642752.4015388284
400001	0.0839816544	1.3122421790	-362529.6330899724
500001	2.4969628469	1.3122421790	-634578.4928818661
600001	0.7001695833	1.3122421790	-691332.3991316474
700001	0.5840112738	1.3122421790	-695986.4814850015
800001	1.9210473097	1.3122421790	-648728.7023626362
900001	2.0480166153	1.3122421790	-642798.8243676607
