site	rate	t	lnL
1	1.9127398224	1.5002647109	-618371.5380843513
100001	0.6586027780	1.5002647109	-486621.4561652855
200001	1.6253977318	1.5002647109	-620366.1120022276
300001	1.6648744865	1.5002647109	-591141.9117011995
400001	0.1202615985	1.5002647109	-308115.6634694249
500001	1.6962444915	1.5002647109	-601209.0620977420
600001	0.4838743601	1.5002647109	-423751.3887642981
700001	0.8736557255	1.5002647109	-514829.5282044759
800001	1.6858756602	1.5002647109	-607596.7747494283
900001	1.6528786045	1.5002647109	-585761.3693780373
