site	rate	t	lnL
1	2.6709991085	1.9287592005	-59911.5661439075
10001	3.3112449223	1.9287592005	-59914.3786776273
20001	2.3822036745	1.9287592005	-59905.4817653697
30001	2.7101476008	1.9287592005	-59911.9915131012
40001	2.5686734808	1.9287592005	-59910.1077171210
50001	3.4604097374	1.9287592005	-59914.4950273147
60001	2.8361071840	1.9287592005	-59913.0021799003
70001	2.6616570326	1.9287592005	-59911.4550242944
80001	3.5055313008	1.9287592005	-59914.5189779028
90001	96.2721506842	1.9287592005	-59914.6454710775
100001	0.8770798043	1.9287592005	-58108.3632314527
110001	0.8933302801	1.9287592005	-58199.7368137399
120001	0.8872521353	1.9287592005	-58166.0915628879
130001	0.8726547318	1.9287592005	-58082.6836714113
140001	0.8776726761	1.9287592005	-58111.7774369621
150001	0.8750102381	1.9287592005	-58096.3954571318
160001	0.8797533078	1.9287592005	-58123.7090707879
170001	0.8708953902	1.9287592005	-58072.3758541882
180001	0.8673941167	1.9287592005	-58051.6987283482
190001	0.8636277142	1.9287592005	-58029.2062821245
200001	2.0650046053	1.9287592005	-59884.8124702306
210001	2.1683956266	1.9287592005	-59894.2889879552
220001	2.1719833830	1.9287592005	-59894.5581819725
230001	2.0620847593	1.9287592005	-59884.4898079011
240001	2.0095008183	1.9287592005	-59878.0610383161
250001	2.1109170580	1.9287592005	-59889.4610520202
260001	2.0920612744	1.9287592005	-59887.6448724856
270001	2.1792343363	1.9287592005	-59895.0915885663
280001	2.1792368713	1.9287592005	-59895.0915885663
290001	2.2016186489	1.9287592005	-59896.6517828204
300001	1.9888622888	1.9287592005	-59875.1868037252
310001	2.1206083568	1.9287592005	-59890.3473337739
320001	2.0121393453	1.9287592005	-59878.4133990504
330001	2.0420853192	1.9287592005	-59882.1869905500
340001	2.0679424942	1.9287592005	-59885.1335481931
350001	2.0255376439	1.9287592005	-59880.1519975772
360001	2.0920620090	1.9287592005	-59887.6448724857
370001	2.0534183811	1.9287592005	-59883.5123363494
380001	2.0174570502	1.9287592005	-59879.1134856756
390001	2.0708982003	1.9287592005	-59885.4530396152
400001	0.1163071147	1.9287592005	-40453.5102009007
410001	0.1135143640	1.9287592005	-40273.0299434344
420001	0.1161705608	1.9287592005	-40444.7316821634
430001	0.1134464286	1.9287592005	-40268.6142367026
440001	0.1126319519	1.9287592005	-40215.5743091139
450001	0.1182916147	1.9287592005	-40580.5087432318
460001	0.1199397842	1.9287592005	-40685.2036465770
470001	0.1174010733	1.9287592005	-40523.6452944238
480001	0.1170589924	1.9287592005	-40501.7458182170
490001	0.1106014241	1.9287592005	-40082.5564664175
500001	2.2092997786	1.9287592005	-59897.1584407238
510001	2.1940496202	1.9287592005	-59896.1384084305
520001	2.1719845760	1.9287592005	-59894.5581819722
530001	2.0392905472	1.9287592005	-59881.8517307647
540001	2.1109175313	1.9287592005	-59889.4610520202
550001	2.1577780071	1.9287592005	-59893.4714717532
560001	2.0859257964	1.9287592005	-59887.0266220864
570001	2.1903062609	1.9287592005	-59895.8792086904
580001	2.1940507401	1.9287592005	-59896.1384084303
590001	2.2495112769	1.9287592005	-59899.5902873095
600001	0.7786168019	1.9287592005	-57446.2983860321
610001	0.7705933459	1.9287592005	-57383.0938557356
620001	0.7808266875	1.9287592005	-57463.4383332309
630001	0.7689072753	1.9287592005	-57369.6147873428
640001	0.7539744653	1.9287592005	-57247.1777299689
650001	0.7778822360	1.9287592005	-57440.5757472507
660001	0.7756848352	1.9287592005	-57423.3799099982
670001	0.7619800352	1.9287592005	-57313.5057863446
680001	0.7945402075	1.9287592005	-57567.2657638684
690001	0.7681864490	1.9287592005	-57363.8303512020
700001	0.9828689677	1.9287592005	-58628.9225458419
710001	0.9876137928	1.9287592005	-58648.5225516858
720001	0.9920326051	1.9287592005	-58666.5179566023
730001	0.9657161754	1.9287592005	-58555.6164926896
740001	0.9843243180	1.9287592005	-58634.9649134743
750001	0.9549324109	1.9287592005	-58507.4986949688
760001	0.9695972637	1.9287592005	-58572.5451700431
770001	0.9857837102	1.9287592005	-58640.9969798343
780001	0.9749367754	1.9287592005	-58595.5061129294
790001	0.9625620172	1.9287592005	-58541.7089574453
800001	2.1271711608	1.9287592005	-59890.9300695467
810001	2.2170964406	1.9287592005	-59897.6583623920
820001	2.0828849071	1.9287592005	-59886.7150961986
830001	2.2210400530	1.9287592005	-59897.9057909319
840001	2.2170964454	1.9287592005	-59897.6583623919
850001	2.1338185014	1.9287592005	-59891.5062889020
860001	2.3407046899	1.9287592005	-59903.9385950593
870001	2.2931064431	1.9287592005	-59901.8512050934
880001	2.2210393656	1.9287592005	-59897.9057909319
890001	2.1508187476	1.9287592005	-59892.9182062860
900001	2.0738686473	1.9287592005	-59885.7709423164
910001	2.0309938267	1.9287592005	-59880.8365692937
920001	1.9224838349	1.9287592005	-59864.3644413903
930001	2.0591792721	1.9287592005	-59884.1655633716
940001	2.2931055780	1.9287592005	-59901.8512050935
950001	1.8538088537	1.9287592005	-59850.1304801833
960001	1.9382986832	1.9287592005	-59867.1798549691
970001	2.0228323859	1.9287592005	-59879.8073787745
980001	1.9006966544	1.9287592005	-59860.2174422409
990001	2.0591793685	1.9287592005	-59884.1655633714
