site	rate	t	lnL
1	2.3715475940	4.4401774782	-621353.8305233237
100001	0.5268204040	4.4401774782	-517208.5221890543
200001	1.3434683849	4.4401774782	-625011.3741196073
300001	1.6790765975	4.4401774782	-594752.2788743284
400001	0.0393439088	4.4401774782	-334139.6026542563
500001	1.7069405096	4.4401774782	-604734.0789911604
600001	0.6127752564	4.4401774782	-468662.6547491285
700001	1.0195579582	4.4401774782	-535776.8966250487
800001	1.6436034159	4.4401774782	-611905.7672639594
900001	1.7547006163	4.4401774782	-590435.0781064340
