site	rate	t	lnL
1	2.1476107562	5.7288206933	-621570.5971584558
100001	0.8217294925	5.7288206933	-524759.9883901473
200001	1.1702269758	5.7288206933	-625369.2671623657
300001	1.6084489856	5.7288206933	-595352.5642534205
400001	0.0383170724	5.7288206933	-335058.4515189257
500001	1.5024899275	5.7288206933	-605247.8513369323
600001	0.8001561899	5.7288206933	-475173.8023957065
700001	1.1107573610	5.7288206933	-537687.5722845941
800001	1.2324720731	5.7288206933	-611804.4346506252
900001	1.6664832455	5.7288206933	-590215.7055221433
