site	rate	t	lnL
1	3.2327446910	6.3509786199	-62097.4913713193
10001	2.1076323153	6.3509786199	-62175.6325990897
20001	2.0842453319	6.3509786199	-62249.4050139141
30001	2.0750886838	6.3509786199	-62225.0334791903
40001	2.3643544114	6.3509786199	-62188.8317902925
50001	1.6969576106	6.3509786199	-62184.8860737298
60001	1.8993713871	6.3509786199	-62151.1100626468
70001	2.1609345542	6.3509786199	-62165.9917569835
80001	2.0074341738	6.3509786199	-62170.2936966592
90001	1.8032387400	6.3509786199	-62151.3209811075
100001	0.8775000371	6.3509786199	-52620.4325246232
110001	0.9128295784	6.3509786199	-52699.2986781383
120001	0.9155230755	6.3509786199	-52530.2468735135
130001	0.9288565498	6.3509786199	-52700.7838264075
140001	0.9506332322	6.3509786199	-52720.7330074225
150001	0.9017379064	6.3509786199	-52582.7557614570
160001	0.9348012913	6.3509786199	-52647.5064955560
170001	0.9181272695	6.3509786199	-52596.8233257735
180001	0.9362206994	6.3509786199	-52714.8709511617
190001	0.9487545125	6.3509786199	-52622.4778073140
200001	1.1069972907	6.3509786199	-62633.2638293908
210001	1.1795126341	6.3509786199	-62607.7422075719
220001	1.1330411681	6.3509786199	-62637.8526056369
230001	1.1964605957	6.3509786199	-62625.9466288939
240001	1.1445188178	6.3509786199	-62562.6214256731
250001	1.1442878839	6.3509786199	-62524.0023345639
260001	1.2147300896	6.3509786199	-62497.2619322467
270001	1.1798072665	6.3509786199	-62529.1701403910
280001	1.1969782548	6.3509786199	-62618.2737465773
290001	1.1109600340	6.3509786199	-62641.5686541632
300001	1.4366705109	6.3509786199	-59685.7255642662
310001	1.5263617190	6.3509786199	-59582.6052455360
320001	1.5269879224	6.3509786199	-59491.1972314479
330001	1.5543093533	6.3509786199	-59641.2403889507
340001	1.6173615356	6.3509786199	-59473.5745938291
350001	1.7549594289	6.3509786199	-59518.0733820563
360001	1.5286007482	6.3509786199	-59439.0116868056
370001	1.5152821960	6.3509786199	-59555.4182272488
380001	1.5978577235	6.3509786199	-59469.7457377791
390001	1.6444719686	6.3509786199	-59636.5722333826
400001	0.0380790911	6.3509786199	-34224.6800609784
410001	0.0354636061	6.3509786199	-33615.4335983405
420001	0.0378110284	6.3509786199	-34099.7553836675
430001	0.0365548506	6.3509786199	-33875.8462609549
440001	0.0362803871	6.3509786199	-33829.0257152084
450001	0.0374840253	6.3509786199	-34105.2843669697
460001	0.0352749536	6.3509786199	-33635.2424219204
470001	0.0379137855	6.3509786199	-34141.1796791918
480001	0.0374787505	6.3509786199	-33995.5272122916
490001	0.0372316063	6.3509786199	-33997.4045795534
500001	1.3617030113	6.3509786199	-60555.8571504292
510001	1.4915334122	6.3509786199	-60530.2989409145
520001	1.4860996377	6.3509786199	-60585.0768618210
530001	1.4362083063	6.3509786199	-60521.6887405897
540001	1.4076861094	6.3509786199	-60561.6420365752
550001	1.4410890347	6.3509786199	-60610.5898895765
560001	1.4376461843	6.3509786199	-60468.9546809176
570001	1.5417041322	6.3509786199	-60460.7461799716
580001	1.3034407736	6.3509786199	-60434.5712928796
590001	1.4597026783	6.3509786199	-60560.8705614560
600001	0.9427785159	6.3509786199	-47949.2491394854
610001	0.9460645423	6.3509786199	-47942.6782317558
620001	0.9432624595	6.3509786199	-48016.2534350898
630001	0.9252367880	6.3509786199	-47941.4750289366
640001	0.9329877280	6.3509786199	-47924.5131301299
650001	0.9661298510	6.3509786199	-48037.1881590305
660001	0.9392826782	6.3509786199	-48000.1142759237
670001	0.9644743567	6.3509786199	-48007.3573965148
680001	0.9283943743	6.3509786199	-47902.5329449136
690001	0.9041823988	6.3509786199	-47841.7858709655
700001	1.1252470864	6.3509786199	-53659.8843921142
710001	1.1130891189	6.3509786199	-53722.8537032036
720001	1.1337235925	6.3509786199	-53804.5813267508
730001	1.1697080915	6.3509786199	-53657.1620711625
740001	1.1665358721	6.3509786199	-53858.7468228858
750001	1.2156346562	6.3509786199	-53644.5291738474
760001	1.1445522826	6.3509786199	-53779.1044272503
770001	1.1149765619	6.3509786199	-53763.9411681919
780001	1.1718604032	6.3509786199	-53742.8473947210
790001	1.1394967873	6.3509786199	-53761.7112002478
800001	1.2306585816	6.3509786199	-61270.5926351113
810001	1.2376979161	6.3509786199	-61213.7858873289
820001	1.1464976531	6.3509786199	-61192.5674788692
830001	1.1908119646	6.3509786199	-61276.4244570972
840001	1.2170418992	6.3509786199	-61218.8389093243
850001	1.1550636678	6.3509786199	-61256.0500675270
860001	1.2536876469	6.3509786199	-61270.0014918276
870001	1.1936978318	6.3509786199	-61131.5667807951
880001	1.1293022299	6.3509786199	-61144.4173366098
890001	1.3181344311	6.3509786199	-61090.3688966496
900001	1.8318610175	6.3509786199	-59082.4122642416
910001	1.5600874124	6.3509786199	-59119.8276942526
920001	1.6347396343	6.3509786199	-59032.4540608045
930001	1.7090032012	6.3509786199	-59065.8404844767
940001	1.6171838980	6.3509786199	-59060.1526450947
950001	1.5101141844	6.3509786199	-59011.6925982742
960001	1.8558188341	6.3509786199	-59017.8097253884
970001	1.8515698096	6.3509786199	-59106.2123622408
980001	1.6236953524	6.3509786199	-58984.3283413444
990001	1.7283704017	6.3509786199	-58983.3757390293
