site	rate	t	lnL
1	2.4126153292	5.0457455905	-622772.4716597659
100001	1.0575125399	5.0457455905	-633722.7411010156
200001	2.0418120738	5.0457455905	-621185.6998669185
300001	2.1356411926	5.0457455905	-641014.5960316784
400001	0.0715297646	5.0457455905	-353891.9024271212
500001	2.3931523650	5.0457455905	-630419.6162339982
600001	1.1372644082	5.0457455905	-688710.2423665688
700001	0.6674898404	5.0457455905	-681928.3154026396
800001	1.8171260093	5.0457455905	-645054.2905064294
900001	2.3363170820	5.0457455905	-639250.7430525320
