site	rate	t	lnL
1	2.7613934167	1.8804041829	-599118.0388746253
100001	0.8417590367	1.8804041829	-577534.0503087539
200001	2.1493528305	1.8804041829	-598879.8217624296
300001	2.0843494419	1.8804041829	-598809.7273595904
400001	0.1170957339	1.8804041829	-403149.4636278555
500001	2.2696965783	1.8804041829	-598973.8424026957
600001	0.7111042748	1.8804041829	-566883.5622705471
700001	0.9722636255	1.8804041829	-584751.9177485693
800001	2.2322871202	1.8804041829	-598948.7902380530
900001	2.0244132616	1.8804041829	-598729.2951760909
