site	rate	t	lnL
1	2.8082559841	1.8904615021	-599123.8615062610
100001	0.8464415480	1.8904615021	-578140.5837937888
200001	2.1559712416	1.8904615021	-598896.6915557452
300001	2.0880503236	1.8904615021	-598827.2014553043
400001	0.1169935603	1.8904615021	-403479.9645796891
500001	2.1958035152	1.8904615021	-598930.2938651574
600001	0.7294707645	1.8904615021	-569001.1963120877
700001	0.9668141170	1.8904615021	-584739.3182685123
800001	2.1702648312	1.8904615021	-598909.3006954674
900001	2.0569660166	1.8904615021	-598789.3904401758
