site	rate	t	lnL
1	2.6299405533	1.9072341213	-59910.6240418071
10001	2.7725206882	1.9072341213	-59912.2903838594
20001	2.8063570323	1.9072341213	-59912.5718789988
30001	2.6055490585	1.9072341213	-59910.2396105887
40001	3.0551273208	1.9072341213	-59913.8344054928
50001	3.4185574600	1.9072341213	-59914.4409543642
60001	3.2059769151	1.9072341213	-59914.1872909566
70001	3.4574160538	1.9072341213	-59914.4690182008
80001	3.6502205996	1.9072341213	-59914.5606882476
90001	2.7205650195	1.9072341213	-59911.7826568562
100001	0.8658385443	1.9072341213	-57983.9351370237
110001	0.8519242747	1.9072341213	-57897.5881056470
120001	0.8621108046	1.9072341213	-57961.1571880622
130001	0.8655508515	1.9072341213	-57982.1863478328
140001	0.8704633839	1.9072341213	-58011.8393658922
150001	0.8760086672	1.9072341213	-58044.7881747433
160001	0.8558622589	1.9072341213	-57922.3949695688
170001	0.8474594493	1.9072341213	-57869.1047470107
180001	0.8629688320	1.9072341213	-57966.4220321077
190001	0.8869787504	1.9072341213	-58108.3632314527
200001	2.0190386382	1.9072341213	-59876.2761422397
210001	2.0321799933	1.9072341213	-59878.0610383161
220001	2.4371355004	1.9072341213	-59906.3883505151
230001	2.1478495537	1.9072341213	-59890.6395150608
240001	2.1578994509	1.9072341213	-59891.5062889020
250001	2.1612945878	1.9072341213	-59891.7919491469
260001	1.9887833261	1.9072341213	-59871.8365972988
270001	2.0824193705	1.9072341213	-59884.1655633717
280001	2.0456589676	1.9072341213	-59879.8073787737
290001	2.1219520234	1.9072341213	-59888.2567062192
300001	2.0429359085	1.9072341213	-59879.4612074487
310001	2.0036908922	1.9072341213	-59874.0837309522
320001	1.9719048289	1.9072341213	-59869.1463447085
330001	2.0164492555	1.9072341213	-59875.9145587691
340001	2.0062184491	1.9072341213	-59874.4529445761
350001	2.1579007994	1.9072341213	-59891.5062889021
360001	1.9887804027	1.9072341213	-59871.8365972982
370001	2.0295253462	1.9072341213	-59877.7071353685
380001	2.0594944704	1.9072341213	-59881.5149058878
390001	1.9648357229	1.9072341213	-59867.9709198320
400001	0.1109623269	1.9072341213	-40024.7285075824
410001	0.1161713020	1.9072341213	-40361.2061934470
420001	0.1226863869	1.9072341213	-40772.1702502004
430001	0.1169985155	1.9072341213	-40413.9864425738
440001	0.1173435760	1.9072341213	-40435.9505716358
450001	0.1132862861	1.9072341213	-40175.7318435629
460001	0.1145894257	1.9072341213	-40259.7808472434
470001	0.1170675094	1.9072341213	-40418.3805668860
480001	0.1162401806	1.9072341213	-40365.6081323821
490001	0.1179652579	1.9072341213	-40475.4451722703
500001	2.1188026031	1.9072341213	-59887.9515925512
510001	2.1315148439	1.9072341213	-59889.1623864070
520001	2.0765936867	1.9072341213	-59883.5123363494
530001	2.1379872428	1.9072341213	-59889.7580999694
540001	2.2075354875	1.9072341213	-59895.3557963286
550001	2.1964966646	1.9072341213	-59894.5581819723
560001	2.1681476510	1.9072341213	-59892.3583591555
570001	2.1545289230	1.9072341213	-59891.2189949301
580001	2.1002957992	1.9072341213	-59886.0872541107
590001	2.2075356139	1.9072341213	-59895.3557963284
600001	0.7552096896	1.9072341213	-57186.1931080385
610001	0.7524207201	1.9072341213	-57162.4565666381
620001	0.7304053602	1.9072341213	-56967.9582095174
630001	0.7552096494	1.9072341213	-57186.1931080385
640001	0.7615395242	1.9072341213	-57239.3359504835
650001	0.7608324238	1.9072341213	-57233.4493165186
660001	0.7589514921	1.9072341213	-57217.7294446030
670001	0.7552095801	1.9072341213	-57186.1931080385
680001	0.7617754328	1.9072341213	-57241.2971526370
690001	0.7475753630	1.9072341213	-57120.7444097367
700001	0.9794666765	1.9072341213	-58567.9358476901
710001	0.9581058620	1.9072341213	-58472.9866059983
720001	0.9805400194	1.9072341213	-58572.5451700430
730001	0.9780390794	1.9072341213	-58561.7812254341
740001	0.9485848812	1.9072341213	-58428.6294632821
750001	0.9643189360	1.9072341213	-58501.2461470299
760001	0.9716620642	1.9072341213	-58533.9605304042
770001	0.9741327870	1.9072341213	-58544.8039284491
780001	0.9841338658	1.9072341213	-58587.8683564758
790001	0.9780391373	1.9072341213	-58561.7812254342
800001	2.2342340878	1.9072341213	-59897.1584407238
810001	2.2665100378	1.9072341213	-59899.1175106028
820001	2.3282659409	1.9072341213	-59902.2826499758
830001	2.1379874663	1.9072341213	-59889.7580999694
840001	2.1188039177	1.9072341213	-59887.9515925514
850001	2.1716092897	1.9072341213	-59892.6391042519
860001	2.2075361220	1.9072341213	-59895.3557963285
870001	2.1283073591	1.9072341213	-59888.8621053972
880001	2.1445423374	1.9072341213	-59890.3473337740
890001	2.1412549108	1.9072341213	-59890.0535279810
900001	2.0883105549	1.9072341213	-59884.8124702308
910001	1.9555551114	1.9072341213	-59866.3828491441
920001	1.9578598291	1.9072341213	-59866.7820937346
930001	1.9814818563	1.9072341213	-59870.6926426142
940001	2.0164489990	1.9072341213	-59875.9145587691
950001	2.0824188832	1.9072341213	-59884.1655633717
960001	1.9648353106	1.9072341213	-59867.9709198319
970001	1.8968743625	1.9072341213	-59855.0492773850
980001	2.0011770163	1.9072341213	-59873.7129972794
990001	2.0348481529	1.9072341213	-59878.4133990507
