site	rate	t	lnL
1	2.0532443431	8.3917969805	-621446.0524264685
100001	0.7344520534	8.3917969805	-527807.5462085030
200001	1.1737135941	8.3917969805	-626032.2477837354
300001	1.3200174912	8.3917969805	-595466.5794416770
400001	0.0247414397	8.3917969805	-351961.4709416036
500001	1.3151891501	8.3917969805	-605696.0564018651
600001	1.4942463162	8.3917969805	-483814.0887076438
700001	0.9654316148	8.3917969805	-538443.6169496273
800001	1.5638939905	8.3917969805	-612006.8416789602
900001	1.6005077993	8.3917969805	-590601.2143633772
