site	rate	t	lnL
1	1.9876615884	6.3559431099	-62029.7103357297
10001	1.7103840464	6.3559431099	-62101.2220074639
20001	1.8681073172	6.3559431099	-62162.6963377128
30001	2.1406637688	6.3559431099	-62113.5672900137
40001	2.0118615590	6.3559431099	-62081.3610947391
50001	2.5963382918	6.3559431099	-62030.5549035975
60001	2.0029723702	6.3559431099	-62109.3115529632
70001	2.5727053387	6.3559431099	-62217.2358892435
80001	2.1835749206	6.3559431099	-62117.0442763006
90001	1.9315310364	6.3559431099	-62185.3303103514
100001	0.9436932844	6.3559431099	-52662.7898412837
110001	0.9399937918	6.3559431099	-52610.8483073335
120001	0.9370153005	6.3559431099	-52682.7440469320
130001	0.9552181221	6.3559431099	-52691.0672877024
140001	0.9124290955	6.3559431099	-52652.3427809270
150001	0.9675591930	6.3559431099	-52828.6008460364
160001	0.8778236109	6.3559431099	-52728.8386163402
170001	0.9038454186	6.3559431099	-52666.7789343711
180001	0.9109716672	6.3559431099	-52605.7585997112
190001	0.9544212010	6.3559431099	-52648.6293325305
200001	1.1341038011	6.3559431099	-62683.4164326299
210001	1.1779440000	6.3559431099	-62841.8437898128
220001	1.2282448679	6.3559431099	-62697.3852833600
230001	1.1692161052	6.3559431099	-62523.9427248444
240001	1.1033817694	6.3559431099	-62651.1677352891
250001	1.1351874671	6.3559431099	-62603.2476042454
260001	1.1088467749	6.3559431099	-62449.8832797825
270001	1.2135352059	6.3559431099	-62522.8863403978
280001	1.1413039535	6.3559431099	-62645.1629921680
290001	1.1252594254	6.3559431099	-62485.6084780470
300001	1.6066864163	6.3559431099	-59469.1756933820
310001	1.4377475154	6.3559431099	-59589.9500616689
320001	1.5607708279	6.3559431099	-59452.0514391026
330001	1.4717782435	6.3559431099	-59474.7756033358
340001	1.5988686727	6.3559431099	-59539.7186873536
350001	1.5058250686	6.3559431099	-59588.7853512728
360001	1.8303233541	6.3559431099	-59508.3066078598
370001	1.4617541883	6.3559431099	-59449.4213053981
380001	1.4771985573	6.3559431099	-59542.7435972965
390001	1.5822915106	6.3559431099	-59587.9053917001
400001	0.0390921805	6.3559431099	-34398.1946678261
410001	0.0371793899	6.3559431099	-34007.0529008364
420001	0.0381949334	6.3559431099	-34067.4251875790
430001	0.0362957467	6.3559431099	-33820.0438035685
440001	0.0368761189	6.3559431099	-33921.4652964880
450001	0.0363579268	6.3559431099	-33828.5644364758
460001	0.0362732211	6.3559431099	-33840.4463870160
470001	0.0378840707	6.3559431099	-34127.2701780620
480001	0.0362703141	6.3559431099	-33807.1303967491
490001	0.0372164693	6.3559431099	-33988.1632068754
500001	1.5050023387	6.3559431099	-60498.6874088171
510001	1.3796764412	6.3559431099	-60647.0675937189
520001	1.4995102994	6.3559431099	-60446.8318561566
530001	1.3892475032	6.3559431099	-60431.4916869326
540001	1.5149949154	6.3559431099	-60493.6180292492
550001	1.3508201222	6.3559431099	-60476.0233993105
560001	1.4444669907	6.3559431099	-60554.4987500283
570001	1.5944401944	6.3559431099	-60565.6936926769
580001	1.4673422731	6.3559431099	-60519.9574912251
590001	1.4201249314	6.3559431099	-60419.4192756687
600001	0.9234751617	6.3559431099	-47785.1154078824
610001	0.9425641475	6.3559431099	-48037.8401125463
620001	0.9186867428	6.3559431099	-47871.5466947031
630001	0.9535537298	6.3559431099	-48014.1697694467
640001	0.9715987884	6.3559431099	-47925.9353231956
650001	0.9074896629	6.3559431099	-47967.2647607954
660001	0.9596727429	6.3559431099	-47862.0925799227
670001	0.9164622324	6.3559431099	-47938.9996318255
680001	0.9215733510	6.3559431099	-47949.3517554779
690001	0.9498041137	6.3559431099	-47834.1433817370
700001	1.1151420681	6.3559431099	-53867.9939867682
710001	1.1380309041	6.3559431099	-53883.9977470833
720001	1.0943937353	6.3559431099	-53804.4311879766
730001	1.1966563594	6.3559431099	-53685.6814223580
740001	1.2227979302	6.3559431099	-53784.3090314217
750001	1.1880724584	6.3559431099	-53792.3059292922
760001	1.1484583895	6.3559431099	-53767.8774465303
770001	1.1501670458	6.3559431099	-53664.0312994307
780001	1.1525661348	6.3559431099	-53806.7031212683
790001	1.2033477561	6.3559431099	-53812.1096347384
800001	1.2253127661	6.3559431099	-61384.6117200311
810001	1.1961767260	6.3559431099	-61214.4492721862
820001	1.1410665701	6.3559431099	-61251.7175076284
830001	1.1137025623	6.3559431099	-61343.3448985302
840001	1.1735170068	6.3559431099	-61172.1741468643
850001	1.2334174128	6.3559431099	-61227.4530272737
860001	1.1799991153	6.3559431099	-61273.8314023895
870001	1.1705851822	6.3559431099	-61281.3238679829
880001	1.2549089916	6.3559431099	-61119.0710933239
890001	1.3139638346	6.3559431099	-61133.5310422212
900001	1.6109704251	6.3559431099	-58994.3914869526
910001	1.5016849208	6.3559431099	-59069.3458158838
920001	1.6716399630	6.3559431099	-59046.8000565763
930001	1.9723157730	6.3559431099	-59036.6363444093
940001	1.7215616215	6.3559431099	-58954.7114768521
950001	1.6642488343	6.3559431099	-58899.4913736443
960001	1.5119398188	6.3559431099	-59174.8409847723
970001	1.7725253385	6.3559431099	-59058.3861507729
980001	1.7487604478	6.3559431099	-58982.4289242498
990001	1.6698822871	6.3559431099	-59070.2516320688
