site	rate	t	lnL
1	1.8585640690	6.2382495992	-62088.3831024094
10001	2.5200465790	6.2382495992	-62111.7631950007
20001	13.0132444967	6.2382495992	-62023.7552524764
30001	1.9274228326	6.2382495992	-62199.2286558432
40001	1.7499384902	6.2382495992	-62219.9715077493
50001	1.7124399448	6.2382495992	-62160.7113132734
60001	2.0601332432	6.2382495992	-62058.3112977850
70001	2.0160091319	6.2382495992	-62127.7481914718
80001	3.1642947097	6.2382495992	-62096.7124954152
90001	1.8374114521	6.2382495992	-62190.0294563349
100001	0.7154615371	6.2382495992	-52649.5720480819
110001	0.7371037498	6.2382495992	-52744.0722517225
120001	0.7201717341	6.2382495992	-52777.3751593635
130001	0.7463271307	6.2382495992	-52667.4831200934
140001	0.7301175269	6.2382495992	-52661.9019688805
150001	0.7617617136	6.2382495992	-52691.0750923755
160001	0.7679752119	6.2382495992	-52782.4009109464
170001	0.7474967197	6.2382495992	-52709.0992665437
180001	0.6984403292	6.2382495992	-52605.5564802479
190001	0.7545578520	6.2382495992	-52732.3530825064
200001	1.1679892937	6.2382495992	-62573.5104377549
210001	1.3027160025	6.2382495992	-62619.1645939575
220001	1.0904404991	6.2382495992	-62568.9186132253
230001	1.1501342827	6.2382495992	-62576.7095707188
240001	1.2231381458	6.2382495992	-62608.0794022756
250001	1.1901616030	6.2382495992	-62732.1701283478
260001	1.1821511285	6.2382495992	-62547.4281580561
270001	1.1449559839	6.2382495992	-62538.5362870560
280001	1.2084029822	6.2382495992	-62644.3986443967
290001	1.2114331410	6.2382495992	-62553.7306090990
300001	1.2936975792	6.2382495992	-59514.0465260279
310001	1.3933597635	6.2382495992	-59461.9505286845
320001	1.4488713253	6.2382495992	-59484.4295479335
330001	1.3429286890	6.2382495992	-59522.0678451380
340001	1.3681054573	6.2382495992	-59535.2163850432
350001	1.4809773553	6.2382495992	-59616.8087342724
360001	1.4044273316	6.2382495992	-59534.3373021582
370001	1.4521917201	6.2382495992	-59514.5979052008
380001	1.4176799931	6.2382495992	-59467.9408318757
390001	1.3702759485	6.2382495992	-59635.7405247127
400001	0.0326077968	6.2382495992	-34414.1492469990
410001	0.0331846514	6.2382495992	-34463.1265156950
420001	0.0343733893	6.2382495992	-34720.0367855947
430001	0.0330896936	6.2382495992	-34477.6448236807
440001	0.0322762423	6.2382495992	-34283.1617024960
450001	0.0336041016	6.2382495992	-34619.4535470769
460001	0.0339183727	6.2382495992	-34699.4376716672
470001	0.0336626563	6.2382495992	-34627.8935142321
480001	0.0335696877	6.2382495992	-34644.8666503397
490001	0.0331619065	6.2382495992	-34439.8348945540
500001	1.4662973680	6.2382495992	-60398.7583359884
510001	1.4520047321	6.2382495992	-60487.3754290224
520001	1.4573920656	6.2382495992	-60533.4652783091
530001	1.4669311273	6.2382495992	-60566.9010519651
540001	1.4578674212	6.2382495992	-60402.7645424673
550001	1.4509552568	6.2382495992	-60504.0911050140
560001	1.4083558214	6.2382495992	-60577.3953702510
570001	1.3623154935	6.2382495992	-60552.6259316970
580001	1.4134716072	6.2382495992	-60502.2558730260
590001	1.4672019524	6.2382495992	-60519.1898584076
600001	1.0717636854	6.2382495992	-48327.2467534750
610001	1.1155509637	6.2382495992	-48258.7879334467
620001	1.0822840846	6.2382495992	-48216.5476014694
630001	1.1549740512	6.2382495992	-48338.7661656585
640001	1.1490479238	6.2382495992	-48248.1372087244
650001	1.0674970299	6.2382495992	-48149.5801912710
660001	1.1291248822	6.2382495992	-48251.7767356042
670001	1.0547879450	6.2382495992	-48229.9836088735
680001	1.2376407049	6.2382495992	-48267.2318990514
690001	1.0938400184	6.2382495992	-48249.7046301997
700001	1.0133442006	6.2382495992	-53739.9456201400
710001	1.0524471337	6.2382495992	-53904.4546141459
720001	1.0708234205	6.2382495992	-53624.7907697203
730001	1.0415060109	6.2382495992	-53800.0562646826
740001	1.1021160256	6.2382495992	-53861.9133917035
750001	1.0083732781	6.2382495992	-53751.6613588596
760001	1.0967497022	6.2382495992	-53846.2762052337
770001	1.0964375842	6.2382495992	-53827.2521378844
780001	1.1241060368	6.2382495992	-53945.3157315727
790001	1.0215720398	6.2382495992	-53772.2163454253
800001	1.5578671626	6.2382495992	-61200.6790576454
810001	1.4248454658	6.2382495992	-61296.3022849387
820001	1.3852575478	6.2382495992	-61221.4914886223
830001	1.4067213626	6.2382495992	-61199.5392771438
840001	1.3819946697	6.2382495992	-61307.6843732593
850001	1.3327865394	6.2382495992	-61308.0964789007
860001	1.3059311545	6.2382495992	-61223.5501690005
870001	1.4557043358	6.2382495992	-61254.7052141983
880001	1.3200483504	6.2382495992	-61361.7335703672
890001	1.3768889851	6.2382495992	-61105.5552166527
900001	1.4840619330	6.2382495992	-58983.5843852529
910001	1.5543987552	6.2382495992	-59000.6219925346
920001	1.5869358320	6.2382495992	-58986.8848896511
930001	1.5158016107	6.2382495992	-59037.3484550300
940001	1.6361576541	6.2382495992	-59073.7175262057
950001	1.6099940772	6.2382495992	-59069.1149359519
960001	1.6877734747	6.2382495992	-59017.8835878351
970001	1.7063938219	6.2382495992	-59083.0363068374
980001	1.5879285433	6.2382495992	-58979.3158473477
990001	1.5349170348	6.2382495992	-59070.7155210479
