site	rate	t	lnL
1	2.8486696601	1.9022912271	-599128.2738978688
100001	0.8555443461	1.9022912271	-579064.6016182884
200001	2.1140220587	1.9022912271	-598869.3333218980
300001	2.0719212514	1.9022912271	-598823.5403287206
400001	0.1163143407	1.9022912271	-403510.7925557131
500001	2.2923827054	1.9022912271	-599002.1768705520
600001	0.7323477953	1.9022912271	-569683.6401133507
700001	0.9765220535	1.9022912271	-585441.8513555034
800001	2.2404325878	1.9022912271	-598971.8359695756
900001	2.0219479232	1.9022912271	-598759.5078600097
