site	rate	t	lnL
1	2.4466265921	3.7087938504	-625428.3285678229
100001	0.8603347250	3.7087938504	-623156.4847298027
200001	2.1179526508	3.7087938504	-626573.8452169755
300001	2.2132400035	3.7087938504	-642647.5802384687
400001	0.0863075682	3.7087938504	-359669.1831903440
500001	2.5534707024	3.7087938504	-634449.9915960765
600001	0.5762666730	3.7087938504	-682729.0470890251
700001	0.5799990230	3.7087938504	-694675.7627926656
800001	2.0240020714	3.7087938504	-649197.1358849175
900001	2.2254845871	3.7087938504	-642588.3887712257
