site	rate	t	lnL
1	2.9231632025	1.8906705037	-599131.7603353099
100001	0.8500568310	1.8906705037	-578381.4862589530
200001	2.1822934828	1.8906705037	-598919.6256013842
300001	2.0510589983	1.8906705037	-598782.0216779015
400001	0.1167653797	1.8906705037	-403343.4021684709
500001	2.2209067101	1.8906705037	-598949.3226479756
600001	0.7247237462	1.8906705037	-568566.4985554727
700001	0.9669150509	1.8906705037	-584748.7682498224
800001	2.2216494602	1.8906705037	-598949.8543926796
900001	2.0245614592	1.8906705037	-598745.6341195696
