site	rate	t	lnL
1	2.5078029434	1.6154718692	-598884.6932878118
100001	0.7373559274	1.6154718692	-558312.7456319509
200001	2.0478735208	1.6154718692	-598084.9981329305
300001	1.9559998345	1.6154718692	-597751.3432352302
400001	0.1155840708	1.6154718692	-391483.1066106933
500001	2.0595620608	1.6154718692	-598121.4467407982
600001	0.5516258887	1.6154718692	-533141.2742951679
700001	0.9016726646	1.6154718692	-572575.5563770782
800001	2.0802349230	1.6154718692	-598182.9614739812
900001	1.9307240652	1.6154718692	-597643.0249993968
