site	rate	t	lnL
1	1.7289552309	8.4496894553	-62153.8373869011
10001	2.1113276229	8.4496894553	-62057.8855264295
20001	2.5055013439	8.4496894553	-62071.7483287281
30001	1.9698449957	8.4496894553	-62039.6107558155
40001	1.6127827216	8.4496894553	-62390.1656165492
50001	2.1776171367	8.4496894553	-62131.4663336251
60001	2.1643197126	8.4496894553	-62186.0502561138
70001	2.0238640479	8.4496894553	-62007.8669964822
80001	1.8489464644	8.4496894553	-62132.6970344913
90001	1.9129667442	8.4496894553	-62113.6749143654
100001	0.7423264997	8.4496894553	-52779.4376535381
110001	0.6944850960	8.4496894553	-52658.0985936647
120001	0.7030299599	8.4496894553	-52719.2333560003
130001	0.7006553776	8.4496894553	-52863.4106597882
140001	0.7526000554	8.4496894553	-52745.4933164957
150001	0.7060736252	8.4496894553	-52736.2810517694
160001	0.7583065077	8.4496894553	-52844.3580356578
170001	0.7384228501	8.4496894553	-52705.4720282063
180001	0.7228251687	8.4496894553	-52732.9336206492
190001	0.7239601488	8.4496894553	-52781.6498345125
200001	1.1950709409	8.4496894553	-62632.2322373337
210001	1.0344019759	8.4496894553	-62506.5684161197
220001	1.1172194222	8.4496894553	-62645.0281723037
230001	1.2345013823	8.4496894553	-62538.5697234499
240001	1.1996636681	8.4496894553	-62602.0591086637
250001	1.0987815189	8.4496894553	-62617.2847322441
260001	1.1616128653	8.4496894553	-62697.1589291961
270001	1.0919534385	8.4496894553	-62676.4873732391
280001	1.1188829772	8.4496894553	-62809.4175598681
290001	1.1742289034	8.4496894553	-62622.4774249742
300001	1.3508164756	8.4496894553	-59380.4502338208
310001	1.3453952054	8.4496894553	-59468.7277888224
320001	1.3964664888	8.4496894553	-59471.3136800649
330001	1.3159399113	8.4496894553	-59550.2272117377
340001	1.3425898874	8.4496894553	-59554.2590502749
350001	1.2850299622	8.4496894553	-59314.6879974736
360001	1.3308476855	8.4496894553	-59597.9646697874
370001	1.3027765434	8.4496894553	-59536.5834977242
380001	1.2699648785	8.4496894553	-59594.0903388680
390001	1.4243868788	8.4496894553	-59503.4917531679
400001	0.0240399029	8.4496894553	-35050.2049162322
410001	0.0256243334	8.4496894553	-35614.0547461065
420001	0.0242975302	8.4496894553	-35191.4615935024
430001	0.0250825443	8.4496894553	-35496.9292479584
440001	0.0246339896	8.4496894553	-35323.5269893798
450001	0.0240749848	8.4496894553	-35095.6335802453
460001	0.0261013105	8.4496894553	-35676.1082876401
470001	0.0254333507	8.4496894553	-35565.1147239810
480001	0.0253717664	8.4496894553	-35461.4588225746
490001	0.0256458764	8.4496894553	-35538.2894736369
500001	1.3005933139	8.4496894553	-60531.1866642723
510001	1.3088561374	8.4496894553	-60553.7305376355
520001	1.3481031174	8.4496894553	-60447.0620752443
530001	1.3190544816	8.4496894553	-60468.5095392015
540001	1.2472585830	8.4496894553	-60436.3282978665
550001	1.3288481050	8.4496894553	-60542.9106221346
560001	1.2296657951	8.4496894553	-60535.8885132523
570001	1.3339166948	8.4496894553	-60553.5039876190
580001	1.2823577063	8.4496894553	-60527.0706741730
590001	1.3140687933	8.4496894553	-60537.1431477582
600001	1.4572476424	8.4496894553	-48390.1118024472
610001	1.5093996037	8.4496894553	-48329.0736428288
620001	1.8652741712	8.4496894553	-48388.2442704756
630001	749.2410456505	8.4496894553	-48369.9751867499
640001	130.7671090989	8.4496894553	-48340.4980781416
650001	1.7252146156	8.4496894553	-48419.6032718067
660001	1.4505639670	8.4496894553	-48258.8315000476
670001	1.6789765290	8.4496894553	-48244.8079018306
680001	1.6906809674	8.4496894553	-48389.3388500779
690001	1.5791221626	8.4496894553	-48412.7512098630
700001	0.9382339856	8.4496894553	-53720.6259518345
710001	1.0195407144	8.4496894553	-53837.0864649962
720001	0.9310135032	8.4496894553	-53924.3901649432
730001	0.9097188657	8.4496894553	-53725.7104763909
740001	1.0203163166	8.4496894553	-53761.1904861426
750001	0.9345105245	8.4496894553	-53789.2335302456
760001	0.9675777082	8.4496894553	-53829.7074650933
770001	0.9425998746	8.4496894553	-53803.1165886491
780001	1.0636978408	8.4496894553	-53743.4213451187
790001	1.0054025653	8.4496894553	-53795.6819435760
800001	1.5546096725	8.4496894553	-61208.2186929891
810001	1.9384664519	8.4496894553	-61187.5880241253
820001	1.8039321687	8.4496894553	-61233.4982967480
830001	1.5673696081	8.4496894553	-61274.5365031196
840001	1.7673475446	8.4496894553	-61190.4658091833
850001	1.6287784657	8.4496894553	-61197.8338234887
860001	1.7177236965	8.4496894553	-61282.3422094481
870001	1.7133552030	8.4496894553	-61183.9767935226
880001	1.5898469419	8.4496894553	-61180.3915256608
890001	1.8318245739	8.4496894553	-61174.4571236417
900001	1.6131880683	8.4496894553	-59006.5013431993
910001	1.5275125968	8.4496894553	-59009.8570523609
920001	1.6862113718	8.4496894553	-58943.6967307499
930001	1.6493458349	8.4496894553	-59056.6211168865
940001	1.4621941183	8.4496894553	-58975.9929412630
950001	1.5673207273	8.4496894553	-59036.4579446250
960001	1.5596240105	8.4496894553	-58946.3436009754
970001	1.5200217944	8.4496894553	-59000.2590294243
980001	1.4565121110	8.4496894553	-59145.6101442722
990001	1.5217215859	8.4496894553	-59184.5137096577
