site	rate	t	lnL
1	2.7248699176	1.9256061012	-59912.0930617904
10001	2.8673883197	1.9256061012	-59913.1606211274
20001	2.9731211392	1.9256061012	-59913.6531040095
30001	2.5212745834	1.9256061012	-59909.1322842960
40001	2.7912553538	1.9256061012	-59912.6618339187
50001	2.5355032783	1.9256061012	-59909.4202662933
60001	2.9901437799	1.9256061012	-59913.7155314125
70001	2.7681704843	1.9256061012	-59912.4799834514
80001	2.8954656759	1.9256061012	-59913.3112046496
90001	2.6946087905	1.9256061012	-59911.7826568562
100001	0.8749672777	1.9256061012	-58087.8298768450
110001	0.8832860239	1.9256061012	-58135.6125240920
120001	0.8699808567	1.9256061012	-58058.6002002823
130001	0.8630215785	1.9256061012	-58017.0553666092
140001	0.8720281594	1.9256061012	-58070.6558896049
150001	0.8607225910	1.9256061012	-58003.1347611858
160001	0.8788129662	1.9256061012	-58110.0706210363
170001	0.8802995066	1.9256061012	-58118.5989604628
180001	0.8572928564	1.9256061012	-57982.1863478329
190001	0.8717352555	1.9256061012	-58068.9353554813
200001	2.1406737485	1.9256061012	-59891.7919491467
210001	1.9972109733	1.9256061012	-59875.9145587691
220001	1.9211929912	1.9256061012	-59863.5467601215
230001	2.2448850769	1.9256061012	-59899.1175106027
240001	1.9921193224	1.9256061012	-59875.1868037252
250001	2.0832676628	1.9256061012	-59886.4019728045
260001	2.2090565154	1.9256061012	-59896.9059525643
270001	2.1543407769	1.9256061012	-59892.9182062858
280001	2.2014191583	1.9256061012	-59896.3959339566
290001	2.0893414915	1.9256061012	-59887.0266220866
300001	2.1613117424	1.9256061012	-59893.4714717533
310001	2.1175890805	1.9256061012	-59889.7580999692
320001	2.0862955983	1.9256061012	-59886.7150961986
330001	1.9746818682	1.9256061012	-59872.5916957417
340001	2.0772639631	1.9256061012	-59885.7709423167
350001	1.9016759900	1.9256061012	-59859.7947158572
360001	1.9368974365	1.9256061012	-59866.3828491442
370001	1.9530911477	1.9256061012	-59869.1463447086
380001	1.9771390193	1.9256061012	-59872.9669777020
390001	2.0772637693	1.9256061012	-59885.7709423165
400001	0.1177990609	1.9256061012	-40536.7772582718
410001	0.1177304836	1.9256061012	-40532.4005798849
420001	0.1129522863	1.9256061012	-40224.4209028148
430001	0.1175933394	1.9256061012	-40523.6452944237
440001	0.1164291839	1.9256061012	-40449.1212653760
450001	0.1177990581	1.9256061012	-40536.7772582719
460001	0.1203428721	1.9256061012	-40698.2647589986
470001	0.1164291852	1.9256061012	-40449.1212653758
480001	0.1147219135	1.9256061012	-40339.1866994302
490001	0.1172506716	1.9256061012	-40501.7458182170
500001	2.1508893675	1.9256061012	-59892.6391042519
510001	2.1440580059	1.9256061012	-59892.0759733413
520001	2.2286568837	1.9256061012	-59898.1515279501
530001	2.2407800993	1.9256061012	-59898.8785647928
540001	2.2090561775	1.9256061012	-59896.9059525643
550001	2.1111775075	1.9256061012	-59889.1623864070
560001	2.1474624768	1.9256061012	-59892.3583591554
570001	2.0398452763	1.9256061012	-59881.5149058877
580001	2.1306543420	1.9256061012	-59890.9300695468
590001	2.2168074434	1.9256061012	-59897.4092448266
600001	0.7821052185	1.9256061012	-57463.4383332309
610001	0.7794010727	1.9256061012	-57442.4838109893
620001	0.7752493312	1.9256061012	-57409.9764598677
630001	0.7801372107	1.9256061012	-57448.2048970808
640001	0.7776875985	1.9256061012	-57429.1165058024
650001	0.7781766220	1.9256061012	-57432.9383204881
660001	0.7823517850	1.9256061012	-57465.3401792942
670001	0.7735496165	1.9256061012	-57396.5477608000
680001	0.7828452241	1.9256061012	-57469.1423143674
690001	0.7689635718	1.9256061012	-57359.9714987244
700001	0.9776097974	1.9256061012	-58600.0811212771
710001	0.9571860644	1.9256061012	-58510.6212282784
720001	0.9630896220	1.9256061012	-58537.0617856641
730001	0.9662424039	1.9256061012	-58550.9863174183
740001	0.9527165233	1.9256061012	-58490.2802242814
750001	0.9808519526	1.9256061012	-58613.7716654162
760001	0.9859361077	1.9256061012	-58634.9649134742
770001	0.9683548056	1.9256061012	-58560.2409895017
780001	0.9779686645	1.9256061012	-58601.6048483179
790001	0.9888637933	1.9256061012	-58647.0187285594
800001	2.2407803123	1.9256061012	-59898.8785647930
810001	2.1306545213	1.9256061012	-59890.9300695465
820001	2.2090561494	1.9256061012	-59896.9059525642
830001	2.1339727784	1.9256061012	-59891.2189949301
840001	2.1240806973	1.9256061012	-59890.3473337741
850001	2.2052236822	1.9256061012	-59896.6517828202
860001	2.1406733893	1.9256061012	-59891.7919491468
870001	2.1938926856	1.9256061012	-59895.8792086905
880001	2.2968605805	1.9256061012	-59901.8512050936
890001	2.0654605352	1.9256061012	-59884.4898079011
900001	2.0510738490	1.9256061012	-59882.8528063729
910001	1.9578116353	1.9256061012	-59869.9224908000
920001	2.0426298351	1.9256061012	-59881.8517307647
930001	1.9301089114	1.9256061012	-59865.1762339872
940001	2.0772637513	1.9256061012	-59885.7709423165
950001	2.0180909811	1.9256061012	-59878.7642155225
960001	1.9460890739	1.9256061012	-59867.9709198318
970001	2.0127919474	1.9256061012	-59878.0610383162
980001	1.9167925782	1.9256061012	-59862.7232049367
990001	2.1791595965	1.9256061012	-59894.8257163106
