site	rate	t	lnL
1	3.8010335424	1.9382343597	-59914.6077190861
10001	2.7730679245	1.9382343597	-59912.6618339184
20001	2.6770516655	1.9382343597	-59911.7826568562
30001	2.7175376264	1.9382343597	-59912.1926864765
40001	2.9060871678	1.9382343597	-59913.4539028132
50001	2.6770534932	1.9382343597	-59911.7826568560
60001	2.5797520301	1.9382343597	-59910.4977760532
70001	3.1306868763	1.9382343597	-59914.1429242105
80001	2.7281767079	1.9382343597	-59912.2903838595
90001	2.6305407562	1.9382343597	-59911.2270749373
100001	0.8763422442	1.9382343597	-58128.8140051043
110001	0.8573988490	1.9382343597	-58017.0553666089
120001	0.8660557097	1.9382343597	-58068.9353554813
130001	0.8751564008	1.9382343597	-58122.0062755485
140001	0.8892675835	1.9382343597	-58201.4129620315
150001	0.8838176011	1.9382343597	-58171.1531704596
160001	0.8678045845	1.9382343597	-58079.2500135735
170001	0.8796181384	1.9382343597	-58147.4877340537
180001	0.8775310557	1.9382343597	-58135.6125240920
190001	0.8938537607	1.9382343597	-58226.4850344980
200001	1.9521729295	1.9382343597	-59871.0754658501
210001	1.9944654973	1.9382343597	-59877.3516922522
220001	2.0727025577	1.9382343597	-59886.7150961984
230001	2.0757289198	1.9382343597	-59887.0266220865
240001	2.1403045305	1.9382343597	-59892.9182062860
250001	2.1005974607	1.9382343597	-59889.4610520202
260001	2.0880141397	1.9382343597	-59888.2567062192
270001	2.1037919464	1.9382343597	-59889.7580999694
280001	2.1472299062	1.9382343597	-59893.4714717535
290001	1.9618169632	1.9382343597	-59872.5916957419
300001	2.0491138909	1.9382343597	-59884.1655633717
310001	2.0183436995	1.9382343597	-59880.4950617792
320001	2.1946635408	1.9382343597	-59896.9059525643
330001	2.0607732201	1.9382343597	-59885.4530396152
340001	1.9867462024	1.9382343597	-59876.2761422398
350001	2.1102424006	1.9382343597	-59890.3473337740
360001	1.9593891332	1.9382343597	-59872.2149016212
370001	2.0787726072	1.9382343597	-59887.3365482553
380001	1.9970657227	1.9382343597	-59877.7071353686
390001	2.0607731027	1.9382343597	-59885.4530396152
400001	0.1164867435	1.9382343597	-40501.7458182170
410001	0.1175769361	1.9382343597	-40571.7675745672
420001	0.1152630192	1.9382343597	-40422.7740416870
430001	0.1147879158	1.9382343597	-40392.0060691821
440001	0.1162145334	1.9382343597	-40484.2146360554
450001	0.1181228914	1.9382343597	-40606.7168964081
460001	0.1173041719	1.9382343597	-40554.2775487809
470001	0.1187378361	1.9382343597	-40645.9860418257
480001	0.1185327481	1.9382343597	-40632.9020623170
490001	0.1131622702	1.9382343597	-40286.2731148973
500001	2.2062576306	1.9382343597	-59897.6583623918
510001	2.1437556278	1.9382343597	-59893.1956629063
520001	2.2469038613	1.9382343597	-59900.0562271276
530001	2.0727023977	1.9382343597	-59886.7150961985
540001	2.1758999888	1.9382343597	-59895.6183371786
550001	2.1233873447	1.9382343597	-59891.5062889021
560001	2.0520033905	1.9382343597	-59884.4898079011
570001	2.3145882646	1.9382343597	-59903.3307565604
580001	2.1795993163	1.9382343597	-59895.8792086906
590001	2.1722288704	1.9382343597	-59895.3557963284
600001	0.8010691387	1.9382343597	-57643.6301966830
610001	0.7883981112	1.9382343597	-57550.3841354504
620001	0.7706820093	1.9382343597	-57413.8085953547
630001	0.7985099393	1.9382343597	-57625.0867834252
640001	0.7995320641	1.9382343597	-57632.5105210673
650001	0.7969804718	1.9382343597	-57613.9352684714
660001	0.7733495684	1.9382343597	-57434.8484526956
670001	0.7844084187	1.9382343597	-57520.2674340894
680001	0.7954554361	1.9382343597	-57602.7646900196
690001	0.7811893119	1.9382343597	-57495.6990477387
700001	0.9741023488	1.9382343597	-58612.2530516472
710001	0.9964660287	1.9382343597	-58703.7075767549
720001	0.9748203673	1.9382343597	-58615.2896388991
730001	0.9659155792	1.9382343597	-58577.1487899492
740001	0.9475307893	1.9382343597	-58494.9836363833
750001	0.9766199804	1.9382343597	-58622.8698932268
760001	0.9726692778	1.9382343597	-58606.1721987316
770001	0.9669760804	1.9382343597	-58581.7467008160
780001	0.9827857866	1.9382343597	-58648.5225516857
790001	0.9673301677	1.9382343597	-58583.2780679538
800001	2.3925171680	1.9382343597	-59906.2106187861
810001	2.1437555634	1.9382343597	-59893.1956629063
820001	2.2818959464	1.9382343597	-59901.8512050934
830001	2.0433805597	1.9382343597	-59883.5123363495
840001	2.2181183134	1.9382343597	-59898.3955709423
850001	2.1403043728	1.9382343597	-59892.9182062860
860001	2.1722294177	1.9382343597	-59895.3557963285
870001	2.3705586776	1.9382343597	-59905.4817653697
880001	2.2385141981	1.9382343597	-59899.5902873094
890001	2.2221342059	1.9382343597	-59898.6379173967
900001	2.1507278873	1.9382343597	-59893.7456304607
910001	2.0491128588	1.9382343597	-59884.1655633716
920001	2.0075947287	1.9382343597	-59879.1134856757
930001	1.9593889000	1.9382343597	-59872.2149016213
940001	2.0405377522	1.9382343597	-59883.1833581586
950001	2.0491126686	1.9382343597	-59884.1655633715
960001	1.9569723833	1.9382343597	-59871.8365972983
970001	2.0102603116	1.9382343597	-59879.4612074488
980001	1.9521728683	1.9382343597	-59871.0754658501
990001	2.1368763830	1.9382343597	-59892.6391042518
