site	rate	t	lnL
1	2.0572523192	6.0107043179	-627207.1099281871
100001	0.8466659186	6.0107043179	-636866.2545845446
200001	1.6483034069	6.0107043179	-629054.9820178179
300001	1.8233832264	6.0107043179	-647083.0159719979
400001	0.0557934049	6.0107043179	-357203.8986472308
500001	30.1767019409	6.0107043179	-640668.4878300015
600001	1.0559114404	6.0107043179	-695579.1558139557
700001	0.8475571023	6.0107043179	-689195.2552529972
800001	1.7729446600	6.0107043179	-650716.0436084259
900001	1.8945311699	6.0107043179	-644119.1450667655
