site	rate	t	lnL
1	2.2078869721	5.5223337797	-627066.7134496549
100001	0.7866422527	5.5223337797	-633114.7739609125
200001	1.8147320877	5.5223337797	-628930.6582756167
300001	1.9035065327	5.5223337797	-647441.4091168882
400001	0.0579521705	5.5223337797	-354036.7862738210
500001	2.0559513311	5.5223337797	-640845.7228367104
600001	0.7970792834	5.5223337797	-689200.9089916435
700001	0.8024173448	5.5223337797	-688666.9969844153
800001	1.9342112766	5.5223337797	-650321.3498216677
900001	2.0355997208	5.5223337797	-643908.3756504602
