site	rate	t	lnL
1	2.7628210984	1.9301218520	-599124.8926023890
100001	0.8727732285	1.9301218520	-580869.7253288329
200001	2.0872035477	1.9301218520	-598873.0562768886
300001	2.0317588728	1.9301218520	-598811.0865308531
400001	0.1161704327	1.9301218520	-404499.9910428754
500001	2.1661508990	1.9301218520	-598942.3495020146
600001	0.7800050142	1.9301218520	-574613.4570329933
700001	0.9794228828	1.9301218520	-586174.1372561742
800001	2.1465445965	1.9301218520	-598926.9505617878
900001	2.0235648182	1.9301218520	-598800.8319811805
