site	rate	t	lnL
1	2.2109264323	5.3006320102	-622694.1190225810
100001	1.0627525014	5.3006320102	-633798.5767715527
200001	1.9769758803	5.3006320102	-621276.1029627124
300001	2.1292736574	5.3006320102	-641158.6084640111
400001	0.0701679781	5.3006320102	-355850.7551793983
500001	2.2753645344	5.3006320102	-630270.6406328725
600001	1.3311886843	5.3006320102	-690123.6181365682
700001	0.6917463258	5.3006320102	-682877.9127694204
800001	1.8024686036	5.3006320102	-645011.1550234371
900001	2.2390578841	5.3006320102	-638955.0109111783
