site	rate	t	lnL
1	1.7821276618	6.4126594456	-62046.4004740271
10001	1.9317311454	6.4126594456	-62139.9930798006
20001	2.0710469750	6.4126594456	-62222.9334250348
30001	1.8989102728	6.4126594456	-62212.1653127025
40001	2.0029683473	6.4126594456	-62195.8621001558
50001	1.9108443704	6.4126594456	-62167.2105096326
60001	2.0129521246	6.4126594456	-62174.3594236253
70001	1.6860492329	6.4126594456	-62221.3418306880
80001	1.9536683227	6.4126594456	-62027.7730622112
90001	2.5939865505	6.4126594456	-62051.1609900827
100001	0.7613655612	6.4126594456	-52688.4701286058
110001	0.7584228071	6.4126594456	-52629.5160120259
120001	0.6828029131	6.4126594456	-52595.0501140274
130001	0.7603974974	6.4126594456	-52745.6727337084
140001	0.7625479016	6.4126594456	-52806.2745227247
150001	0.7654530355	6.4126594456	-52815.7783485727
160001	0.7644175170	6.4126594456	-52743.6866519264
170001	0.7139471096	6.4126594456	-52678.4503550790
180001	0.7361010421	6.4126594456	-52702.1164653328
190001	0.7371252874	6.4126594456	-52714.3255912880
200001	1.1566689312	6.4126594456	-62688.9651365859
210001	1.2222340221	6.4126594456	-62600.1629441708
220001	1.1125143601	6.4126594456	-62669.1420392679
230001	1.2232279963	6.4126594456	-62759.9033516048
240001	1.1612409386	6.4126594456	-62619.6621910379
250001	1.1604272054	6.4126594456	-62725.6872262311
260001	1.1712059106	6.4126594456	-62669.6821140204
270001	1.2522640267	6.4126594456	-62628.0506167188
280001	1.1441323067	6.4126594456	-62775.9773356903
290001	1.1771005978	6.4126594456	-62700.6348391892
300001	1.4594048065	6.4126594456	-59376.1758386541
310001	1.4020618079	6.4126594456	-59429.5095277913
320001	1.3961335259	6.4126594456	-59604.7667212992
330001	1.3381179167	6.4126594456	-59475.8138740029
340001	1.3934987817	6.4126594456	-59400.8926963428
350001	1.2580490966	6.4126594456	-59565.2978320340
360001	1.4251059081	6.4126594456	-59490.7283847039
370001	1.2614692830	6.4126594456	-59505.7524840157
380001	1.3530266487	6.4126594456	-59603.1430801487
390001	1.3072964039	6.4126594456	-59578.2557484507
400001	0.0308430457	6.4126594456	-34083.3654878306
410001	0.0336846792	6.4126594456	-34908.4291431091
420001	0.0329725817	6.4126594456	-34593.3483105620
430001	0.0309973855	6.4126594456	-34213.2187809786
440001	0.0323036679	6.4126594456	-34469.9048977078
450001	0.0316743948	6.4126594456	-34369.1335846759
460001	0.0324431360	6.4126594456	-34577.9992611375
470001	0.0308297914	6.4126594456	-34211.5459637616
480001	0.0334459624	6.4126594456	-34788.9416723297
490001	0.0315191517	6.4126594456	-34308.6975269313
500001	1.4221095899	6.4126594456	-60663.3993748718
510001	1.4250222206	6.4126594456	-60528.1393000716
520001	1.3951581865	6.4126594456	-60591.9472172165
530001	1.3592085300	6.4126594456	-60363.8275810816
540001	1.3667019852	6.4126594456	-60535.8315386607
550001	1.3866158761	6.4126594456	-60581.5321887282
560001	1.4201602212	6.4126594456	-60526.6778138409
570001	1.4249463384	6.4126594456	-60442.1825879138
580001	1.4372174734	6.4126594456	-60656.4357578133
590001	1.3772002352	6.4126594456	-60583.4363607802
600001	1.3631192156	6.4126594456	-48311.3813493650
610001	1.4259862513	6.4126594456	-48334.0745915177
620001	1.1808979085	6.4126594456	-48391.4115149218
630001	1.3213879667	6.4126594456	-48349.3480761096
640001	1.1865332306	6.4126594456	-48251.5945952610
650001	1.2080385498	6.4126594456	-48292.2624258532
660001	1.2991778616	6.4126594456	-48457.9198088672
670001	1.2160767007	6.4126594456	-48285.1676310231
680001	1.2282203692	6.4126594456	-48324.9527522398
690001	1.4454355776	6.4126594456	-48288.0272701014
700001	1.1417665193	6.4126594456	-53775.8959127398
710001	1.0174705579	6.4126594456	-53650.0101108627
720001	1.0621534371	6.4126594456	-53786.9167820297
730001	1.0119748743	6.4126594456	-53884.8545505763
740001	1.0450625811	6.4126594456	-53999.6980789777
750001	1.0983098648	6.4126594456	-53648.0852794375
760001	1.0307752788	6.4126594456	-53830.6251685540
770001	1.0363571443	6.4126594456	-53641.4353116920
780001	1.0364838505	6.4126594456	-53647.7192507444
790001	1.0600598821	6.4126594456	-53759.7073814971
800001	1.6880404994	6.4126594456	-61322.6980092098
810001	1.5438472708	6.4126594456	-61067.2878316586
820001	1.5469627110	6.4126594456	-61158.8803990887
830001	1.3425491121	6.4126594456	-61158.6696250846
840001	1.5204419722	6.4126594456	-61174.2488638000
850001	1.4831767636	6.4126594456	-61282.3472162730
860001	1.3600299258	6.4126594456	-61287.8301415142
870001	1.5338333546	6.4126594456	-61259.0112721435
880001	1.6945235621	6.4126594456	-61312.3529282571
890001	1.4160860140	6.4126594456	-61243.6797465062
900001	1.6598407116	6.4126594456	-58952.3251035182
910001	1.5531812857	6.4126594456	-59048.5485535846
920001	1.6958074912	6.4126594456	-58980.2224471604
930001	1.5364445101	6.4126594456	-59225.6995193906
940001	1.4583429540	6.4126594456	-58876.6295241747
950001	1.4920555313	6.4126594456	-59078.6446322072
960001	1.3793536793	6.4126594456	-59040.4507730170
970001	1.5755595448	6.4126594456	-58965.0291557021
980001	1.4617446104	6.4126594456	-59000.6480550405
990001	1.5205235513	6.4126594456	-59018.1189764744
