site	rate	t	lnL
1	2.0538099454	8.0377275597	-621212.8068648686
100001	0.7027026963	8.0377275597	-526074.9683239198
200001	1.2060494433	8.0377275597	-626866.4224996270
300001	1.3876381590	8.0377275597	-595209.3957207398
400001	0.0258475639	8.0377275597	-352653.4964634748
500001	1.3826607829	8.0377275597	-605464.0555194926
600001	1.1833791434	8.0377275597	-482771.4272999028
700001	0.9915579272	8.0377275597	-537710.4748853995
800001	1.6233303426	8.0377275597	-612630.6439872085
900001	1.5859451497	8.0377275597	-590419.2139548134
