site	rate	t	lnL
1	2.7769136969	1.8638073547	-599117.0774694055
100001	0.8393375946	1.8638073547	-576868.1372844642
200001	2.1193751611	1.8638073547	-598828.8593230241
300001	2.0997894328	1.8638073547	-598805.9767758070
400001	0.1164307822	1.8638073547	-402076.1011129022
500001	2.2566919718	1.8638073547	-598951.9747154573
600001	0.6986696119	1.8638073547	-565004.8956588774
700001	0.9587182877	1.8638073547	-583723.4715021758
800001	2.2355182212	1.8638073547	-598936.6355625440
900001	2.0488321552	1.8638073547	-598738.6147302767
