site	rate	t	lnL
1	2.7798053236	4.2556534844	-622603.0206089789
100001	0.8836366652	4.2556534844	-626965.8092635834
200001	2.3603219236	4.2556534844	-621036.5103294200
300001	2.4687840170	4.2556534844	-641214.5099180205
400001	0.0799304729	4.2556534844	-350095.4901267368
500001	2.5991734696	4.2556534844	-629942.1646699046
600001	0.5021279652	4.2556534844	-672497.0049788338
700001	0.6199021766	4.2556534844	-678226.0872945655
800001	2.0226202345	4.2556534844	-644521.0916495250
900001	2.6093780560	4.2556534844	-638799.3529079686
