site	rate	t	lnL
1	2.2513323375	1.3400986974	-615236.0866589309
100001	0.5706338646	1.3400986974	-553952.0650458091
200001	2.0441200942	1.3400986974	-606926.8789768509
300001	1.7151491969	1.3400986974	-624360.0429564187
400001	0.1273925965	1.3400986974	-316355.3095744246
500001	2.1074956681	1.3400986974	-621231.8349266769
600001	0.3624054800	1.3400986974	-551761.9188744567
700001	0.5356075187	1.3400986974	-607493.5695587494
800001	1.5537698043	1.3400986974	-630005.9424774176
900001	1.6435105604	1.3400986974	-623148.4575684953
