site	rate	t	lnL
1	2.1901998329	6.4522195740	-62006.8704701662
10001	1.8111704186	6.4522195740	-61971.3848595576
20001	1.8079841450	6.4522195740	-62153.4533101730
30001	2.0077535321	6.4522195740	-62137.4748170094
40001	2.4327747393	6.4522195740	-62292.4480045107
50001	2.3624326852	6.4522195740	-62099.2521485579
60001	2.0604558306	6.4522195740	-62182.0121883045
70001	1.7512869648	6.4522195740	-62214.4665449740
80001	2.0946562476	6.4522195740	-62156.6600466478
90001	899.5826817468	6.4522195740	-62139.6622921192
100001	0.7363563276	6.4522195740	-52778.4399812434
110001	0.7431895180	6.4522195740	-52760.1692944418
120001	0.7136441279	6.4522195740	-52652.0746283200
130001	0.7651704093	6.4522195740	-52858.8303227476
140001	0.7852240310	6.4522195740	-52787.6942140082
150001	0.7982126646	6.4522195740	-52824.6736129478
160001	0.7286786873	6.4522195740	-52743.5877548485
170001	0.7747082821	6.4522195740	-52746.2514214476
180001	0.7304228476	6.4522195740	-52619.1142048771
190001	0.6973866351	6.4522195740	-52676.1293359735
200001	1.1298256017	6.4522195740	-62682.8378128947
210001	1.1524150395	6.4522195740	-62751.0718714887
220001	1.1855211216	6.4522195740	-62563.7999499236
230001	1.1472208820	6.4522195740	-62628.8347525945
240001	1.1788233958	6.4522195740	-62581.0296437645
250001	1.1188124767	6.4522195740	-62626.8018644588
260001	1.1336735360	6.4522195740	-62673.0907020816
270001	1.1069467631	6.4522195740	-62529.8318489958
280001	1.1438091063	6.4522195740	-62568.7470395418
290001	1.1328729125	6.4522195740	-62645.4180625229
300001	1.2380346938	6.4522195740	-59418.7154207320
310001	1.4308511698	6.4522195740	-59592.9326521336
320001	1.3583754547	6.4522195740	-59559.9457742677
330001	1.3900270429	6.4522195740	-59383.7001260423
340001	1.4427338377	6.4522195740	-59602.7212450171
350001	1.3641245197	6.4522195740	-59436.4033110730
360001	1.3327083812	6.4522195740	-59471.5312697762
370001	1.4666989796	6.4522195740	-59579.8524962348
380001	1.2881545794	6.4522195740	-59556.3171327428
390001	1.4256673522	6.4522195740	-59497.3092267155
400001	0.0334607140	6.4522195740	-34791.1687702132
410001	0.0311811711	6.4522195740	-34288.5449240232
420001	0.0321035862	6.4522195740	-34477.2766720640
430001	0.0315658252	6.4522195740	-34326.3158928774
440001	0.0336324641	6.4522195740	-34855.4596474829
450001	0.0333730479	6.4522195740	-34891.7700172881
460001	0.0329310482	6.4522195740	-34718.1961387270
470001	0.0338284254	6.4522195740	-34797.5972600031
480001	0.0325370956	6.4522195740	-34560.7192425729
490001	0.0312846633	6.4522195740	-34310.9658391973
500001	1.4448301803	6.4522195740	-60540.2457125315
510001	1.3499562544	6.4522195740	-60455.9066663096
520001	1.3678227768	6.4522195740	-60577.6789598207
530001	1.3374464350	6.4522195740	-60598.6083511437
540001	1.3475164555	6.4522195740	-60499.8006037717
550001	1.3090385455	6.4522195740	-60416.9894843369
560001	1.3598785156	6.4522195740	-60475.6953354161
570001	1.4244711173	6.4522195740	-60471.4887498235
580001	1.3843649472	6.4522195740	-60491.8065284949
590001	1.3556001714	6.4522195740	-60559.8794963083
600001	1.4288749259	6.4522195740	-48362.4363254914
610001	19.7036507691	6.4522195740	-48409.0344853341
620001	1.3531548125	6.4522195740	-48234.6353862542
630001	1.2645699068	6.4522195740	-48445.8198697816
640001	1.2965405287	6.4522195740	-48468.8433491589
650001	1.2623436489	6.4522195740	-48345.7875149266
660001	1.4538298450	6.4522195740	-48422.0732988851
670001	1.2885948530	6.4522195740	-48365.8629017308
680001	1.2879485818	6.4522195740	-48300.8492516629
690001	1.2393753868	6.4522195740	-48347.0736133427
700001	1.1182657130	6.4522195740	-53814.2331315913
710001	1.0244967613	6.4522195740	-53683.6693516213
720001	1.0569744594	6.4522195740	-53726.6016933359
730001	1.0022270321	6.4522195740	-53749.3458044423
740001	1.0271071659	6.4522195740	-53696.3668037480
750001	1.0755423731	6.4522195740	-53766.3108583156
760001	1.1429825626	6.4522195740	-53767.4736930758
770001	1.0712313385	6.4522195740	-53746.7935104379
780001	1.0968015510	6.4522195740	-53944.3530947190
790001	1.1300872382	6.4522195740	-53814.9512184443
800001	1.4722655540	6.4522195740	-61246.9824487472
810001	1.5864094695	6.4522195740	-61273.5103346067
820001	1.3828716085	6.4522195740	-61305.7810038914
830001	1.5363186947	6.4522195740	-61437.9758461818
840001	1.3708953183	6.4522195740	-61192.2226819319
850001	1.4237024814	6.4522195740	-61306.3143600846
860001	1.2828938849	6.4522195740	-61310.7652170265
870001	1.4301453066	6.4522195740	-61283.2811850132
880001	1.3393100918	6.4522195740	-61268.8857057908
890001	1.2937953135	6.4522195740	-61209.3936277408
900001	1.5628892183	6.4522195740	-58947.1640038642
910001	1.3011644639	6.4522195740	-59019.8589914615
920001	1.5921439994	6.4522195740	-59152.7780957801
930001	1.4796778874	6.4522195740	-59136.6668454692
940001	1.5781610796	6.4522195740	-59176.5278502530
950001	1.6617929994	6.4522195740	-58959.0610476766
960001	1.4106214013	6.4522195740	-59063.6252051891
970001	1.5635824171	6.4522195740	-59018.7414866688
980001	1.7595751633	6.4522195740	-59050.4413462557
990001	1.5943640684	6.4522195740	-59035.3749000674
