site	rate	t	lnL
1	2.7827394767	1.7456496018	-599091.6141558058
100001	0.7828693529	1.7456496018	-568387.4779436935
200001	2.1707334384	1.7456496018	-598715.3286780644
300001	2.0591341364	1.7456496018	-598523.8764030368
400001	0.1154212509	1.7456496018	-396735.4337374091
500001	2.2047959297	1.7456496018	-598761.3169258472
600001	0.6063942230	1.7456496018	-548630.5651759618
700001	0.9299250971	1.7456496018	-578926.1371586376
800001	2.2464656127	1.7456496018	-598811.0865308520
900001	2.0152094841	1.7456496018	-598427.6653157425
