site	rate	t	lnL
1	2.1307749534	7.5145267870	-62229.7053014897
10001	1.9756339721	7.5145267870	-62226.8013278261
20001	1.7320824014	7.5145267870	-62190.3253192414
30001	1.9045531626	7.5145267870	-62007.6279414805
40001	4.1510604913	7.5145267870	-62066.2653460016
50001	2.0542851755	7.5145267870	-62126.1570890221
60001	2.3126040157	7.5145267870	-62164.2526117695
70001	2.1187899306	7.5145267870	-62193.1614392797
80001	2.4581612166	7.5145267870	-62147.6997499104
90001	224.0363545083	7.5145267870	-62088.4131692158
100001	1.1479072522	7.5145267870	-52894.8610264455
110001	1.0908642035	7.5145267870	-52817.9737306949
120001	1.1032003993	7.5145267870	-52749.4074269705
130001	1.1074159844	7.5145267870	-52932.1548882390
140001	1.0932057591	7.5145267870	-52872.7656636585
150001	1.0743091143	7.5145267870	-52859.9245142272
160001	1.0973021647	7.5145267870	-52746.7642091105
170001	1.0934521248	7.5145267870	-52877.4565843707
180001	1.0671970663	7.5145267870	-52893.1600374000
190001	1.1799202116	7.5145267870	-52984.9357729124
200001	0.9722143706	7.5145267870	-62571.4333814354
210001	1.0948057776	7.5145267870	-62615.1347953390
220001	0.9303028836	7.5145267870	-62624.6698535268
230001	1.0171546474	7.5145267870	-62523.1616694625
240001	1.0944507325	7.5145267870	-62538.7497877511
250001	0.9792132675	7.5145267870	-62622.0809953180
260001	1.0633479522	7.5145267870	-62579.4619660475
270001	0.9629471236	7.5145267870	-62550.5104911496
280001	1.0084894537	7.5145267870	-62627.8702102695
290001	0.9816755368	7.5145267870	-62587.6960354387
300001	1.5364088986	7.5145267870	-59471.5200533955
310001	1.4199027510	7.5145267870	-59594.2998544721
320001	1.3639471013	7.5145267870	-59689.7761918159
330001	1.3716978709	7.5145267870	-59532.3481776353
340001	1.3493265696	7.5145267870	-59545.0546639424
350001	1.2851080134	7.5145267870	-59554.0090544425
360001	1.3618880691	7.5145267870	-59460.2302163349
370001	1.4548959163	7.5145267870	-59716.0666179260
380001	1.3251365841	7.5145267870	-59530.5696832329
390001	1.3520549909	7.5145267870	-59454.4104283487
400001	0.0343600769	7.5145267870	-34573.8640851618
410001	0.0339233658	7.5145267870	-34402.0583465924
420001	0.0333885428	7.5145267870	-34264.5649619237
430001	0.0326066983	7.5145267870	-34121.4207465893
440001	0.0338918583	7.5145267870	-34420.1129997946
450001	0.0353977078	7.5145267870	-34855.0941206599
460001	0.0338932673	7.5145267870	-34418.0602334645
470001	0.0338945791	7.5145267870	-34363.9787809624
480001	0.0325557579	7.5145267870	-34122.5144236730
490001	0.0331525497	7.5145267870	-34250.7273356189
500001	1.3086320121	7.5145267870	-60519.8586424380
510001	1.1806404488	7.5145267870	-60635.4913875355
520001	1.2795895818	7.5145267870	-60618.3483454860
530001	1.2761927719	7.5145267870	-60612.7176890779
540001	1.3878911854	7.5145267870	-60626.2066540353
550001	1.1972802617	7.5145267870	-60571.9954430178
560001	1.2756576328	7.5145267870	-60606.8409754493
570001	1.2165947103	7.5145267870	-60614.0593673680
580001	1.2597916360	7.5145267870	-60502.8802973765
590001	1.3297114987	7.5145267870	-60512.6161365094
600001	1.6720665575	7.5145267870	-48391.1154901188
610001	1.8149259263	7.5145267870	-48400.1959917736
620001	1.6238596912	7.5145267870	-48459.0594055286
630001	1.6452628710	7.5145267870	-48469.4479730235
640001	1.5680507962	7.5145267870	-48344.0716551980
650001	1.7106046245	7.5145267870	-48432.6296439047
660001	1.8014050702	7.5145267870	-48310.3185516004
670001	1.6781774760	7.5145267870	-48355.2208818933
680001	1.6159286266	7.5145267870	-48439.6732099662
690001	1.5591666297	7.5145267870	-48343.3120935999
700001	1.1184598870	7.5145267870	-53836.4355824735
710001	1.2576022482	7.5145267870	-53853.7480004378
720001	1.2206404204	7.5145267870	-53731.8926036745
730001	1.3609905134	7.5145267870	-54010.1475978456
740001	1.2162548827	7.5145267870	-53938.5509318181
750001	1.2512665752	7.5145267870	-53856.4675561832
760001	1.2520887147	7.5145267870	-53844.9312119425
770001	1.1993123367	7.5145267870	-53897.7728918162
780001	1.2684516372	7.5145267870	-53598.0626476222
790001	1.2813091441	7.5145267870	-53834.8889512989
800001	0.9900009511	7.5145267870	-61182.3667135995
810001	1.0607550248	7.5145267870	-61091.1523447281
820001	1.1434288201	7.5145267870	-61404.7344482385
830001	1.0478672353	7.5145267870	-61414.8557072448
840001	1.0307295332	7.5145267870	-61136.6197658000
850001	1.0100984783	7.5145267870	-61085.5721760974
860001	0.9947428460	7.5145267870	-61158.9667548774
870001	1.1455786145	7.5145267870	-61234.6198141421
880001	1.0476263810	7.5145267870	-61261.8837140288
890001	1.0401669946	7.5145267870	-61263.5375909056
900001	1.4183926217	7.5145267870	-59001.2249777816
910001	1.3767059083	7.5145267870	-59134.7540953580
920001	1.4363036763	7.5145267870	-59148.3942055767
930001	1.9263145051	7.5145267870	-58942.4988778905
940001	1.5631294536	7.5145267870	-59006.0623310185
950001	1.2396382077	7.5145267870	-59011.6511743452
960001	1.5634744090	7.5145267870	-59060.5176324184
970001	1.3796799402	7.5145267870	-59172.5748201754
980001	1.2354001293	7.5145267870	-59024.4831243999
990001	1.3916237655	7.5145267870	-59052.4595673956
