site	rate	t	lnL
1	1.8994253452	2.2628958760	-621413.0009486496
100001	0.8356896171	2.2628958760	-520970.6590373123
200001	1.6358168253	2.2628958760	-625960.5794810186
300001	1.8462936851	2.2628958760	-595142.1182780464
400001	0.1067884634	2.2628958760	-324967.6321184977
500001	1.7959804278	2.2628958760	-605241.9950506286
600001	0.7804892997	2.2628958760	-473674.9743331007
700001	1.0256866993	2.2628958760	-533819.6288454132
800001	1.7611296129	2.2628958760	-612096.0284147814
900001	1.9352714373	2.2628958760	-590670.2656329151
