site	rate	t	lnL
1	1.9514676772	5.2849098585	-62119.6226123897
10001	2.3815984202	5.2849098585	-62098.7984615212
20001	2.0420013020	5.2849098585	-62095.8957980582
30001	2.0935550713	5.2849098585	-61971.7402467746
40001	2.2639841774	5.2849098585	-62100.6614918293
50001	2.8439591069	5.2849098585	-62018.2806845332
60001	2.2167145247	5.2849098585	-62146.6671556480
70001	2.1502489510	5.2849098585	-62123.3419596034
80001	2.2008635431	5.2849098585	-62178.0097772152
90001	2.2694548065	5.2849098585	-62138.1426054345
100001	0.7348929995	5.2849098585	-52226.7429543540
110001	0.7372244236	5.2849098585	-52151.9591902249
120001	0.7388776211	5.2849098585	-52259.2953609400
130001	0.6825942796	5.2849098585	-52218.6625993772
140001	0.7861138495	5.2849098585	-52346.5230072143
150001	0.7395217952	5.2849098585	-52023.4992384827
160001	0.6758490784	5.2849098585	-52120.5822243019
170001	0.7554623890	5.2849098585	-52172.2965036324
180001	0.7684313853	5.2849098585	-52359.0416363605
190001	0.7524859259	5.2849098585	-52227.4693017739
200001	1.1880588547	5.2849098585	-62469.1601032283
210001	1.2045688608	5.2849098585	-62538.0916225521
220001	1.1913911107	5.2849098585	-62490.2284884490
230001	1.1751272994	5.2849098585	-62589.5926228769
240001	1.2314335989	5.2849098585	-62550.7722308446
250001	1.1807171643	5.2849098585	-62479.3487968659
260001	1.1795872745	5.2849098585	-62582.7698917098
270001	1.1340085640	5.2849098585	-62669.7258670218
280001	1.2077860536	5.2849098585	-62393.1606707631
290001	1.1969104806	5.2849098585	-62514.6011855776
300001	1.5874577309	5.2849098585	-59526.0829878301
310001	1.6175223464	5.2849098585	-59536.8564312481
320001	1.6118534595	5.2849098585	-59566.7140577904
330001	1.6904154268	5.2849098585	-59385.4864780780
340001	1.5542691341	5.2849098585	-59500.2631763284
350001	1.5382890398	5.2849098585	-59461.9979240631
360001	1.5695396129	5.2849098585	-59483.7478409589
370001	1.5869867168	5.2849098585	-59471.9609158017
380001	1.7477111541	5.2849098585	-59438.8601268104
390001	1.6790639467	5.2849098585	-59483.0343973243
400001	0.0416956722	5.2849098585	-33675.5794741559
410001	0.0417251307	5.2849098585	-33642.5681703949
420001	0.0409178446	5.2849098585	-33394.9488172937
430001	0.0396562252	5.2849098585	-33215.4018359128
440001	0.0386387386	5.2849098585	-33038.2739168159
450001	0.0397108750	5.2849098585	-33274.7378951138
460001	0.0380339119	5.2849098585	-32854.5680228869
470001	0.0402278051	5.2849098585	-33364.7077203320
480001	0.0392859515	5.2849098585	-33141.5604151302
490001	0.0411485865	5.2849098585	-33530.6772118261
500001	1.4793324338	5.2849098585	-60417.2805062982
510001	1.4458659411	5.2849098585	-60513.6049153329
520001	1.4632656986	5.2849098585	-60445.9138430277
530001	1.6665922019	5.2849098585	-60505.5997488101
540001	1.5711530111	5.2849098585	-60497.9996602342
550001	1.5275136882	5.2849098585	-60367.0929142054
560001	1.5001837149	5.2849098585	-60450.0694101288
570001	1.4269135493	5.2849098585	-60475.8152006059
580001	1.6045140423	5.2849098585	-60469.9182859829
590001	1.4512854833	5.2849098585	-60470.5515009433
600001	0.7043222694	5.2849098585	-46963.9537440008
610001	0.7200650084	5.2849098585	-47043.9748842188
620001	0.7485691406	5.2849098585	-47160.5447644113
630001	0.7614887263	5.2849098585	-47212.5514838055
640001	0.7228029370	5.2849098585	-46967.2979516296
650001	0.7239202162	5.2849098585	-47049.7355482421
660001	0.7170707474	5.2849098585	-47112.2886380311
670001	0.7473641758	5.2849098585	-47140.4669581238
680001	0.7210526981	5.2849098585	-46932.6509245164
690001	0.7371241685	5.2849098585	-47008.8780687758
700001	1.0420881766	5.2849098585	-53631.9361983410
710001	1.0559773599	5.2849098585	-53622.0990500091
720001	1.0584760825	5.2849098585	-53727.8690412159
730001	1.0494497838	5.2849098585	-53611.7449728110
740001	1.0292985014	5.2849098585	-53685.9499304121
750001	1.1052577782	5.2849098585	-53685.4171758410
760001	1.0763209227	5.2849098585	-53649.7599711239
770001	1.0339983039	5.2849098585	-53466.3163351079
780001	1.0136327253	5.2849098585	-53467.2765227021
790001	1.1245484192	5.2849098585	-53825.6463402694
800001	1.1964486901	5.2849098585	-61264.1503668588
810001	1.3047731687	5.2849098585	-61177.7166302903
820001	1.2496876507	5.2849098585	-61032.8931266890
830001	1.2289653280	5.2849098585	-61163.3904556556
840001	1.2220667126	5.2849098585	-61179.7252714327
850001	1.1717679986	5.2849098585	-61235.2842415010
860001	1.2273876121	5.2849098585	-61137.8480364942
870001	1.2889943304	5.2849098585	-61100.3633594196
880001	1.3089993062	5.2849098585	-61142.7517218030
890001	1.2865382600	5.2849098585	-61284.1279022881
900001	1.6674655202	5.2849098585	-59045.7952145089
910001	1.5922598972	5.2849098585	-58887.8590593601
920001	1.6479275547	5.2849098585	-59004.3771513666
930001	1.6019548844	5.2849098585	-58869.8670118443
940001	1.5755194844	5.2849098585	-58970.2747845361
950001	1.6608748235	5.2849098585	-59010.0449902328
960001	1.6685678538	5.2849098585	-59002.9557066127
970001	1.6379255561	5.2849098585	-58975.7888250678
980001	1.5665465007	5.2849098585	-59055.6503167780
990001	1.8341808532	5.2849098585	-58967.3997290634
