site	rate	t	lnL
1	1.9472813550	1.1603487986	-592220.3919917926
100001	0.6615630529	1.1603487986	-518772.7709263026
200001	1.6818077543	1.1603487986	-587439.9639587402
300001	1.6029603932	1.1603487986	-585495.9615850860
400001	0.1315855315	1.1603487986	-378670.7799657604
500001	1.7017034361	1.1603487986	-587886.8970734150
600001	0.4616505819	1.1603487986	-482631.1230616338
700001	0.8274043503	1.1603487986	-540018.1878726702
800001	1.6905363669	1.1603487986	-587638.0917516686
900001	1.5710985101	1.1603487986	-584625.7449099564
