site	rate	t	lnL
1	2.2526421651	1.3390740384	-614821.3511850268
100001	0.5670798128	1.3390740384	-553151.1296157105
200001	2.0301167455	1.3390740384	-606202.1017971103
300001	1.7028979156	1.3390740384	-624290.9824899060
400001	0.1303891777	1.3390740384	-317686.5873340550
500001	2.1380242086	1.3390740384	-621650.7355564864
600001	0.3583362926	1.3390740384	-550976.8837151229
700001	0.5453422523	1.3390740384	-608751.0629421896
800001	1.5443090904	1.3390740384	-629423.6223262836
900001	1.6244042374	1.3390740384	-622965.3558457437
