site	rate	t	lnL
1	1.7112113308	8.2148746616	-62269.6526555545
10001	1761.2453506270	8.2148746616	-62240.8351496313
20001	2.8319553770	8.2148746616	-62127.9473319095
30001	2.1943958785	8.2148746616	-62074.9931773015
40001	1.9786173670	8.2148746616	-62041.5969549506
50001	2.8343853901	8.2148746616	-62174.5020593995
60001	1.8291354801	8.2148746616	-62128.3090325148
70001	2.9315465148	8.2148746616	-62101.3095312172
80001	1.9667995017	8.2148746616	-62207.2197626271
90001	2.1380732316	8.2148746616	-62013.5294305754
100001	0.7128794776	8.2148746616	-52619.7116179252
110001	0.6931371360	8.2148746616	-52676.3424330475
120001	0.6947656338	8.2148746616	-52694.8468091053
130001	0.7412757238	8.2148746616	-52745.8712784719
140001	0.7663632204	8.2148746616	-52752.2222358189
150001	0.7405988784	8.2148746616	-52801.6104536796
160001	0.7205807711	8.2148746616	-52709.7917434875
170001	0.6965560742	8.2148746616	-52559.1882897895
180001	0.7351588235	8.2148746616	-52849.0764304797
190001	0.7142817016	8.2148746616	-52749.9539302590
200001	1.1775474575	8.2148746616	-62644.3333408305
210001	1.1876656657	8.2148746616	-62707.3976767588
220001	1.2162521270	8.2148746616	-62508.7870734630
230001	1.1743350746	8.2148746616	-62522.2206376252
240001	1.1783065912	8.2148746616	-62572.7213910355
250001	1.1312185887	8.2148746616	-62474.0248382494
260001	1.1242674773	8.2148746616	-62601.9546510966
270001	1.2177819651	8.2148746616	-62607.1332155244
280001	1.1631166447	8.2148746616	-62518.6951578233
290001	1.1427212816	8.2148746616	-62546.6374572844
300001	1.2609281502	8.2148746616	-59534.5797300342
310001	1.3227977954	8.2148746616	-59588.9974777932
320001	1.3957493061	8.2148746616	-59604.9159089767
330001	1.3530080374	8.2148746616	-59579.4005470983
340001	1.4365058109	8.2148746616	-59538.3581096618
350001	1.4367413564	8.2148746616	-59594.6765762088
360001	1.4349200347	8.2148746616	-59556.3093648163
370001	1.3041383313	8.2148746616	-59532.6428639567
380001	1.4018629497	8.2148746616	-59618.6279928167
390001	1.3563007899	8.2148746616	-59431.2402805718
400001	0.0253349764	8.2148746616	-35275.1928869656
410001	0.0255901559	8.2148746616	-35341.0511670925
420001	0.0257367721	8.2148746616	-35323.6638343045
430001	0.0252891400	8.2148746616	-35158.2718013430
440001	0.0261881542	8.2148746616	-35448.2918644088
450001	0.0247330748	8.2148746616	-34960.0389810315
460001	0.0254848146	8.2148746616	-35229.4994005273
470001	0.0251018182	8.2148746616	-35160.1980329480
480001	0.0241585795	8.2148746616	-34920.1334964315
490001	0.0258745723	8.2148746616	-35404.1699929722
500001	1.3347314062	8.2148746616	-60646.1010135855
510001	1.3328856214	8.2148746616	-60537.4422981512
520001	1.3658824721	8.2148746616	-60354.7626091196
530001	1.3512856568	8.2148746616	-60604.9895533317
540001	1.3516273373	8.2148746616	-60653.3544146662
550001	1.3048162313	8.2148746616	-60566.6511514345
560001	1.2827523785	8.2148746616	-60554.2035519483
570001	1.3835197168	8.2148746616	-60443.9389947341
580001	1.3439911699	8.2148746616	-60461.8061747839
590001	1.3712904313	8.2148746616	-60430.8586607361
600001	1.2297773010	8.2148746616	-48386.0650281128
610001	1.2396952998	8.2148746616	-48414.6285697582
620001	1.2862094276	8.2148746616	-48283.3996063000
630001	1.2356864475	8.2148746616	-48483.2852425250
640001	1.2727905523	8.2148746616	-48329.5752378819
650001	1.1638347198	8.2148746616	-48361.3756597430
660001	1.2576136030	8.2148746616	-48380.2440516162
670001	1.2894156278	8.2148746616	-48393.8656993965
680001	1.3745936420	8.2148746616	-48360.9642721195
690001	1.1811244203	8.2148746616	-48381.4005151323
700001	0.9291200927	8.2148746616	-53760.8754436195
710001	0.9922356493	8.2148746616	-53648.2108060278
720001	0.9691910748	8.2148746616	-53863.9410490277
730001	1.0360748299	8.2148746616	-53812.3701024004
740001	0.9664619391	8.2148746616	-53725.5579070259
750001	1.0295059610	8.2148746616	-53826.6803035978
760001	1.0477451300	8.2148746616	-53985.7352309211
770001	0.9521255852	8.2148746616	-53873.7836804990
780001	0.9974944113	8.2148746616	-53944.4608854612
790001	0.9736146351	8.2148746616	-53749.2420696298
800001	1.5574900526	8.2148746616	-61204.7994642196
810001	1.8650880135	8.2148746616	-61340.3387023108
820001	2.2796544570	8.2148746616	-61177.9400256522
830001	1.6554946620	8.2148746616	-61314.5880302156
840001	1.7036508252	8.2148746616	-61210.8425526334
850001	1.7757815673	8.2148746616	-61238.2210183475
860001	1.7456011655	8.2148746616	-61181.8829409646
870001	1.9404662065	8.2148746616	-61257.2410419094
880001	1.3909664592	8.2148746616	-61233.9204345440
890001	1.2758467454	8.2148746616	-61283.8883304104
900001	1.4632515576	8.2148746616	-59088.3489225791
910001	1.5778497010	8.2148746616	-58931.8445972014
920001	1.7149867092	8.2148746616	-58972.8318971768
930001	1.6419104619	8.2148746616	-58946.9483554148
940001	1.7425778018	8.2148746616	-58985.1037766273
950001	1.5408872961	8.2148746616	-59160.0820522439
960001	1.8422282219	8.2148746616	-58939.3716885861
970001	1.6153156283	8.2148746616	-58904.8491083874
980001	1.7169328486	8.2148746616	-59265.2674706456
990001	1.6323031889	8.2148746616	-58897.2327489929
