site	rate	t	lnL
1	2.6069707191	1.8421136952	-59908.5341653676
10001	2.6814518589	1.8421136952	-59909.9739539732
20001	2.5864851622	1.8421136952	-59908.0662851132
30001	2.7868514461	1.8421136952	-59911.4550242945
40001	2.9560992285	1.8421136952	-59912.9200212326
50001	3.2699162559	1.8421136952	-59914.0965362471
60001	2.7143627381	1.8421136952	-59910.4977760530
70001	3.1631300445	1.8421136952	-59913.8344054928
80001	2.9177649180	1.8421136952	-59912.6618339185
90001	2.6355496217	1.8421136952	-59909.1322842959
100001	0.8255998899	1.8421136952	-57522.1536543077
110001	0.8377637131	1.8421136952	-57608.3523603117
120001	0.8227310858	1.8421136952	-57501.3765016566
130001	0.8106414268	1.8421136952	-57411.8927853161
140001	0.8043187272	1.8421136952	-57363.8303512017
150001	0.8308550587	1.8421136952	-57559.7680731837
160001	0.8372291422	1.8421136952	-57604.6277756790
170001	0.8219513088	1.8421136952	-57495.6990477387
180001	0.7993131876	1.8421136952	-57325.1497734459
190001	0.8078503939	1.8421136952	-57390.7848854409
200001	2.2002450868	1.8421136952	-59888.5602112499
210001	2.2483770755	1.8421136952	-59892.6391042517
220001	1.9945837855	1.8421136952	-59861.0585314409
230001	2.1500035684	1.8421136952	-59883.5123363494
240001	2.1123500231	1.8421136952	-59879.1134856755
250001	2.1440379238	1.8421136952	-59882.8528063730
260001	2.2592741907	1.8421136952	-59893.4714717538
270001	2.1872416984	1.8421136952	-59887.3365482554
280001	2.2203532366	1.8421136952	-59890.3473337739
290001	2.3213792834	1.8421136952	-59897.6583623920
300001	2.1067829936	1.8421136952	-59878.4133990507
310001	2.0641844042	1.8421136952	-59872.5916957420
320001	2.0719202040	1.8421136952	-59873.7129972793
330001	1.9945836877	1.8421136952	-59861.0585314408
340001	2.1808554702	1.8421136952	-59886.7150961987
350001	2.1040188055	1.8421136952	-59878.0610383160
360001	2.0105850175	1.8421136952	-59863.9563359158
370001	2.1410782216	1.8421136952	-59882.5206831269
380001	2.0985365542	1.8421136952	-59877.3516922520
390001	2.1872421996	1.8421136952	-59887.3365482551
400001	0.1091954051	1.8421136952	-39661.8242756481
410001	0.1192804990	1.8421136952	-40299.5103689489
420001	0.1167947500	1.8421136952	-40144.7060658828
430001	0.1158744012	1.8421136952	-40087.0000710392
440001	0.1152380848	1.8421136952	-40046.9834757257
450001	0.1150261701	1.8421136952	-40033.6325148343
460001	0.1118571630	1.8421136952	-39832.6363715208
470001	0.1194941966	1.8421136952	-40312.7417128813
480001	0.1127707508	1.8421136952	-39890.8435665398
490001	0.1175748058	1.8421136952	-40193.4462375111
500001	2.1937050145	1.8421136952	-59887.9515925513
510001	2.2592719169	1.8421136952	-59893.4714717533
520001	2.2817376151	1.8421136952	-59895.0915885659
530001	2.0540363839	1.8421136952	-59871.0754658502
540001	2.2272239374	1.8421136952	-59890.9300695468
550001	2.2703886170	1.8421136952	-59894.2889879551
560001	2.2855739620	1.8421136952	-59895.3557963284
570001	2.1840395830	1.8421136952	-59887.0266220862
580001	2.3011959605	1.8421136952	-59896.3959339568
590001	2.1208101878	1.8421136952	-59880.1519975770
600001	0.6753457917	1.8421136952	-56164.6259049067
610001	0.6775313144	1.8421136952	-56188.8870945617
620001	0.6980187558	1.8421136952	-56409.0482485291
630001	0.6971925647	1.8421136952	-56400.4187382764
640001	0.6988463177	1.8421136952	-56417.6703128067
650001	0.6863615384	1.8421136952	-56285.3772428603
660001	0.6753459054	1.8421136952	-56164.6259049067
670001	0.6777303949	1.8421136952	-56191.0899135563
680001	0.6751477555	1.8421136952	-56162.4176004299
690001	0.6843420903	1.8421136952	-56263.5257762891
700001	0.9552335634	1.8421136952	-58300.9066963078
710001	0.9466690532	1.8421136952	-58258.0534382905
720001	0.9720938403	1.8421136952	-58382.1821496543
730001	0.9476503760	1.8421136952	-58263.0184773218
740001	0.9509345654	1.8421136952	-58279.5301680540
750001	0.9679993376	1.8421136952	-58362.8132043938
760001	0.9629243306	1.8421136952	-58338.4798752176
770001	0.9632612606	1.8421136952	-58340.1063067805
780001	0.9714091947	1.8421136952	-58378.9600417401
790001	0.9588982285	1.8421136952	-58318.9159355381
800001	2.1808551894	1.8421136952	-59886.7150961984
810001	2.2741444431	1.8421136952	-59894.5581819724
820001	2.2068648835	1.8421136952	-59889.1623864071
830001	2.1776900138	1.8421136952	-59886.4019728046
840001	2.2703882419	1.8421136952	-59894.2889879554
850001	2.3091802280	1.8421136952	-59896.9059525641
860001	2.1500038287	1.8421136952	-59883.5123363493
870001	2.3296676462	1.8421136952	-59898.1515279501
880001	2.2412347612	1.8421136952	-59892.0759733413
890001	2.1683039681	1.8421136952	-59885.4530396152
900001	2.0199450468	1.8421136952	-59865.5799174004
910001	2.0590859346	1.8421136952	-59871.8365972981
920001	2.1067817728	1.8421136952	-59878.4133990506
930001	2.0745239705	1.8421136952	-59874.0837309523
940001	1.9768565774	1.8421136952	-59857.6593378485
950001	2.2519846583	1.8421136952	-59892.9182062860
960001	2.1352106671	1.8421136952	-59881.8517307649
970001	1.9430488586	1.8421136952	-59850.5847465577
980001	2.0175895765	1.8421136952	-59865.1762339872
990001	2.0824106120	1.8421136952	-59875.1868037253
