site	rate	t	lnL
1	1.7390948080	1.4349665397	-607617.8776454746
100001	0.5678182401	1.4349665397	-461476.3283170086
200001	1.4887708305	1.4349665397	-598121.0418483024
300001	1.5544787265	1.4349665397	-574075.6314847003
400001	0.0749493316	1.4349665397	-304256.5590898936
500001	1.8415527462	1.4349665397	-584554.9566425740
600001	0.3960545239	1.4349665397	-401797.1302325620
700001	0.6968425042	1.4349665397	-498091.6608261716
800001	1.4030820938	1.4349665397	-590576.7615912597
900001	1.4909465324	1.4349665397	-569905.5318800560
