site	rate	t	lnL
1	2.0917634946	6.7814735064	-62119.5891521085
10001	2.0819749056	6.7814735064	-62035.8501468943
20001	2.5451197401	6.7814735064	-62122.4949000827
30001	1.9512599549	6.7814735064	-61964.9052456258
40001	1.9772240863	6.7814735064	-62326.3974377023
50001	2.7824192541	6.7814735064	-62286.6590717174
60001	1.9018087236	6.7814735064	-62195.1862120129
70001	2.4790960328	6.7814735064	-61981.6611593910
80001	2.4818298996	6.7814735064	-61997.0655452709
90001	2.3160896578	6.7814735064	-61977.9278860116
100001	0.5705418740	6.7814735064	-52528.0100077186
110001	0.5752676527	6.7814735064	-52440.5669146225
120001	0.5919668358	6.7814735064	-52459.1877368280
130001	0.5737060632	6.7814735064	-52519.8436032958
140001	0.5825300373	6.7814735064	-52523.1282157910
150001	0.5758934857	6.7814735064	-52357.1850903054
160001	0.5456302529	6.7814735064	-52347.6147174672
170001	0.5597231320	6.7814735064	-52390.8817133420
180001	0.5879781114	6.7814735064	-52454.1632185754
190001	0.5988332300	6.7814735064	-52440.4120272780
200001	1.3760995708	6.7814735064	-62602.3008501023
210001	1.3271681707	6.7814735064	-62593.2438375329
220001	1.2238372260	6.7814735064	-62493.0564926149
230001	1.3431871425	6.7814735064	-62495.9564813965
240001	1.3322435791	6.7814735064	-62528.5708769419
250001	1.4404270691	6.7814735064	-62556.2110629908
260001	1.3323555635	6.7814735064	-62684.5016030391
270001	1.2752078974	6.7814735064	-62597.7010461995
280001	1.2956407052	6.7814735064	-62531.8764511576
290001	1.3306947303	6.7814735064	-62690.3101559780
300001	1.5764601074	6.7814735064	-59428.2697751125
310001	1.5343425609	6.7814735064	-59451.1295670398
320001	1.5871671911	6.7814735064	-59395.8887098278
330001	1.6306951207	6.7814735064	-59576.5028920126
340001	1.5467651257	6.7814735064	-59457.8873774279
350001	1.5632370455	6.7814735064	-59530.7671027411
360001	1.6058893092	6.7814735064	-59495.2947791301
370001	1.6436172021	6.7814735064	-59586.0140676209
380001	1.5361305192	6.7814735064	-59521.1107854815
390001	1.5121129789	6.7814735064	-59580.6897621113
400001	0.0271656676	6.7814735064	-34465.8694135186
410001	0.0268928838	6.7814735064	-34322.2023755360
420001	0.0270655200	6.7814735064	-34356.5294641708
430001	0.0278305308	6.7814735064	-34560.7589776157
440001	0.0266285595	6.7814735064	-34248.3975673068
450001	0.0260200467	6.7814735064	-34118.6471594614
460001	0.0272862729	6.7814735064	-34417.3764352296
470001	0.0259452925	6.7814735064	-34116.0628188075
480001	0.0268874710	6.7814735064	-34348.0230302791
490001	0.0278126234	6.7814735064	-34565.0666112959
500001	1.5248977010	6.7814735064	-60489.8094002587
510001	1.5322750668	6.7814735064	-60461.7713664853
520001	1.5092768381	6.7814735064	-60408.4551225888
530001	1.4671049780	6.7814735064	-60443.0211022914
540001	1.4639683546	6.7814735064	-60504.1180818701
550001	1.5595983462	6.7814735064	-60595.6888213192
560001	1.4497018369	6.7814735064	-60588.3404397809
570001	1.5843380606	6.7814735064	-60525.5424262104
580001	1.5554988418	6.7814735064	-60520.2474880551
590001	1.5970465351	6.7814735064	-60540.6912215664
600001	0.8055357268	6.7814735064	-47815.0585534522
610001	0.8234719998	6.7814735064	-48003.6540732911
620001	0.7827433415	6.7814735064	-47731.9330267355
630001	0.8105840103	6.7814735064	-47770.3578537212
640001	0.8146941808	6.7814735064	-47937.1871485231
650001	0.7815884681	6.7814735064	-47815.2753967253
660001	0.8160625708	6.7814735064	-47898.0851046993
670001	0.7864080526	6.7814735064	-47775.0648785965
680001	0.7932472984	6.7814735064	-47789.4492215585
690001	0.8039187795	6.7814735064	-47866.1498493921
700001	0.9621891803	6.7814735064	-53757.7848520226
710001	0.9665391099	6.7814735064	-53835.9326142710
720001	0.9410099589	6.7814735064	-53565.5981472750
730001	1.0422182072	6.7814735064	-53819.1286455301
740001	0.9675973425	6.7814735064	-53845.1393967208
750001	0.9590522656	6.7814735064	-53775.7331889402
760001	0.9390441855	6.7814735064	-53859.8952901676
770001	0.9507951520	6.7814735064	-53881.0675121725
780001	0.9544886167	6.7814735064	-53916.3393128405
790001	0.9907416843	6.7814735064	-53858.0635627944
800001	1.8481709880	6.7814735064	-61394.1903261724
810001	1.7800602066	6.7814735064	-61310.2916802894
820001	1.9251683191	6.7814735064	-61297.7137919925
830001	1.9704401047	6.7814735064	-61294.0699498067
840001	2.0600546643	6.7814735064	-61385.7348997924
850001	1.4423817153	6.7814735064	-61229.7362810266
860001	1.5767744973	6.7814735064	-61275.8282934877
870001	1.8716883088	6.7814735064	-61285.5717713385
880001	1.6771714156	6.7814735064	-61152.3036610454
890001	1.7778209924	6.7814735064	-61295.2090825401
900001	1.9041338470	6.7814735064	-59032.1976078389
910001	1.7632381151	6.7814735064	-59006.5469643409
920001	1.7782346121	6.7814735064	-59050.5145648087
930001	1.8433846528	6.7814735064	-59016.9070724493
940001	1.6419532142	6.7814735064	-59037.7826656889
950001	1.8595463250	6.7814735064	-59073.2773656794
960001	1.7857347946	6.7814735064	-59104.4104703546
970001	1.8619798159	6.7814735064	-58936.7185444735
980001	2.1120564305	6.7814735064	-58913.8218134787
990001	1.6206611578	6.7814735064	-59039.3618589723
