site	rate	t	lnL
1	1.9973020842	7.4108815028	-621381.6172912794
100001	1.0934566087	7.4108815028	-529026.3604455584
200001	1.0603094516	7.4108815028	-625999.4914097966
300001	1.4401483600	7.4108815028	-595598.6409641798
400001	0.0339455858	7.4108815028	-343204.1482787175
500001	1.2865722165	7.4108815028	-605819.0913614581
600001	1.4530687462	7.4108815028	-483612.9593758733
700001	1.2804686211	7.4108815028	-538885.6547393163
800001	1.0416808937	7.4108815028	-612075.8726221086
900001	1.4449283440	7.4108815028	-590956.0240353474
