site	rate	t	lnL
1	1.6757267762	0.0061914939	-87.5405406500
2	0.1666169154	0.0061914939	-13.8681675443
3	0.8350386318	0.0061914939	-49.2993413395
4	1.6754284403	0.0061914939	-87.5422946318
5	0.1666102471	0.0061914939	-13.8681675434
6	1.5069987191	0.0061914939	-81.0296907515
7	0.8351259483	0.0061914939	-49.2988207447
8	1.5067597893	0.0061914939	-81.0311034476
9	0.8350821728	0.0061914939	-49.2990811845
10	1.5065987601	0.0061914939	-81.0320505809
11	0.5004253732	0.0061914939	-32.3137917638
12	0.8350823887	0.0061914939	-49.2990810490
13	1.5067593636	0.0061914939	-81.0311047822
14	1.8441136065	0.0061914939	-96.1505644048
15	0.5004254611	0.0061914939	-32.3137917638
16	1.5066791512	0.0061914939	-81.0315774701
17	1.0026719851	0.0061914939	-57.4625547422
18	0.5004515548	0.0061914939	-32.3136361550
19	1.5067593162	0.0061914939	-81.0311052287
20	1.8436197567	0.0061914939	-96.1534633141
21	1.8439154958	0.0061914939	-96.1517255411
22	1.3384302191	0.0061914939	-73.3079800829
23	0.8349944884	0.0061914939	-49.2996018873
24	0.5004515355	0.0061914939	-32.3136361550
25	0.8350821837	0.0061914939	-49.2990810490
26	0.3334271572	0.0061914939	-23.3531208237
27	0.3334098756	0.0061914939	-23.3532243457
28	0.0000000000	0.0061914939	-2.9957322736
29	1.0029148285	0.0061914939	-56.3624921841
30	0.3334271570	0.0061914939	-23.3531208451
31	1.6753199580	0.0061914939	-88.6415765747
32	0.8353009015	0.0061914939	-49.2977802631
33	0.3334271131	0.0061914939	-23.3531208451
34	2.3510065488	0.0061914939	-118.1578492124
35	0.5004777074	0.0061914939	-32.3134805380
36	0.6676842503	0.0061914939	-40.9331613998
37	0.5004254713	0.0061914939	-32.3137917154
38	1.6752311350	0.0061914939	-88.6421007143
39	1.3386431420	0.0061914939	-73.3067225208
40	1.0027247804	0.0061914939	-57.4622415724
41	1.8436197087	0.0061914939	-96.1534633238
42	2.8608892892	0.0061914939	-138.4015616430
43	0.8351261722	0.0061914939	-49.2988207448
44	1.0026192406	0.0061914939	-57.4628676992
45	0.8350383945	0.0061914939	-49.2993416105
46	0.3334444762	0.0061914939	-23.3530173391
47	3.0306738191	0.0061914939	-145.3940366427
48	1.5068382955	0.0061914939	-81.0306360335
49	0.8350822698	0.0061914939	-49.2990810490
50	0.6676842503	0.0061914939	-40.9331613998
51	0.0000000000	0.0061914939	-2.9957322736
52	0.0000000000	0.0061914939	-2.9957322736
53	0.3334271258	0.0061914939	-23.3531207809
54	0.5004255187	0.0061914939	-32.3137917154
55	0.6677538350	0.0061914939	-40.9327463119
56	1.0025665690	0.0061914939	-57.4631806399
57	0.0000000000	0.0061914939	-2.9957322736
58	1.8437186391	0.0061914939	-96.1528832009
59	1.1706553231	0.0061914939	-64.3576718134
60	0.0000000000	0.0061914939	-2.9957322736
61	0.0000000000	0.0061914939	-2.9957322736
62	0.8351697490	0.0061914939	-49.2985605624
63	1.6753183049	0.0061914939	-88.6415814848
64	0.8350384678	0.0061914939	-49.2993414750
65	1.3385008144	0.0061914939	-73.3075618524
66	0.1666188836	0.0061914939	-13.8681158933
67	1.8439161992	0.0061914939	-96.1517235335
68	0.6676842502	0.0061914939	-40.9331613998
69	1.3384299895	0.0061914939	-73.3079807817
70	2.0131969805	0.0061914939	-102.4682117566
71	0.3334098800	0.0061914939	-23.3532243457
72	1.5070445056	0.0061914939	-79.9307861909
73	0.0000000000	0.0061914939	-2.9957322736
74	1.3385008026	0.0061914939	-73.3075620305
75	1.5067590628	0.0061914939	-81.0311056749
76	1.0025665480	0.0061914939	-57.4631808358
77	0.1666188127	0.0061914939	-13.8681158933
78	1.1705162551	0.0061914939	-65.4571227767
79	1.3385717696	0.0061914939	-73.3071429003
80	0.5004515631	0.0061914939	-32.3136362034
81	0.6676842793	0.0061914939	-40.9331613134
82	3.2003008954	0.0061914939	-153.4305640090
83	2.6909688913	0.0061914939	-130.6579554029
84	0.0000000000	0.0061914939	-2.9957322736
85	1.0027248087	0.0061914939	-57.4622417684
86	0.3334098938	0.0061914939	-23.3532243030
87	1.0026721471	0.0061914939	-57.4625545461
88	0.3334444350	0.0061914939	-23.3530172962
89	0.1666101944	0.0061914939	-13.8681675434
90	1.3383591821	0.0061914939	-73.3084000397
91	0.0000000000	0.0061914939	-2.9957322736
92	0.5004776463	0.0061914939	-32.3134806349
93	1.3385722069	0.0061914939	-73.3071421983
94	0.1666102263	0.0061914939	-13.8681675434
95	0.1666102264	0.0061914939	-13.8681675434
96	2.5202620513	0.0061914939	-125.3413686806
97	1.1706760379	0.0061914939	-64.3575496270
98	0.5003993454	0.0061914939	-32.3139473161
99	1.8439139256	0.0061914939	-96.1517301149
100	0.0000000000	0.0061914939	-2.9957322736
101	0.0000000000	0.0061914939	-2.9957322736
102	1.5067594212	0.0061914939	-81.0311047817
103	3.0302543619	0.0061914939	-146.4951443040
104	0.0000000000	0.0061914939	-2.9957322736
105	1.5068391465	0.0061914939	-81.0306334058
106	0.6676494222	0.0061914939	-40.9333693142
107	0.0000000000	0.0061914939	-2.9957322736
108	0.8350822676	0.0061914939	-49.2990810490
109	1.1704543562	0.0061914939	-65.4574883575
110	0.8351694795	0.0061914939	-49.2985613674
111	0.0000000000	0.0061914939	-2.9957322736
112	2.1828504119	0.0061914939	-109.7977867630
113	1.3384295962	0.0061914939	-73.3079811328
114	0.6676144706	0.0061914939	-40.9335771311
115	3.7133971150	0.0061914939	-172.8156386034
116	1.3386426754	0.0061914939	-73.3067235752
117	2.0124908254	0.0061914939	-103.5710045344
118	0.6676842991	0.0061914939	-40.9331613134
119	0.5004515742	0.0061914939	-32.3136361550
120	2.0128148514	0.0061914939	-103.5691046138
121	0.6676494221	0.0061914939	-40.9333691413
122	0.0000000000	0.0061914939	-2.9957322736
123	0.8350821728	0.0061914939	-49.2990811845
124	0.5003994508	0.0061914939	-32.3139473161
