site	rate	t	lnL
1	0.0000000000	0.0007070097	-2.9957322736
2	0.0000000000	0.0007070097	-2.9957322736
3	0.0000000000	0.0007070097	-2.9957322736
4	5.8468046167	0.0007070097	-40.9333692277
5	0.0000000000	0.0007070097	-2.9957322736
6	1.4590548771	0.0007070097	-13.8681675434
7	1.4590550346	0.0007070097	-13.8681675434
8	0.0000000000	0.0007070097	-2.9957322736
9	1.4591306342	0.0007070097	-13.8681158879
10	1.4590548422	0.0007070097	-13.8681675434
11	0.0000000000	0.0007070097	-2.9957322736
12	1.4591308232	0.0007070097	-13.8681158933
13	1.4591306709	0.0007070097	-13.8681158879
14	2.9199207120	0.0007070097	-23.3531208451
15	0.0000000000	0.0007070097	-2.9957322736
16	7.3134455226	0.0007070097	-49.2988208803
17	1.4591306106	0.0007070097	-13.8681158879
18	0.0000000000	0.0007070097	-2.9957322736
19	0.0000000000	0.0007070097	-2.9957322736
20	0.0000000000	0.0007070097	-2.9957322736
21	0.0000000000	0.0007070097	-2.9957322736
22	1.4590549002	0.0007070097	-13.8681675434
23	0.0000000000	0.0007070097	-2.9957322736
24	0.0000000000	0.0007070097	-2.9957322736
25	0.0000000000	0.0007070097	-2.9957322736
26	0.0000000000	0.0007070097	-2.9957322736
27	0.0000000000	0.0007070097	-2.9957322736
28	0.0000000000	0.0007070097	-2.9957322736
29	0.0000000000	0.0007070097	-2.9957322736
30	0.0000000000	0.0007070097	-2.9957322736
31	2.9199205228	0.0007070097	-23.3531208237
32	0.0000000000	0.0007070097	-2.9957322736
33	0.0000000000	0.0007070097	-2.9957322736
34	1.4590553751	0.0007070097	-13.8681675434
35	0.0000000000	0.0007070097	-2.9957322736
36	0.0000000000	0.0007070097	-2.9957322736
37	0.0000000000	0.0007070097	-2.9957322736
38	1.4591305938	0.0007070097	-13.8681158879
39	0.0000000000	0.0007070097	-2.9957322736
40	0.0000000000	0.0007070097	-2.9957322736
41	1.4591302740	0.0007070097	-13.8681158879
42	1.4591302740	0.0007070097	-13.8681158879
43	2.9199201666	0.0007070097	-23.3531208451
44	1.4591307157	0.0007070097	-13.8681158933
45	0.0000000000	0.0007070097	-2.9957322736
46	0.0000000000	0.0007070097	-2.9957322736
47	0.0000000000	0.0007070097	-2.9957322736
48	0.0000000000	0.0007070097	-2.9957322736
49	1.4591305646	0.0007070097	-13.8681158879
50	1.4591308287	0.0007070097	-13.8681158933
51	0.0000000000	0.0007070097	-2.9957322736
52	0.0000000000	0.0007070097	-2.9957322736
53	0.0000000000	0.0007070097	-2.9957322736
54	0.0000000000	0.0007070097	-2.9957322736
55	1.4590548533	0.0007070097	-13.8681675434
56	0.0000000000	0.0007070097	-2.9957322736
57	0.0000000000	0.0007070097	-2.9957322736
58	2.9200724344	0.0007070097	-23.3530173177
59	5.8471095770	0.0007070097	-40.9331613134
60	2.9200721188	0.0007070097	-23.3530172962
61	0.0000000000	0.0007070097	-2.9957322736
62	2.9200719496	0.0007070097	-23.3530173391
63	0.0000000000	0.0007070097	-2.9957322736
64	0.0000000000	0.0007070097	-2.9957322736
65	0.0000000000	0.0007070097	-2.9957322736
66	0.0000000000	0.0007070097	-2.9957322736
67	0.0000000000	0.0007070097	-2.9957322736
68	2.9199206270	0.0007070097	-23.3531208451
69	0.0000000000	0.0007070097	-2.9957322736
70	4.3823752926	0.0007070097	-32.3137917154
71	0.0000000000	0.0007070097	-2.9957322736
72	1.4591311775	0.0007070097	-13.8681158933
73	0.0000000000	0.0007070097	-2.9957322736
74	1.4590551198	0.0007070097	-13.8681675434
75	0.0000000000	0.0007070097	-2.9957322736
76	2.9199203118	0.0007070097	-23.3531208237
77	0.0000000000	0.0007070097	-2.9957322736
78	0.0000000000	0.0007070097	-2.9957322736
79	2.9199201612	0.0007070097	-23.3531208451
80	4.3826029027	0.0007070097	-32.3136361550
81	0.0000000000	0.0007070097	-2.9957322736
82	0.0000000000	0.0007070097	-2.9957322736
83	0.0000000000	0.0007070097	-2.9957322736
84	0.0000000000	0.0007070097	-2.9957322736
85	0.0000000000	0.0007070097	-2.9957322736
86	0.0000000000	0.0007070097	-2.9957322736
87	1.4591302584	0.0007070097	-13.8681158933
88	0.0000000000	0.0007070097	-2.9957322736
89	2.9199205247	0.0007070097	-23.3531208237
90	4.3823747400	0.0007070097	-32.3137917154
91	0.0000000000	0.0007070097	-2.9957322736
92	1.4591306902	0.0007070097	-13.8681158879
93	1.4590551184	0.0007070097	-13.8681675434
94	0.0000000000	0.0007070097	-2.9957322736
95	0.0000000000	0.0007070097	-2.9957322736
96	0.0000000000	0.0007070097	-2.9957322736
97	1.4590554584	0.0007070097	-13.8681675434
98	0.0000000000	0.0007070097	-2.9957322736
99	0.0000000000	0.0007070097	-2.9957322736
100	0.0000000000	0.0007070097	-2.9957322736
101	0.0000000000	0.0007070097	-2.9957322736
102	2.9197689255	0.0007070097	-23.3532243457
103	1.4590549121	0.0007070097	-13.8681675434
104	0.0000000000	0.0007070097	-2.9957322736
105	2.9199203919	0.0007070097	-23.3531208237
106	1.4591306252	0.0007070097	-13.8681158933
107	2.9200721174	0.0007070097	-23.3530172855
108	2.9199205986	0.0007070097	-23.3531208237
109	2.9200726690	0.0007070097	-23.3530173391
110	0.0000000000	0.0007070097	-2.9957322736
111	0.0000000000	0.0007070097	-2.9957322736
112	1.4590551188	0.0007070097	-13.8681675434
113	4.3823746017	0.0007070097	-32.3137917638
114	0.0000000000	0.0007070097	-2.9957322736
115	0.0000000000	0.0007070097	-2.9957322736
116	0.0000000000	0.0007070097	-2.9957322736
117	0.0000000000	0.0007070097	-2.9957322736
118	1.4591304022	0.0007070097	-13.8681158879
119	1.4590552976	0.0007070097	-13.8681675434
120	0.0000000000	0.0007070097	-2.9957322736
121	0.0000000000	0.0007070097	-2.9957322736
122	0.0000000000	0.0007070097	-2.9957322736
123	1.4590547891	0.0007070097	-13.8681675434
124	2.9197689537	0.0007070097	-23.3532243457
