site	rate	t	lnL
1	1.4255677696	0.0007236551	-13.8681158933
2	0.0000000000	0.0007236551	-2.9957322736
3	1.4254942572	0.0007236551	-13.8681675434
4	1.4255680194	0.0007236551	-13.8681158879
5	0.0000000000	0.0007236551	-2.9957322736
6	0.0000000000	0.0007236551	-2.9957322736
7	0.0000000000	0.0007236551	-2.9957322736
8	0.0000000000	0.0007236551	-2.9957322736
9	0.0000000000	0.0007236551	-2.9957322736
10	1.4255676930	0.0007236551	-13.8681158933
11	0.0000000000	0.0007236551	-2.9957322736
12	1.4255680367	0.0007236551	-13.8681158879
13	0.0000000000	0.0007236551	-2.9957322736
14	0.0000000000	0.0007236551	-2.9957322736
15	1.4255680614	0.0007236551	-13.8681158933
16	2.8527572421	0.0007236551	-23.3531208237
17	0.0000000000	0.0007236551	-2.9957322736
18	0.0000000000	0.0007236551	-2.9957322736
19	1.4254942649	0.0007236551	-13.8681675434
20	0.0000000000	0.0007236551	-2.9957322736
21	4.2813497505	0.0007236551	-32.3139473161
22	2.8529051149	0.0007236551	-23.3530173177
23	2.8527571425	0.0007236551	-23.3531208237
24	0.0000000000	0.0007236551	-2.9957322736
25	2.8526091218	0.0007236551	-23.3532243457
26	1.4254940568	0.0007236551	-13.8681675434
27	0.0000000000	0.0007236551	-2.9957322736
28	0.0000000000	0.0007236551	-2.9957322736
29	0.0000000000	0.0007236551	-2.9957322736
30	0.0000000000	0.0007236551	-2.9957322736
31	1.4255680127	0.0007236551	-13.8681158879
32	0.0000000000	0.0007236551	-2.9957322736
33	0.0000000000	0.0007236551	-2.9957322736
34	5.7120183929	0.0007236551	-40.9335770448
35	0.0000000000	0.0007236551	-2.9957322736
36	0.0000000000	0.0007236551	-2.9957322736
37	2.8529046535	0.0007236551	-23.3530173177
38	1.4254939595	0.0007236551	-13.8681675434
39	1.4254943956	0.0007236551	-13.8681675434
40	0.0000000000	0.0007236551	-2.9957322736
41	0.0000000000	0.0007236551	-2.9957322736
42	2.8528464195	0.0007236551	-23.3531208461
43	0.0000000000	0.0007236551	-2.9957322736
44	2.8527571877	0.0007236551	-23.3531208451
45	1.4255680070	0.0007236551	-13.8681158933
46	4.2817954427	0.0007236551	-32.3136361066
47	0.0000000000	0.0007236551	-2.9957322736
48	0.0000000000	0.0007236551	-2.9957322736
49	0.0000000000	0.0007236551	-2.9957322736
50	0.0000000000	0.0007236551	-2.9957322736
51	0.0000000000	0.0007236551	-2.9957322736
52	0.0000000000	0.0007236551	-2.9957322736
53	0.0000000000	0.0007236551	-2.9957322736
54	0.0000000000	0.0007236551	-2.9957322736
55	0.0000000000	0.0007236551	-2.9957322736
56	0.0000000000	0.0007236551	-2.9957322736
57	0.0000000000	0.0007236551	-2.9957322736
58	0.0000000000	0.0007236551	-2.9957322736
59	0.0000000000	0.0007236551	-2.9957322736
60	0.0000000000	0.0007236551	-2.9957322736
61	0.0000000000	0.0007236551	-2.9957322736
62	0.0000000000	0.0007236551	-2.9957322736
63	0.0000000000	0.0007236551	-2.9957322736
64	0.0000000000	0.0007236551	-2.9957322736
65	4.2817955480	0.0007236551	-32.3136361550
66	0.0000000000	0.0007236551	-2.9957322736
67	2.8526089995	0.0007236551	-23.3532243457
68	0.0000000000	0.0007236551	-2.9957322736
69	4.2820185218	0.0007236551	-32.3134804896
70	0.0000000000	0.0007236551	-2.9957322736
71	2.8529051569	0.0007236551	-23.3530172962
72	1.4254942960	0.0007236551	-13.8681675434
73	0.0000000000	0.0007236551	-2.9957322736
74	5.7123168946	0.0007236551	-40.9333692277
75	0.0000000000	0.0007236551	-2.9957322736
76	1.4254942655	0.0007236551	-13.8681675434
77	0.0000000000	0.0007236551	-2.9957322736
78	1.4255680141	0.0007236551	-13.8681158879
79	0.0000000000	0.0007236551	-2.9957322736
80	1.4254941578	0.0007236551	-13.8681675434
81	4.2817952031	0.0007236551	-32.3136362034
82	0.0000000000	0.0007236551	-2.9957322736
83	4.2817952336	0.0007236551	-32.3136361550
84	0.0000000000	0.0007236551	-2.9957322736
85	0.0000000000	0.0007236551	-2.9957322736
86	0.0000000000	0.0007236551	-2.9957322736
87	0.0000000000	0.0007236551	-2.9957322736
88	1.4254939594	0.0007236551	-13.8681675434
89	0.0000000000	0.0007236551	-2.9957322736
90	1.4254942677	0.0007236551	-13.8681675434
91	0.0000000000	0.0007236551	-2.9957322736
92	0.0000000000	0.0007236551	-2.9957322736
93	0.0000000000	0.0007236551	-2.9957322736
94	2.8527571437	0.0007236551	-23.3531208237
95	0.0000000000	0.0007236551	-2.9957322736
96	0.0000000000	0.0007236551	-2.9957322736
97	2.8527574082	0.0007236551	-23.3531208237
98	2.8527573601	0.0007236551	-23.3531208237
99	2.8526096488	0.0007236551	-23.3532243457
100	1.4255680449	0.0007236551	-13.8681158879
101	0.0000000000	0.0007236551	-2.9957322736
102	0.0000000000	0.0007236551	-2.9957322736
103	0.0000000000	0.0007236551	-2.9957322736
104	0.0000000000	0.0007236551	-2.9957322736
105	0.0000000000	0.0007236551	-2.9957322736
106	2.8527570490	0.0007236551	-23.3531208451
107	0.0000000000	0.0007236551	-2.9957322736
108	2.8527572529	0.0007236551	-23.3531208237
109	0.0000000000	0.0007236551	-2.9957322736
110	4.2815718548	0.0007236551	-32.3137917638
111	0.0000000000	0.0007236551	-2.9957322736
112	1.4255677845	0.0007236551	-13.8681158879
113	1.4254940439	0.0007236551	-13.8681675434
114	0.0000000000	0.0007236551	-2.9957322736
115	0.0000000000	0.0007236551	-2.9957322736
116	1.4254939595	0.0007236551	-13.8681675434
117	2.8526084880	0.0007236551	-23.3532243457
118	2.8529052176	0.0007236551	-23.3530173177
119	0.0000000000	0.0007236551	-2.9957322736
120	0.0000000000	0.0007236551	-2.9957322736
121	0.0000000000	0.0007236551	-2.9957322736
122	0.0000000000	0.0007236551	-2.9957322736
123	1.4254942952	0.0007236551	-13.8681675434
124	1.4255680449	0.0007236551	-13.8681158879
