site	rate	t	lnL
1	0.0000000000	0.0006405098	-2.9957322736
2	0.0000000000	0.0006405098	-2.9957322736
3	3.2229094785	0.0006405098	-23.3532243457
4	3.2230766906	0.0006405098	-23.3531208451
5	0.0000000000	0.0006405098	-2.9957322736
6	0.0000000000	0.0006405098	-2.9957322736
7	0.0000000000	0.0006405098	-2.9957322736
8	0.0000000000	0.0006405098	-2.9957322736
9	1.6105391919	0.0006405098	-13.8681675434
10	1.6106225770	0.0006405098	-13.8681158933
11	0.0000000000	0.0006405098	-2.9957322736
12	1.6106224233	0.0006405098	-13.8681158933
13	1.6105396414	0.0006405098	-13.8681675434
14	3.2230775914	0.0006405098	-23.3531208451
15	0.0000000000	0.0006405098	-2.9957322736
16	1.6105392959	0.0006405098	-13.8681675434
17	3.2230768036	0.0006405098	-23.3531208237
18	0.0000000000	0.0006405098	-2.9957322736
19	1.6106226666	0.0006405098	-13.8681158933
20	0.0000000000	0.0006405098	-2.9957322736
21	0.0000000000	0.0006405098	-2.9957322736
22	0.0000000000	0.0006405098	-2.9957322736
23	0.0000000000	0.0006405098	-2.9957322736
24	0.0000000000	0.0006405098	-2.9957322736
25	0.0000000000	0.0006405098	-2.9957322736
26	0.0000000000	0.0006405098	-2.9957322736
27	1.6105394960	0.0006405098	-13.8681675434
28	0.0000000000	0.0006405098	-2.9957322736
29	0.0000000000	0.0006405098	-2.9957322736
30	0.0000000000	0.0006405098	-2.9957322736
31	3.2232438422	0.0006405098	-23.3530173177
32	1.6106226245	0.0006405098	-13.8681158879
33	0.0000000000	0.0006405098	-2.9957322736
34	1.6106225923	0.0006405098	-13.8681158879
35	0.0000000000	0.0006405098	-2.9957322736
36	0.0000000000	0.0006405098	-2.9957322736
37	0.0000000000	0.0006405098	-2.9957322736
38	1.6105388198	0.0006405098	-13.8681675434
39	1.6105392622	0.0006405098	-13.8681675434
40	3.2230763896	0.0006405098	-23.3531208451
41	0.0000000000	0.0006405098	-2.9957322736
42	1.6105392746	0.0006405098	-13.8681675434
43	0.0000000000	0.0006405098	-2.9957322736
44	6.4531644771	0.0006405098	-40.9337849372
45	0.0000000000	0.0006405098	-2.9957322736
46	0.0000000000	0.0006405098	-2.9957322736
47	0.0000000000	0.0006405098	-2.9957322736
48	0.0000000000	0.0006405098	-2.9957322736
49	4.8376197653	0.0006405098	-32.3136362034
50	0.0000000000	0.0006405098	-2.9957322736
51	0.0000000000	0.0006405098	-2.9957322736
52	0.0000000000	0.0006405098	-2.9957322736
53	0.0000000000	0.0006405098	-2.9957322736
54	0.0000000000	0.0006405098	-2.9957322736
55	0.0000000000	0.0006405098	-2.9957322736
56	3.2230766883	0.0006405098	-23.3531208451
57	0.0000000000	0.0006405098	-2.9957322736
58	0.0000000000	0.0006405098	-2.9957322736
59	3.2230766272	0.0006405098	-23.3531208237
60	0.0000000000	0.0006405098	-2.9957322736
61	0.0000000000	0.0006405098	-2.9957322736
62	0.0000000000	0.0006405098	-2.9957322736
63	0.0000000000	0.0006405098	-2.9957322736
64	3.2230767590	0.0006405098	-23.3531208237
65	0.0000000000	0.0006405098	-2.9957322736
66	0.0000000000	0.0006405098	-2.9957322736
67	1.6105392625	0.0006405098	-13.8681675434
68	0.0000000000	0.0006405098	-2.9957322736
69	1.6105393501	0.0006405098	-13.8681675434
70	1.6105388199	0.0006405098	-13.8681675434
71	0.0000000000	0.0006405098	-2.9957322736
72	0.0000000000	0.0006405098	-2.9957322736
73	0.0000000000	0.0006405098	-2.9957322736
74	1.6106221418	0.0006405098	-13.8681158879
75	1.6106225858	0.0006405098	-13.8681158933
76	0.0000000000	0.0006405098	-2.9957322736
77	0.0000000000	0.0006405098	-2.9957322736
78	0.0000000000	0.0006405098	-2.9957322736
79	0.0000000000	0.0006405098	-2.9957322736
80	0.0000000000	0.0006405098	-2.9957322736
81	0.0000000000	0.0006405098	-2.9957322736
82	0.0000000000	0.0006405098	-2.9957322736
83	4.8373680851	0.0006405098	-32.3137917154
84	0.0000000000	0.0006405098	-2.9957322736
85	1.6106223029	0.0006405098	-13.8681158933
86	1.6106230301	0.0006405098	-13.8681158879
87	9.6933599818	0.0006405098	-57.4619285819
88	0.0000000000	0.0006405098	-2.9957322736
89	0.0000000000	0.0006405098	-2.9957322736
90	1.6105393751	0.0006405098	-13.8681675434
91	0.0000000000	0.0006405098	-2.9957322736
92	0.0000000000	0.0006405098	-2.9957322736
93	6.4538388817	0.0006405098	-40.9333693142
94	0.0000000000	0.0006405098	-2.9957322736
95	0.0000000000	0.0006405098	-2.9957322736
96	0.0000000000	0.0006405098	-2.9957322736
97	1.6105386893	0.0006405098	-13.8681675434
98	1.6105390057	0.0006405098	-13.8681675434
99	0.0000000000	0.0006405098	-2.9957322736
100	0.0000000000	0.0006405098	-2.9957322736
101	0.0000000000	0.0006405098	-2.9957322736
102	1.6106223294	0.0006405098	-13.8681158879
103	0.0000000000	0.0006405098	-2.9957322736
104	0.0000000000	0.0006405098	-2.9957322736
105	1.6105393131	0.0006405098	-13.8681675434
106	0.0000000000	0.0006405098	-2.9957322736
107	0.0000000000	0.0006405098	-2.9957322736
108	1.6105393768	0.0006405098	-13.8681675434
109	1.6105395468	0.0006405098	-13.8681675434
110	3.2230768164	0.0006405098	-23.3531208237
111	0.0000000000	0.0006405098	-2.9957322736
112	0.0000000000	0.0006405098	-2.9957322736
113	3.2230767556	0.0006405098	-23.3531208237
114	1.6105388198	0.0006405098	-13.8681675434
115	1.6106227152	0.0006405098	-13.8681158933
116	0.0000000000	0.0006405098	-2.9957322736
117	1.6105398713	0.0006405098	-13.8681675434
118	1.6105392383	0.0006405098	-13.8681675434
119	0.0000000000	0.0006405098	-2.9957322736
120	3.2230768178	0.0006405098	-23.3531208451
121	1.6106225705	0.0006405098	-13.8681158933
122	0.0000000000	0.0006405098	-2.9957322736
123	3.2232441763	0.0006405098	-23.3530173177
124	0.0000000000	0.0006405098	-2.9957322736
