site	rate	t	lnL
1	1.4093002161	0.0007319704	-13.8681675434
2	0.0000000000	0.0007319704	-2.9957322736
3	2.8202029999	0.0007319704	-23.3532243457
4	0.0000000000	0.0007319704	-2.9957322736
5	0.0000000000	0.0007319704	-2.9957322736
6	1.4093730208	0.0007319704	-13.8681158933
7	0.0000000000	0.0007319704	-2.9957322736
8	0.0000000000	0.0007319704	-2.9957322736
9	0.0000000000	0.0007319704	-2.9957322736
10	1.4093736288	0.0007319704	-13.8681158879
11	1.4093730208	0.0007319704	-13.8681158933
12	1.4093733196	0.0007319704	-13.8681158933
13	1.4093732456	0.0007319704	-13.8681158879
14	0.0000000000	0.0007319704	-2.9957322736
15	0.0000000000	0.0007319704	-2.9957322736
16	2.8202031958	0.0007319704	-23.3532243457
17	1.4093004830	0.0007319704	-13.8681675434
18	4.2329325217	0.0007319704	-32.3137917638
19	1.4093000643	0.0007319704	-13.8681675434
20	0.0000000000	0.0007319704	-2.9957322736
21	1.4093001924	0.0007319704	-13.8681675434
22	0.0000000000	0.0007319704	-2.9957322736
23	1.4093004396	0.0007319704	-13.8681675434
24	0.0000000000	0.0007319704	-2.9957322736
25	0.0000000000	0.0007319704	-2.9957322736
26	0.0000000000	0.0007319704	-2.9957322736
27	1.4093004993	0.0007319704	-13.8681675434
28	0.0000000000	0.0007319704	-2.9957322736
29	0.0000000000	0.0007319704	-2.9957322736
30	1.4093732673	0.0007319704	-13.8681158879
31	0.0000000000	0.0007319704	-2.9957322736
32	0.0000000000	0.0007319704	-2.9957322736
33	0.0000000000	0.0007319704	-2.9957322736
34	4.2329335271	0.0007319704	-32.3137917154
35	0.0000000000	0.0007319704	-2.9957322736
36	1.4093733360	0.0007319704	-13.8681158879
37	0.0000000000	0.0007319704	-2.9957322736
38	1.4093004239	0.0007319704	-13.8681675434
39	0.0000000000	0.0007319704	-2.9957322736
40	1.4093731352	0.0007319704	-13.8681158879
41	1.4093001249	0.0007319704	-13.8681675434
42	1.4093005006	0.0007319704	-13.8681675434
43	2.8203494004	0.0007319704	-23.3531208451
44	5.6474250951	0.0007319704	-40.9333691414
45	1.4093001249	0.0007319704	-13.8681675434
46	1.4093005516	0.0007319704	-13.8681675434
47	1.4093734132	0.0007319704	-13.8681158933
48	0.0000000000	0.0007319704	-2.9957322736
49	0.0000000000	0.0007319704	-2.9957322736
50	0.0000000000	0.0007319704	-2.9957322736
51	0.0000000000	0.0007319704	-2.9957322736
52	0.0000000000	0.0007319704	-2.9957322736
53	0.0000000000	0.0007319704	-2.9957322736
54	2.8202901549	0.0007319704	-23.3532243467
55	0.0000000000	0.0007319704	-2.9957322736
56	1.4093733329	0.0007319704	-13.8681158879
57	0.0000000000	0.0007319704	-2.9957322736
58	1.4093733527	0.0007319704	-13.8681158879
59	0.0000000000	0.0007319704	-2.9957322736
60	1.4093733428	0.0007319704	-13.8681158933
61	0.0000000000	0.0007319704	-2.9957322736
62	5.6474239808	0.0007319704	-40.9333692277
63	0.0000000000	0.0007319704	-2.9957322736
64	2.8203494173	0.0007319704	-23.3531208237
65	0.0000000000	0.0007319704	-2.9957322736
66	1.4093733302	0.0007319704	-13.8681158879
67	1.4093733357	0.0007319704	-13.8681158879
68	0.0000000000	0.0007319704	-2.9957322736
69	0.0000000000	0.0007319704	-2.9957322736
70	0.0000000000	0.0007319704	-2.9957322736
71	1.4093003447	0.0007319704	-13.8681675434
72	0.0000000000	0.0007319704	-2.9957322736
73	0.0000000000	0.0007319704	-2.9957322736
74	0.0000000000	0.0007319704	-2.9957322736
75	4.2331532838	0.0007319704	-32.3136362034
76	1.4093730282	0.0007319704	-13.8681158933
77	0.0000000000	0.0007319704	-2.9957322736
78	0.0000000000	0.0007319704	-2.9957322736
79	2.8203495284	0.0007319704	-23.3531208237
80	2.8203491166	0.0007319704	-23.3531208237
81	1.4093730356	0.0007319704	-13.8681158879
82	0.0000000000	0.0007319704	-2.9957322736
83	1.4093730353	0.0007319704	-13.8681158933
84	2.8202029208	0.0007319704	-23.3532243457
85	1.4093734295	0.0007319704	-13.8681158933
86	5.6474236366	0.0007319704	-40.9333692278
87	1.4093001250	0.0007319704	-13.8681675434
88	0.0000000000	0.0007319704	-2.9957322736
89	0.0000000000	0.0007319704	-2.9957322736
90	0.0000000000	0.0007319704	-2.9957322736
91	0.0000000000	0.0007319704	-2.9957322736
92	0.0000000000	0.0007319704	-2.9957322736
93	0.0000000000	0.0007319704	-2.9957322736
94	0.0000000000	0.0007319704	-2.9957322736
95	0.0000000000	0.0007319704	-2.9957322736
96	1.4093730207	0.0007319704	-13.8681158933
97	1.4093005240	0.0007319704	-13.8681675434
98	0.0000000000	0.0007319704	-2.9957322736
99	0.0000000000	0.0007319704	-2.9957322736
100	0.0000000000	0.0007319704	-2.9957322736
101	0.0000000000	0.0007319704	-2.9957322736
102	2.8203490622	0.0007319704	-23.3531208451
103	1.4093735344	0.0007319704	-13.8681158879
104	0.0000000000	0.0007319704	-2.9957322736
105	0.0000000000	0.0007319704	-2.9957322736
106	1.4093003908	0.0007319704	-13.8681675434
107	0.0000000000	0.0007319704	-2.9957322736
108	0.0000000000	0.0007319704	-2.9957322736
109	0.0000000000	0.0007319704	-2.9957322736
110	1.4093730207	0.0007319704	-13.8681158933
111	0.0000000000	0.0007319704	-2.9957322736
112	4.2329335214	0.0007319704	-32.3137917154
113	0.0000000000	0.0007319704	-2.9957322736
114	0.0000000000	0.0007319704	-2.9957322736
115	0.0000000000	0.0007319704	-2.9957322736
116	2.8202030941	0.0007319704	-23.3532243457
117	1.4093003914	0.0007319704	-13.8681675434
118	2.8204956106	0.0007319704	-23.3530172962
119	2.8202029814	0.0007319704	-23.3532243457
120	1.4093733819	0.0007319704	-13.8681158879
121	0.0000000000	0.0007319704	-2.9957322736
122	0.0000000000	0.0007319704	-2.9957322736
123	1.4093005023	0.0007319704	-13.8681675434
124	1.4093733203	0.0007319704	-13.8681158879
