site	rate	t	lnL
1	1.1693886217	0.0618173829	-438.2409161453
2	0.1847274777	0.0618173829	-95.0504440468
3	1.6962159862	0.0618173829	-584.5385301039
4	1.4903087271	0.0618173829	-520.4100412077
5	0.0166873128	0.0618173829	-13.8681675434
6	1.3523945932	0.0618173829	-494.2929498693
7	0.7193147024	0.0618173829	-298.3278331038
8	1.2256171815	0.0618173829	-459.1236552173
9	1.4487404399	0.0618173829	-513.9459221097
10	1.5065277626	0.0618173829	-528.8859525511
11	0.2355372632	0.0618173829	-117.0553477130
12	1.5046207495	0.0618173829	-534.6524055499
13	1.0417019097	0.0618173829	-401.8491226613
14	1.3371544095	0.0618173829	-486.6005087702
15	0.4233199340	0.0618173829	-191.7904345294
16	0.8266290307	0.0618173829	-331.5583861811
17	1.0967179158	0.0618173829	-416.8647349930
18	0.7194454402	0.0618173829	-300.5190639056
19	1.0053954006	0.0618173829	-390.7583721447
20	1.6189799886	0.0618173829	-567.5206659735
21	1.0251813612	0.0618173829	-395.1767877708
22	0.5270071207	0.0618173829	-231.9427745454
23	1.1506095058	0.0618173829	-435.1283450326
24	0.2015774416	0.0618173829	-103.5703723299
25	0.8796652666	0.0618173829	-345.0283835777
26	0.0501241363	0.0618173829	-32.3136361550
27	1.7464257877	0.0618173829	-596.3536606547
28	0.0000000000	0.0618173829	-2.9957322736
29	0.7378117576	0.0618173829	-302.1656146541
30	0.2864143747	0.0618173829	-138.8144525125
31	1.2431399775	0.0618173829	-461.4146203568
32	1.5042850640	0.0618173829	-531.1660518458
33	0.1677874365	0.0618173829	-88.6421023735
34	1.0245388275	0.0618173829	-392.0308546006
35	1.2627577289	0.0618173829	-461.8386853102
36	1.3516731764	0.0618173829	-490.7762721540
37	0.4578969693	0.0618173829	-206.0508984840
38	1.0227089981	0.0618173829	-396.2906719031
39	1.4303140981	0.0618173829	-511.5768383089
40	0.4750499120	0.0618173829	-212.5832681814
41	1.6718345901	0.0618173829	-581.2160375504
42	1.3539972615	0.0618173829	-492.1650712592
43	1.1152764586	0.0618173829	-419.3072156280
44	1.6372821848	0.0618173829	-567.2598879902
45	1.9071273648	0.0618173829	-638.2216087792
46	0.2355084534	0.0618173829	-115.9584406019
47	0.5798137320	0.0618173829	-247.3803779941
48	1.0231125395	0.0618173829	-395.4746969049
49	0.6840578057	0.0618173829	-287.2129648222
50	0.2864446963	0.0618173829	-139.5058151333
51	0.0000000000	0.0618173829	-2.9957322736
52	0.2185492192	0.0618173829	-110.9011499748
53	0.5977520748	0.0618173829	-248.9399108281
54	0.3547912264	0.0618173829	-166.0363240294
55	1.4281752313	0.0618173829	-514.7619160998
56	0.8078221195	0.0618173829	-329.5353289387
57	0.1172559089	0.0618173829	-65.4563944557
58	1.3005368978	0.0618173829	-480.2050907562
59	1.2624561326	0.0618173829	-463.1062877122
60	0.8635974906	0.0618173829	-342.0886123075
61	0.0333953365	0.0618173829	-23.3531208451
62	1.5033750508	0.0618173829	-528.3989073339
63	0.6679093135	0.0618173829	-277.1143691903
64	1.0787818962	0.0618173829	-412.2956081407
65	1.5786258426	0.0618173829	-555.9312129092
66	1.0414394930	0.0618173829	-403.0668324542
67	1.3944464287	0.0618173829	-505.1412265804
68	0.6675346793	0.0618173829	-278.8094240670
69	1.4311108668	0.0618173829	-514.4035858246
70	1.1882961259	0.0618173829	-447.3708188184
71	0.8792082219	0.0618173829	-347.8266164119
72	1.6577493307	0.0618173829	-573.0294522729
73	0.0166873162	0.0618173829	-13.8681675434
74	1.5200355126	0.0618173829	-546.5495342779
75	1.1499735336	0.0618173829	-436.7040386721
76	1.0788128853	0.0618173829	-411.1937701488
77	0.0000000000	0.0618173829	-2.9957322736
78	1.8371346047	0.0618173829	-617.0119769349
79	1.4657064164	0.0618173829	-516.0787374255
80	0.2185316141	0.0618173829	-109.8035107149
81	0.7906059084	0.0618173829	-320.0645615238
82	1.4644166128	0.0618173829	-526.4725231781
83	0.9320469088	0.0618173829	-366.5091177303
84	0.1509557033	0.0618173829	-79.9299975321
85	1.6793808870	0.0618173829	-581.5317519746
86	0.7560291480	0.0618173829	-303.5709565718
87	1.6232775910	0.0618173829	-564.2920610210
88	0.5273349683	0.0618173829	-230.8253116773
89	0.3208818151	0.0618173829	-150.0430488379
90	1.3570350446	0.0618173829	-491.7790096819
91	0.0166913192	0.0618173829	-13.8681675722
92	0.8269421772	0.0618173829	-332.2332837719
93	2.0858042973	0.0618173829	-684.7969991475
94	0.3718843619	0.0618173829	-172.8180102222
95	0.4232939141	0.0618173829	-193.9895208158
96	1.1673375111	0.0618173829	-441.6510439815
97	1.9678579745	0.0618173829	-656.0573162271
98	1.5799035940	0.0618173829	-551.6939722831
99	1.1871295684	0.0618173829	-441.0691755105
100	0.1340984735	0.0618173829	-72.2067368407
101	0.2015989447	0.0618173829	-103.5691105289
102	1.3960024595	0.0618173829	-497.1041710144
103	1.9105040812	0.0618173829	-633.8676416920
104	2.0431445607	0.0618173829	-677.0739207110
105	1.4280240674	0.0618173829	-511.8375583492
106	1.3045263068	0.0618173829	-480.7856520131
107	0.3205177274	0.0618173829	-153.4315749282
108	1.2231524097	0.0618173829	-455.6727821801
109	1.4276808497	0.0618173829	-515.1965629458
110	1.6368601839	0.0618173829	-564.1353330968
111	0.0166881795	0.0618173829	-13.8681158879
112	1.7012847743	0.0618173829	-584.6311056640
113	1.4665372692	0.0618173829	-520.4220791952
114	1.4528773211	0.0618173829	-514.6125112815
115	1.0795781919	0.0618173829	-409.0866161137
116	1.2979152919	0.0618173829	-474.8543023354
117	1.5996044388	0.0618173829	-551.1514335055
118	1.1880819988	0.0618173829	-443.1020530210
119	1.2062457393	0.0618173829	-451.1609172925
120	1.8103850426	0.0618173829	-615.5881109420
121	1.4690559702	0.0618173829	-520.6965266044
122	1.3687630723	0.0618173829	-492.2851308719
123	1.3359580598	0.0618173829	-485.8863927354
124	1.3897486806	0.0618173829	-504.8614293692
