site	rate	t	lnL
1	2.2241908059	0.0060744935	-110.9004795158
2	0.3398316327	0.0060744935	-23.3532243457
3	0.6805090309	0.0060744935	-40.9333693142
4	0.6805088878	0.0060744935	-40.9333693141
5	0.0000000000	0.0060744935	-2.9957322736
6	1.0219844365	0.0060744935	-57.4625545462
7	1.0219307215	0.0060744935	-57.4628676993
8	1.3643528488	0.0060744935	-73.3071460082
9	1.1931874972	0.0060744935	-65.4563907536
10	1.8793304771	0.0060744935	-96.1523050557
11	0.8510773956	0.0060744935	-49.2996017518
12	2.2243165103	0.0060744935	-110.8997749247
13	0.6804733618	0.0060744935	-40.9335770447
14	1.5356992394	0.0060744935	-81.0315774710
15	0.3398492780	0.0060744935	-23.3531208451
16	2.3966722064	0.0060744935	-118.1556392314
17	1.1929352500	0.0060744935	-65.4578547221
18	1.3645155837	0.0060744935	-72.2075730172
19	1.8798324503	0.0060744935	-96.1494101055
20	1.7074060736	0.0060744935	-88.6426281437
21	0.6805090400	0.0060744935	-40.9333692278
22	0.1698192964	0.0060744935	-13.8681675434
23	0.0000000000	0.0060744935	-2.9957322736
24	0.0000000000	0.0060744935	-2.9957322736
25	1.7074978011	0.0060744935	-88.6421012733
26	0.3398317028	0.0060744935	-23.3532243457
27	0.3398316306	0.0060744935	-23.3532243457
28	0.0000000000	0.0060744935	-2.9957322736
29	0.8510774784	0.0060744935	-49.2996017518
30	0.5100907427	0.0060744935	-32.3136360825
31	2.3969573796	0.0060744935	-117.0553455128
32	1.7074972640	0.0060744935	-88.6421018217
33	0.0000000000	0.0060744935	-2.9957322736
34	1.7076793013	0.0060744935	-88.6410507469
35	2.2243784736	0.0060744935	-109.8007561807
36	0.5100641985	0.0060744935	-32.3137917638
37	0.5100907320	0.0060744935	-32.3136362034
38	2.2240775938	0.0060744935	-110.9011476782
39	1.5356177556	0.0060744935	-81.0320492415
40	1.5355363001	0.0060744935	-81.0325209936
41	1.7073152447	0.0060744935	-88.6431533406
42	1.3644988284	0.0060744935	-73.3063038777
43	1.5360256695	0.0060744935	-81.0296885424
44	2.9158168183	0.0060744935	-139.5012774086
45	0.6805090520	0.0060744935	-40.9333692278
46	0.0000000000	0.0060744935	-2.9957322736
47	0.3398493066	0.0060744935	-23.3531208237
48	1.0219844955	0.0060744935	-57.4625545461
49	2.5692658866	0.0060744935	-123.1413676016
50	0.1698280745	0.0060744935	-13.8681158933
51	0.0000000000	0.0060744935	-2.9957322736
52	0.3398669502	0.0060744935	-23.3530173391
53	0.3398316615	0.0060744935	-23.3532243457
54	0.3398492881	0.0060744935	-23.3531208451
55	0.1698261217	0.0060744935	-13.8681675443
56	1.1929985142	0.0060744935	-65.4574886254
57	0.1698192911	0.0060744935	-13.8681675434
58	0.3399198038	0.0060744935	-23.3527068846
59	2.7416519371	0.0060744935	-132.4563213776
60	0.5100376249	0.0060744935	-32.3139473161
61	0.0000000000	0.0060744935	-2.9957322736
62	0.8511669276	0.0060744935	-49.2990809134
63	0.0000000000	0.0060744935	-2.9957322736
64	0.3398492803	0.0060744935	-23.3531208451
65	1.0219306631	0.0060744935	-57.4628678951
66	0.6804378566	0.0060744935	-40.9337849372
67	1.3642093913	0.0060744935	-73.3079807817
68	1.7074975152	0.0060744935	-88.6421012747
69	1.3642094720	0.0060744935	-73.3079804307
70	1.1931246883	0.0060744935	-65.4567563734
71	0.6805800327	0.0060744935	-40.9329534746
72	1.0219845173	0.0060744935	-57.4625543514
73	0.0000000000	0.0060744935	-2.9957322736
74	0.5101518056	0.0060744935	-31.2146636500
75	1.5355358301	0.0060744935	-81.0325223267
76	2.2235977612	0.0060744935	-110.9039000980
77	0.0000000000	0.0060744935	-2.9957322736
78	1.0219307056	0.0060744935	-57.4628673088
79	2.0511424823	0.0060744935	-103.5716399037
80	1.3645157842	0.0060744935	-72.2075719664
81	1.3644263711	0.0060744935	-73.3067232243
82	1.8792297196	0.0060744935	-96.1528852065
83	1.3640646497	0.0060744935	-73.3088192754
84	0.5101173291	0.0060744935	-32.3134805380
85	0.5100907643	0.0060744935	-32.3136361066
86	0.6805090407	0.0060744935	-40.9333692278
87	3.0884617783	0.0060744935	-146.4960737835
88	1.7080033827	0.0060744935	-87.5405389964
89	0.3398492618	0.0060744935	-23.3531208237
90	2.7427686738	0.0060744935	-131.3512616031
91	0.0000000000	0.0060744935	-2.9957322736
92	1.0219845584	0.0060744935	-57.4625545462
93	0.8512113152	0.0060744935	-49.2988207448
94	0.6804733617	0.0060744935	-40.9335770447
95	0.3398316259	0.0060744935	-23.3532243457
96	0.1698280802	0.0060744935	-13.8681158933
97	1.5358623610	0.0060744935	-81.0306334064
98	0.8512112744	0.0060744935	-49.2988210159
99	1.0222529812	0.0060744935	-57.4609905743
100	0.1698280802	0.0060744935	-13.8681158933
101	0.0000000000	0.0060744935	-2.9957322736
102	1.8792296873	0.0060744935	-96.1528852082
103	0.3398669112	0.0060744935	-23.3530173177
104	0.0000000000	0.0060744935	-2.9957322736
105	0.5101173167	0.0060744935	-32.3134805864
106	1.5360718130	0.0060744935	-79.9307851899
107	0.1698280799	0.0060744935	-13.8681158879
108	0.8512116185	0.0060744935	-49.2988203389
109	1.7077887197	0.0060744935	-87.5417731276
110	1.3642094617	0.0060744935	-73.3079804344
111	0.0000000000	0.0060744935	-2.9957322736
112	1.7076777339	0.0060744935	-88.6410551051
113	2.0512531435	0.0060744935	-103.5710049279
114	0.1698349256	0.0060744935	-13.8681158941
115	1.3642818043	0.0060744935	-73.3075615044
116	1.1930614688	0.0060744935	-65.4571222435
117	1.0219844883	0.0060744935	-57.4625547422
118	0.5100907478	0.0060744935	-32.3136361550
119	0.5100907519	0.0060744935	-32.3136361550
120	2.0521189289	0.0060744935	-102.4673700338
121	1.3642820030	0.0060744935	-73.3075611535
122	0.0000000000	0.0060744935	-2.9957322736
123	1.0219845874	0.0060744935	-57.4625547422
124	1.1929356090	0.0060744935	-65.4578544544
