site	rate	t	lnL
1	1.6555626269	0.0626756958	-580.0800682358
2	0.2155466897	0.0626756958	-109.8030520791
3	1.9172519762	0.0626756958	-645.7424374776
4	1.4644178350	0.0626756958	-529.0055630900
5	0.0329446795	0.0626756958	-23.3530173404
6	1.2607659761	0.0626756958	-470.5357117626
7	0.9926730460	0.0626756958	-384.7519264396
8	1.3364412861	0.0626756958	-488.4577000535
9	1.0815235136	0.0626756958	-416.8754713865
10	1.5239872677	0.0626756958	-543.1770453343
11	1.8295512192	0.0626756958	-618.7293428430
12	1.7118568789	0.0626756958	-592.6244173310
13	0.9031419172	0.0626756958	-359.7880770247
14	0.3501418818	0.0626756958	-165.3308723385
15	2.0390084050	0.0626756958	-672.4625460922
16	0.9216876555	0.0626756958	-362.0978185548
17	1.2613974450	0.0626756958	-469.2827942888
18	1.0810349426	0.0626756958	-417.5968852118
19	1.4659720648	0.0626756958	-528.7763626527
20	0.8329821054	0.0626756958	-337.0749775230
21	0.9022797547	0.0626756958	-362.0350414607
22	1.6505525779	0.0626756958	-582.7211788280
23	0.3668295164	0.0626756958	-173.9145306218
24	0.0329446731	0.0626756958	-23.3530173189
25	1.0621393591	0.0626756958	-413.4958549792
26	0.0329380032	0.0626756958	-23.3531208451
27	0.2490475149	0.0626756958	-125.3366087166
28	0.0000000000	0.0626756958	-2.9957322736
29	0.1322603694	0.0626756958	-73.3054691170
30	0.9196106214	0.0626756958	-366.4914054432
31	1.4083160395	0.0626756958	-515.0150387340
32	1.2993458390	0.0626756958	-480.1208541725
33	0.4344540491	0.0626756958	-200.5950550039
34	2.1218604534	0.0626756958	-693.3158625385
35	0.9557004380	0.0626756958	-378.7422925393
36	1.2615499275	0.0626756958	-470.3751119190
37	1.5009884543	0.0626756958	-542.5627858018
38	1.1702736463	0.0626756958	-444.1639784212
39	1.6135247524	0.0626756958	-564.0709387094
40	0.9370314413	0.0626756958	-372.6004197467
41	1.5772214678	0.0626756958	-559.7225155333
42	1.9492707887	0.0626756958	-650.0489006223
43	1.8920388959	0.0626756958	-632.3757709639
44	0.8490580637	0.0626756958	-347.0594575808
45	1.4083385639	0.0626756958	-513.7959731644
46	0.3164028118	0.0626756958	-149.0206320192
47	0.5029627384	0.0626756958	-224.8153145454
48	1.0811573350	0.0626756958	-414.9481499728
49	1.2434330501	0.0626756958	-465.2824548983
50	1.2803273883	0.0626756958	-480.1074073424
51	0.0164596431	0.0626756958	-13.8681158879
52	0.2489129429	0.0626756958	-125.3445594272
53	0.5376956638	0.0626756958	-233.0244190382
54	1.3887090655	0.0626756958	-509.1731565519
55	0.2489963323	0.0626756958	-124.2409667512
56	1.3904074912	0.0626756958	-506.5943627566
57	0.0494372383	0.0626756958	-32.3139473295
58	1.0452483949	0.0626756958	-407.0733025014
59	1.3350401390	0.0626756958	-494.2659108028
60	0.5027221306	0.0626756958	-224.1360269354
61	0.0494343077	0.0626756958	-31.2152304569
62	1.7297453879	0.0626756958	-593.6927904516
63	1.3552871530	0.0626756958	-498.4890231586
64	1.5576492748	0.0626756958	-555.1649069677
65	1.0968882611	0.0626756958	-427.7483104638
66	0.5200158251	0.0626756958	-233.0287051016
67	1.6669395022	0.0626756958	-586.4208657848
68	1.0636841657	0.0626756958	-411.7941352904
69	0.9732147133	0.0626756958	-384.1156985886
70	1.3938327496	0.0626756958	-509.7204016192
71	1.1199364333	0.0626756958	-428.2206688731
72	1.3524174469	0.0626756958	-496.5578946692
73	0.0329431281	0.0626756958	-23.3528104390
74	1.2273125664	0.0626756958	-457.1329145410
75	0.5892935828	0.0626756958	-255.1611648349
76	1.2789235125	0.0626756958	-475.8820141021
77	0.0824859641	0.0626756958	-49.2996014815
78	1.2807190472	0.0626756958	-471.7747154358
79	1.1887053667	0.0626756958	-447.5268742388
80	0.2322867941	0.0626756958	-117.0568255953
81	0.5367763897	0.0626756958	-238.3355349542
82	1.7478196775	0.0626756958	-606.5206988362
83	1.4854131369	0.0626756958	-531.8306013806
84	0.3331294404	0.0626756958	-160.3026005050
85	1.2439582272	0.0626756958	-466.0810086334
86	1.5203577191	0.0626756958	-542.4045816634
87	0.9381152004	0.0626756958	-371.9354555180
88	0.6059855579	0.0626756958	-262.1453115836
89	0.3500066212	0.0626756958	-167.1307076849
90	1.5753868952	0.0626756958	-555.8160537147
91	0.0164587916	0.0626756958	-13.8681675434
92	0.5544926619	0.0626756958	-241.6106943213
93	1.2496927714	0.0626756958	-461.1896768052
94	0.3499593321	0.0626756958	-164.6484028181
95	0.3162863295	0.0626756958	-152.3235994474
96	0.9912152169	0.0626756958	-390.3752633504
97	1.6893080953	0.0626756958	-583.5400938623
98	0.4861642118	0.0626756958	-219.0393821340
99	1.4816604993	0.0626756958	-534.2298648058
100	0.1322305861	0.0626756958	-73.3075608065
101	0.1156491269	0.0626756958	-65.4560264309
102	1.5684310485	0.0626756958	-552.1675438098
103	0.6577198296	0.0626756958	-279.2533289902
104	0.1322715601	0.0626756958	-71.2253266354
105	2.0555617967	0.0626756958	-677.8824284973
106	1.2593044518	0.0626756958	-472.4077307855
107	1.5983821355	0.0626756958	-569.9266527070
108	1.1703006299	0.0626756958	-448.2731080982
109	1.8787756172	0.0626756958	-645.1111600026
110	1.4282460083	0.0626756958	-518.1195198971
111	0.0000000000	0.0626756958	-2.9957322736
112	1.4089028248	0.0626756958	-510.6134483256
113	1.8870445146	0.0626756958	-645.4879940267
114	0.5543435008	0.0626756958	-243.2774526525
115	0.7273273000	0.0626756958	-303.2731818912
116	1.3542109913	0.0626756958	-498.6592252272
117	1.5764464465	0.0626756958	-552.9849906186
118	1.7724588059	0.0626756958	-608.3669392119
119	0.8852482852	0.0626756958	-354.2914133904
120	1.8638999083	0.0626756958	-626.4277599919
121	1.2443434672	0.0626756958	-462.5102946762
122	0.1322095289	0.0626756958	-73.3088192811
123	0.8690996320	0.0626756958	-345.6536185861
124	1.5069648745	0.0626756958	-538.4702475199
