site	rate	t	lnL
1	1.6964629441	0.0595587475	-573.5770049640
2	1.0247276490	0.0595587475	-380.4635892331
3	1.5418608190	0.0595587475	-534.0629080501
4	1.8236355499	0.0595587475	-597.6212318070
5	0.0346617811	0.0595587475	-23.3531208451
6	1.8221407480	0.0595587475	-607.2359968788
7	0.2975331408	0.0595587475	-136.2349920680
8	0.4219529771	0.0595587475	-185.1217010272
9	1.5287781206	0.0595587475	-523.1713889113
10	1.2871270666	0.0595587475	-464.8613243026
11	0.3504245474	0.0595587475	-160.3102075032
12	1.4087753957	0.0595587475	-496.2648774423
13	1.1178992162	0.0595587475	-410.3314046439
14	0.4042260784	0.0595587475	-176.3483317336
15	0.2797312396	0.0595587475	-132.4503867726
16	1.8579556259	0.0595587475	-611.5609916163
17	0.6193013980	0.0595587475	-255.0885776451
18	0.8209389108	0.0595587475	-321.3140651948
19	2.0440620701	0.0595587475	-649.3907044471
20	0.1042526864	0.0595587475	-56.3632231987
21	0.5111574518	0.0595587475	-216.9842705516
22	1.7199125770	0.0595587475	-569.4529555320
23	0.4929964191	0.0595587475	-213.6857865052
24	0.1916656946	0.0595587475	-96.1528852065
25	0.9502965018	0.0595587475	-362.3990539519
26	0.2801092244	0.0595587475	-132.4291769979
27	0.7098434747	0.0595587475	-286.0871273473
28	0.0000000000	0.0595587475	-2.9957322736
29	0.0868035353	0.0595587475	-48.6067132320
30	0.5829784056	0.0595587475	-244.6842706093
31	1.6358009572	0.0595587475	-553.1264214136
32	1.2139452653	0.0595587475	-440.3099197051
33	0.6193361731	0.0595587475	-256.1856010086
34	0.7286682144	0.0595587475	-292.0128584907
35	1.1213014728	0.0595587475	-409.2493921244
36	1.7528146933	0.0595587475	-581.3207150955
37	0.6384810204	0.0595587475	-258.1132976197
38	1.6799979216	0.0595587475	-561.6430485344
39	1.2129921016	0.0595587475	-441.0030419287
40	1.1560614861	0.0595587475	-421.3598084343
41	1.4846933184	0.0595587475	-505.6382433187
42	1.6238362959	0.0595587475	-548.8402040609
43	0.9497591215	0.0595587475	-363.8146319671
44	1.7633182528	0.0595587475	-582.2556028356
45	1.6967588602	0.0595587475	-567.4281579273
46	0.2621237762	0.0595587475	-123.1368644596
47	0.6555829336	0.0595587475	-269.7767952423
48	1.3286222533	0.0595587475	-470.7299773540
49	1.4050788419	0.0595587475	-488.2617985425
50	0.6735199566	0.0595587475	-274.6059539606
51	0.0000000000	0.0595587475	-2.9957322736
52	0.7468693271	0.0595587475	-298.7192802162
53	0.4038409135	0.0595587475	-178.5670787294
54	0.8935203050	0.0595587475	-348.4436148903
55	0.2620698724	0.0595587475	-124.2385792752
56	1.2353737425	0.0595587475	-444.6522286422
57	0.0346635801	0.0595587475	-23.3530173391
58	0.7856614199	0.0595587475	-307.1324397799
59	1.1750006549	0.0595587475	-425.4117000785
60	0.4755452629	0.0595587475	-202.9438917062
61	0.6189685836	0.0595587475	-258.4033302483
62	1.6646128808	0.0595587475	-555.7635957146
63	0.8757750495	0.0595587475	-338.2166568146
64	1.4938971888	0.0595587475	-507.6275665225
65	1.8781955835	0.0595587475	-619.7961309414
66	0.7095069323	0.0595587475	-287.6452884360
67	1.9225388840	0.0595587475	-625.4048745042
68	0.4400450513	0.0595587475	-190.7723784045
69	1.5017696098	0.0595587475	-516.0151976902
70	1.2930576386	0.0595587475	-456.8057391651
71	0.8581467268	0.0595587475	-329.7261425644
72	2.0082317923	0.0595587475	-641.7893318152
73	0.0520326283	0.0595587475	-32.3134805515
74	1.8811516021	0.0595587475	-614.1603910074
75	0.8026785804	0.0595587475	-310.8611654618
76	1.4667396101	0.0595587475	-508.1974675757
77	0.0346599811	0.0595587475	-23.3532243457
78	1.6840120083	0.0595587475	-564.8671349619
79	1.9868483741	0.0595587475	-630.7548825519
80	0.6736738917	0.0595587475	-275.9839079255
81	0.8942768628	0.0595587475	-346.2058283903
82	1.5773297419	0.0595587475	-542.3853101140
83	1.4817751644	0.0595587475	-512.7073128105
84	0.2268243524	0.0595587475	-110.9018558757
85	1.3477235626	0.0595587475	-478.9866279408
86	1.7414958461	0.0595587475	-576.1571900679
87	1.2706437667	0.0595587475	-453.4185157952
88	0.2972099665	0.0595587475	-139.5112557706
89	0.3151761472	0.0595587475	-144.4064841404
90	2.0215213123	0.0595587475	-648.1138470496
91	0.0868080297	0.0595587475	-49.2996017609
92	0.2976282737	0.0595587475	-139.4878007124
93	1.1001815307	0.0595587475	-397.3805753541
94	0.3150915112	0.0595587475	-145.3921134962
95	0.3327836729	0.0595587475	-152.3266590748
96	2.1716626969	0.0595587475	-681.1610273445
97	1.1372288169	0.0595587475	-419.1193455108
98	0.7286087305	0.0595587475	-290.9481187392
99	1.7658777505	0.0595587475	-579.9960078868
100	0.1566284970	0.0595587475	-81.0315763602
101	0.6027977822	0.0595587475	-246.5039219686
102	1.2130345851	0.0595587475	-436.8885095801
103	1.3129185508	0.0595587475	-462.5311500070
104	0.1566907604	0.0595587475	-79.9295287759
105	1.3082027937	0.0595587475	-469.1716117420
106	1.2958204925	0.0595587475	-456.8425143793
107	0.5111692605	0.0595587475	-220.1623150147
108	1.6192587806	0.0595587475	-552.5483274427
109	1.7379050398	0.0595587475	-580.5591990151
110	1.5268589053	0.0595587475	-525.6932348235
111	0.0173201462	0.0595587475	-13.8681675434
112	1.5597811080	0.0595587475	-536.1718335586
113	1.5804845128	0.0595587475	-540.4384459573
114	0.4217011258	0.0595587475	-184.0367258068
115	1.2140188471	0.0595587475	-436.1644578323
116	2.0430334968	0.0595587475	-648.6861973313
117	1.8181600160	0.0595587475	-603.1560012287
118	0.5654739669	0.0595587475	-239.4013333942
119	0.8386844225	0.0595587475	-327.1553960878
120	1.6781465549	0.0595587475	-557.1217942330
121	0.7470208416	0.0595587475	-300.5042542936
122	0.7285595557	0.0595587475	-294.1296374142
123	1.0996342155	0.0595587475	-406.2788184908
124	1.5398494045	0.0595587475	-529.3144029160
