site	rate	t	lnL
1	1.6493427308	0.0056559467	-81.0315774701
2	1.2815519984	0.0056559467	-65.4560262959
3	1.0976118271	0.0056559467	-57.4625563836
4	1.2814849199	0.0056559467	-65.4563904858
5	0.0000000000	0.0056559467	-2.9957322736
6	1.2813495217	0.0056559467	-65.4571227767
7	0.7308673897	0.0056559467	-40.9333692277
8	0.9142021643	0.0056559467	-49.2988206092
9	1.4653177284	0.0056559467	-73.3071429006
10	2.0186204607	0.0056559467	-96.1511426438
11	0.7309056715	0.0056559467	-40.9331613134
12	1.4652396134	0.0056559467	-73.3075622035
13	0.7308291902	0.0056559467	-40.9335771312
14	0.0000000000	0.0056559467	-2.9957322736
15	0.0000000000	0.0056559467	-2.9957322736
16	0.7308673664	0.0056559467	-40.9333693142
17	0.0000000000	0.0056559467	-2.9957322736
18	0.9141060454	0.0056559467	-49.2993414750
19	3.3170095591	0.0056559467	-146.4960792912
20	0.9140101917	0.0056559467	-49.2998621503
21	0.3649985896	0.0056559467	-23.3531208451
22	1.0976124781	0.0056559467	-57.4625547422
23	2.0177557732	0.0056559467	-96.1557808199
24	0.1823861191	0.0056559467	-13.8681675434
25	1.6499557766	0.0056559467	-81.0282736429
26	0.0000000000	0.0056559467	-2.9957322736
27	0.7308673705	0.0056559467	-40.9333692277
28	0.0000000000	0.0056559467	-2.9957322736
29	0.5477809973	0.0056559467	-32.3139473161
30	0.3649795645	0.0056559467	-23.3532243457
31	1.2816196056	0.0056559467	-65.4556603721
32	0.7309817769	0.0056559467	-40.9327462255
33	0.9141063815	0.0056559467	-49.2993413394
34	1.2814340001	0.0056559467	-64.3580379735
35	0.5478380852	0.0056559467	-32.3136361066
36	0.9142019037	0.0056559467	-49.2988208803
37	0.3649795863	0.0056559467	-23.3532243457
38	1.4651625021	0.0056559467	-73.3079807814
39	1.8335601585	0.0056559467	-88.6436807055
40	0.9141062617	0.0056559467	-49.2993413394
41	0.7309056034	0.0056559467	-40.9331613134
42	2.5733382870	0.0056559467	-118.1593352993
43	1.4652402617	0.0056559467	-73.3075615006
44	1.8338541162	0.0056559467	-88.6421023735
45	1.2812817172	0.0056559467	-65.4574886254
46	0.3649984179	0.0056559467	-23.3531208451
47	0.3650174576	0.0056559467	-23.3530173177
48	0.3649795863	0.0056559467	-23.3532243457
49	1.2814173225	0.0056559467	-65.4567563730
50	0.9141060454	0.0056559467	-49.2993414750
51	0.0000000000	0.0056559467	-2.9957322736
52	1.4652404815	0.0056559467	-73.3075615009
53	0.3649795863	0.0056559467	-23.3532243457
54	1.0979359815	0.0056559467	-56.3621789377
55	0.3649795863	0.0056559467	-23.3532243457
56	0.5478666691	0.0056559467	-32.3134803930
57	0.7308292574	0.0056559467	-40.9335768724
58	4.2506209422	0.0056559467	-179.5582080670
59	0.7308291912	0.0056559467	-40.9335771312
60	0.3649795863	0.0056559467	-23.3532243457
61	0.1823861263	0.0056559467	-13.8681675434
62	1.6495168030	0.0056559467	-81.0306364796
63	3.5039557154	0.0056559467	-151.2298251666
64	1.6493429694	0.0056559467	-81.0315770244
65	0.9141062026	0.0056559467	-49.2993414750
66	0.1823861171	0.0056559467	-13.8681675434
67	0.7308291535	0.0056559467	-40.9335771312
68	1.0978008869	0.0056559467	-56.3629101762
69	0.9141539720	0.0056559467	-49.2990811845
70	2.0184029533	0.0056559467	-96.1523057267
71	1.2811465392	0.0056559467	-65.4582205316
72	1.0975550380	0.0056559467	-57.4628675032
73	0.0000000000	0.0056559467	-2.9957322736
74	1.4653953452	0.0056559467	-73.3067239257
75	3.6915904461	0.0056559467	-159.2034841021
76	1.8339519980	0.0056559467	-88.6415760204
77	0.3649985142	0.0056559467	-23.3531208237
78	1.4653182454	0.0056559467	-73.3071414991
79	2.5733340887	0.0056559467	-118.1593465549
80	0.3649795863	0.0056559467	-23.3532243457
81	1.0975549039	0.0056559467	-57.4628675030
82	1.0976126060	0.0056559467	-57.4625545462
83	1.6492551625	0.0056559467	-81.0320496884
84	0.1824029821	0.0056559467	-13.8681158887
85	1.4652398481	0.0056559467	-73.3075622037
86	1.4652401155	0.0056559467	-73.3075618521
87	0.7308674563	0.0056559467	-40.9333692277
88	0.3649795863	0.0056559467	-23.3532243457
89	0.5478380674	0.0056559467	-32.3136361550
90	0.1823955557	0.0056559467	-13.8681158879
91	1.0976125009	0.0056559467	-57.4625545460
92	0.7307909797	0.0056559467	-40.9337849372
93	1.6493431215	0.0056559467	-81.0315765841
94	0.1823935589	0.0056559467	-13.8681675443
95	0.0000000000	0.0056559467	-2.9957322736
96	2.5738916521	0.0056559467	-118.1563759939
97	0.7308674223	0.0056559467	-40.9333692278
98	1.8338536737	0.0056559467	-88.6421029272
99	0.5478095220	0.0056559467	-32.3137917638
100	0.1823955550	0.0056559467	-13.8681158933
101	0.0000000000	0.0056559467	-2.9957322736
102	1.6495185669	0.0056559467	-81.0306320664
103	0.7309056034	0.0056559467	-40.9331613134
104	0.1823860790	0.0056559467	-13.8681675434
105	1.0977281912	0.0056559467	-57.4619285819
106	0.7309056431	0.0056559467	-40.9331613134
107	0.3650175350	0.0056559467	-23.3530173177
108	1.0976702460	0.0056559467	-57.4622415722
109	1.2812826139	0.0056559467	-65.4574870234
110	0.7308674698	0.0056559467	-40.9333693142
111	0.0000000000	0.0056559467	-2.9957322736
112	0.9141062548	0.0056559467	-49.2993414750
113	1.2812142475	0.0056559467	-65.4578544539
114	0.5478380691	0.0056559467	-32.3136361550
115	1.6493427487	0.0056559467	-81.0315774710
116	2.0180789761	0.0056559467	-96.1540440768
117	0.9141062988	0.0056559467	-49.2993413394
118	0.3649795863	0.0056559467	-23.3532243457
119	0.7308674126	0.0056559467	-40.9333691413
120	1.2813494603	0.0056559467	-65.4571227764
121	0.3649984565	0.0056559467	-23.3531208237
122	0.0000000000	0.0056559467	-2.9957322736
123	0.5478094805	0.0056559467	-32.3137917638
124	1.6494306277	0.0056559467	-81.0311047808
