site	rate	t	lnL
1	1.6227311864	0.0624173620	-571.8094203940
2	1.5650218383	0.0624173620	-552.1684960925
3	1.1777506857	0.0624173620	-445.5334656709
4	1.4508226434	0.0624173620	-529.6305885575
5	0.2165390220	0.0624173620	-108.6985051939
6	1.3982444639	0.0624173620	-512.3670284045
7	0.2500243303	0.0624173620	-125.3397855315
8	0.8713560887	0.0624173620	-349.7699170091
9	1.5864021693	0.0624173620	-552.8411640181
10	1.1221523297	0.0624173620	-428.5409522380
11	0.4879795947	0.0624173620	-216.8530636458
12	1.2481871117	0.0624173620	-466.9778715010
13	0.7647376869	0.0624173620	-315.0874409421
14	0.5394705285	0.0624173620	-236.1108614291
15	0.6970851555	0.0624173620	-291.2662852942
16	1.6055652262	0.0624173620	-560.8175805562
17	1.4882024751	0.0624173620	-535.0870528181
18	0.3853343739	0.0624173620	-179.5486982088
19	1.1770601537	0.0624173620	-438.6455379574
20	0.1327907700	0.0624173620	-72.2078520697
21	0.8706265204	0.0624173620	-349.7452096078
22	1.5104940362	0.0624173620	-541.8229914887
23	1.3057482560	0.0624173620	-480.1892420106
24	0.0662304172	0.0624173620	-40.9335770632
25	0.9586659465	0.0624173620	-381.2808251214
26	0.5218573440	0.0624173620	-231.2544224491
27	0.3176600882	0.0624173620	-153.4184612263
28	0.0000000000	0.0624173620	-2.9957322736
29	0.0994876065	0.0624173620	-56.3622859422
30	0.3683471014	0.0624173620	-172.8157442131
31	1.6014933183	0.0624173620	-565.6012696404
32	0.4193369171	0.0624173620	-191.7854745186
33	0.0662338874	0.0624173620	-40.9333692462
34	1.4198490225	0.0624173620	-512.6215443795
35	0.6602701440	0.0624173620	-282.1542659531
36	1.2328589226	0.0624173620	-461.7191563220
37	1.3597215728	0.0624173620	-492.9613753258
38	1.3952773942	0.0624173620	-507.4552563088
39	1.4673853405	0.0624173620	-529.8083657348
40	1.0320567785	0.0624173620	-397.6174780840
41	1.6016547139	0.0624173620	-562.2374220459
42	1.4544431304	0.0624173620	-521.9350028535
43	1.5444265840	0.0624173620	-546.2322310231
44	1.6626650145	0.0624173620	-581.6562135524
45	2.0277862604	0.0624173620	-666.7053582257
46	1.6434068131	0.0624173620	-572.0712073061
47	1.4520907109	0.0624173620	-527.5487446505
48	1.0139884429	0.0624173620	-397.8539771542
49	0.4707229315	0.0624173620	-210.3718344707
50	1.0137140203	0.0624173620	-393.3530658457
51	0.0000000000	0.0624173620	-2.9957322736
52	0.3513588916	0.0624173620	-167.1363230898
53	0.6603861701	0.0624173620	-279.9494876476
54	1.5268883292	0.0624173620	-542.3921079579
55	0.8002917900	0.0624173620	-328.8290744230
56	1.1048072667	0.0624173620	-419.1329668144
57	0.0496470221	0.0624173620	-32.3136361684
58	1.0698578057	0.0624173620	-410.0121931050
59	1.3226844861	0.0624173620	-486.7245515039
60	0.2332458597	0.0624173620	-118.1556295075
61	0.0828360597	0.0624173620	-49.2990805768
62	1.2478732872	0.0624173620	-466.7086920948
63	0.1495132187	0.0624173620	-79.9298406036
64	1.4328467862	0.0624173620	-515.8523201365
65	1.2310610994	0.0624173620	-459.7334312331
66	0.1494708894	0.0624173620	-81.0306362564
67	1.6633637711	0.0624173620	-577.3841221360
68	0.6087565089	0.0624173620	-259.1214943026
69	1.6023867380	0.0624173620	-563.5916119747
70	1.2317879324	0.0624173620	-457.2046172164
71	0.9245249071	0.0624173620	-362.8460535507
72	0.8881956619	0.0624173620	-356.8872741158
73	0.0662413222	0.0624173620	-40.9325389628
74	1.5309151470	0.0624173620	-538.3173101721
75	0.5912717716	0.0624173620	-251.7214831227
76	1.9166492724	0.0624173620	-646.5622640093
77	0.0828323391	0.0624173620	-49.2996018964
78	1.2117031286	0.0624173620	-456.5866936790
79	1.8345188779	0.0624173620	-622.0832056597
80	0.3345769330	0.0624173620	-158.1010577943
81	0.6602692768	0.0624173620	-281.4607942683
82	1.5868681700	0.0624173620	-557.6059041684
83	1.2834798304	0.0624173620	-478.4275571003
84	0.4882119194	0.0624173620	-214.2747282493
85	0.6956907936	0.0624173620	-293.2899735481
86	1.2318133803	0.0624173620	-460.1035320323
87	1.1940047282	0.0624173620	-448.2968267762
88	0.6080645571	0.0624173620	-263.9619175470
89	0.8721470879	0.0624173620	-343.3172458431
90	1.4538996033	0.0624173620	-520.4805232061
91	0.0330800099	0.0624173620	-22.2541647313
92	0.3683024012	0.0624173620	-172.8186119528
93	1.3789527160	0.0624173620	-500.4436532247
94	1.0485341174	0.0624173620	-410.3100019640
95	0.1996719310	0.0624173620	-103.5684738102
96	1.6732369223	0.0624173620	-575.4536541073
97	1.4137705610	0.0624173620	-516.0169686668
98	1.5826082417	0.0624173620	-554.1683611022
99	1.1935735578	0.0624173620	-451.9052850814
100	1.3764586347	0.0624173620	-504.5695925219
101	0.2333404426	0.0624173620	-117.0513905009
102	1.7897164717	0.0624173620	-625.5963954501
103	1.8324157524	0.0624173620	-616.4464041398
104	0.6253456543	0.0624173620	-270.8878660647
105	1.3247546819	0.0624173620	-486.8547505348
106	1.3212334720	0.0624173620	-486.8847100483
107	0.6439330755	0.0624173620	-272.1133778627
108	1.0665754970	0.0624173620	-411.5833379457
109	1.3224983138	0.0624173620	-483.9210991144
110	1.5653483488	0.0624173620	-557.5214007734
111	0.0165269115	0.0624173620	-13.8681675434
112	1.3588767801	0.0624173620	-499.5240247247
113	1.7729050278	0.0624173620	-598.2032202114
114	0.9767027211	0.0624173620	-388.1361184152
115	1.0676460464	0.0624173620	-412.3362850244
116	1.6226369133	0.0624173620	-571.0698861676
117	1.5630522854	0.0624173620	-556.7698390322
118	1.3583976791	0.0624173620	-501.9187623616
119	0.6783636829	0.0624173620	-283.0190786603
120	1.6959695192	0.0624173620	-590.0871887959
121	1.4510192775	0.0624173620	-521.9848763289
122	0.0662338874	0.0624173620	-40.9333691598
123	1.5860967952	0.0624173620	-559.1966534020
124	2.1610495416	0.0624173620	-694.7418869929
