site	rate	t	lnL
1	1.5972540528	0.0605902797	-551.1715235357
2	0.9149525616	0.0605902797	-357.0064071063
3	1.7298842307	0.0605902797	-581.3208134272
4	1.9923221508	0.0605902797	-642.2601675880
5	0.1540674027	0.0605902797	-81.0254637465
6	1.8281314060	0.0605902797	-610.0619929986
7	0.4322211009	0.0605902797	-190.7911380460
8	0.3794256862	0.0605902797	-171.0255850828
9	1.1923035657	0.0605902797	-440.4800645291
10	0.9887392295	0.0605902797	-379.0208598515
11	1.5374516248	0.0605902797	-533.4867302894
12	1.6631590323	0.0605902797	-558.3249914644
13	1.0822910401	0.0605902797	-400.5184061888
14	0.3624340742	0.0605902797	-164.9116675141
15	0.2402533093	0.0605902797	-118.1571142244
16	1.8086307252	0.0605902797	-606.1249764396
17	1.6654840819	0.0605902797	-569.7100447326
18	1.0285948781	0.0605902797	-389.3833625359
19	1.4023494409	0.0605902797	-492.3910371747
20	0.6279720505	0.0605902797	-257.9635246163
21	0.7702519275	0.0605902797	-309.3261116023
22	1.7723118722	0.0605902797	-590.0051515944
23	1.3820210407	0.0605902797	-492.9420318894
24	0.0340734433	0.0605902797	-23.3530173177
25	1.3238607666	0.0605902797	-474.9870643093
26	0.4847681344	0.0605902797	-213.6766323884
27	0.2749765901	0.0605902797	-131.3512722007
28	0.0000000000	0.0605902797	-2.9957322736
29	0.5023538175	0.0605902797	-219.4754645891
30	0.4145044302	0.0605902797	-185.1364690260
31	1.9651452753	0.0605902797	-643.8483922550
32	1.5977427198	0.0605902797	-551.7252164522
33	0.1196055119	0.0605902797	-65.4578544678
34	1.6908740905	0.0605902797	-573.7086138509
35	0.4494570876	0.0605902797	-200.5922543874
36	1.6299163035	0.0605902797	-555.8880806794
37	1.5734021055	0.0605902797	-540.6938438360
38	1.5330027317	0.0605902797	-532.4184830721
39	1.2502391253	0.0605902797	-450.0037542168
40	0.8624184793	0.0605902797	-338.1331019679
41	1.5127558608	0.0605902797	-533.2227651484
42	1.5761051249	0.0605902797	-536.3074544879
43	1.3243298455	0.0605902797	-474.4404735544
44	2.0250748375	0.0605902797	-655.4119966264
45	0.6804082140	0.0605902797	-280.0614329289
46	0.2056794898	0.0605902797	-103.5697393093
47	0.4147100218	0.0605902797	-187.3223118830
48	0.9901514875	0.0605902797	-375.8905970431
49	0.9171833830	0.0605902797	-351.1150862506
50	1.6908111448	0.0605902797	-572.8875662174
51	0.0170293625	0.0605902797	-13.8681675723
52	0.5203317987	0.0605902797	-224.4066114008
53	0.5206712079	0.0605902797	-221.9024170968
54	0.2403659065	0.0605902797	-116.7643577897
55	0.2931306873	0.0605902797	-138.3561136533
56	1.0082888438	0.0605902797	-382.6435916936
57	0.1539537124	0.0605902797	-81.0320501349
58	0.8780735649	0.0605902797	-346.6642683390
59	1.8632162434	0.0605902797	-623.0116878171
60	0.6270868677	0.0605902797	-262.4193541916
61	0.0000000000	0.0605902797	-2.9957322736
62	1.2317462485	0.0605902797	-445.9523889346
63	1.8308405241	0.0605902797	-609.9055992532
64	1.4200533642	0.0605902797	-505.0414061014
65	1.6900345260	0.0605902797	-569.9112410332
66	0.6265056957	0.0605902797	-261.7581913653
67	1.5311059638	0.0605902797	-539.9792683212
68	0.9700433530	0.0605902797	-374.3534240670
69	1.1008616441	0.0605902797	-416.5608199938
70	1.8618699581	0.0605902797	-619.0465835025
71	0.8796531706	0.0605902797	-346.1727940769
72	1.2483187195	0.0605902797	-454.3836918792
73	0.0340768149	0.0605902797	-23.3531208679
74	0.2574940216	0.0605902797	-125.3437643459
75	0.8253098985	0.0605902797	-326.2945982390
76	1.6517931015	0.0605902797	-562.2401324213
77	0.0170293612	0.0605902797	-13.8681675722
78	1.8858316253	0.0605902797	-620.2368189238
79	1.3980910093	0.0605902797	-500.8818609058
80	0.2922777169	0.0605902797	-139.5040061103
81	0.5203260105	0.0605902797	-225.5056520956
82	1.6303382671	0.0605902797	-556.3086091923
83	1.1007122542	0.0605902797	-411.3050461366
84	0.3099049488	0.0605902797	-145.3819489074
85	0.5731260210	0.0605902797	-244.6804568072
86	0.7702848228	0.0605902797	-311.5224096439
87	0.9511201043	0.0605902797	-366.7871192725
88	0.5025155149	0.0605902797	-219.0607759606
89	0.5915904262	0.0605902797	-247.9013984946
90	1.0614792159	0.0605902797	-404.2212186651
91	0.6626876668	0.0605902797	-273.8773601260
92	0.5200538908	0.0605902797	-224.4219574686
93	1.6370743161	0.0605902797	-557.2341677020
94	0.4146977898	0.0605902797	-186.2242612484
95	0.5377321939	0.0605902797	-231.9399268097
96	1.4010287524	0.0605902797	-495.4682643232
97	1.0249818337	0.0605902797	-390.5623205504
98	1.9578240414	0.0605902797	-638.8184753873
99	1.5167771067	0.0605902797	-532.0205863181
100	0.0682382690	0.0605902797	-40.9329541802
101	0.2057572753	0.0605902797	-102.4661172048
102	1.3974143621	0.0605902797	-502.5428638937
103	1.3804506054	0.0605902797	-491.3987857269
104	0.1367618876	0.0605902797	-73.3084003910
105	1.5163410507	0.0605902797	-530.4334344046
106	1.6116225859	0.0605902797	-554.0802599015
107	0.2751550327	0.0605902797	-130.3602229849
108	1.4243329623	0.0605902797	-501.7511031837
109	1.1931074903	0.0605902797	-437.5473065295
110	1.5131184219	0.0605902797	-531.4455506377
111	0.0170293623	0.0605902797	-13.8681675723
112	1.3227967801	0.0605902797	-473.9673982118
113	1.5561493232	0.0605902797	-540.1887420297
114	0.3971150448	0.0605902797	-178.1532858655
115	1.1745905580	0.0605902797	-434.8416583444
116	1.7723173641	0.0605902797	-590.6164558180
117	1.4941234517	0.0605902797	-523.4556434587
118	1.1935456863	0.0605902797	-437.5867891863
119	1.3609624699	0.0605902797	-487.9023804689
120	1.2290892588	0.0605902797	-451.5249169569
121	1.4738775359	0.0605902797	-520.4857392287
122	0.0853473234	0.0605902797	-49.2983011714
123	2.0657843329	0.0605902797	-666.6374410473
124	1.8275544661	0.0605902797	-604.0124773369
