site	rate	t	lnL
1	1.5211890685	0.0619801248	-533.1899950729
2	0.1673111338	0.0619801248	-88.6442069438
3	1.2011862493	0.0619801248	-452.7587264065
4	1.8514181653	0.0619801248	-612.4099643320
5	0.0667154668	0.0619801248	-39.8335149678
6	1.0757365617	0.0619801248	-410.3959263649
7	0.1841877505	0.0619801248	-96.1523057266
8	0.2857239638	0.0619801248	-139.5039973840
9	1.6926659477	0.0619801248	-586.1000471892
10	1.0382868985	0.0619801248	-400.7218801637
11	0.3367549469	0.0619801248	-160.3090806406
12	1.5381247566	0.0619801248	-546.8074720400
13	1.7244968857	0.0619801248	-593.1590445654
14	0.5606552492	0.0619801248	-243.5599418640
15	0.3540153016	0.0619801248	-166.0273260745
16	2.1263180253	0.0619801248	-695.4174622818
17	1.1292831264	0.0619801248	-426.5215423580
18	2.1032885641	0.0619801248	-681.6906088573
19	1.6894059396	0.0619801248	-585.2834099230
20	1.1307110629	0.0619801248	-427.1174015646
21	0.6827882377	0.0619801248	-286.0841544874
22	0.7888191139	0.0619801248	-317.1728886781
23	1.2586684087	0.0619801248	-464.8243074070
24	0.0000000000	0.0619801248	-2.9957322736
25	1.2382413240	0.0619801248	-462.3879272800
26	0.1001836596	0.0619801248	-57.4616172283
27	0.2857748931	0.0619801248	-137.3036348860
28	0.0000000000	0.0619801248	-2.9957322736
29	0.2688153245	0.0619801248	-131.3509898924
30	0.4225726570	0.0619801248	-190.3031875533
31	1.0746294114	0.0619801248	-412.2477097796
32	0.9496690927	0.0619801248	-371.3809846152
33	0.1337022237	0.0619801248	-73.3079811328
34	1.4827192850	0.0619801248	-527.4870651047
35	1.2394256637	0.0619801248	-462.3550687756
36	1.5955723345	0.0619801248	-557.8565022807
37	0.4052260363	0.0619801248	-185.1355641370
38	1.9435702598	0.0619801248	-650.7068852587
39	1.4804776585	0.0619801248	-529.8342331851
40	1.5997528761	0.0619801248	-552.2611963445
41	0.7006081547	0.0619801248	-287.3370258151
42	1.5956920930	0.0619801248	-558.4767014121
43	1.6121741932	0.0619801248	-563.1821409402
44	1.6483177271	0.0619801248	-577.2060399649
45	1.8308289771	0.0619801248	-616.1629694914
46	1.4633244260	0.0619801248	-526.7505016725
47	1.3133635701	0.0619801248	-483.1896695930
48	1.2971612706	0.0619801248	-480.1017242759
49	0.8772478068	0.0619801248	-349.6019175081
50	1.0917105282	0.0619801248	-418.7743738414
51	0.0000000000	0.0619801248	-2.9957322736
52	0.6995346095	0.0619801248	-293.3491987791
53	0.2179538752	0.0619801248	-109.8037406822
54	0.4565330000	0.0619801248	-206.0601479931
55	0.2857390733	0.0619801248	-139.5031053348
56	1.0019245707	0.0619801248	-391.0913344627
57	0.0333143991	0.0619801248	-23.3530173404
58	1.0747643437	0.0619801248	-411.9551437356
59	0.8591367107	0.0619801248	-341.3628373643
60	0.4738742005	0.0619801248	-212.5791986084
61	0.0333093796	0.0619801248	-23.3530172962
62	1.3129382861	0.0619801248	-483.2136361809
63	0.1001626344	0.0619801248	-57.4628675162
64	1.4244098096	0.0619801248	-512.6014821008
65	1.4061457185	0.0619801248	-510.9944755536
66	0.2348284728	0.0619801248	-117.4661719308
67	1.4896171266	0.0619801248	-528.1513261590
68	1.3864022903	0.0619801248	-502.7629503349
69	1.4636625820	0.0619801248	-527.7034673663
70	1.2234219324	0.0619801248	-453.9381730505
71	0.9851222447	0.0619801248	-381.9801556235
72	0.7713204870	0.0619801248	-308.9504167615
73	0.0166435001	0.0619801248	-13.8681675434
74	0.4915986220	0.0619801248	-217.9420891950
75	1.6391562987	0.0619801248	-568.8178570035
76	0.9850959658	0.0619801248	-382.5569897475
77	0.1001731191	0.0619801248	-57.4622431370
78	1.8281306038	0.0619801248	-619.7961403810
79	1.5742639221	0.0619801248	-558.4263690440
80	0.2519381009	0.0619801248	-123.1336752433
81	0.9127389977	0.0619801248	-364.2153665086
82	1.2391390446	0.0619801248	-465.1479009592
83	1.6897292396	0.0619801248	-583.4689919534
84	0.3030290271	0.0619801248	-142.6695300471
85	1.3521337489	0.0619801248	-487.1519682511
86	1.4677412575	0.0619801248	-524.0619755324
87	0.8642185614	0.0619801248	-346.0154125828
88	0.9127002004	0.0619801248	-363.6419459693
89	0.6299594243	0.0619801248	-267.0043022064
90	1.7866705985	0.0619801248	-604.8230047083
91	0.2348535839	0.0619801248	-118.1578437648
92	0.8594043129	0.0619801248	-344.8156412309
93	1.2596352633	0.0619801248	-459.6259487584
94	0.7888223636	0.0619801248	-321.1470449473
95	0.4742001383	0.0619801248	-210.4807834866
96	1.3133630287	0.0619801248	-474.9821630277
97	1.6718766485	0.0619801248	-574.7930853053
98	1.5485817486	0.0619801248	-536.5232253460
99	1.2924564943	0.0619801248	-479.2427121610
100	0.2350942867	0.0619801248	-117.0450272805
101	0.1673289961	0.0619801248	-88.6431549927
102	1.3498870049	0.0619801248	-490.9212328369
103	1.2388992764	0.0619801248	-462.5531590037
104	1.9689537235	0.0619801248	-660.0678105269
105	2.0423200894	0.0619801248	-669.5283827961
106	1.0742953462	0.0619801248	-413.1367967128
107	1.3526492917	0.0619801248	-478.6042271150
108	1.1475534303	0.0619801248	-433.9115027012
109	1.6310766286	0.0619801248	-571.6767067619
110	1.5186782759	0.0619801248	-543.3339137164
111	0.0000000000	0.0619801248	-2.9957322736
112	1.2018144257	0.0619801248	-450.8148538947
113	1.0559044170	0.0619801248	-411.4110526239
114	0.8952409390	0.0619801248	-356.8440900181
115	1.5015907593	0.0619801248	-529.5072868448
116	1.1307461744	0.0619801248	-426.8793025276
117	1.4248181763	0.0619801248	-509.8481004720
118	1.1101450006	0.0619801248	-423.5508714797
119	1.5184575720	0.0619801248	-536.9987868320
120	1.4828096860	0.0619801248	-522.9813359589
121	0.9121674951	0.0619801248	-361.6411311426
122	0.4059205592	0.0619801248	-184.1145575577
123	1.2971155092	0.0619801248	-478.9983031830
124	1.5199014048	0.0619801248	-542.4577983086
