site	rate	t	lnL
1	1.8219669686	0.0062667464	-96.1505706980
2	1.1565212971	0.0062667464	-65.4567569089
3	1.8225071562	0.0062667464	-95.0487111761
4	1.6552910145	0.0062667464	-88.6410496419
5	0.1646180434	0.0062667464	-13.8681158933
6	1.1564606590	0.0062667464	-65.4571222435
7	0.3294061605	0.0062667464	-23.3532243457
8	2.6576874057	0.0062667464	-132.4554701036
9	1.3229121197	0.0062667464	-72.2060351923
10	1.9884296733	0.0062667464	-103.5703754348
11	1.1564607122	0.0062667464	-65.4571219755
12	1.1563995397	0.0062667464	-65.4574878243
13	1.6549379289	0.0062667464	-88.6431527941
14	1.3223579073	0.0062667464	-73.3079807820
15	0.3294232312	0.0062667464	-23.3531208451
16	1.1563992043	0.0062667464	-65.4574886254
17	0.1646180435	0.0062667464	-13.8681158933
18	0.8250978039	0.0062667464	-49.2988207447
19	1.6551140920	0.0062667464	-88.6421023728
20	0.3294404276	0.0062667464	-23.3530173177
21	0.4943905281	0.0062667464	-32.3139473161
22	0.3294232993	0.0062667464	-23.3531208237
23	0.3294061966	0.0062667464	-23.3532243457
24	0.0000000000	0.0062667464	-2.9957322736
25	1.6550259871	0.0062667464	-88.6426275914
26	0.0000000000	0.0062667464	-2.9957322736
27	0.1646095378	0.0062667464	-13.8681675434
28	0.0000000000	0.0062667464	-2.9957322736
29	0.3294232736	0.0062667464	-23.3531208451
30	0.4944163608	0.0062667464	-32.3137917638
31	1.1564604807	0.0062667464	-65.4571227767
32	2.4902899640	0.0062667464	-124.2409680228
33	0.3294062178	0.0062667464	-23.3532243457
34	1.3224267778	0.0062667464	-73.3075651318
35	0.0000000000	0.0062667464	-2.9957322736
36	1.6552029518	0.0062667464	-88.6415749222
37	0.6596322539	0.0062667464	-40.9333692277
38	1.4883490320	0.0062667464	-81.0329949392
39	0.6596319682	0.0062667464	-40.9333693142
40	0.6596320871	0.0062667464	-40.9333692277
41	1.1563383283	0.0062667464	-65.4578544544
42	0.9906318457	0.0062667464	-57.4625545461
43	1.9884312599	0.0062667464	-103.5703707191
44	1.9886434384	0.0062667464	-103.5691081206
45	1.6551140860	0.0062667464	-88.6421023721
46	0.0000000000	0.0062667464	-2.9957322736
47	0.0000000000	0.0062667464	-2.9957322736
48	0.4944420338	0.0062667464	-32.3136362034
49	0.8249678971	0.0062667464	-49.2996018873
50	0.3294061790	0.0062667464	-23.3532243457
51	0.0000000000	0.0062667464	-2.9957322736
52	0.6596666006	0.0062667464	-40.9331613134
53	0.3294062645	0.0062667464	-23.3532243457
54	0.4944419637	0.0062667464	-32.3136361550
55	0.6596666007	0.0062667464	-40.9331613134
56	0.6595977179	0.0062667464	-40.9335770448
57	0.0000000000	0.0062667464	-2.9957322736
58	0.9905805492	0.0062667464	-56.7697178018
59	1.8215781395	0.0062667464	-96.1528852082
60	2.4905376274	0.0062667464	-125.3381853095
61	0.0000000000	0.0062667464	-2.9957322736
62	1.3223578168	0.0062667464	-73.3079807817
63	1.6550261869	0.0062667464	-88.6426270437
64	0.3294061894	0.0062667464	-23.3532243457
65	0.6596322032	0.0062667464	-40.9333691414
66	0.4943905428	0.0062667464	-32.3139473161
67	1.8217729519	0.0062667464	-96.1517268864
68	0.3294232742	0.0062667464	-23.3531208451
69	1.3223579207	0.0062667464	-73.3079807810
70	1.6550255968	0.0062667464	-88.6426286980
71	0.6595631326	0.0062667464	-40.9337849372
72	0.4944420753	0.0062667464	-32.3136361550
73	0.0000000000	0.0062667464	-2.9957322736
74	0.4943905509	0.0062667464	-32.3139473161
75	1.8218700156	0.0062667464	-96.1511486041
76	2.3226491518	0.0062667464	-118.1585922782
77	0.3294233536	0.0062667464	-23.3531208451
78	1.3224278543	0.0062667464	-73.3075618516
79	1.3224278506	0.0062667464	-73.3075618510
80	0.8250543738	0.0062667464	-49.2990810490
81	0.6596665547	0.0062667464	-40.9331613998
82	0.6595631282	0.0062667464	-40.9337849372
83	1.9884302593	0.0062667464	-103.5703731313
84	0.4944677998	0.0062667464	-32.3134805864
85	0.1646180167	0.0062667464	-13.8681158933
86	1.3222876970	0.0062667464	-73.3084000390
87	0.4943905317	0.0062667464	-32.3139473161
88	0.1646180295	0.0062667464	-13.8681158879
89	0.0000000000	0.0062667464	-2.9957322736
90	1.8218710485	0.0062667464	-96.1511453253
91	0.0000000000	0.0062667464	-2.9957322736
92	0.4944421485	0.0062667464	-32.3136361066
93	1.8214811950	0.0062667464	-96.1534633240
94	0.4944677910	0.0062667464	-32.3134805864
95	2.1554968102	0.0062667464	-110.9032153627
96	1.4884292354	0.0062667464	-81.0325201055
97	1.4885865802	0.0062667464	-81.0315774710
98	1.6549373773	0.0062667464	-88.6431544392
99	0.8249679050	0.0062667464	-49.2996017518
100	1.8218717929	0.0062667464	-96.1511433176
101	0.3294232936	0.0062667464	-23.3531208451
102	0.6597010585	0.0062667464	-40.9329534745
103	0.9907360860	0.0062667464	-57.4619285819
104	1.3223576667	0.0062667464	-73.3079811331
105	1.8215783603	0.0062667464	-96.1528845340
106	2.4899963626	0.0062667464	-125.3413737599
107	1.8217738536	0.0062667464	-96.1517241965
108	0.4944162622	0.0062667464	-32.3137917638
109	1.8232519619	0.0062667464	-95.0442758785
110	1.4885864363	0.0062667464	-81.0315779171
111	0.0000000000	0.0062667464	-2.9957322736
112	1.4889030259	0.0062667464	-81.0296887939
113	0.8249678485	0.0062667464	-49.2996018873
114	2.1563686766	0.0062667464	-109.7993869619
115	1.1564605021	0.0062667464	-65.4571225088
116	0.6596320765	0.0062667464	-40.9333693142
117	1.1565818167	0.0062667464	-65.4563928729
118	1.8214803516	0.0062667464	-96.1534660024
119	2.1551478932	0.0062667464	-110.9052798484
120	1.1562772953	0.0062667464	-65.4582202639
121	0.1646180412	0.0062667464	-13.8681158933
122	0.0000000000	0.0062667464	-2.9957322736
123	2.1557264984	0.0062667464	-110.9018479762
124	1.3229754898	0.0062667464	-71.1070240396
