site	rate	t	lnL
1	31.2150128568	1.5263961721	-59.9146454711
11	0.6541740919	1.5263961721	-54.3540732806
21	1.9290137819	1.5263961721	-59.7081032820
31	1.2092710021	1.5263961721	-58.5168588043
41	0.1548672503	1.5263961721	-40.8502249293
51	1.9290133484	1.5263961721	-59.7081032820
61	0.4895284896	1.5263961721	-51.6109894370
71	1.2092711198	1.5263961721	-58.5168588043
81	35.7880944366	1.5263961721	-59.9146454711
91	1.9290135027	1.5263961721	-59.7081032820
101	0.4895284896	1.5263961721	-51.6109894370
111	527.9058939337	1.5263961721	-59.9146454711
121	22.1311876044	1.5263961721	-59.9146454711
131	0.4895284811	1.5263961721	-51.6109894370
141	0.6541740889	1.5263961721	-54.3540732806
151	0.8746098055	1.5263961721	-56.6770386103
161	1.9290135394	1.5263961721	-59.7081032820
171	1.2092710927	1.5263961721	-58.5168588043
181	1.9290135642	1.5263961721	-59.7081032820
191	0.3580615046	1.5263961721	-48.4651953223
201	1.9290138973	1.5263961721	-59.7081032820
211	0.8746098107	1.5263961721	-56.6770386103
221	1992.2552534527	1.5263961721	-59.9146454710
231	0.2486180386	1.5263961721	-44.8992826936
241	0.6541740939	1.5263961721	-54.3540732806
251	0.1548672504	1.5263961721	-40.8502249293
261	0.8746098121	1.5263961721	-56.6770386103
271	0.0000000000	1.5263961721	-29.9573227355
281	0.1548672512	1.5263961721	-40.8502249293
291	0.8746098081	1.5263961721	-56.6770386103
301	1.2092710680	1.5263961721	-58.5168588043
311	0.8746098110	1.5263961721	-56.6770386103
321	0.3580615085	1.5263961721	-48.4651953223
331	23.7947495178	1.5263961721	-59.9146454711
341	144.7537190325	1.5263961721	-59.9146454711
351	638.3059647403	1.5263961721	-59.9146454711
361	1.2092710680	1.5263961721	-58.5168588043
371	1.9290136071	1.5263961721	-59.7081032820
381	1.9290133174	1.5263961721	-59.7081032820
391	7759.1022896068	1.5263961721	-59.9146454709
401	0.8746098055	1.5263961721	-56.6770386103
411	22.2018600752	1.5263961721	-59.9146454711
421	1.9290136154	1.5263961721	-59.7081032820
431	1.2092710680	1.5263961721	-58.5168588043
441	1.9290137721	1.5263961721	-59.7081032820
451	1.2092710419	1.5263961721	-58.5168588043
461	0.6541740939	1.5263961721	-54.3540732806
471	1.2092710421	1.5263961721	-58.5168588043
481	0.8746098055	1.5263961721	-56.6770386103
491	1.9290136063	1.5263961721	-59.7081032820
501	0.0000000000	1.5263961721	-29.9573227355
511	0.6541740930	1.5263961721	-54.3540732806
521	0.8746098055	1.5263961721	-56.6770386103
531	1.9290136267	1.5263961721	-59.7081032820
541	1.9290134898	1.5263961721	-59.7081032820
551	1.9290135687	1.5263961721	-59.7081032820
561	0.1548672536	1.5263961721	-40.8502249293
571	1.9290135801	1.5263961721	-59.7081032820
581	1.9290135214	1.5263961721	-59.7081032820
591	1.2092710445	1.5263961721	-58.5168588043
601	0.0000000000	1.5263961721	-29.9573227355
611	1.9290134533	1.5263961721	-59.7081032820
621	0.4895284822	1.5263961721	-51.6109894370
631	1.2092710680	1.5263961721	-58.5168588043
641	1.2092710426	1.5263961721	-58.5168588043
651	0.6541740939	1.5263961721	-54.3540732806
661	1.9290135656	1.5263961721	-59.7081032820
671	1.2092710680	1.5263961721	-58.5168588043
681	1.9290135989	1.5263961721	-59.7081032820
691	128.1374034321	1.5263961721	-59.9146454711
701	21.9934165833	1.5263961721	-59.9146454711
711	1.9290136104	1.5263961721	-59.7081032820
721	0.0728751816	1.5263961721	-36.1525914533
731	39.4841726156	1.5263961721	-59.9146454711
741	0.8746098055	1.5263961721	-56.6770386103
751	20.2823805777	1.5263961721	-59.9146454711
761	0.0728751796	1.5263961721	-36.1525914533
771	332.6784381883	1.5263961721	-59.9146454711
781	1.9290133098	1.5263961721	-59.7081032820
791	1.2092710680	1.5263961721	-58.5168588043
801	1.2092710509	1.5263961721	-58.5168588043
811	1053.6853785782	1.5263961721	-59.9146454710
821	43.3480485756	1.5263961721	-59.9146454711
831	0.8746098055	1.5263961721	-56.6770386103
841	1.9290138178	1.5263961721	-59.7081032820
851	1.2092709865	1.5263961721	-58.5168588043
861	1.9290138165	1.5263961721	-59.7081032820
871	0.8746098103	1.5263961721	-56.6770386103
881	0.6541740939	1.5263961721	-54.3540732806
891	1.2092710584	1.5263961721	-58.5168588043
901	0.2486180390	1.5263961721	-44.8992826936
911	32.7798155674	1.5263961721	-59.9146454711
921	0.8746098055	1.5263961721	-56.6770386103
931	0.3580615112	1.5263961721	-48.4651953223
941	0.8746098055	1.5263961721	-56.6770386103
951	1027.6973089437	1.5263961721	-59.9146454711
961	1.9290135234	1.5263961721	-59.7081032820
971	162.7775517985	1.5263961721	-59.9146454711
981	1.9290141046	1.5263961721	-59.7081032820
991	0.2486180465	1.5263961721	-44.8992826936
1001	0.3580614979	1.5263961721	-48.4651953223
1011	1.9290135903	1.5263961721	-59.7081032820
1021	0.8746098055	1.5263961721	-56.6770386103
1031	0.6541741075	1.5263961721	-54.3540732806
1041	318.4138466093	1.5263961721	-59.9146454711
1051	1.9290135742	1.5263961721	-59.7081032820
1061	1.2092710447	1.5263961721	-58.5168588043
1071	1.9290136153	1.5263961721	-59.7081032820
1081	1253.5710438276	1.5263961721	-59.9146454710
1091	1.9290134562	1.5263961721	-59.7081032820
1101	0.0728681319	1.5263961721	-36.1525914486
1111	31.1870748439	1.5263961721	-59.9146454711
1121	1.9290135194	1.5263961721	-59.7081032820
1131	0.4895285069	1.5263961721	-51.6109894370
1141	38.4121599284	1.5263961721	-59.9146454711
1151	1.2092710680	1.5263961721	-58.5168588043
1161	1.9290134573	1.5263961721	-59.7081032820
1171	1.9290135982	1.5263961721	-59.7081032820
1181	1.2092710680	1.5263961721	-58.5168588043
1191	1.9290135955	1.5263961721	-59.7081032820
1201	0.6541740939	1.5263961721	-54.3540732806
1211	0.0728751796	1.5263961721	-36.1525914533
1221	7837.8453902848	1.5263961721	-59.9146454709
1231	1.9290136019	1.5263961721	-59.7081032820
