site	rate	t	lnL
1	5476.4557495128	1.7154587999	-599.1464547090
101	1.0383741819	1.7154587999	-583.5795737713
201	161.9768931430	1.7154587999	-599.1464547107
301	2.6546116297	1.7154587999	-599.0472436471
401	0.0857832579	1.7154587999	-376.4896047134
501	34.1485110402	1.7154587999	-599.1464547108
601	0.7553549897	1.7154587999	-564.6495833604
701	1.1162142110	1.7154587999	-586.6950811341
801	2.6546109291	1.7154587999	-599.0472436471
901	2.6546908346	1.7154587999	-599.0472436487
1001	0.7121548938	1.7154587999	-560.2685025308
1101	1.8464928764	1.7154587999	-597.7709567693
1201	1.3737737825	1.7154587999	-593.2913280701
1301	0.9697144384	1.7154587999	-580.2226629009
1401	0.5496832300	1.7154587999	-538.3798881663
1501	13.4368671164	1.7154587999	-599.1464547108
1601	1.6101333282	1.7154587999	-596.2798301931
1701	1.7164145604	1.7154587999	-597.0810328195
1801	2.6546119335	1.7154587999	-599.0472436471
1901	0.4227647502	1.7154587999	-513.1454540570
2001	1.1594144072	1.7154587999	-588.1565723281
2101	398.8130136443	1.7154587999	-599.1464547107
2201	1.1162143035	1.7154587999	-586.6950811341
2301	0.2123176480	1.7154587999	-445.1771260105
2401	2.6546116381	1.7154587999	-599.0472436471
2501	0.3292955168	1.7154587999	-487.9810801747
2601	0.6916989624	1.7154587999	-558.0097477685
2701	0.0000000000	1.7154587999	-299.5732273554
2801	0.3401917742	1.7154587999	-491.2688644996
2901	1.1162141595	1.7154587999	-586.6950811341
3001	1.8464928757	1.7154587999	-597.7709567693
3101	1.7164148718	1.7154587999	-597.0810328195
3201	0.4227647502	1.7154587999	-513.1454540570
3301	37.0248174790	1.7154587999	-599.1464547108
3401	1.5202735660	1.7154587999	-595.3763566493
3501	1.7164147494	1.7154587999	-597.0810328195
3601	0.9697144903	1.7154587999	-580.2226629009
3701	2.2505511185	1.7154587999	-598.7699471100
3801	2.2505521779	1.7154587999	-598.7699471100
3901	1.5202734999	1.7154587999	-595.3763566493
4001	2.2505527956	1.7154587999	-598.7699471100
4101	213.0452749715	1.7154587999	-599.1464547107
4201	1.7164154957	1.7154587999	-597.0810328195
4301	2219.7252838555	1.7154587999	-599.1464547102
4401	2.2506113971	1.7154587999	-598.7699471132
4501	0.5656550598	1.7154587999	-540.9809817997
4601	0.8268241062	1.7154587999	-570.8681656001
4701	1.7164151397	1.7154587999	-597.0810328195
4801	1.7164149448	1.7154587999	-597.0810328195
4901	1.2567960321	1.7154587999	-590.8730895455
5001	0.0061686740	1.7154587999	-308.1178197701
5101	1.1162143035	1.7154587999	-586.6950811341
5201	0.9381967609	1.7154587999	-578.4585825807
5301	1.1594142469	1.7154587999	-588.1565723281
5401	0.8798547730	1.7154587999	-574.7674035269
5501	1.2060740776	1.7154587999	-589.5502839289
5601	0.2678772061	1.7154587999	-467.3732555297
5701	1.7164148852	1.7154587999	-597.0810328195
5801	16.4729242707	1.7154587999	-599.1464547108
5901	0.7782180941	1.7154587999	-566.7703861025
6001	0.0857884489	1.7154587999	-376.4896047370
6101	2.2505522020	1.7154587999	-598.7699471100
6201	0.5989746778	1.7154587999	-546.0588137697
6301	1.1594143195	1.7154587999	-588.1565723281
6401	2.2505522868	1.7154587999	-598.7699471100
6501	0.6916989624	1.7154587999	-558.0097477685
6601	216.9146665105	1.7154587999	-599.1464547107
6701	0.8268240964	1.7154587999	-570.8681656001
6801	24.6384031857	1.7154587999	-599.1464547108
6901	2.0141927312	1.7154587999	-598.3385506156
7001	1.3737738821	1.7154587999	-593.2913280701
7101	1.8464928581	1.7154587999	-597.7709567693
7201	0.0929415775	1.7154587999	-381.2917215958
7301	1.1594144072	1.7154587999	-588.1565723281
7401	2.0141927743	1.7154587999	-598.3385506156
7501	27.4883302031	1.7154587999	-599.1464547108
7601	0.1616021687	1.7154587999	-421.2229580439
7701	1441.8968595822	1.7154587999	-599.1464547104
7801	46.8703957399	1.7154587999	-599.1464547108
7901	0.6719365716	1.7154587999	-555.7064249047
8001	2.0142421872	1.7154587999	-598.3385506200
8101	2.6546114285	1.7154587999	-599.0472436471
8201	19.1195882410	1.7154587999	-599.1464547108
8301	0.8798546907	1.7154587999	-574.7674035269
8401	1.0030340509	1.7154587999	-581.9302638735
8501	1.5202735020	1.7154587999	-595.3763566493
8601	2.6546123295	1.7154587999	-599.0472436471
8701	1.1594144225	1.7154587999	-588.1565723281
8801	0.4898426113	1.7154587999	-527.5673080762
8901	2.2505522548	1.7154587999	-598.7699471100
9001	0.1864051685	1.7154587999	-433.4343325269
9101	1.3737736648	1.7154587999	-593.2913280701
9201	2.0141928091	1.7154587999	-598.3385506156
9301	0.7121548892	1.7154587999	-560.2685025308
9401	0.8798546351	1.7154587999	-574.7674035269
9501	1.8464929336	1.7154587999	-597.7709567693
9601	1.7164150098	1.7154587999	-597.0810328195
9701	1.3737739994	1.7154587999	-593.2913280701
9801	2.2506120920	1.7154587999	-598.7699471133
9901	0.2582417091	1.7154587999	-463.7877004352
10001	0.4102280333	1.7154587999	-510.1409950644
10101	23.0488665936	1.7154587999	-599.1464547108
10201	1.8464933067	1.7154587999	-597.7709567693
10301	0.4227647502	1.7154587999	-513.1454540570
10401	2.2505523078	1.7154587999	-598.7699471100
10501	3972.7339034052	1.7154587999	-599.1464547097
10601	1.0759959718	1.7154587999	-585.1685880425
10701	89.8136938190	1.7154587999	-599.1464547108
10801	2.0141927057	1.7154587999	-598.3385506156
10901	20.3427202754	1.7154587999	-599.1464547108
11001	0.0061687483	1.7154587999	-308.1178197701
11101	2.2505522295	1.7154587999	-598.7699471100
11201	26.1579724871	1.7154587999	-599.1464547108
11301	0.8268241062	1.7154587999	-570.8681656001
11401	1.3123555490	1.7154587999	-592.1214493651
11501	2.6546905000	1.7154587999	-599.0472436487
11601	704.6765128717	1.7154587999	-599.1464547106
11701	1.4424335661	1.7154587999	-594.3780891717
11801	1.8464928304	1.7154587999	-597.7709567693
11901	2.6546116229	1.7154587999	-599.0472436471
12001	0.8020146147	1.7154587999	-568.8435631355
12101	0.2394357511	1.7154587999	-456.4822204460
12201	2.6546115909	1.7154587999	-599.0472436471
12301	39.1397632790	1.7154587999	-599.1464547108
