site	rate	t	lnL
1	2.6686361883	1.8678677634	-59910.3696312713
10001	0.8341835910	1.8678677634	-57663.9665254761
20001	2.1797314023	1.8678677634	-59889.4610520202
30001	2.1414750977	1.8678677634	-59885.7709423166
40001	0.1107998325	1.8678677634	-39863.9930872694
50001	2.2281207668	1.8678677634	-59893.4714717533
60001	0.7018130718	1.8678677634	-56548.2304353337
70001	0.9765493038	1.8678677634	-58465.1011107208
80001	2.2813218776	1.8678677634	-59897.1584407238
90001	2.1476641474	1.8678677634	-59886.4019728046
