site	rate	t	lnL
1	2.7941032765	1.8638548438	-59911.8880436975
10001	0.8413717503	1.8638548438	-57700.7762021007
20001	2.0960718903	1.8638548438	-59880.1519975771
30001	2.0275990993	1.8638548438	-59870.6926426142
40001	0.1204986128	1.8638548438	-40462.2861299233
50001	2.1778409201	1.8638548438	-59888.8621053970
60001	0.6933612977	1.8638548438	-56445.6405349226
70001	0.9583905775	1.8638548438	-58370.8941788940
80001	2.2822447995	1.8638548438	-59896.9059525643
90001	2.0633801099	1.8638548438	-59875.9145587691
