site	rate	t	lnL
1	2.9748530312	1.8650093569	-59913.2368968251
10001	0.8468420382	1.8650093569	-57741.0190729397
20001	2.1509557210	1.8650093569	-59886.4019728045
30001	2.1206548532	1.8650093569	-59883.1833581585
40001	0.1164819724	1.8650093569	-40215.5743091140
50001	2.0141291253	1.8650093569	-59868.7560286054
60001	0.6894497803	1.8650093569	-56409.0482485290
70001	0.9776965626	1.8650093569	-58463.5221585542
80001	2.2102268525	1.8650093569	-59891.7919491468
90001	2.1118881968	1.8650093569	-59882.1869905502
