site	rate	t	lnL
1	2.8497821608	1.8704608195	-59912.4799834515
10001	0.8573636572	1.8704608195	-57826.1157696346
20001	2.1323958484	1.8704608195	-59885.1335481932
30001	2.0155332482	1.8704608195	-59869.9224908001
40001	0.1136308497	1.8704608195	-40055.8807530273
50001	2.2107738530	1.8704608195	-59892.3583591553
60001	0.7186696689	1.8704608195	-56725.1467187389
70001	0.9566873888	1.8704608195	-58378.9600417400
80001	2.1867034358	1.8704608195	-59890.3473337740
90001	1.9963512294	1.8704608195	-59866.7820937346
