site	rate	t	lnL
1	3.4188471591	1.6841468506	-5991.3715531412
1001	0.9402163398	1.6841468506	-5775.5588195403
2001	2.5041779447	1.6841468506	-5989.5618337178
3001	2.9157491480	1.6841468506	-5990.9700831001
4001	0.1232020948	1.6841468506	-3988.1896144830
5001	2.7039666692	1.6841468506	-5990.4724364710
6001	0.7974561402	1.6841468506	-5671.8886073062
7001	1.0576798679	1.6841468506	-5835.7957377127
8001	2.5957092212	1.6841468506	-5990.0515309536
9001	2.3549532438	1.6841468506	-5988.3839738803
10001	0.8767434047	1.6841468506	-5734.2581329893
11001	2.3888975534	1.6841468506	-5988.7026622087
12001	1.5745475938	1.6841468506	-5956.5766686354
13001	0.9076321445	1.6841468506	-5755.2261973333
14001	0.7211692301	1.6841468506	-5598.2034810165
15001	1.7603235118	1.6841468506	-5971.5519704967
16001	2.0321723868	1.6841468506	-5982.8766464167
17001	1.4767209084	1.6841468506	-5944.8199413889
18001	2.5481798525	1.6841468506	-5989.8151527950
19001	0.3343192556	1.6841468506	-4876.5003299067
20001	1.4332544145	1.6841468506	-5938.4541509298
21001	1.7725665519	1.6841468506	-5972.2824017380
22001	1.2435304243	1.6841468506	-5899.5472315832
23001	0.2505217797	1.6841468506	-4590.5975159892
24001	1.9773224491	1.6841468506	-5981.2700563083
25001	0.4720520203	1.6841468506	-5222.0499027685
26001	0.6479665897	1.6841468506	-5512.0945874757
27001	0.0088151902	1.6841468506	-3110.6177299976
28001	0.2858641333	1.6841468506	-4719.6884025359
29001	0.9877435162	1.6841468506	-5802.2266290092
30001	3.1155395800	1.6841468506	-5991.2093061790
31001	1.3487508601	1.6841468506	-5923.6184254103
32001	0.5121290820	1.6841468506	-5300.5667375941
33001	1.8518533126	1.6841468506	-5976.4237007608
34001	1.4767205130	1.6841468506	-5944.8199413889
35001	2.2634247685	1.6841468506	-5987.3340745537
36001	1.3192042597	1.6841468506	-5917.5498775468
37001	2.2358024099	1.6841468506	-5986.9535166078
38001	2.3888938808	1.6841468506	-5988.7026622086
39001	1.4767203867	1.6841468506	-5944.8199413889
40001	1.6302549681	1.6841468506	-5961.9395102976
41001	2.6473738987	1.6841468506	-5990.2707132823
42001	2.0133197375	1.6841468506	-5982.3543525456
43001	17.2947806730	1.6841468506	-5991.4645471079
44001	1.7978361493	1.6841468506	-5973.7092215272
45001	0.6387319897	1.6841468506	-5500.0013529526
46001	0.9714747130	1.6841468506	-5793.4757628973
47001	2.0133197388	1.6841468506	-5982.3543525456
48001	1.3021564556	1.6841468506	-5913.8158083827
49001	1.1202399236	1.6841468506	-5860.9213904256
50001	0.0132727421	1.6841468506	-3159.4713218691
51001	0.8022640406	1.6841468506	-5676.0542326541
52001	0.9619232421	1.6841468506	-5788.1583588939
53001	1.2747888786	1.6841468506	-5907.4409705683
54001	0.8144571360	1.6841468506	-5686.3841497069
55001	1.4402812218	1.6841468506	-5939.5368444858
56001	0.2758339447	1.6841468506	-4684.4032355423
57001	1.4545900032	1.6841468506	-5941.6763243460
58001	1.8518528951	1.6841468506	-5976.4237007607
59001	0.8269054380	1.6841468506	-5696.5928906560
60001	0.0808966448	1.6841468506	-3720.9220879328
61001	2.7039637660	1.6841468506	-5990.4724364710
62001	0.6461081398	1.6841468506	-5509.6845111119
63001	1.1285446655	1.6841468506	-5863.9489929882
64001	2.1598988894	1.6841468506	-5985.7227925508
65001	0.7580883853	1.6841468506	-5635.7159678254
66001	78.6997746333	1.6841468506	-5991.4645471077
67001	1.0216825995	1.6841468506	-5819.3026387352
68001	2.4632105704	1.6841468506	-5989.2918206286
69001	2.7665267926	1.6841468506	-5990.6564283914
70001	1.8242316554	1.6841468506	-5975.0899468526
71001	2.0516409690	1.6841468506	-5983.3855061557
72001	0.0611728521	1.6841468506	-3578.9894224809
73001	0.9105215569	1.6841468506	-5757.1011453069
74001	1.4263097499	1.6841468506	-5937.3628938291
75001	2.0926069912	1.6841468506	-5984.3623067266
76001	0.1216581031	1.6841468506	-3979.2271130973
77001	2.6473761952	1.6841468506	-5990.2707132823
78001	2.5481815076	1.6841468506	-5989.8151527950
79001	0.9311509545	1.6841468506	-5770.0776202101
80001	1.7603225767	1.6841468506	-5971.5519704966
81001	2.8364635514	1.6841468506	-5990.8224076483
82001	11.2219193205	1.6841468506	-5991.4645471079
83001	0.8119980855	1.6841468506	-5684.3278211885
84001	0.8658979438	1.6841468506	-5726.4792172558
85001	1.5834766796	1.6841468506	-5957.4951045792
86001	1.6017477773	1.6841468506	-5959.3026467245
87001	1.0960010504	1.6841468506	-5851.6858804253
88001	0.5440682342	1.6841468506	-5357.3774052530
89001	2.4632143380	1.6841468506	-5989.2918206286
90001	0.1332835241	1.6841468506	-4045.7898490447
91001	1.0322545284	1.6841468506	-5824.3126465444
92001	2.3888959076	1.6841468506	-5988.7026622087
93001	0.7447944094	1.6841468506	-5622.6272732530
94001	0.8022640516	1.6841468506	-5676.0542326541
95001	2.3549552128	1.6841468506	-5988.3839738803
96001	2.3228516939	1.6841468506	-5988.0495061779
97001	1.3487510156	1.6841468506	-5923.6184254103
98001	2.6473740799	1.6841468506	-5990.2707132823
99001	0.2225962940	1.6841468506	-4478.5315891813
100001	0.4384206365	1.6841468506	-5149.2891874391
101001	2.2094079011	1.6841468506	-5986.5579917400
102001	1.6500489495	1.6841468506	-5963.6468789340
103001	0.3811151731	1.6841468506	-5008.8686278925
104001	1.8958562439	1.6841468506	-5978.3342462468
105001	3.1155384139	1.6841468506	-5991.2093061790
106001	0.8319588512	1.6841468506	-5700.6421784377
107001	2.2634247032	1.6841468506	-5987.3340745537
108001	2.6473741809	1.6841468506	-5990.2707132823
109001	2.6473727392	1.6841468506	-5990.2707132823
110001	0.0107219291	1.6841468506	-3131.9096232354
111001	2.9157499833	1.6841468506	-5990.9700831001
112001	2.8365531219	1.6841468506	-5990.8224076617
113001	1.1079968564	1.6841468506	-5856.3320829462
114001	2.0717714772	1.6841468506	-5983.8807786124
115001	2.3228514929	1.6841468506	-5988.0495061779
116001	2.2634246062	1.6841468506	-5987.3340745537
117001	1.5485391789	1.6841468506	-5953.7635664932
118001	1.8242308840	1.6841468506	-5975.0899468526
119001	2.3888942448	1.6841468506	-5988.7026622086
120001	0.7275198184	1.6841468506	-5604.9190166470
121001	0.2960666602	1.6841468506	-4754.5410602612
122001	2.4632125505	1.6841468506	-5989.2918206286
123001	85.9788443650	1.6841468506	-5991.4645471077
