site	rate	t	lnL
1	2.8481164049	1.6773094890	-5990.8224076619
1001	0.8560894725	1.6773094890	-5716.6417664275
2001	2.9276344512	1.6773094890	-5990.9700831001
3001	2.1687029593	1.6773094890	-5985.7227925508
4001	0.1084478283	1.6773094890	-3897.2921240341
5001	2.4347761878	1.6773094890	-5989.0053527981
6001	0.8128497089	1.6773094890	-5682.2666555759
7001	0.9984313676	1.6773094890	-5805.6875684319
8001	2.7778050963	1.6773094890	-5990.6564283915
9001	2.1011380258	1.6773094890	-5984.3623067266
10001	0.8227452360	1.6773094890	-5690.4822562689
11001	3.1282329675	1.6773094890	-5991.2093061790
12001	1.6567750678	1.6773094890	-5963.6468789339
13001	0.9658444405	1.6773094890	-5788.1583588939
14001	0.6832579471	1.6773094890	-5552.4046659892
15001	2.1453199401	1.6773094890	-5985.2834812272
16001	1.6567746534	1.6773094890	-5963.6468789340
17001	1.6082773801	1.6773094890	-5959.3026467245
18001	2.2184150463	1.6773094890	-5986.5579917400
19001	0.3323851330	1.6773094890	-4866.5440795780
20001	1.4461522784	1.6773094890	-5939.5368444858
21001	1.6878883569	1.6773094890	-5966.1304929299
22001	1.1289612598	1.6773094890	-5862.4384019709
23001	0.2271728765	1.6773094890	-4493.7176268535
24001	1.9190709329	1.6773094890	-5978.9465909140
25001	0.4132494334	1.6773094890	-5086.2374478631
26001	0.7817786503	1.6773094890	-5655.0356222885
27001	0.0107656516	1.6773094890	-3131.9096232361
28001	0.2870294175	1.6773094890	-4719.6884025359
29001	1.0293648330	1.6773094890	-5820.9784944105
30001	3.0195362704	1.6773094890	-5991.0991533467
31001	1.1950278947	1.6773094890	-5884.4083167228
32001	0.4670679421	1.6773094890	-5207.6978799467
33001	1.9190715612	1.6773094890	-5978.9465909141
34001	1.5634302729	1.6773094890	-5954.7108290517
35001	2.4347754222	1.6773094890	-5989.0053527981
36001	1.3245815682	1.6773094890	-5917.5498775468
37001	4.0877693706	1.6773094890	-5991.4540866153
38001	2.2449165926	1.6773094890	-5986.9535166079
39001	1.5058213691	1.6773094890	-5947.8834517288
40001	1.8182687990	1.6773094890	-5974.4053999312
41001	2.9276372392	1.6773094890	-5990.9700831002
42001	2.4732528979	1.6773094890	-5989.2918206286
43001	38.1707592833	1.6773094890	-5991.4645471078
44001	1.8051645283	1.6773094890	-5973.7092215271
45001	0.6450273166	1.6773094890	-5504.8514931210
46001	0.9289547524	1.6773094890	-5766.3966525476
47001	1.7095699506	1.6773094890	-5967.7336143330
48001	1.4252314523	1.6773094890	-5936.2631263133
49001	1.1125135874	1.6773094890	-5856.3320829461
50001	0.0133268470	1.6773094890	-3159.4713218691
51001	0.6852353341	1.6773094890	-5554.7366524377
52001	0.9658444405	1.6773094890	-5788.1583588939
53001	1.1632839402	1.6773094890	-5874.3411806260
54001	0.8379035070	1.6773094890	-5702.6594508555
55001	1.8182688030	1.6773094890	-5974.4053999313
56001	0.3129775117	1.6773094890	-4806.0196477813
57001	1.5548509420	1.6773094890	-5953.7635664931
58001	2.1011374311	1.6773094890	-5984.3623067266
59001	0.8007068759	1.6773094890	-5671.8886073062
60001	0.0805076766	1.6773094890	-3715.9899423267
61001	2.9276348633	1.6773094890	-5990.9700831001
62001	0.6322054734	1.6773094890	-5487.8013349915
63001	1.1206805745	1.6773094890	-5859.3979835232
64001	2.4732536945	1.6773094890	-5989.2918206286
65001	0.6676703222	1.6773094890	-5533.5914150142
66001	87.6175340910	1.6773094890	-5991.4645471078
67001	0.9319431868	1.6773094890	-5768.2398101955
68001	2.7778030455	1.6773094890	-5990.6564283914
69001	2.3017387008	1.6773094890	-5987.6994711005
70001	2.0802158589	1.6773094890	-5983.8807786124
71001	1.8594029201	1.6773094890	-5976.4237007608
72001	0.0586459922	1.6773094890	-3558.0054053720
73001	0.9884669418	1.6773094890	-5800.4876808347
74001	1.5634297127	1.6773094890	-5954.7108290517
75001	2.1930406039	1.6773094890	-5986.1476890648
76001	0.1267986060	1.6773094890	-4006.0328384903
77001	2.3323203501	1.6773094890	-5988.0495061779
78001	2.6062902394	1.6773094890	-5990.0515309536
79001	0.9027122047	1.6773094890	-5749.5699047739
80001	1.7436474064	1.6773094890	-5970.0575746158
81001	2.3323202849	1.6773094890	-5988.0495061779
82001	2.5143871302	1.6773094890	-5989.5618337178
83001	0.7748325063	1.6773094890	-5648.6378143553
84001	0.8640563777	1.6773094890	-5722.5593411378
85001	1.8453741609	1.6773094890	-5975.7627515224
86001	2.0215269071	1.6773094890	-5982.3543525456
87001	1.2537173178	1.6773094890	-5900.8810307265
88001	0.5400431014	1.6773094890	-5346.6944386818
89001	2.6581654347	1.6773094890	-5990.2707132823
90001	0.1570476199	1.6773094890	-4170.4168104020
91001	1.0154181303	1.6773094890	-5814.2401820772
92001	2.1228197503	1.6773094890	-5984.8299293779
93001	0.7611785683	1.6773094890	-5635.7159678254
94001	0.8328078132	1.6773094890	-5698.6199882373
95001	2.1930414910	1.6773094890	-5986.1476890648
96001	50.1415949049	1.6773094890	-5991.4645471078
97001	1.3984318906	1.6773094890	-5931.7799871123
98001	2.2726512590	1.6773094890	-5987.3340745537
99001	0.2308528156	1.6773094890	-4508.8276166491
100001	0.4575286692	1.6773094890	-5187.4368857605
101001	3.0195448896	1.6773094890	-5991.0991533467
102001	1.5058217860	1.6773094890	-5947.8834517287
103001	0.3791022730	1.6773094890	-4999.4151095894
104001	2.1011382382	1.6773094890	-5984.3623067266
105001	2.3017415340	1.6773094890	-5987.6994711005
106001	0.8613890000	1.6773094890	-5720.5918394978
107001	2.3986322932	1.6773094890	-5988.7026622086
108001	2.3017392002	1.6773094890	-5987.6994711004
109001	2.1011363468	1.6773094890	-5984.3623067266
110001	0.0114052443	1.6773094890	-3138.8820977373
111001	10.4995232890	1.6773094890	-5991.4645471079
112001	2.6581652364	1.6773094890	-5990.2707132823
113001	1.0188741708	1.6773094890	-5815.9334637412
114001	1.9349703168	1.6773094890	-5979.5464752089
115001	84.0129229789	1.6773094890	-5991.4645471076
116001	3.1283390404	1.6773094890	-5991.2093061859
117001	1.5380559772	1.6773094890	-5951.8406995752
118001	1.5380561348	1.6773094890	-5951.8406995752
119001	3.1282392629	1.6773094890	-5991.2093061790
120001	0.6715293124	1.6773094890	-5538.3208770606
121001	0.2819726281	1.6773094890	-4702.1002069773
122001	2.4732533905	1.6773094890	-5989.2918206286
123001	2.3017404246	1.6773094890	-5987.6994711005
