site	rate	t	lnL
1	2.8828919122	1.6748145023	-59908.8369092851
10001	0.9414880870	1.6748145023	-57731.8958352399
20001	2.3987033105	1.6748145023	-59886.7150961984
30001	2.2295586083	1.6748145023	-59866.7820937348
40001	0.1287733824	1.6748145023	-40162.4390733873
50001	2.3917607853	1.6748145023	-59886.0872541107
60001	0.7827099639	1.6748145023	-56548.2304353338
70001	1.0737352166	1.6748145023	-58401.4638364746
80001	2.5054737052	1.6748145023	-59894.8257163105
90001	2.3051685740	1.6748145023	-59876.9947110046
100001	0.8062491068	1.6748145023	-56756.3853267450
110001	3.1094809595	1.6748145023	-59911.8880436975
120001	1.6673944977	1.6748145023	-59643.1833085286
130001	0.9339319105	1.6748145023	-57686.0780046872
140001	0.6966613264	1.6748145023	-55667.9208657602
150001	1.9443430612	1.6748145023	-59797.8291113266
160001	1.7874391683	1.6748145023	-59725.7141239501
170001	1.4349519602	1.6748145023	-59374.7240337818
180001	2.6151694718	1.6748145023	-59900.7422727627
190001	0.3350794512	1.6748145023	-48731.8572102778
200001	1.4111062994	1.6748145023	-59335.8927329994
210001	1.7450753402	1.6748145023	-59699.8169191906
220001	1.1428763857	1.6748145023	-58668.0133597597
230001	0.2417499619	1.6748145023	-45511.0730305128
240001	2.0043585072	1.6748145023	-59817.6449104443
250001	0.4153753714	1.6748145023	-50898.8798779909
260001	0.7378123698	1.6748145023	-56113.7195003427
270001	0.0084820142	1.6748145023	-31062.8507981443
280001	0.2868470148	1.6748145023	-47175.8354042856
290001	1.0430329934	1.6748145023	-58266.3255491205
300001	2.3484983937	1.6748145023	-59881.8517307648
310001	1.2298946956	1.6748145023	-58940.0386599226
320001	0.4572632166	1.6748145023	-51854.0000089576
330001	1.9110308282	1.6748145023	-59785.1925040437
340001	1.4872202316	1.6748145023	-59451.2992344413
350001	2.4809318140	1.6748145023	-59893.1956629062
360001	1.3502047486	1.6748145023	-59224.2040280495
370001	2.7559787514	1.6748145023	-59905.8497717178
380001	2.5442858383	1.6748145023	-59897.1584407240
390001	1.4468867693	1.6748145023	-59393.2099343565
400001	1.7099094097	1.6748145023	-59675.7522193232
410001	3.3993679074	1.6748145023	-59913.5886877582
420001	2.2703772654	1.6748145023	-59872.5916957419
430001	2.8231376380	1.6748145023	-59907.5819587412
440001	1.7762552353	1.6748145023	-59719.1859381614
450001	0.6579752182	1.6748145023	-55202.5669271745
460001	0.9445375545	1.6748145023	-57750.1288249908
470001	1.9282482266	1.6748145023	-59791.8804705754
480001	1.3341387577	1.6748145023	-59191.4647090099
490001	1.0654422374	1.6748145023	-58366.0474058935
500001	0.0112300053	1.6748145023	-31367.9644034778
510001	0.7820109422	1.6748145023	-56541.8502482022
520001	0.9794754593	1.6748145023	-57948.8530041999
530001	1.2373365119	1.6748145023	-58960.4579664783
540001	0.8023814012	1.6748145023	-56723.0603150212
550001	1.6462303748	1.6748145023	-59625.4173327911
560001	0.2936942252	1.6748145023	-47409.9964828059
570001	1.6412995086	1.6748145023	-59621.1208190254
580001	2.2675675173	1.6748145023	-59872.2149016213
590001	0.7871561309	1.6748145023	-56588.5397929822
600001	0.0806276096	1.6748145023	-37159.8994232668
610001	2.6003034873	1.6748145023	-59900.0562271275
620001	0.6393500289	1.6748145023	-54961.0893784133
630001	1.1053011292	1.6748145023	-58529.3039411543
640001	2.3111702678	1.6748145023	-59877.7071353687
650001	0.7182411635	1.6748145023	-55907.6952677554
660001	2.7434089386	1.6748145023	-59905.4817653697
670001	0.9568934569	1.6748145023	-57822.5191152742
680001	2.4346832051	1.6748145023	-59889.7580999694
690001	2.6956152536	1.6748145023	-59903.9385950593
700001	1.8289920279	1.6748145023	-59748.1753089802
710001	1.9592087786	1.6748145023	-59803.0748332445
720001	0.0620016154	1.6748145023	-35826.4191182168
730001	0.9118207008	1.6748145023	-57546.6268851211
740001	1.4370409895	1.6748145023	-59378.0042087640
750001	2.2455527922	1.6748145023	-59869.1463447085
760001	0.1350444869	1.6748145023	-40514.8874356841
770001	2.9151766818	1.6748145023	-59909.4202662934
780001	2.5716381597	1.6748145023	-59898.6379173968
790001	0.8753333719	1.6748145023	-57297.9519625507
800001	1.6383606233	1.6748145023	-59618.5307244703
810001	2.8375245547	1.6748145023	-59907.9066664042
820001	3.0759907055	1.6748145023	-59911.5661439075
830001	0.8098980634	1.6748145023	-56787.5160029051
840001	0.9430108655	1.6748145023	-57741.0190729394
850001	1.7335036720	1.6748145023	-59692.1682879304
860001	1.9676303678	1.6748145023	-59805.9445174125
870001	1.1390525828	1.6748145023	-58654.5313802455
880001	0.5238330600	1.6748145023	-53167.0845252081
890001	3.0240376524	1.6748145023	-59910.9915334672
900001	0.1463404906	1.6748145023	-41130.4128260978
910001	1.1373612896	1.6748145023	-58648.5225516858
920001	2.1439401568	1.6748145023	-59851.9390460372
930001	0.7522585238	1.6748145023	-56259.1499594088
940001	0.8204835046	1.6748145023	-56876.1562094944
950001	2.3295419626	1.6748145023	-59879.8073787739
960001	2.2348425365	1.6748145023	-59867.5761309641
970001	1.3248183698	1.6748145023	-59171.7957762444
980001	2.8302862908	1.6748145023	-59907.7452233014
990001	0.2378057192	1.6748145023	-45354.6229811253
1000001	0.4345839442	1.6748145023	-51350.3299268356
1010001	2.8302875162	1.6748145023	-59907.7452233014
1020001	1.5280361766	1.6748145023	-59503.7401362845
1030001	0.3559295634	1.6748145023	-49341.6296404521
1040001	1.8853629289	1.6748145023	-59774.5627057305
1050001	2.2455526573	1.6748145023	-59869.1463447084
1060001	0.8330328954	1.6748145023	-56978.0973751114
1070001	2.3051685948	1.6748145023	-59876.9947110046
1080001	2.6956155749	1.6748145023	-59903.9385950593
1090001	2.4769381202	1.6748145023	-59892.9182062860
1100001	0.0076539596	1.6748145023	-30968.0253604510
1110001	3.0141684258	1.6748145023	-59910.8709236693
1120001	2.7013845355	1.6748145023	-59904.1376874066
1130001	1.0231757448	1.6748145023	-58172.8392126450
1140001	1.8780180917	1.6748145023	-59771.3691377166
1150001	2.7130923287	1.6748145023	-59904.5305749803
1160001	2.4535201865	1.6748145023	-59891.2189949300
1170001	1.5950202209	1.6748145023	-59577.6873704644
1180001	1.7022472103	1.6748145023	-59670.1747860809
1190001	2.5763210449	1.6748145023	-59898.8785647930
1200001	0.6696286702	1.6748145023	-55347.7540978657
1210001	0.2909253852	1.6748145023	-47315.8657890386
1220001	2.4971790452	1.6748145023	-59894.2889879553
1230001	3.5467626212	1.6748145023	-59913.9977112609
