site	rate	t	lnL
1	2.7176361875	1.6756756981	-599.0472436471
101	0.7507658020	1.6756756981	-562.4820236960
201	316.7564834170	1.6756756981	-599.1464547107
301	739.8785363302	1.6756756981	-599.1464547106
401	0.0734462072	1.6756756981	-366.6135898694
501	2.3039837978	1.6756756981	-598.7699471100
601	0.8210556150	1.6756756981	-568.8435631355
701	1.3435128311	1.6756756981	-592.1214493651
801	1.4766792939	1.6756756981	-594.3780891717
901	1.8903313528	1.6756756981	-597.7709567693
1001	0.7081208961	1.6756756981	-558.0097477685
1101	969.4313339041	1.6756756981	-599.1464547105
1201	1.3435130246	1.6756756981	-592.1214493651
1301	1.1869406739	1.6756756981	-588.1565723281
1401	0.7290625370	1.6756756981	-560.2685025308
1501	2.0620128490	1.6756756981	-598.3385506156
1601	2.0620126823	1.6756756981	-598.3385506156
1701	1.4766791421	1.6756756981	-594.3780891717
1801	2.3039839272	1.6756756981	-598.7699471100
1901	0.3261631845	1.6756756981	-484.6519532230
2001	1.2866342879	1.6756756981	-590.8730895455
2101	1.8903759504	1.6756756981	-597.7709567747
2201	1.1869405523	1.6756756981	-588.1565723281
2301	0.2742370305	1.6756756981	-467.3732555297
2401	1.6483603331	1.6756756981	-596.2798301931
2501	0.3596359032	1.6756756981	-494.5155948170
2601	0.7507658160	1.6756756981	-562.4820236960
2701	0.0063151297	1.6756756981	-308.1178197701
2801	0.3371134722	1.6756756981	-487.9810801747
2901	1.0268476091	1.6756756981	-581.9302638735
3001	2.7176361293	1.6756756981	-599.0472436471
3101	1.1869406560	1.6756756981	-588.1565723281
3201	0.3830418244	1.6756756981	-500.8868627892
3301	1.6483604426	1.6756756981	-596.2798301931
3401	1.5563671786	1.6756756981	-595.3763566493
3501	2.7177185249	1.6756756981	-599.0472436488
3601	1.4766791388	1.6756756981	-594.3780891717
3701	43.6951005751	1.6756756981	-599.1464547108
3801	11.2833587385	1.6756756981	-599.1464547108
3901	2.0620125388	1.6756756981	-598.3385506156
4001	1.5563672094	1.6756756981	-595.3763566493
4101	2.7176363999	1.6756756981	-599.0472436471
4201	2.7176359619	1.6756756981	-599.0472436471
4301	2.0620128138	1.6756756981	-598.3385506156
4401	1.5563672321	1.6756756981	-595.3763566493
4501	0.5313171556	1.6756756981	-533.0547902140
4601	1.0268475118	1.6756756981	-581.9302638735
4701	1.2347078800	1.6756756981	-589.5502839289
4801	1.6483603196	1.6756756981	-596.2798301931
4901	1.1869405927	1.6756756981	-588.1565723281
5001	0.0191494787	1.6756756981	-321.8807611109
5101	1.1015417573	1.6756756981	-585.1685880425
5201	1.2866341535	1.6756756981	-590.8730895455
5301	1.4063892315	1.6756756981	-593.2913280701
5401	0.7081209393	1.6756756981	-558.0097477685
5501	1.5563671754	1.6756756981	-595.3763566493
5601	0.2842670937	1.6756756981	-470.9148500848
5701	1.8903316468	1.6756756981	-597.7709567693
5801	2.3039837948	1.6756756981	-598.7699471100
5901	0.9007437831	1.6756756981	-574.7674035269
6001	0.0878252085	1.6756756981	-376.4896047371
6101	2.3039836324	1.6756756981	-598.7699471100
6201	0.6878893754	1.6756756981	-555.7064249047
6301	0.9007437962	1.6756756981	-574.7674035269
6401	12.9630561794	1.6756756981	-599.1464547108
6501	0.7732882695	1.6756756981	-564.6495833604
6601	130.0395446698	1.6756756981	-599.1464547107
6701	1.0630267949	1.6756756981	-583.5795737713
6801	2.0620126470	1.6756756981	-598.3385506156
6901	447.6945926003	1.6756756981	-599.1464547107
7001	1.6483606502	1.6756756981	-596.2798301931
7101	1.7571653234	1.6756756981	-597.0810328195
7201	0.0594023652	1.6756756981	-356.3269605184
7301	0.9007437837	1.6756756981	-574.7674035269
7401	1.2347080209	1.6756756981	-589.5502839289
7501	2.3039838379	1.6756756981	-598.7699471100
7601	0.1572007408	1.6756756981	-417.0416810402
7701	36.8291527511	1.6756756981	-599.1464547108
7801	2.3039837139	1.6756756981	-598.7699471100
7901	0.9604709938	1.6756756981	-578.4585825807
8001	1.3435129807	1.6756756981	-592.1214493651
8101	2.3039836274	1.6756756981	-598.7699471100
8201	2.0620127117	1.6756756981	-598.3385506156
8301	1.0630268251	1.6756756981	-583.5795737713
8401	0.7290625412	1.6756756981	-560.2685025308
8501	2.7176358269	1.6756756981	-599.0472436471
8601	1.4766793381	1.6756756981	-594.3780891717
8701	1.4766791126	1.6756756981	-594.3780891717
8801	0.5627335729	1.6756756981	-538.3798881663
8901	15.6403749824	1.6756756981	-599.1464547108
9001	0.1572007433	1.6756756981	-417.0416810402
9101	0.9007437749	1.6756756981	-574.7674035269
9201	2.7176359880	1.6756756981	-599.0472436471
9301	0.7732882671	1.6756756981	-564.6495833604
9401	0.7290625449	1.6756756981	-560.2685025308
9501	2.3039838446	1.6756756981	-598.7699471100
9601	6371.4080399181	1.6756756981	-599.1464547095
9701	0.9604710124	1.6756756981	-578.4585825807
9801	75.5692113172	1.6756756981	-599.1464547108
9901	0.2264696109	1.6756756981	-448.9928269359
10001	0.5014722204	1.6756756981	-527.5673080762
10101	1.5563672216	1.6756756981	-595.3763566493
10201	1.7571647669	1.6756756981	-597.0810328195
10301	0.4459182612	1.6756756981	-516.1098943697
10401	1.5563672826	1.6756756981	-595.3763566493
10501	45.9155010614	1.6756756981	-599.1464547108
10601	0.8210556897	1.6756756981	-568.8435631355
10701	1.6483603767	1.6756756981	-596.2798301931
10801	74.4348445976	1.6756756981	-599.1464547108
10901	1.8903313892	1.6756756981	-597.7709567693
11001	0.0063150723	1.6756756981	-308.1178197701
11101	2.3039837273	1.6756756981	-598.7699471100
11201	2.3040465879	1.6756756981	-598.7699471134
11301	0.9604710486	1.6756756981	-578.4585825807
11401	1.2347080127	1.6756756981	-589.5502839289
11501	1.4766792445	1.6756756981	-594.3780891717
11601	59.3676303128	1.6756756981	-599.1464547108
11701	1.7571650174	1.6756756981	-597.0810328195
11801	1.4063894688	1.6756756981	-593.2913280701
11901	10.1846814997	1.6756756981	-599.1464547108
12001	0.6493744578	1.6756756981	-550.9684511112
12101	0.3482684559	1.6756756981	-491.2688644996
12201	36.3433506251	1.6756756981	-599.1464547108
12301	20.5906784559	1.6756756981	-599.1464547108
