site	rate	t	lnL
1	2.6554120671	1.8657572364	-59910.1077171211
10001	0.8429556100	1.8657572364	-57717.2706507864
20001	2.1627054297	1.8657572364	-59887.6448724857
30001	2.2058714376	1.8657572364	-59891.5062889022
40001	0.1161549183	1.8657572364	-40197.8731772045
50001	2.2490615687	1.8657572364	-59894.8257163106
60001	0.6955381124	1.8657572364	-56475.6740888551
70001	0.9550617676	1.8657572364	-58359.5765892698
80001	2.0995764428	1.8657572364	-59880.8365692938
90001	2.1627053545	1.8657572364	-59887.6448724856
