site	rate	t	lnL
1	37.4735611226	1.7485636633	-59.9146454711
11	1.6839186424	1.7485636633	-59.7081032820
21	0.7634843903	1.7485636633	-56.6770386103
31	39.4936661143	1.7485636633	-59.9146454711
41	0.2170293423	1.7485636633	-44.8992826936
51	76.1019907519	1.7485636633	-59.9146454711
61	0.4273303976	1.7485636633	-51.6109894370
71	0.5710566022	1.7485636633	-54.3540732806
81	1.6839186616	1.7485636633	-59.7081032820
91	62.2529051073	1.7485636633	-59.9146454711
101	0.4273303840	1.7485636633	-51.6109894370
111	107.4379241142	1.7485636633	-59.9146454711
121	1.0556245085	1.7485636633	-58.5168588043
131	1.0556245082	1.7485636633	-58.5168588043
141	0.7634843816	1.7485636633	-56.6770386103
151	81.7252124311	1.7485636633	-59.9146454711
161	1.0556245667	1.7485636633	-58.5168588043
171	1.6839186616	1.7485636633	-59.7081032820
181	35.6411739542	1.7485636633	-59.9146454711
191	0.2170293501	1.7485636633	-44.8992826936
201	1.6839186605	1.7485636633	-59.7081032820
211	49.3595528041	1.7485636633	-59.9146454711
221	1.0556245275	1.7485636633	-58.5168588043
231	0.4273303712	1.7485636633	-51.6109894370
241	0.7634844006	1.7485636633	-56.6770386103
251	0.2170293418	1.7485636633	-44.8992826936
261	0.7634843956	1.7485636633	-56.6770386103
271	0.0000000000	1.7485636633	-29.9573227355
281	0.4273303949	1.7485636633	-51.6109894370
291	5164.2959671137	1.7485636633	-59.9146454709
301	1.0556245387	1.7485636633	-58.5168588043
311	1.6839185639	1.7485636633	-59.7081032820
321	0.5710566091	1.7485636633	-54.3540732806
331	1.6839186714	1.7485636633	-59.7081032820
341	1.6839186909	1.7485636633	-59.7081032820
351	1.6839188002	1.7485636633	-59.7081032820
361	1.0556245290	1.7485636633	-58.5168588043
371	1.6839186538	1.7485636633	-59.7081032820
381	1.6839186368	1.7485636633	-59.7081032820
391	1.0556245191	1.7485636633	-58.5168588043
401	21.2190613974	1.7485636633	-59.9146454711
411	20.1901394506	1.7485636633	-59.9146454711
421	37.8781527762	1.7485636633	-59.9146454711
431	31.4935119616	1.7485636633	-59.9146454711
441	21.9969542949	1.7485636633	-59.9146454711
451	0.7634844006	1.7485636633	-56.6770386103
461	0.7634844503	1.7485636633	-56.6770386103
471	405.3966257938	1.7485636633	-59.9146454711
481	1.6839187494	1.7485636633	-59.7081032820
491	0.7634843903	1.7485636633	-56.6770386103
501	0.0000000000	1.7485636633	-29.9573227355
511	1.6839186574	1.7485636633	-59.7081032820
521	1.0556245291	1.7485636633	-58.5168588043
531	0.7634844006	1.7485636633	-56.6770386103
541	1.0556245684	1.7485636633	-58.5168588043
551	1.6839186616	1.7485636633	-59.7081032820
561	0.4273304049	1.7485636633	-51.6109894370
571	1.6839186472	1.7485636633	-59.7081032820
581	1.6839186605	1.7485636633	-59.7081032820
591	1.6839185949	1.7485636633	-59.7081032820
601	0.0636158171	1.7485636633	-36.1525914532
611	86.6793262133	1.7485636633	-59.9146454711
621	0.5710566135	1.7485636633	-54.3540732806
631	1.0556246183	1.7485636633	-58.5168588043
641	1.6839188205	1.7485636633	-59.7081032820
651	0.5710566576	1.7485636633	-54.3540732806
661	111.2277287040	1.7485636633	-59.9146454711
671	0.7634843895	1.7485636633	-56.6770386103
681	1.6839186618	1.7485636633	-59.7081032820
691	23.9175846654	1.7485636633	-59.9146454711
701	1.0556244990	1.7485636633	-58.5168588043
711	3245.6417317262	1.7485636633	-59.9146454710
721	0.2170293366	1.7485636633	-44.8992826936
731	0.4273304003	1.7485636633	-51.6109894370
741	1.0556245265	1.7485636633	-58.5168588043
751	1.6839186878	1.7485636633	-59.7081032820
761	0.2170293368	1.7485636633	-44.8992826936
771	332.0865292043	1.7485636633	-59.9146454711
781	28.4888426530	1.7485636633	-59.9146454711
791	1.0556245469	1.7485636633	-58.5168588043
801	1.0556245228	1.7485636633	-58.5168588043
811	1.6839186531	1.7485636633	-59.7081032820
821	99.5458688700	1.7485636633	-59.9146454711
831	0.4273304274	1.7485636633	-51.6109894370
841	1.0556244999	1.7485636633	-58.5168588043
851	36.8086414628	1.7485636633	-59.9146454711
861	1.0556245248	1.7485636633	-58.5168588043
871	51.6178356779	1.7485636633	-59.9146454711
881	0.7634844006	1.7485636633	-56.6770386103
891	0.7634843871	1.7485636633	-56.6770386103
901	0.2170293369	1.7485636633	-44.8992826936
911	0.4273304119	1.7485636633	-51.6109894370
921	37.0915848230	1.7485636633	-59.9146454711
931	0.5710565873	1.7485636633	-54.3540732806
941	1.0556245277	1.7485636633	-58.5168588043
951	1.6839186499	1.7485636633	-59.7081032820
961	24.2646608016	1.7485636633	-59.9146454711
971	23.0616082775	1.7485636633	-59.9146454711
981	27.8873877858	1.7485636633	-59.9146454711
991	0.3125672529	1.7485636633	-48.4651953223
1001	0.2170384409	1.7485636633	-44.8992826961
1011	69.4248230200	1.7485636633	-59.9146454711
1021	57.1331572536	1.7485636633	-59.9146454711
1031	0.3125672375	1.7485636633	-48.4651953223
1041	1.6839185504	1.7485636633	-59.7081032820
1051	29.3246360108	1.7485636633	-59.9146454711
1061	0.5710566038	1.7485636633	-54.3540732806
1071	1355.7525588709	1.7485636633	-59.9146454710
1081	30.0319072141	1.7485636633	-59.9146454711
1091	1.6839188536	1.7485636633	-59.7081032820
1101	0.0636158177	1.7485636633	-36.1525914532
1111	1.6839186616	1.7485636633	-59.7081032820
1121	31.8415273520	1.7485636633	-59.9146454711
1131	0.7634844006	1.7485636633	-56.6770386103
1141	1.6839186339	1.7485636633	-59.7081032820
1151	1.6839186729	1.7485636633	-59.7081032820
1161	384.9079073393	1.7485636633	-59.9146454711
1171	7485.5021644124	1.7485636633	-59.9146454707
1181	858.0492553867	1.7485636633	-59.9146454711
1191	20.3490342171	1.7485636633	-59.9146454711
1201	0.7634844006	1.7485636633	-56.6770386103
1211	1.0556245274	1.7485636633	-58.5168588043
1221	1.0556245501	1.7485636633	-58.5168588043
1231	1.6839188004	1.7485636633	-59.7081032820
