site	rate	t	lnL
1	3.3493199027	1.6739406129	-599133.9066622932
100001	0.9364664669	1.6739406129	-576985.7365839374
200001	2.4289453922	1.6739406129	-598891.9232569861
300001	2.3636980199	1.6739406129	-598832.8221694092
400001	0.1279752338	1.6739406129	-401132.0371023478
500001	2.4621208905	1.6739406129	-598917.6345670616
600001	0.7789808020	1.6739406129	-565103.1272229124
700001	1.0634196981	1.6739406129	-583548.7921359063
800001	2.4968384244	1.6739406129	-598941.8084617532
900001	2.2832290377	1.6739406129	-598741.2072074972
1000001	0.8085657003	1.6739406129	-567725.8676829318
1100001	3.1215338859	1.6739406129	-599119.8125253868
1200001	1.6763263142	1.6739406129	-596496.6610797532
1300001	0.9285584945	1.6739406129	-576499.2285034875
1400001	0.6962983526	1.6739406129	-556596.1321061525
1500001	1.9727443678	1.6739406129	-598073.1058303900
1600001	1.7742337682	1.6739406129	-597174.2965201606
1700001	1.4442461957	1.6739406129	-593880.1547147312
1800001	2.5284757432	1.6739406129	-598961.6423636304
1900001	0.3356182754	1.6739406129	-487427.9999499517
2000001	1.4191033835	1.6739406129	-593479.8490615673
2100001	1.7224887578	1.6739406129	-596840.1984265406
2200001	1.1064390232	1.6739406129	-585314.7771863517
2300001	0.2410848100	1.6739406129	-454798.4846519229
2400001	1.9794464052	1.6739406129	-598095.1462889684
2500001	0.4139175930	1.6739406129	-508584.1626061209
2600001	0.7400394559	1.6739406129	-561325.6082578475
2700001	0.0083332425	1.6739406129	-310454.4460673821
2800001	0.2878208267	1.6739406129	-472042.4736402754
2900001	1.0322145942	1.6739406129	-582134.6398711195
3000001	2.4471906073	1.6739406129	-598906.3951506083
3100001	1.2265543112	1.6739406129	-589289.4619828406
3200001	0.4547896129	1.6739406129	-517954.0334588884
3300001	1.8727507312	1.6739406129	-597685.9846740946
3400001	1.4939476427	1.6739406129	-594593.2116649630
3500001	2.6266601328	1.6739406129	-599011.9103028924
3600001	1.3238928159	1.6739406129	-591683.3338758880
3700001	3.0021879302	1.6739406129	-599106.9889802174
3800001	2.6246217193	1.6739406129	-599011.0183085825
3900001	1.4469332933	1.6739406129	-593921.2938784990
4000001	1.6971814866	1.6739406129	-596657.5589183996
4100001	3.1935035263	1.6739406129	-599125.4451394788
4200001	2.1737846062	1.6739406129	-598573.5750064228
4300001	2.9429901612	1.6739406129	-599098.5197112095
4400001	1.7708117863	1.6739406129	-597153.7247183167
4500001	0.6563910666	1.6739406129	-551781.3285613720
4600001	0.9185262607	1.6739406129	-575867.2034253682
4700001	1.8842793672	1.6739406129	-597736.7156484794
4800001	1.3541768253	1.6739406129	-592306.8317310110
4900001	1.0752839273	1.6739406129	-584056.2999797389
5000001	0.0114795055	1.6739406129	-313943.7409648004
5100001	0.7809299009	1.6739406129	-565282.2503121325
5200001	0.9680741767	1.6739406129	-578831.8605238925
5300001	1.2242555002	1.6739406129	-589224.8869058318
5400001	0.8159623344	1.6739406129	-568350.3934850144
5500001	1.6014258756	1.6739406129	-595832.2408208346
5600001	0.2881568835	1.6739406129	-472158.1447264215
5700001	1.6241548115	1.6739406129	-596049.1580877600
5800001	2.2273109972	1.6739406129	-598662.6278679335
5900001	0.8042485238	1.6739406129	-567355.7156100429
6000001	0.0837364955	1.6739406129	-373688.6969509740
6100001	2.5977569562	1.6739406129	-598998.7067293721
6200001	0.6490029678	1.6739406129	-550833.2994166436
6300001	1.1075621300	1.6739406129	-585358.2158492649
6400001	2.3292050011	1.6739406129	-598796.3448704673
6500001	0.6979952239	1.6739406129	-556789.8882721240
6600001	3.0541670985	1.6739406129	-599113.1916716860
6700001	0.9643977958	1.6739406129	-578624.9789125700
6800001	2.5084543338	1.6739406129	-598949.3226479737
6900001	2.6385201982	1.6739406129	-599016.9855853119
7000001	1.8183544890	1.6739406129	-597421.8573479456
7100001	1.9749702355	1.6739406129	-598080.4744288782
7200001	0.0643967082	1.6739406129	-360019.7702384759
7300001	0.9123546824	1.6739406129	-575470.0270460517
7400001	1.4071173259	1.6739406129	-593278.9024071540
7500001	2.2376043987	1.6739406129	-598678.1318286130
7600001	0.1348469817	1.6739406129	-404999.9316438038
7700001	2.8492938338	1.6739406129	-599081.2962110718
7800001	2.5938770201	1.6739406129	-598996.8402287896
7900001	0.8590825677	1.6739406129	-571759.1612970283
8000001	1.6497703477	1.6739406129	-596277.2686398155
8100001	2.8812637197	1.6739406129	-599087.7694924566
8200001	3.5805189784	1.6739406129	-599140.6286400433
8300001	0.8333664372	1.6739406129	-569772.8669279114
8400001	0.9316912564	1.6739406129	-576693.1717963346
8500001	1.6594009319	1.6739406129	-596358.7812741530
8600001	1.9314832730	1.6739406129	-597927.2084193523
8700001	1.1314839997	1.6739406129	-586252.9218743116
8800001	0.5379647209	1.6739406129	-534122.1036508768
8900001	2.7004793069	1.6739406129	-599040.5826208940
9000001	0.1514923413	1.6739406129	-413990.9271964501
9100001	1.1400712971	1.6739406129	-586560.3197010766
9200001	2.1542505506	1.6739406129	-598537.2488244299
9300001	0.7526513177	1.6739406129	-562591.4995940878
9400001	0.8187538696	1.6739406129	-568582.9418256613
9500001	2.4359536898	1.6739406129	-598897.5809996946
9600001	2.2919125902	1.6739406129	-598752.2333658304
9700001	1.3534493139	1.6739406129	-592292.4535401687
9800001	2.4730760352	1.6739406129	-598925.5505313766
9900001	0.2362372053	1.6739406129	-452869.4746868705
10000001	0.4368978827	1.6739406129	-513979.5299463673
10100001	2.6369599286	1.6739406129	-599016.3287851921
10200001	1.5465689616	1.6739406129	-595246.9753119787
10300001	0.3666745160	1.6739406129	-496370.3798213942
10400001	1.8627174959	1.6739406129	-597640.4045879059
10500001	2.2177069234	1.6739406129	-598647.7107469813
10600001	0.8381813523	1.6739406129	-570155.0560226833
10700001	2.2907471046	1.6739406129	-598750.7711359857
10800001	2.8635447133	1.6739406129	-599084.2646852764
10900001	2.4935603663	1.6739406129	-598939.6376773175
11000001	0.0081866512	1.6739406129	-310287.2206238270
11100001	2.9386717898	1.6739406129	-599097.8355039224
11200001	2.6817116260	1.6739406129	-599033.9225195042
11300001	1.0200918114	1.6739406129	-581552.7603475493
11400001	1.8546698749	1.6739406129	-597602.8560290389
11500001	2.8154359784	1.6739406129	-599073.6699654377
11600001	2.5254504346	1.6739406129	-598959.8308933579
11700001	1.5877251953	1.6739406129	-595694.5208593018
11800001	1.6506665936	1.6739406129	-596284.9505414674
11900001	2.4862495101	1.6739406129	-598934.7147175324
12000001	0.6782384459	1.6739406129	-554479.5461425070
12100001	0.2865089639	1.6739406129	-471589.8529039508
12200001	2.5173173680	1.6739406129	-598954.8727526899
12300001	3.4538034778	1.6739406129	-599137.5804533398
