site	rate	t	lnL
1	1.6557900186	1.7782683362	-59.7081032820
11	0.4201921528	1.7782683362	-51.6109894370
21	1.6557899581	1.7782683362	-59.7081032820
31	1.6557899867	1.7782683362	-59.7081032820
41	0.2134040225	1.7782683362	-44.8992826936
51	73.3949160534	1.7782683362	-59.9146454711
61	0.4201921535	1.7782683362	-51.6109894370
71	22.8151987437	1.7782683362	-59.9146454711
81	1.0379911335	1.7782683362	-58.5168588043
91	844.5179823379	1.7782683362	-59.9146454710
101	47.1164645030	1.7782683362	-59.9146454711
111	465.2241936459	1.7782683362	-59.9146454711
121	1.6557907369	1.7782683362	-59.7081032820
131	1.0379910845	1.7782683362	-58.5168588043
141	0.4201921535	1.7782683362	-51.6109894370
151	1.6557900551	1.7782683362	-59.7081032820
161	1.6557899719	1.7782683362	-59.7081032820
171	120.6106789257	1.7782683362	-59.9146454711
181	1.6557899880	1.7782683362	-59.7081032820
191	0.0625471634	1.7782683362	-36.1525914486
201	0.5615175172	1.7782683362	-54.3540732806
211	1680.0914228909	1.7782683362	-59.9146454710
221	1.6557899886	1.7782683362	-59.7081032820
231	0.3073460297	1.7782683362	-48.4651953223
241	1.6557900502	1.7782683362	-59.7081032820
251	0.2134040249	1.7782683362	-44.8992826936
261	0.7507309042	1.7782683362	-56.6770386103
271	0.0000000000	1.7782683362	-29.9573227355
281	0.3073460247	1.7782683362	-48.4651953223
291	1.0379910449	1.7782683362	-58.5168588043
301	1.0379911335	1.7782683362	-58.5168588043
311	23.0240877180	1.7782683362	-59.9146454711
321	0.7507309434	1.7782683362	-56.6770386103
331	1.6557898592	1.7782683362	-59.7081032820
341	1.6557900144	1.7782683362	-59.7081032820
351	1.6557900268	1.7782683362	-59.7081032820
361	0.5615175231	1.7782683362	-54.3540732806
371	68.4993445051	1.7782683362	-59.9146454711
381	31.3529326372	1.7782683362	-59.9146454711
391	1.6557900760	1.7782683362	-59.7081032820
401	19.3540667937	1.7782683362	-59.9146454711
411	1.0379911086	1.7782683362	-58.5168588043
421	361.1405563646	1.7782683362	-59.9146454711
431	1.6557900138	1.7782683362	-59.7081032820
441	1.0379911335	1.7782683362	-58.5168588043
451	0.7507308898	1.7782683362	-56.6770386103
461	1.6557900515	1.7782683362	-59.7081032820
471	36.2854963354	1.7782683362	-59.9146454711
481	1.6557899273	1.7782683362	-59.7081032820
491	0.7507309374	1.7782683362	-56.6770386103
501	0.0000000000	1.7782683362	-29.9573227355
511	1.0379911335	1.7782683362	-58.5168588043
521	0.7507309435	1.7782683362	-56.6770386103
531	1.6557906973	1.7782683362	-59.7081032820
541	0.7507309530	1.7782683362	-56.6770386103
551	1.6557900057	1.7782683362	-59.7081032820
561	0.2134040335	1.7782683362	-44.8992826936
571	1.0379911335	1.7782683362	-58.5168588043
581	107.7929229028	1.7782683362	-59.9146454711
591	1.6557900347	1.7782683362	-59.7081032820
601	0.0625531532	1.7782683362	-36.1525914532
611	1.6557900719	1.7782683362	-59.7081032820
621	0.5615175580	1.7782683362	-54.3540732806
631	28.3459113075	1.7782683362	-59.9146454711
641	1.6557900693	1.7782683362	-59.7081032820
651	1.0379911335	1.7782683362	-58.5168588043
661	1.6557900223	1.7782683362	-59.7081032820
671	1.0379911335	1.7782683362	-58.5168588043
681	1.6557901686	1.7782683362	-59.7081032820
691	23.0313208007	1.7782683362	-59.9146454711
701	1.0379911335	1.7782683362	-58.5168588043
711	1.6557898777	1.7782683362	-59.7081032820
721	0.0000000000	1.7782683362	-29.9573227355
731	0.4201921394	1.7782683362	-51.6109894370
741	1.6557900300	1.7782683362	-59.7081032820
751	1.6557901678	1.7782683362	-59.7081032820
761	0.3073460354	1.7782683362	-48.4651953223
771	114.5440560199	1.7782683362	-59.9146454711
781	100.9385432100	1.7782683362	-59.9146454711
791	1.6557900330	1.7782683362	-59.7081032820
801	95.3592771315	1.7782683362	-59.9146454711
811	1.6557900256	1.7782683362	-59.7081032820
821	36.6392242167	1.7782683362	-59.9146454711
831	0.7507309462	1.7782683362	-56.6770386103
841	1.6557900189	1.7782683362	-59.7081032820
851	34.8710523547	1.7782683362	-59.9146454711
861	1.0379911335	1.7782683362	-58.5168588043
871	1.6557898965	1.7782683362	-59.7081032820
881	0.5615175263	1.7782683362	-54.3540732806
891	1.6557900265	1.7782683362	-59.7081032820
901	0.4201921632	1.7782683362	-51.6109894370
911	0.5615175203	1.7782683362	-54.3540732806
921	1.6557900231	1.7782683362	-59.7081032820
931	0.7507309291	1.7782683362	-56.6770386103
941	0.5615175308	1.7782683362	-54.3540732806
951	109.3743770369	1.7782683362	-59.9146454711
961	26.5451266470	1.7782683362	-59.9146454711
971	1.6557899719	1.7782683362	-59.7081032820
981	20.3571222686	1.7782683362	-59.9146454711
991	0.4201921533	1.7782683362	-51.6109894370
1001	0.5615175219	1.7782683362	-54.3540732806
1011	28.6034100589	1.7782683362	-59.9146454711
1021	123.4620961572	1.7782683362	-59.9146454711
1031	0.4201921519	1.7782683362	-51.6109894370
1041	1.6557900957	1.7782683362	-59.7081032820
1051	177.0700495649	1.7782683362	-59.9146454711
1061	0.7507309202	1.7782683362	-56.6770386103
1071	0.7507309039	1.7782683362	-56.6770386103
1081	1.6557900690	1.7782683362	-59.7081032820
1091	99.9812191626	1.7782683362	-59.9146454711
1101	0.0000000000	1.7782683362	-29.9573227355
1111	25.8888059946	1.7782683362	-59.9146454711
1121	1.6557899989	1.7782683362	-59.7081032820
1131	51.3146783928	1.7782683362	-59.9146454711
1141	65.5985521463	1.7782683362	-59.9146454711
1151	41.3122113721	1.7782683362	-59.9146454711
1161	1.0379911335	1.7782683362	-58.5168588043
1171	1.6557899366	1.7782683362	-59.7081032820
1181	1.6557900914	1.7782683362	-59.7081032820
1191	1.6557900172	1.7782683362	-59.7081032820
1201	0.7507309111	1.7782683362	-56.6770386103
1211	0.7507309429	1.7782683362	-56.6770386103
1221	309.7561271997	1.7782683362	-59.9146454711
1231	341.5865905862	1.7782683362	-59.9146454711
